2848	7469	1
4729	5869	1
6056	6057	1
9924	1910	1
7868	4632	1
5869	4729	1
5869	8421	1
10296	10296	1
1302	3785	1
7160	9849	1
6704	2565	1
5869	5326	1
4376	2641	1
9231	8728	1
1304	3158	1
9575	9470	1
4569	2369	1
10297	5221	1
2423	5882	1
6814	4477	1
7469	9239	1
9239	7469	1
3066	4597	1
902	706	1
706	902	1
6409	5423	1
6433	9949	1
7164	9949	1
8704	10145	1
6810	6190	1
1609	1099	1
1905	912	1
10145	2979	1
2181	2181	1
5013	4970	1
5357	8899	1
4164	1638	1
98	1104	1
10174	10033	1
5424	5691	1
6930	6622	1
9992	6879	1
6119	7309	1
829	9544	1
7309	9790	1
6869	9790	1
5897	5898	1
5898	5897	1
6622	6930	1
5013	9707	1
1199	2727	1
9239	8973	1
623	9707	1
8973	9239	1
2881	2260	1
1785	6113	1
2116	8990	1
5449	8990	1
540	6113	1
7309	6119	1
6297	3182	1
6201	6452	1
3626	8287	1
4036	4207	1
5423	6409	1
4580	10292	1
7761	5043	1
2641	4376	1
6119	7119	1
9252	7103	1
4603	6246	1
5301	9325	1
742	2037	1
3682	1784	1
2116	2115	1
2861	7136	1
4207	4036	1
1466	1126	1
435	3017	1
9581	6879	1
4123	2260	1
7289	6765	1
7796	6765	1
846	1797	1
1462	6628	1
8374	7308	1
5797	2284	1
10298	925	1
6485	6628	1
6297	6843	1
4147	1229	1
7680	616	1
6527	6527	1
4906	5411	1
9300	2885	1
10140	8743	1
4970	5013	1
5870	5085	1
1229	4147	1
8960	8961	1
334	770	1
2885	9300	1
2245	2245	1
6297	6858	1
4906	1855	1
10224	10225	1
5301	6030	1
8854	6030	1
2751	425	1
9581	6094	1
6628	6485	1
5553	4485	1
6454	4769	1
2116	2838	1
1762	10262	1
10299	8738	1
3088	6185	1
5047	6185	1
4198	10191	1
4485	5553	1
472	473	1
679	1431	1
2702	2826	1
334	3917	1
8587	8195	1
7374	3673	1
6765	7796	1
334	229	1
1126	1466	1
6513	2914	1
10300	3230	1
4454	7802	1
5358	5402	1
7802	4454	1
4455	9790	1
5085	5870	1
10301	10301	1
9303	8121	1
3866	3398	1
4906	4905	1
5934	6506	1
9973	5588	1
9084	7042	1
6185	5520	1
6185	5047	1
10292	4580	1
334	9087	1
10302	10302	1
2848	8614	1
4862	6245	1
6628	5520	1
5869	6055	1
3826	3066	1
4597	3066	1
3066	3826	1
8875	6080	1
2364	2712	1
8728	7186	1
40	1240	1
4660	3545	1
5602	1229	1
1609	4917	1
7660	816	1
4140	4426	1
7670	7042	1
7622	4426	1
5402	5358	1
2116	3017	1
6236	4426	1
2848	2735	1
10177	2234	1
9198	9198	1
1530	3785	1
1229	5602	1
4355	2383	1
10303	8505	1
5154	4888	1
2646	3723	1
2116	6266	1
2904	1366	1
7136	2861	1
8899	5357	1
6146	3753	1
6649	3753	1
7785	317	1
9912	5520	1
3017	435	1
10304	2936	1
5003	6919	1
9581	9067	1
5411	1002	1
2116	5991	1
7501	4603	1
4408	5863	1
6286	9742	1
3864	8913	1
9742	6286	1
4217	4765	1
6055	5869	1
4906	4753	1
4723	3005	1
3662	5526	1
5463	6113	1
2116	9541	1
3920	2154	1
1002	5411	1
2826	2702	1
3753	6649	1
6146	6649	1
2887	7528	1
9150	7528	1
2116	1166	1
3013	5925	1
5925	3013	1
2671	1780	1
7089	6299	1
5210	7033	1
3037	3452	1
4549	9280	1
3109	9280	1
10305	8781	1
10306	10306	1
10307	10307	1
9626	3506	1
10003	5942	1
1517	5296	1
7624	3335	1
9949	6433	1
5863	4408	1
742	3815	1
8691	4408	1
2116	2192	1
5490	10308	1
9325	5301	1
5474	10308	1
8244	4873	1
