5013	5013	1
5787	6339	1
3489	6046	1
4217	6301	1
8008	9488	1
10281	10281	1
10282	6875	1
3008	774	1
1002	5411	1
3393	4603	1
163	4148	1
7469	9239	1
2517	2237	1
7135	7136	1
7059	10186	1
2813	2204	1
1855	5830	1
5670	5248	1
10230	9600	1
6622	6930	1
9198	9198	1
5516	6485	1
6930	6622	1
1746	8989	1
8990	5449	1
10174	10174	1
1212	1806	1
7825	7825	1
6428	10174	1
8365	4447	1
1609	1099	1
6419	1220	1
2646	3723	1
3844	2588	1
1666	3723	1
214	1520	1
3487	10232	1
1220	985	1
9452	4667	1
10232	3487	1
10283	10283	1
2287	4856	1
1512	9245	1
7868	4632	1
9435	4720	1
4720	9435	1
487	10266	1
13	4511	1
6814	8846	1
8243	5650	1
6506	5934	1
1539	3671	1
4511	13	1
7121	7178	1
7625	7215	1
6253	134	1
3227	7274	1
5047	3450	1
3450	5047	1
7184	1282	1
3707	6722	1
9462	9463	1
1163	3568	1
2204	2813	1
4547	3152	1
6637	6452	1
1304	2260	1
4649	664	1
359	7707	1
5449	8990	1
4342	4118	1
10284	10284	1
2306	3833	1
6205	2210	1
10158	10157	1
1523	1338	1
2306	3716	1
9452	4778	1
3826	3066	1
4649	4021	1
10284	9723	1
2849	6493	1
5447	5434	1
3545	3333	1
5648	9876	1
3833	2306	1
2237	2517	1
3066	3826	1
6432	6679	1
6030	5301	1
4649	9234	1
4729	5869	1
1282	788	1
9300	5348	1
7136	7135	1
4778	9452	1
4667	9452	1
6906	10285	1
6628	1462	1
3071	2315	1
6527	2169	1
7163	9772	1
1304	3212	1
2229	2411	1
8823	5438	1
877	10213	1
7868	5090	1
10145	2979	1
9499	8395	1
5857	5824	1
10179	7020	1
9452	9402	1
3066	4597	1
9148	8250	1
5414	1667	1
10145	987	1
10213	877	1
4597	3066	1
10286	10286	1
1539	4933	1
9929	8322	1
2728	8244	1
2422	7859	1
2817	1996	1
1504	8781	1
9690	10188	1
10287	5119	1
8342	6645	1
9325	5301	1
3450	2284	1
10288	10289	1
7020	10179	1
4176	4816	1
2353	2582	1
1142	71	1
10285	6906	1
4120	4816	1
2306	4437	1
8944	3994	1
7460	7170	1
10290	8570	1
3994	8944	1
2582	2353	1
10140	8743	1
1302	1806	1
5280	9389	1
6313	1373	1
9488	8008	1
3227	4569	1
7453	2712	1
7764	8165	1
1220	6419	1
1725	2260	1
2116	6846	1
609	4782	1
3212	1304	1
788	1282	1
2849	1233	1
7670	7042	1
3881	858	1
814	8584	1
9862	6245	1
3333	3545	1
9317	10291	1
2411	2229	1
6674	912	1
524	816	1
3315	5683	1
3450	5797	1
6845	8410	1
10292	4580	1
5483	5483	1
6485	5520	1
4355	2383	1
4376	2641	1
9876	5648	1
5280	5520	1
5922	5	1
8165	7764	1
4652	3176	1
6757	6757	1
4917	1609	1
9246	8176	1
7074	6757	1
5227	6757	1
6201	7561	1
7718	8014	1
4408	8691	1
10293	1513	1
9133	9595	1
1304	4815	1
6775	8656	1
5822	1483	1
2306	4990	1
5440	10254	1
2331	8014	1
5085	5870	1
6301	4217	1
5008	4522	1
3294	4217	1
4581	4217	1
5683	3315	1
2306	980	1
5558	9300	1
10008	7528	1
4087	2715	1
6339	5787	1
1762	10262	1
10254	5440	1
1957	9300	1
9300	1957	1
6898	6898	1
7807	7589	1
6245	8290	1
21	200	1
10262	1762	1
9131	10208	1
5627	5019	1
4437	4487	1
8365	10196	1
6814	1921	1
8640	3017	1
2306	3017	1
4522	5008	1
10294	9275	1
2229	7660	1
9067	9581	1
987	10145	1
8743	10140	1
3881	6168	1
760	2712	1
8244	4873	1
4464	503	1
5004	6456	1
4812	6040	1
5423	6409	1
7033	5210	1
9239	7469	1
10295	10295	1
9667	7793	1
7552	6409	1
910	8877	1
419	419	1
2801	8410	1
9613	5320	1
3950	4027	1
9774	10260	1
4464	4072	1
6055	5869	1
4438	3542	1
2479	3542	1
5234	5027	1
6181	5513	1
3937	3542	1
774	3008	1
5822	4592	1
6414	5824	1
9857	9857	1
6313	6151	1
5869	4729	1
1431	679	1
6645	8342	1
4454	6919	1
