5642	9087	1
334	9087	1
9470	2776	1
8461	1086	1
3816	2623	1
4863	4864	1
3999	9087	1
9524	7895	1
5504	6135	1
10505	10438	1
5270	5271	1
8204	2616	1
10570	8222	1
8222	10570	1
2017	1772	1
28	6481	1
3829	8222	1
655	68	1
10629	10629	1
1087	864	1
519	519	1
8653	7141	1
3595	585	1
9198	9198	1
4091	10624	1
10609	8785	1
3082	5553	1
4521	1408	1
10630	10630	1
4730	10537	1
10420	4836	1
5553	3082	1
10614	2004	1
6760	8359	1
7083	5374	1
5904	5374	1
5374	5904	1
6303	9929	1
9013	10442	1
2480	6492	1
3975	9165	1
10631	328	1
4020	6897	1
3480	10120	1
6995	8435	1
10537	4730	1
2330	8435	1
7708	9734	1
10621	4332	1
6123	10547	1
5651	3860	1
2	8785	1
10632	5849	1
10120	3480	1
4485	8976	1
1087	863	1
4317	6236	1
2478	3605	1
4454	6919	1
10506	6413	1
5683	3213	1
8365	4447	1
1109	1207	1
4241	6848	1
5390	10208	1
5733	4914	1
8727	1432	1
6112	9556	1
10560	5932	1
5455	2071	1
7318	8446	1
4332	10621	1
1753	1407	1
10633	5482	1
7469	9178	1
10147	6494	1
4650	4650	1
6348	5022	1
5932	9727	1
1062	5879	1
1034	8669	1
5662	750	1
10598	10598	1
10547	6123	1
6729	6730	1
5610	624	1
8213	1307	1
2646	7857	1
6236	4317	1
5027	5234	1
10634	6615	1
8607	8608	1
5979	905	1
5375	4810	1
5634	7885	1
3055	10602	1
6164	2148	1
1016	1016	1
1506	4735	1
3988	238	1
1117	1008	1
5375	6419	1
5733	5717	1
8901	1714	1
3605	2478	1
8031	10330	1
5329	5690	1
10572	1501	1
10635	10635	1
3088	5355	1
863	1087	1
1432	8727	1
1086	8461	1
334	3826	1
10293	3567	1
8365	10196	1
4900	4888	1
374	886	1
1753	6232	1
10636	10153	1
8108	9049	1
5490	4586	1
1184	387	1
3237	422	1
4747	3608	1
8288	8289	1
10432	7111	1
8222	3829	1
5733	1619	1
6679	6432	1
10637	4580	1
6456	7210	1
2108	5604	1
1109	7480	1
2491	776	1
7433	7432	1
5234	5027	1
10116	1194	1
886	374	1
5733	5720	1
4326	10207	1
3908	3907	1
10147	588	1
9311	5778	1
10560	10560	1
10023	10285	1
3020	3088	1
8508	10638	1
9773	10639	1
5681	3399	1
10639	9773	1
7804	5411	1
10531	5411	1
3030	9467	1
5690	5329	1
10640	10641	1
3216	4422	1
3399	5681	1
9031	4692	1
81	80	1
5236	1434	1
6364	7476	1
573	645	1
4984	645	1
4586	5490	1
4329	2121	1
10624	4091	1
6301	7598	1
7597	7598	1
7532	7598	1
9770	7598	1
6365	8222	1
2056	4172	1
4696	2727	1
8537	9262	1
612	611	1
4816	4176	1
5316	8670	1
8852	2578	1
3647	4176	1
6038	6185	1
4376	2641	1
6421	6185	1
3030	7641	1
4573	6185	1
8785	2	1
5835	1617	1
8499	10374	1
5894	6059	1
3472	159	1
5683	4751	1
10330	7204	1
2578	8852	1
8031	7204	1
7916	5691	1
9438	10390	1
6132	8044	1
1257	1257	1
6230	9719	1
8815	10638	1
10330	8031	1
10642	7688	1
5833	5832	1
6642	4426	1
10390	9438	1
395	3194	1
1224	222	1
10593	7642	1
9106	6758	1
2641	4376	1
81	342	1
2065	519	1
8222	6365	1
4095	2316	1
10643	10643	1
8976	4485	1
7805	9538	1
7076	3693	1
2289	2290	1
3912	2941	1
7484	7484	1
10145	9410	1
5733	5266	1
5482	10633	1
1523	23	1
5321	7650	1
5411	10531	1
7066	7650	1
10506	7736	1
5954	5954	1
1501	10572	1
7592	7595	1
8506	6085	1
7650	7066	1
9078	7066	1
8174	7965	1
4765	4217	1
10085	10075	1
2019	3232	1
747	4574	1
4422	1009	1
7780	9895	1
4329	10644	1
1194	10116	1
9895	7780	1
1207	1109	1
953	6989	1
10147	2703	1
7902	9939	1
334	770	1
2732	3227	1
1509	6103	1
6033	7162	1
5692	4877	1
649	296	1
6840	3426	1
220	225	1
2480	7223	1
334	229	1
4735	1506	1
10645	5885	1
4447	9974	1
334	228	1
2052	1483	1
3996	395	1
6537	10646	1
10647	10648	1
1548	8236	1
4762	7158	1
5060	10570	1
10542	7119	1
480	5429	1
6185	5622	1
8174	8222	1
1617	5835	1
6647	9825	1
1055	4725	1
2446	9825	1
430	404	1
5206	6206	1
5089	6206	1
503	4196	1
9929	6303	1
5375	2331	1
1134	8676	1
3710	3710	1
10506	4114	1
10484	10485	1
7360	6866	1
334	1215	1
5365	5301	1
23	1523	1
7029	986	1
4176	4816	1
2027	2119	1
8174	5699	1
3021	5699	1
2276	2769	1
10438	10505	1
5699	3021	1
6256	4167	1
4836	10420	1
4659	4006	1
6055	7450	1
4006	4659	1
4184	77	1
1280	4167	1
696	2481	1
7650	5321	1
7962	4781	1
6922	5861	1
8192	5424	1
4034	6445	1
2852	895	1
2630	4943	1
3066	3826	1
5861	6922	1
4803	4804	1
8174	5862	1
1064	5188	1
10648	10647	1
140	2777	1
1508	5818	1
3426	6840	1
10493	10493	1
6866	7360	1
4198	4814	1
1619	5733	1
5720	5733	1
4217	4765	1
5266	5733	1
1059	5774	1
1901	5013	1
5733	1620	1
1010	3623	1
564	5774	1
10502	8308	1
1620	5733	1
4457	5774	1
5262	10649	1
5297	5774	1
8553	10434	1
3345	10324	1
7145	7780	1
10147	5376	1
7891	9001	1
8581	7588	1
8063	9001	1
5929	5951	1
3091	644	1
8174	5857	1
5617	6127	1
4217	6301	1
4075	4931	1
6290	1422	1
200	28	1
8891	5618	1
4182	28	1
9512	5294	1
6727	6040	1
3480	6883	1
4943	2630	1
4330	4008	1
10650	1858	1
1274	10421	1
7929	3078	1
334	3482	1
571	7179	1
4946	9372	1
8044	6571	1
10204	5008	1
8553	10324	1
2065	5722	1
5513	5897	1
5354	7209	1
8929	9152	1
3084	5307	1
5836	5307	1
6704	2125	1
2051	4594	1
8965	3085	1
8924	8925	1
3722	2712	1
9063	4594	1
906	1266	1
6769	5161	1
8247	7703	1
3176	847	1
5709	9394	1
5307	5836	1
10651	9281	1
5324	4594	1
9736	10622	1
9150	9150	1
1509	3940	1
9672	4038	1
1213	5142	1
9649	717	1
10652	10652	1
7031	5800	1
8031	6448	1
571	570	1
855	670	1
10613	10613	1
2630	518	1
10639	9009	1
9009	10639	1
2065	2102	1
5699	4250	1
2653	819	1
