3820	3450	1
3450	3820	1
3284	1358	1
3794	3912	1
5811	4021	1
3855	2422	1
6287	6344	1
3270	3136	1
416	416	1
5904	5374	1
9100	7360	1
6274	3740	1
8700	6562	1
3576	4006	1
6625	10475	1
10283	6409	1
2737	2736	1
7442	7443	1
10273	7370	1
9133	1840	1
741	416	1
5	1210	1
6308	3480	1
1229	5602	1
5013	371	1
1075	1074	1
1840	9133	1
8162	5790	1
371	5013	1
10324	10434	1
3345	10434	1
7360	9100	1
401	10434	1
10434	10324	1
9330	2912	1
10145	9410	1
6198	9067	1
7370	10273	1
10124	10124	1
1175	1050	1
5602	1229	1
5091	5623	1
9418	10476	1
416	9543	1
5374	5904	1
8246	7158	1
3347	3347	1
5543	5523	1
2051	4868	1
8141	3347	1
9653	9087	1
7145	7780	1
10470	6615	1
6127	7308	1
6299	8377	1
6409	6397	1
4868	2051	1
6107	4320	1
8903	6925	1
4432	6022	1
6786	6354	1
7082	6613	1
972	2229	1
1180	6468	1
4355	2383	1
2383	4355	1
1301	2190	1
6354	6786	1
1840	6513	1
2451	546	1
4936	3109	1
6220	7125	1
4355	4355	1
8315	1549	1
6513	1840	1
3347	8141	1
10477	1635	1
6104	5424	1
1725	2609	1
5876	6034	1
5773	7090	1
5859	4333	1
6034	5876	1
1897	4668	1
10422	1202	1
3966	10478	1
5979	905	1
6925	8903	1
1110	1858	1
1812	2084	1
5495	7428	1
1615	2792	1
6922	5861	1
4485	5877	1
6112	9402	1
7235	75	1
2606	5624	1
9410	10145	1
4364	4365	1
996	1294	1
1340	573	1
10434	3345	1
3450	6246	1
10479	7128	1
905	5979	1
9791	7291	1
1340	23	1
9104	7291	1
842	23	1
6414	5824	1
6456	6017	1
300	111	1
8929	8929	1
9013	10442	1
6895	5877	1
2296	1279	1
7229	7204	1
2423	4988	1
2977	2915	1
10442	9013	1
2456	2457	1
3450	6628	1
6299	10208	1
6506	5897	1
6628	3450	1
7718	5690	1
6017	6456	1
7308	6127	1
2721	3166	1
5553	6329	1
27	5	1
10198	10162	1
5533	304	1
9276	7409	1
7715	8681	1
2229	972	1
5297	5863	1
10480	10480	1
1996	2457	1
2969	1437	1
623	5412	1
1030	4677	1
194	9209	1
7586	7586	1
4301	4301	1
4215	4216	1
10451	10460	1
5853	4930	1
3398	3866	1
303	406	1
4521	5269	1
7409	9276	1
4794	1146	1
10467	1816	1
5455	9705	1
10481	10481	1
7257	9945	1
9251	6564	1
1681	1108	1
2265	5518	1
5518	2265	1
1681	5518	1
2977	5006	1
10143	10143	1
4395	1716	1
5853	4868	1
2211	6913	1
842	3602	1
5861	6922	1
7694	299	1
2606	3671	1
4159	3852	1
2606	4184	1
10482	10482	1
8301	8711	1
7257	1204	1
1681	4868	1
2609	1725	1
5200	5549	1
2933	7686	1
9311	5778	1
1681	4092	1
2770	3068	1
2881	2880	1
1752	10483	1
5248	5670	1
3747	4715	1
6374	6711	1
2978	3212	1
6711	6374	1
2978	4815	1
3104	3862	1
7592	7593	1
3852	4159	1
3248	3078	1
4462	5604	1
7929	3078	1
4566	3610	1
2977	3610	1
1797	3476	1
1681	205	1
842	4457	1
5853	205	1
4663	1997	1
2939	467	1
4747	2543	1
3125	4701	1
2265	1842	1
5845	7331	1
1681	356	1
6343	9144	1
3671	9277	1
1681	1504	1
3109	4936	1
9876	6836	1
10484	10485	1
4859	2096	1
9087	5642	1
8768	5612	1
5024	2147	1
6127	9947	1
6112	4778	1
2770	835	1
1340	4415	1
3287	585	1
10486	1734	1
7331	5845	1
6115	8650	1
416	721	1
4660	3545	1
3004	3234	1
2691	5697	1
2454	10487	1
10488	6843	1
1681	4885	1
5154	4888	1
3555	5090	1
2169	564	1
3353	7645	1
9209	194	1
5227	7974	1
10325	9145	1
868	4233	1
7817	1727	1
4799	7216	1
8909	5640	1
10489	10489	1
1929	5827	1
4333	5859	1
9451	2488	1
4810	6248	1
2606	6088	1
6506	2488	1
4176	4816	1
8410	6845	1
9144	6343	1
10408	5827	1
10287	5827	1
5176	5977	1
2108	3005	1
2119	1606	1
5135	7856	1
8358	2686	1
2456	1996	1
8508	8509	1
10177	3954	1
3456	2457	1
9947	6127	1
1996	2456	1
2977	8772	1
3217	819	1
7570	7815	1
10490	7282	1
7257	573	1
6766	6767	1
3437	7815	1
1509	6103	1
6153	6154	1
8377	2085	1
2770	1166	1
2456	3380	1
1139	2471	1
2296	3051	1
1462	2623	1
564	2169	1
1681	3262	1
3051	1279	1
5853	3262	1
1509	1560	1
2085	8377	1
8051	4320	1
1740	8141	1
5835	1617	1
4360	6112	1
8525	8526	1
546	7125	1
9973	10043	1
5	5922	1
7031	5800	1
7741	5800	1
4144	4431	1
10330	4632	1
8377	6299	1
9669	6299	1
2456	3547	1
7128	10491	1
5954	5954	1
10043	9973	1
8650	6115	1
4006	3576	1
9087	9653	1
271	272	1
1204	519	1
7257	519	1
10067	3886	1
4906	4608	1
1681	6296	1
1681	6023	1
5853	6023	1
6183	3886	1
1340	437	1
5884	774	1
6132	3886	1
5715	4657	1
5922	5	1
4657	5715	1
7524	4560	1
2016	3987	1
10036	6287	1
10112	8983	1
2506	9234	1
3730	8614	1
3240	3886	1
4778	6112	1
2552	1762	1
5642	5485	1
2456	3456	1
9133	5485	1
953	10018	1
5497	5498	1
5853	2194	1
342	5350	1
5603	5485	1
9669	4385	1
4330	3740	1
5934	4385	1
2939	4704	1
4569	10023	1
6720	2536	1
2229	453	1
5468	5287	1
1220	985	1
842	3005	1
4888	5154	1
1586	3035	1
10492	8484	1
689	3611	1
1681	4657	1
4977	3453	1
7866	3240	1
4695	3222	1
10493	10493	1
334	203	1
1886	3051	1
7257	27	1
6843	10488	1
9733	5773	1
7407	5240	1
9105	6370	1
10018	953	1
5197	6344	1
1757	932	1
564	8335	1
3753	6146	1
7501	7308	1
7308	7501	1
10023	4569	1
2770	2735	1
5481	7308	1
5690	7718	1
5343	10494	1
1410	8799	1
7257	3606	1
7879	9152	1
5517	6211	1
5693	6211	1
3051	1886	1
3324	3325	1
8361	3904	1
8707	7308	1
7308	7308	1
5955	6211	1
4333	2543	1
6845	8410	1
5959	10411	1
10481	3370	1
1734	10486	1
6253	9277	1
3210	6370	1
5411	5520	1
423	889	1
10495	10495	1
5485	9133	1
2456	3297	1
86	4555	1
7029	986	1
7235	4555	1
8840	4555	1
3453	4977	1
2958	6908	1
5043	4797	1
5897	6506	1
2488	6506	1
10496	4019	1
6030	8854	1
6081	4662	1
10494	5343	1
9375	4662	1
4799	5630	1
6813	6667	1
1599	70	1
842	5107	1
5843	625	1
4359	1806	1
7780	7145	1
2978	2545	1
8962	6165	1
2646	10497	1
3240	3674	1
6299	8653	1
1480	1209	1
10498	10437	1
4717	10499	1
5863	5297	1
1855	6281	1
4647	3440	1
5800	7741	1
2646	6507	1
2970	5583	1
2147	5024	1
5297	5774	1
8977	7311	1
2115	2784	1
10436	1351	1
7785	317	1
1200	2270	1
8335	564	1
86	84	1
5485	3561	1
2483	7396	1
1635	10500	1
6112	4360	1
5642	3561	1
8935	8216	1
2710	5233	1
1271	2727	1
819	3217	1
2462	6394	1
7334	6532	1
10501	10501	1
10345	10346	1
932	1757	1
5671	1339	1
4988	2423	1
5683	3315	1
842	1687	1
1791	4611	1
9086	3035	1
6108	7810	1
5100	4084	1
6637	4444	1
2209	2210	1
4047	4084	1
1780	2671	1
5365	7969	1
9410	9790	1
5561	6654	1
6218	8153	1
3800	7626	1
10460	10451	1
6043	6044	1
1617	5835	1
3085	6289	1
6564	9251	1
1462	423	1
6286	5835	1
5259	5835	1
5602	4147	1
5437	5340	1
8881	2837	1
8160	8609	1
7304	9370	1
7916	5691	1
7318	7319	1
4084	5100	1
847	3176	1
7085	7448	1
5435	4032	1
6104	8609	1
44	4534	1
6727	6040	1
5443	7535	1
7319	7318	1
10502	8308	1
4936	1483	1
2807	2662	1
653	1401	1
10437	10474	1
1586	677	1
2770	5421	1
10474	10437	1
1462	1126	1
4424	4384	1
6080	8875	1
1351	10436	1
4660	3298	1
3217	5187	1
5390	10205	1
2245	9539	1
4434	6913	1
2770	2935	1
9731	9731	1
16	3828	1
7311	8977	1
10503	10503	1
4395	8662	1
5853	2415	1
1339	5671	1
8711	8301	1
4433	4432	1
5404	5404	1
10205	5390	1
7291	8492	1
2422	3855	1
8492	7291	1
2662	2807	1
3610	4566	1
10385	9639	1
6282	4345	1
6248	4810	1
10464	2343	1
4689	5228	1
9903	3027	1
10504	10504	1
1561	819	1
8609	8160	1
7128	10479	1
9100	10413	1
1774	4692	1
4864	4863	1
7715	5357	1
625	5843	1
3161	2710	1
8990	5449	1
8609	6104	1
10413	9100	1
4664	10412	1
514	6719	1
10505	10438	1
9329	8668	1
953	1366	1
3795	6719	1
2017	824	1
9155	9154	1
2691	1428	1
5689	875	1
1586	9300	1
5954	3352	1
3315	5683	1
5357	7715	1
6165	8962	1
6382	6299	1
6070	5355	1
824	2017	1
4405	7942	1
819	2653	1
3444	3323	1
1489	1002	1
10343	10491	1
10506	10506	1
3965	8609	1
2348	2349	1
10506	4360	1
976	3211	1
10507	3404	1
3083	5297	1
3855	2454	1
8609	3965	1
4360	10506	1
2193	2349	1
2958	4335	1
4094	10506	1
5482	9966	1
627	628	1
842	1268	1
10508	9966	1
2183	1407	1
9981	9982	1
8587	8195	1
7736	10285	1
5693	7813	1
7626	3800	1
8609	5461	1
10355	1407	1
708	6522	1
4345	6282	1
2456	5084	1
8855	9997	1
1407	10355	1
4345	4346	1
6324	6324	1
10347	6218	1
5346	868	1
10509	8600	1
4193	4176	1
3647	7969	1
4346	4345	1
4816	4176	1
1738	317	1
8358	965	1
10093	10093	1
5426	4945	1
6281	1855	1
2169	8335	1
10475	6625	1
8803	6871	1
9586	6625	1
5488	10188	1
3853	8830	1
5084	1358	1
4176	4193	1
7684	3480	1
1179	1408	1
10411	8071	1
5005	6250	1
1204	140	1
7076	7077	1
3480	7684	1
40	564	1
2978	9620	1
8609	10121	1
9966	10508	1
4842	10510	1
8071	10411	1
6871	8803	1
2924	4806	1
7969	5365	1
7452	10511	1
7817	4524	1
3855	3366	1
3523	2480	1
4828	5185	1
8308	10502	1
8361	7695	1
3366	3855	1
4799	2355	1
4556	3400	1
8667	8668	1
8646	8668	1
5051	10506	1
6897	4020	1
10285	7736	1
7448	7486	1
10506	5051	1
1681	858	1
5835	6286	1
8195	8587	1
4020	4445	1
10510	4842	1
9962	10506	1
9325	9452	1
3440	4647	1
240	438	1
8492	4724	1
4359	418	1
2770	3316	1
3027	9903	1
9966	10478	1
5932	9727	1
10483	1752	1
6811	9670	1
2270	1200	1
8600	10509	1
6734	7552	1
6104	10478	1
3210	2827	1
4790	2369	1
5188	7308	1
505	504	1
4988	5175	1
8409	5188	1
5813	3568	1
3568	5813	1
5943	4948	1
4534	5561	1
1163	3568	1
4393	5561	1
7257	6066	1
9234	2506	1
4020	4027	1
8137	3568	1
627	2523	1
7083	4012	1
9154	9155	1
8609	6059	1
5175	5185	1
7448	7085	1
8071	6784	1
5175	4988	1
8125	4573	1
257	6317	1
2927	426	1
9966	5482	1
2817	2297	1
4395	9280	1
3680	5235	1
4807	3392	1
10121	8609	1
7469	9178	1
1340	3194	1
7257	5	1
4724	8492	1
5282	2613	1
7856	5135	1
140	1204	1
7446	9687	1
996	10512	1
6728	10513	1
6211	5955	1
5068	4241	1
