6109	3154	1
4626	2316	1
3950	3950	1
3950	4408	1
1535	2316	1
185	8258	1
4408	3950	1
5981	6155	1
3287	3660	1
2077	2214	1
4207	8738	1
5673	6845	1
4921	2654	1
9234	9488	1
4159	530	1
9521	323	1
221	1120	1
3185	3184	1
5085	5735	1
10326	8911	1
8247	7690	1
8313	8911	1
4060	7993	1
10319	6365	1
7988	7128	1
7624	7916	1
1204	519	1
7993	4060	1
10330	7204	1
7780	7145	1
5026	2677	1
4328	5902	1
328	9385	1
6052	2677	1
6218	5793	1
6212	5365	1
4162	1215	1
3954	2234	1
10344	3615	1
7982	5090	1
4301	6066	1
5027	5234	1
10345	10346	1
2234	3954	1
6253	1964	1
4207	4036	1
95	850	1
7653	8225	1
5720	5266	1
998	2865	1
6113	8880	1
472	473	1
5	27	1
902	706	1
4254	2389	1
3996	395	1
4647	3647	1
5468	5926	1
5351	877	1
5234	5027	1
6325	2668	1
7319	7318	1
5796	3154	1
1338	1523	1
8525	7058	1
2646	3723	1
669	669	1
4869	6424	1
5377	5377	1
1987	7119	1
6323	7154	1
10273	6190	1
5598	3966	1
8977	7154	1
877	5351	1
524	816	1
9300	7654	1
9807	9695	1
1620	858	1
6900	3066	1
7228	7228	1
242	241	1
5598	3166	1
9391	8680	1
8936	17	1
9134	1926	1
2646	3041	1
10334	8640	1
10347	5509	1
5028	9133	1
7660	816	1
5561	4393	1
850	95	1
647	5783	1
241	242	1
7690	8247	1
6287	6103	1
2871	4377	1
2747	848	1
2721	6784	1
3154	5796	1
3660	3287	1
1651	6784	1
5939	5783	1
8921	10007	1
3029	3004	1
9200	10007	1
7274	9715	1
9	3501	1
10348	7812	1
7424	7708	1
9773	9690	1
7654	9300	1
3497	2190	1
19	28	1
6843	10010	1
4144	4144	1
10349	10349	1
5517	10323	1
964	2585	1
4341	3897	1
9909	7291	1
10205	5070	1
6287	6344	1
8141	1096	1
669	9917	1
2646	7710	1
9	768	1
5402	5358	1
786	1079	1
7154	8977	1
10346	10345	1
7783	5357	1
5357	7783	1
6234	6380	1
6711	6374	1
6374	6711	1
10318	1882	1
1625	1280	1
6845	5673	1
5634	7885	1
8728	8729	1
6287	6722	1
334	2048	1
6155	5981	1
6930	10083	1
7786	3826	1
8903	10083	1
2745	1855	1
4965	2260	1
7916	7624	1
2646	3944	1
2565	6752	1
7492	6752	1
1523	1338	1
7553	5868	1
5660	1338	1
10083	6930	1
2646	7764	1
6927	1103	1
926	3981	1
6900	951	1
334	10175	1
5100	4084	1
6135	5043	1
9942	4087	1
3826	7786	1
2482	3108	1
6478	3797	1
10350	5090	1
9300	3520	1
6454	5415	1
9150	6792	1
6380	6234	1
4009	5376	1
7911	7912	1
424	29	1
4029	1900	1
10351	9276	1
1900	4029	1
6113	9997	1
10352	9997	1
10353	6365	1
9300	3017	1
9477	9799	1
2296	3051	1
10145	2979	1
6722	6287	1
6268	4727	1
3520	9300	1
8160	4727	1
4698	9886	1
7744	6389	1
3017	9300	1
1782	1781	1
1215	4162	1
6414	7714	1
3279	490	1
6900	3989	1
7786	5318	1
3817	4258	1
7853	3640	1
5861	4830	1
6365	10319	1
3855	1338	1
6851	6716	1
7164	10354	1
6449	5836	1
1338	3855	1
2749	5831	1
10355	10355	1
814	1338	1
964	5797	1
10262	9944	1
2296	1279	1
10096	6952	1
964	3068	1
964	1241	1
6365	10353	1
1774	4812	1
5509	10347	1
8763	5902	1
8399	9136	1
7047	10356	1
9365	9883	1
4695	5783	1
3855	2422	1
481	2012	1
9133	5028	1
622	10266	1
5783	4695	1
9994	1215	1
2646	3948	1
5671	8903	1
2725	7366	1
4462	6594	1
623	9707	1
29	7746	1
2147	5024	1
3108	2482	1
4485	5783	1
4592	5836	1
2422	3855	1
4020	6897	1
1099	8410	1
9886	4698	1
9031	4692	1
4689	8247	1
9300	5348	1
2091	2529	1
9452	6911	1
4377	2871	1
5348	9300	1
7714	6414	1
1446	10357	1
2588	3844	1
10358	10358	1
6287	3707	1
2829	9300	1
3844	2588	1
3826	966	1
3184	3185	1
3004	3029	1
5870	6499	1
5287	4561	1
5376	4009	1
4727	3298	1
2646	3943	1
964	1723	1
3050	3050	1
8741	3030	1
3707	6287	1
9994	1791	1
1667	7027	1
4020	4027	1
10280	10280	1
6449	5562	1
5835	4384	1
5898	5897	1
7164	5830	1
9136	8399	1
7235	7223	1
10273	9717	1
8410	1099	1
3897	4341	1
3499	5321	1
5321	3499	1
5648	9876	1
1071	6725	1
5510	5808	1
9300	2973	1
2873	6321	1
9365	7423	1
8525	8526	1
5259	7423	1
10357	1446	1
5783	4485	1
9997	10352	1
964	2935	1
3190	8676	1
2745	2969	1
653	653	1
17	8936	1
8676	3190	1
98	323	1
2973	9300	1
5440	10254	1
10359	10360	1
5086	5087	1
2543	4747	1
623	371	1
6786	2198	1
10361	10362	1
6201	6105	1
564	4576	1
4533	4532	1
2745	511	1
6433	9949	1
8121	7158	1
110	4629	1
9690	9773	1
7045	6569	1
5065	9409	1
10007	9200	1
6449	6436	1
2879	241	1
2646	6507	1
481	673	1
6146	6649	1
5027	7049	1
210	6948	1
5711	4657	1
6436	4657	1
5411	5411	1
1987	1839	1
7916	5691	1
5836	4592	1
3777	1218	1
6286	9742	1
10084	9369	1
728	5532	1
9950	4270	1
4657	6436	1
3385	5701	1
4376	2641	1
5076	800	1
6900	5660	1
4437	7041	1
433	1116	1
1884	1884	1
1523	7711	1
4888	5154	1
9715	7274	1
10363	579	1
5329	4980	1
5365	5301	1
6649	6146	1
9768	3167	1
9122	5316	1
10364	5316	1
5301	5365	1
4663	1722	1
8287	3626	1
334	1690	1
1231	9409	1
1809	3967	1
5047	6185	1
6948	210	1
3088	6185	1
4657	4561	1
6287	1835	1
7660	524	1
6642	4426	1
5840	3561	1
3440	7306	1
4511	30	1
1517	3921	1
4689	3399	1
8037	9263	1
4863	4864	1
2360	7912	1
3176	1781	1
6321	2873	1
2877	6514	1
7862	3950	1
8247	4689	1
3399	4689	1
3950	7862	1
2214	2077	1
3167	9768	1
6127	6951	1
8405	6370	1
7613	7822	1
10365	10365	1
6287	1509	1
10366	8289	1
7306	3440	1
5901	3325	1
5043	5353	1
4906	4608	1
623	5189	1
2201	2648	1
7969	5353	1
8962	6165	1
10319	8975	1
3965	5353	1
2316	2842	1
3066	6900	1
5353	7969	1
1399	3465	1
7421	5663	1
951	6900	1
10266	622	1
3989	6900	1
5202	8975	1
5660	6900	1
4816	4176	1
3413	1506	1
9876	5648	1
2842	2316	1
1781	3176	1
1491	1135	1
4409	3950	1
4832	4812	1
4727	6268	1
10191	4198	1
2668	6325	1
5351	5634	1
3507	887	1
5087	5086	1
7010	887	1
6287	5197	1
8222	8680	1
2907	3560	1
5787	6339	1
4084	5100	1
3812	9736	1
4830	5861	1
9	28	1
8676	7119	1
6056	6057	1
9821	9821	1
1503	882	1
887	4637	1
7318	7319	1
9051	8942	1
4198	10191	1
4217	6301	1
8656	6775	1
800	5076	1
1506	3413	1
7442	7443	1
5353	5043	1
3950	4409	1
4296	4297	1
5365	1366	1
5663	7421	1
4450	4451	1
7595	7592	1
964	1378	1
6485	5516	1
1120	869	1
4143	1897	1
5154	4888	1
1366	5365	1
5138	10285	1
17	9209	1
4247	1869	1
10367	869	1
5634	5351	1
6165	8962	1
5723	4006	1
4747	2543	1
1513	10293	1
9239	7469	1
1331	7912	1
964	3634	1
4630	4629	1
6784	2721	1
1839	1987	1
3795	5347	1
1120	221	1
3054	869	1
10368	5762	1
10369	10369	1
10370	10370	1
3178	3920	1
10371	9384	1
1835	6287	1
1509	6287	1
2897	493	1
222	901	1
7654	5688	1
8287	7761	1
9742	6286	1
4101	9863	1
7491	7120	1
1146	185	1
493	2897	1
6317	4511	1
5318	5318	1
3400	5952	1
3465	1399	1
5459	4873	1
5773	6085	1
5688	7654	1
5783	5939	1
3534	10372	1
5796	3626	1
9331	6409	1
7552	6409	1
7866	8421	1
6660	5607	1
5694	271	1
1740	5411	1
6724	6409	1
2234	1126	1
6734	6409	1
887	7010	1
7990	93	1
8218	6409	1
10373	6409	1
9531	6409	1
274	3222	1
2138	4074	1
9384	10371	1
3747	4358	1
9488	9234	1
8785	6687	1
241	2879	1
5181	4047	1
5868	7553	1
5952	3400	1
7469	9239	1
3066	3826	1
1087	864	1
3312	9623	1
4366	980	1
6845	2609	1
2677	6052	1
2316	1535	1
10374	8756	1
9697	9697	1
5926	5468	1
110	3960	1
6725	1071	1
10374	10374	1
9936	2578	1
3757	18	1
980	4366	1
98	2345	1
9442	8089	1
964	9930	1
4032	9460	1
9735	3079	1
5659	821	1
3342	1746	1
10295	10295	1
8068	8068	1
232	708	1
9835	9234	1
5835	6286	1
6197	6198	1
9209	17	1
2170	3020	1
5353	3965	1
1872	922	1
1615	3171	1
10366	8288	1
98	425	1
2446	9825	1
3629	3358	1
5347	3795	1
4603	6246	1
9369	10084	1
9825	2446	1
6952	10096	1
9031	5952	1
8692	7912	1
10375	3096	1
4511	6317	1
9578	9579	1
906	7779	1
2390	4287	1
