8492	4724	1
7211	7370	1
8141	1740	1
5709	9394	1
9102	4580	1
2454	3824	1
9717	7370	1
5175	4988	1
3829	4789	1
1774	4303	1
1239	32	1
10514	10514	1
4945	5426	1
5086	5087	1
2085	2086	1
10355	1407	1
2646	5240	1
5485	5642	1
7407	5240	1
5796	3154	1
4977	3453	1
9184	4034	1
2051	1558	1
9152	7879	1
5087	5086	1
10010	10010	1
4859	4239	1
1407	2183	1
2543	4747	1
5779	2118	1
7879	9152	1
8071	10411	1
6581	7088	1
4799	7944	1
607	659	1
3211	976	1
9178	7469	1
5579	2358	1
8220	6372	1
10509	8600	1
8962	6165	1
4799	5517	1
5297	3083	1
5715	4561	1
875	7204	1
4806	2924	1
10515	7216	1
10516	10516	1
1351	10436	1
1865	344	1
6363	5365	1
5365	6363	1
10506	5365	1
3167	9768	1
10517	10517	1
6373	3704	1
10464	10415	1
5800	7031	1
5543	5081	1
8978	10518	1
5721	9323	1
10273	9254	1
5055	8523	1
3855	6489	1
2606	4809	1
5081	5543	1
7522	5107	1
6343	9144	1
7801	8214	1
9845	5233	1
92	4809	1
9896	5455	1
2743	7308	1
1110	1110	1
4015	3886	1
6844	6758	1
9687	7446	1
426	2927	1
5516	2959	1
7360	6866	1
740	3886	1
2572	9237	1
5423	8515	1
10415	10464	1
1919	3045	1
2523	627	1
10504	10504	1
4207	5248	1
2201	16	1
2927	426	1
16	2201	1
7709	10519	1
5773	7672	1
2264	573	1
10518	8978	1
4560	4876	1
6146	3753	1
1106	8032	1
2198	6786	1
89	611	1
1060	3587	1
8410	6845	1
5533	1039	1
7969	3647	1
5689	6450	1
3880	6317	1
4612	5543	1
6860	2343	1
4083	371	1
10165	9759	1
819	546	1
3347	8141	1
6866	7360	1
6409	6397	1
2768	2735	1
8064	10520	1
1176	10340	1
8523	5055	1
976	6265	1
476	3626	1
6100	7446	1
2743	2735	1
9876	9876	1
5843	625	1
3265	2641	1
1855	6281	1
4385	9669	1
3998	666	1
6299	9669	1
774	5884	1
8639	10259	1
5853	18	1
3083	5297	1
6306	3668	1
9237	2572	1
9133	1599	1
10188	5488	1
10521	7835	1
1635	10500	1
5689	2543	1
531	1103	1
4168	4196	1
10522	10522	1
345	9300	1
1599	9133	1
4747	2543	1
3743	1144	1
705	1144	1
1489	1489	1
1617	1392	1
4755	1392	1
1311	1392	1
4886	453	1
1855	1485	1
8876	4589	1
976	3013	1
5689	5688	1
573	2264	1
8171	816	1
7308	10523	1
3907	3908	1
6213	1599	1
2562	1599	1
5859	4333	1
3119	1599	1
2543	4333	1
5827	5119	1
6250	5005	1
4800	2910	1
4370	243	1
9099	7360	1
4524	7817	1
425	1437	1
9210	10524	1
9009	10259	1
2204	2813	1
3265	6200	1
5043	4797	1
5191	5206	1
5365	10506	1
1757	932	1
89	1731	1
564	40	1
5884	774	1
5191	6270	1
5043	6270	1
3476	1797	1
1462	2564	1
5112	5113	1
2018	395	1
7421	5663	1
84	86	1
1392	4755	1
3824	2454	1
5650	6119	1
10346	10345	1
3265	5695	1
243	4370	1
10438	10505	1
5907	1879	1
1599	3119	1
6127	6951	1
8515	5423	1
5561	4534	1
7128	10491	1
10343	10491	1
10525	9291	1
395	2018	1
2201	455	1
9410	8704	1
2792	1615	1
9487	9488	1
976	2827	1
5671	1339	1
301	257	1
1886	3051	1
1599	6213	1
3265	6385	1
4167	6256	1
4696	10526	1
5663	7421	1
5196	5195	1
6072	1081	1
10253	10253	1
1462	3108	1
6758	6844	1
3451	5928	1
6422	6016	1
5907	5515	1
2247	4898	1
1563	985	1
976	3905	1
10527	5518	1
3480	10020	1
1462	1858	1
4566	3610	1
52	777	1
1401	653	1
8052	7668	1
543	3940	1
1204	140	1
7835	10521	1
9133	1840	1
2768	5693	1
976	1932	1
3539	7631	1
6119	5650	1
3613	762	1
7856	5135	1
5235	3680	1
1103	531	1
1523	1338	1
3000	6344	1
1462	6022	1
172	4464	1
2981	2982	1
649	6344	1
3680	5235	1
2018	1558	1
6357	3658	1
5690	8509	1
1179	8283	1
3265	2642	1
8283	1179	1
1800	3871	1
9990	2686	1
835	2935	1
5954	5954	1
5979	8457	1
5250	9946	1
7360	9099	1
2322	2694	1
9988	2105	1
1462	3383	1
4444	6637	1
9300	6637	1
887	5775	1
3658	6357	1
6895	5877	1
2018	2501	1
10523	7308	1
4485	5877	1
2734	2735	1
3392	4807	1
5043	2379	1
2935	835	1
5549	5200	1
6265	976	1
2018	3194	1
3013	976	1
6370	8405	1
5515	3825	1
2768	6220	1
4196	4168	1
6637	9300	1
4405	6525	1
2084	1432	1
2837	8881	1
4696	1432	1
10471	10491	1
3183	7014	1
5005	6250	1
9488	9234	1
1432	2084	1
9234	9488	1
1462	2915	1
5481	3043	1
6922	5861	1
5907	4457	1
4171	1055	1
10486	1734	1
1615	2792	1
7442	7443	1
9605	8820	1
5688	5689	1
2543	5689	1
265	266	1
6450	5689	1
10528	4266	1
2671	1780	1
2018	4721	1
863	864	1
5200	5549	1
4947	6237	1
6736	6736	1
1087	864	1
2725	5881	1
9210	6929	1
7014	3183	1
5	5922	1
976	4422	1
7741	5800	1
6119	6615	1
4009	4010	1
6171	6615	1
5800	7741	1
940	940	1
10259	10259	1
2842	1342	1
476	5260	1
3840	2743	1
7688	7672	1
702	3575	1
1198	1322	1
976	4866	1
4147	1810	1
5861	6922	1
3185	3184	1
190	203	1
976	1166	1
976	7484	1
8070	1560	1
5468	5287	1
8335	2169	1
3647	7969	1
1175	1050	1
3000	6287	1
1625	1280	1
953	10018	1
618	1842	1
8141	3347	1
4983	4561	1
9946	5250	1
423	4579	1
7446	9687	1
6256	4167	1
8600	10509	1
3296	10008	1
5191	5888	1
5043	5888	1
7164	8141	1
10529	5243	1
10530	9167	1
1669	3323	1
21	388	1
9369	10084	1
8141	7164	1
5374	5904	1
5287	5468	1
4936	5374	1
4579	423	1
4953	5164	1
993	4579	1
9956	4087	1
4241	5068	1
5733	5266	1
3939	1935	1
5904	5374	1
3950	355	1
7744	6389	1
7781	5068	1
10531	5411	1
9669	6299	1
976	616	1
4579	993	1
301	2126	1
9066	9498	1
976	1935	1
10232	186	1
1462	3376	1
976	5280	1
9131	7804	1
9600	4281	1
6923	8425	1
3043	5481	1
10430	2077	1
6373	6299	1
6299	6382	1
5125	3978	1
1392	1617	1
2147	5024	1
3668	6306	1
5266	5733	1
2018	252	1
1462	585	1
4326	10207	1
1323	6155	1
5543	4612	1
476	3792	1
1840	9133	1
9488	9487	1
172	172	1
5928	3451	1
6637	4444	1
5191	5026	1
10232	3487	1
3595	585	1
7085	7448	1
5043	6136	1
1380	996	1
10506	9962	1
10330	4632	1
6174	1108	1
8587	8195	1
5043	2532	1
5547	6299	1
4216	4215	1
10532	10533	1
5488	10188	1
8734	1030	1
56	9534	1
3392	3561	1
317	7785	1
5164	4953	1
8983	10112	1
6450	6481	1
7469	9178	1
7349	5295	1
472	473	1
10411	8071	1
5374	4936	1
5043	5353	1
10520	8064	1
2348	2349	1
6104	10478	1
5043	3366	1
5191	3366	1
2336	4686	1
9605	5684	1
2699	4293	1
5750	3366	1
9178	9198	1
10534	10535	1
2077	2083	1
2743	3840	1
7088	1656	1
1462	419	1
5981	1910	1
7785	317	1
9365	9883	1
10464	4939	1
1953	7800	1
1366	953	1
9962	10506	1
1933	1266	1
8191	8950	1
5043	5681	1
5650	8243	1
5813	1163	1
8358	4380	1
5191	4857	1
5715	5711	1
8608	6387	1
7933	5711	1
9452	7117	1
5043	8287	1
10536	8421	1
6441	10537	1
6387	8608	1
1656	7088	1
4113	10506	1
2018	2019	1
4884	4457	1
2106	6997	1
4810	9223	1
5316	9122	1
8549	9122	1
4355	2383	1
1524	8608	1
4422	976	1
6564	9251	1
1166	976	1
7484	976	1
10538	7334	1
2019	2018	1
9834	7028	1
1935	976	1
868	5346	1
5280	976	1
8950	8191	1
5346	4857	1
6727	6040	1
7348	7348	1
10466	86	1
252	2018	1
4234	2446	1
6345	3332	1
172	150	1
7741	7031	1
5346	868	1
7335	9037	1
2501	2018	1
6285	3480	1
1038	95	1
2804	1135	1
5043	3855	1
4755	2446	1
6489	3855	1
5907	5463	1
3760	3971	1
5880	8609	1
5043	5387	1
5191	5387	1
5043	3931	1
10285	5598	1
9754	9474	1
8609	8160	1
5043	6361	1
8333	8676	1
5191	6361	1
7916	5691	1
10023	10023	1
1462	1378	1
3989	10450	1
6270	5043	1
6481	6450	1
8160	8609	1
3447	4233	1
9251	6564	1
10112	8983	1
2735	2768	1
10121	8160	1
5701	5701	1
6844	6844	1
5068	7158	1
1462	1110	1
10471	6687	1
2193	2349	1
150	172	1
5693	2768	1
6220	2768	1
5598	10285	1
1050	1175	1
437	861	1
6136	5043	1
2532	5043	1
6654	2349	1
10539	10540	1
5043	5519	1
7022	10401	1
5353	5043	1
872	9207	1
3366	5043	1
9883	9365	1
5681	5043	1
6959	10401	1
7423	9365	1
8704	9410	1
10363	9207	1
8287	5043	1
5922	5	1
6027	10401	1
7274	6564	1
4864	9940	1
5043	4070	1
905	861	1
2646	3723	1
9207	872	1
5043	7780	1
1179	1810	1
9940	4864	1
4807	4763	1
2148	6164	1
3000	6716	1
1462	2492	1
5773	9733	1
5411	10531	1
4064	2595	1
1055	6739	1
7502	3380	1
1305	3527	1
2086	2085	1
8377	2085	1
4019	10496	1
6454	5446	1
2018	1620	1
3908	3907	1
10284	6286	1
10459	5888	1
2572	3401	1
6286	10284	1
10541	1810	1
2119	2028	1
2446	4755	1
8141	4755	1
1135	2804	1
3383	3383	1
1302	1624	1
7318	7319	1
10536	10227	1
5876	8843	1
8843	5876	1
4034	6445	1
1900	8222	1
9899	1810	1
2479	3542	1
5628	2109	1
7800	1953	1
6365	8222	1
7323	6146	1
6591	8093	1
5195	5196	1
7291	5773	1
2299	8508	1
10363	9790	1
4528	1231	1
10542	9790	1
9973	10043	1
7308	6700	1
6119	5294	1
7162	6033	1
7083	4726	1
2768	3618	1
6259	2381	1
1810	10541	1
7334	10538	1
2655	9144	1
3405	5294	1
9050	5697	1
9605	9881	1
9871	5598	1
8222	6365	1
1837	2718	1
5043	4084	1
5191	4084	1
1462	5187	1
8243	5650	1
395	1338	1
10543	10544	1
9067	10507	1
9009	8153	1
9695	9807	1
932	1757	1
2317	4178	1
5206	5191	1
6270	5191	1
8420	6243	1
6243	8420	1
10544	10544	1
2595	4064	1
5026	5191	1
3855	5043	1
3404	10507	1
3366	5191	1
10464	5234	1
976	2016	1
8222	1900	1
5519	5043	1
3575	702	1
10545	9300	1
4084	5191	1
1529	2245	1
8469	1229	1
3545	2914	1
5043	5191	1
1462	2478	1
10389	6564	1
4084	5043	1
2941	3912	1
5602	1229	1
1734	10486	1
6625	9586	1
4763	4807	1
9274	9263	1
10546	7741	1
9550	4580	1
10043	9973	1
1163	5813	1
1669	3002	1
5482	9966	1
4580	9550	1
5191	7801	1
3366	5750	1
3512	4577	1
7486	7448	1
5191	7800	1
2183	4369	1
5202	8975	1
5043	5750	1
8071	6057	1
6164	2148	1
7804	9131	1
7028	9834	1
9037	7335	1
1810	4147	1
4178	2317	1
1462	2649	1
4447	8365	1
5750	5043	1
10494	3011	1
5191	5043	1
10547	6123	1
5642	3561	1
4504	4122	1
4577	3512	1
8153	9009	1
2381	6259	1
6270	8781	1
4376	2641	1
10259	9009	1
2085	8377	1
6739	1055	1
10363	7119	1
6734	6409	1
10544	10543	1
8609	5880	1
9966	5482	1
2018	797	1
5689	4905	1
2203	4206	1
4217	4765	1
2669	3240	1
2842	1630	1
976	819	1
4586	5490	1
5282	7128	1
5043	6372	1
9791	8803	1
8803	9791	1
5180	5181	1
6245	8183	1
3240	3674	1
8339	7119	1
6372	5043	1
1742	2083	1
4662	9375	1
10548	10549	1
3240	7866	1
5043	4430	1
7866	3240	1
8196	7503	1
2545	2978	1
647	5783	1
6237	4947	1
7801	5191	1
239	438	1
5191	6372	1
3212	2978	1
6837	10506	1
6372	5191	1
301	9187	1
4905	5689	1
1462	2427	1
9084	9084	1
10506	6837	1
