2963	7382	1
16	1254	1
6281	1855	1
1265	9389	1
7805	9538	1
1854	3450	1
6788	2343	1
1567	9389	1
3217	3217	1
3855	3824	1
9753	8283	1
3480	10120	1
4328	5902	1
5564	6233	1
10355	2184	1
2422	5185	1
6112	4779	1
5197	4333	1
1380	996	1
5942	4333	1
5217	8555	1
7452	7369	1
3426	1935	1
4418	3230	1
1219	1687	1
6233	5564	1
4336	4335	1
6642	6643	1
2850	399	1
5859	4333	1
705	2725	1
1087	864	1
10411	5959	1
10448	10324	1
3042	4898	1
8555	5217	1
6532	7535	1
8546	5224	1
7916	5027	1
5234	5027	1
9178	7469	1
8071	6784	1
10399	9079	1
5027	7916	1
5266	1619	1
1619	5266	1
6251	10327	1
4611	1791	1
5553	4328	1
2543	4333	1
4288	1791	1
4905	5411	1
4135	5904	1
3850	4333	1
2198	6127	1
7082	6127	1
6635	6279	1
7502	3380	1
5027	5234	1
6452	6637	1
4444	6637	1
9276	10351	1
6729	7128	1
4087	2715	1
8283	9753	1
319	1358	1
5880	5981	1
6719	514	1
10308	5490	1
4172	1897	1
395	205	1
1506	4788	1
10121	6730	1
10260	10440	1
10449	8196	1
5200	642	1
6409	7552	1
4192	28	1
10232	3487	1
9134	9135	1
10450	3989	1
4266	8878	1
9008	5849	1
6637	9300	1
4328	5553	1
6112	9314	1
3616	1935	1
8609	3965	1
6413	1457	1
6299	9669	1
10347	5509	1
7873	1810	1
6299	7698	1
10440	10451	1
10317	4981	1
3722	2718	1
9135	8291	1
996	8291	1
3366	7337	1
4241	10452	1
8903	1238	1
3348	4601	1
8263	4601	1
2229	816	1
301	302	1
5787	8177	1
5282	3082	1
9210	6929	1
10145	987	1
4014	5757	1
2085	8377	1
10437	5635	1
10453	2203	1
2203	2203	1
3583	2203	1
6299	7974	1
10454	10455	1
10456	10456	1
1599	1599	1
937	2212	1
9013	10442	1
10442	9013	1
1666	3723	1
303	2666	1
2715	4087	1
6635	5355	1
9330	7965	1
2450	1592	1
7062	4931	1
10451	10440	1
3214	4753	1
395	1338	1
5981	5880	1
3824	2454	1
9268	9208	1
6637	4444	1
5156	3581	1
4036	8738	1
887	4637	1
7223	1163	1
6023	6264	1
4788	1506	1
10457	8696	1
2901	8696	1
5200	375	1
1484	5642	1
3824	3855	1
5	27	1
8704	2979	1
6719	3795	1
705	3070	1
2422	3855	1
3230	4418	1
1725	84	1
8377	2085	1
6264	6023	1
8696	2901	1
10121	5301	1
5515	3825	1
7083	5753	1
2725	705	1
5390	10171	1
8803	9038	1
5200	3470	1
2416	3096	1
5904	5374	1
1781	4199	1
2646	6507	1
7083	5374	1
6287	10108	1
10130	8975	1
9452	6911	1
3981	926	1
7080	5429	1
6268	3298	1
4252	6085	1
6860	2343	1
21	388	1
4173	705	1
4647	8967	1
5200	10425	1
5	5145	1
28	4555	1
10458	8313	1
5091	2210	1
3042	2210	1
1506	4735	1
9038	8803	1
7407	5240	1
8923	8737	1
614	210	1
8609	8885	1
3839	1412	1
10280	10280	1
6467	5796	1
3233	4432	1
6119	6615	1
1338	1523	1
9452	5888	1
7235	7223	1
1599	70	1
4266	4092	1
1508	5233	1
10459	5888	1
9062	1523	1
1163	7223	1
5822	6329	1
5135	7856	1
1005	5160	1
6730	10121	1
399	2850	1
7856	5135	1
84	1725	1
5301	10121	1
9067	6198	1
10121	8160	1
10273	7211	1
9850	6646	1
10460	10451	1
8160	10121	1
3662	4221	1
5374	7083	1
705	4173	1
2017	824	1
5720	5718	1
10413	10121	1
4388	9209	1
5091	424	1
5160	1005	1
2390	10121	1
1611	5415	1
9709	7796	1
1146	4794	1
1859	896	1
3042	5804	1
70	1599	1
5773	9733	1
10252	9554	1
6413	7736	1
10171	5390	1
10285	7736	1
1163	3030	1
6017	6456	1
5319	5971	1
1069	3103	1
8885	8609	1
1611	896	1
6649	10275	1
1523	1338	1
7929	3078	1
5353	8609	1
1397	243	1
9733	5773	1
3248	3078	1
5449	8990	1
10461	9992	1
9188	7114	1
2106	9488	1
8609	5353	1
2666	4025	1
1476	6000	1
9956	4087	1
6456	6017	1
5718	5720	1
8139	8139	1
10462	10462	1
9876	6836	1
5990	2813	1
6115	8650	1
4084	5100	1
824	2017	1
7158	8246	1
1301	2190	1
3030	1163	1
4077	1428	1
4988	2423	1
987	10145	1
564	4119	1
3233	951	1
10412	5100	1
4864	4863	1
3950	4408	1
2673	4167	1
4547	2260	1
5770	5771	1
1011	1012	1
7813	5693	1
6613	7082	1
29	424	1
5897	6506	1
2147	5024	1
1110	2441	1
10463	9076	1
7308	6127	1
10464	2343	1
5301	10313	1
1840	9133	1
6415	2455	1
7114	9188	1
4922	10109	1
9697	1231	1
4528	1231	1
9314	6112	1
10108	6287	1
2521	2521	1
6127	7308	1
243	1397	1
4408	3950	1
140	1204	1
1301	3125	1
1484	2973	1
2130	503	1
8021	3575	1
10096	6952	1
5922	5	1
10121	6104	1
6321	6299	1
3233	901	1
1231	4528	1
5200	901	1
1439	5355	1
10413	6730	1
2170	990	1
5197	6344	1
402	5690	1
1840	8721	1
6575	6299	1
2725	5881	1
8347	10465	1
7533	6299	1
10466	86	1
7974	6299	1
10467	1816	1
7698	6299	1
9669	6299	1
6287	6344	1
1816	10467	1
8377	6299	1
3315	5683	1
5437	1810	1
10468	5065	1
382	2190	1
7223	7235	1
3444	3323	1
1489	1002	1
303	3865	1
2086	4555	1
5234	4939	1
3323	3444	1
10206	6846	1
5374	5904	1
5269	4521	1
7386	1742	1
2265	5518	1
880	6754	1
6218	10347	1
3161	395	1
10368	6783	1
4415	395	1
1179	8283	1
1592	2450	1
8283	1179	1
7319	7318	1
1224	5742	1
10121	2390	1
1110	3707	1
3042	92	1
3950	355	1
5552	6403	1
6007	380	1
2769	2718	1
355	3950	1
8878	4266	1
1163	2914	1
4092	4266	1
8049	10347	1
3604	1964	1
1935	3426	1
4626	1631	1
5928	3451	1
1360	3865	1
3347	2873	1
9226	4603	1
8153	8152	1
9251	10389	1
222	2190	1
5100	4732	1
4726	6783	1
4359	4916	1
9402	5888	1
6270	7801	1
1762	2552	1
4977	4431	1
4939	5234	1
564	2169	1
10327	6251	1
872	9207	1
1050	1175	1
428	1175	1
8704	9410	1
5518	2265	1
4355	2383	1
7789	7789	1
3079	6365	1
10414	6333	1
6454	4769	1
10440	10260	1
89	428	1
8650	6115	1
1997	3642	1
439	679	1
1997	4663	1
1504	8781	1
4175	9300	1
10469	10469	1
1797	3476	1
6730	10413	1
1484	5137	1
8830	3853	1
6846	10206	1
7595	7592	1
5411	5520	1
5973	5973	1
6108	7810	1
2423	7810	1
7235	75	1
4360	6112	1
3865	1360	1
4778	6112	1
5424	6104	1
9402	6112	1
6165	8962	1
6783	10368	1
303	352	1
7318	7319	1
7859	6112	1
10266	9152	1
3347	8141	1
6119	5294	1
3405	5294	1
6299	8377	1
1314	9980	1
8333	8676	1
1002	1489	1
4974	2634	1
10313	5301	1
585	3287	1
9410	8704	1
2894	2634	1
8358	8358	1
7810	2423	1
9669	4385	1
3514	7561	1
2423	6372	1
3351	3351	1
4199	1781	1
6372	2423	1
6287	6103	1
6580	4634	1
1810	5437	1
4333	5859	1
2736	2737	1
10470	6615	1
4251	3944	1
3042	2247	1
3042	7114	1
4087	9956	1
9374	9375	1
7736	6413	1
75	7235	1
8492	4445	1
1185	2718	1
6149	1886	1
6112	7859	1
3567	10293	1
4020	4027	1
3476	1797	1
4176	5100	1
4333	4915	1
6104	8609	1
8840	4555	1
2037	6523	1
9009	8152	1
4346	2019	1
6687	10471	1
8962	6165	1
7235	4555	1
2019	4346	1
9992	10461	1
7469	9178	1
9087	9653	1
4975	7849	1
10472	10472	1
4012	7083	1
8152	9009	1
6628	3450	1
8216	8935	1
6532	7334	1
4677	1030	1
5282	5902	1
7674	8921	1
1837	2718	1
3450	6246	1
8942	8942	1
6783	4726	1
5602	1229	1
623	5013	1
8261	8668	1
4176	4193	1
3217	5187	1
395	4415	1
2588	8668	1
4802	6365	1
4427	4428	1
10473	2914	1
5443	7535	1
9578	8430	1
9381	7535	1
8430	8430	1
7448	7085	1
4428	4427	1
4431	4977	1
8013	8013	1
10295	10295	1
3233	2799	1
9226	5388	1
5943	4948	1
3125	1301	1
7916	5691	1
5100	4084	1
1631	4626	1
6265	7026	1
6112	4360	1
7810	6108	1
3450	3820	1
10474	10437	1
8975	5202	1
3820	3450	1
7624	9373	1
