4377	2076	1
1103	6927	1
5411	1740	1
3818	2019	1
10376	3923	1
6107	4021	1
10345	6552	1
5468	5926	1
1535	2316	1
2316	1535	1
3404	8049	1
17	9209	1
4033	8025	1
9994	9846	1
1666	3943	1
2801	2609	1
5297	5774	1
3009	9736	1
4032	9460	1
2543	4747	1
9207	2712	1
4036	4207	1
7120	7491	1
2646	3949	1
717	9736	1
1666	3949	1
3753	6649	1
98	7480	1
6649	3753	1
9997	6113	1
9346	9346	1
9994	2454	1
5818	5110	1
5796	9158	1
3812	9736	1
6245	6279	1
10358	7854	1
5783	4695	1
6552	10345	1
2270	173	1
9158	5796	1
1096	425	1
3079	9735	1
6489	5952	1
9263	8037	1
3366	3855	1
4253	4253	1
2646	5240	1
9045	7736	1
2646	3216	1
3041	5240	1
6113	5758	1
9087	5642	1
10308	10308	1
3797	6478	1
6380	6234	1
3469	3470	1
8676	10250	1
7916	5691	1
5263	8897	1
8333	10250	1
1231	1064	1
481	588	1
6372	6270	1
4216	4215	1
6185	5047	1
5758	6113	1
2646	4248	1
1523	1117	1
964	1461	1
8018	4980	1
7205	4980	1
6637	4444	1
4695	5783	1
10330	7204	1
4287	2390	1
2076	4377	1
3626	6784	1
1456	3723	1
4333	5197	1
10331	10331	1
9742	8366	1
2609	2801	1
8711	4801	1
10313	8197	1
9084	9084	1
7613	9049	1
10083	6622	1
7552	6409	1
8897	5263	1
2997	3561	1
1321	1869	1
1456	6352	1
329	6520	1
4333	5942	1
1338	1523	1
7956	8903	1
5281	6103	1
4989	4626	1
1631	4626	1
4970	4626	1
5027	5234	1
2316	4626	1
2253	1838	1
5897	5898	1
1509	6103	1
4778	7337	1
4215	4216	1
6816	7223	1
4006	5723	1
1740	3674	1
5045	10244	1
3923	10376	1
98	1426	1
9084	7042	1
4406	3824	1
6317	3880	1
4406	304	1
5533	304	1
4033	4033	1
8544	4281	1
2229	816	1
5732	1972	1
922	1872	1
2552	1437	1
9717	2813	1
10377	7708	1
5234	5027	1
3795	5347	1
7470	625	1
6382	4753	1
9735	3079	1
2813	5990	1
4672	4672	1
7223	6816	1
1231	8204	1
5990	2813	1
1087	864	1
768	1146	1
2901	8562	1
4794	1146	1
7334	7535	1
768	768	1
1146	768	1
3855	2422	1
5904	5374	1
1321	2901	1
2422	3855	1
10378	10378	1
8562	2901	1
6243	10024	1
4954	5542	1
3379	1753	1
271	328	1
7311	8977	1
3237	422	1
6382	7089	1
2901	4815	1
2253	2265	1
1321	7058	1
328	271	1
2901	10379	1
768	158	1
2741	2694	1
887	3507	1
8222	6365	1
7708	10377	1
3695	5712	1
6382	835	1
564	4576	1
6122	6122	1
2901	10380	1
2873	6321	1
5296	1517	1
3921	1517	1
2588	3844	1
1321	1381	1
9736	3812	1
4406	4920	1
1407	10355	1
7570	10208	1
10096	6952	1
3826	3066	1
2276	2673	1
7442	7443	1
5390	10208	1
10228	6056	1
1517	5296	1
1481	4515	1
5443	7535	1
2901	1736	1
4657	4561	1
334	3826	1
5729	8153	1
2901	721	1
2917	8203	1
9425	6853	1
3066	3826	1
6382	6321	1
9234	2107	1
6382	8233	1
10206	5481	1
9949	6433	1
2180	3136	1
6540	7598	1
8544	4976	1
7532	7598	1
6190	6810	1
9595	10381	1
1020	1020	1
9583	9582	1
5628	294	1
9209	17	1
9237	2439	1
6622	10083	1
7473	494	1
5358	5402	1
5509	10347	1
6989	2349	1
5154	4888	1
2482	2492	1
8397	4208	1
6658	5974	1
10382	4280	1
93	4259	1
10383	3119	1
9041	3078	1
6111	7048	1
2414	2371	1
3136	2180	1
6900	3989	1
6382	8409	1
1535	2185	1
7780	5424	1
8313	5521	1
2901	4917	1
632	1862	1
2482	2915	1
6104	2379	1
1456	7764	1
10384	10384	1
622	10266	1
294	5628	1
6826	3471	1
9883	5090	1
173	2270	1
6772	3013	1
2901	2610	1
3296	222	1
4983	4561	1
2399	5750	1
6111	3978	1
2699	4287	1
9402	5888	1
5750	2399	1
1481	5087	1
3647	5888	1
8944	3994	1
1930	2022	1
2901	371	1
4869	6424	1
1321	2623	1
4485	5877	1
8656	6775	1
3825	426	1
5281	6344	1
9990	2686	1
9193	10094	1
883	883	1
5573	4612	1
1854	2686	1
5545	1886	1
4069	7969	1
4888	5154	1
3399	4689	1
2180	1624	1
2467	332	1
7470	764	1
717	3009	1
2564	5855	1
7082	6127	1
2198	6127	1
4828	855	1
7205	2958	1
530	4159	1
6514	2877	1
3119	10383	1
9152	10266	1
10266	9152	1
3669	5715	1
3753	3893	1
2654	4921	1
8595	8286	1
6111	5567	1
1008	9835	1
2958	7205	1
2065	226	1
9234	9835	1
5870	6499	1
4343	3670	1
5402	5358	1
3547	1996	1
4301	6066	1
1432	2084	1
2185	1482	1
2482	2651	1
6365	8222	1
7060	8820	1
4708	8222	1
6301	4217	1
1897	8222	1
4765	4217	1
9623	7308	1
6167	7308	1
2484	7308	1
3009	7308	1
5567	6111	1
10385	10385	1
370	145	1
3978	6111	1
5942	5859	1
4333	5859	1
3753	7033	1
2901	1124	1
3855	3366	1
8903	7956	1
1113	1114	1
2137	1926	1
821	5659	1
6382	6479	1
4586	5490	1
5715	3669	1
4657	5711	1
2665	4654	1
4890	4899	1
6642	4426	1
5719	5719	1
5853	18	1
9736	717	1
1548	9331	1
2901	3462	1
10386	10386	1
1321	1321	1
5711	4657	1
5490	4586	1
4328	5902	1
9331	1548	1
6922	5861	1
6127	2198	1
2901	7492	1
5553	5902	1
1456	3949	1
5542	4954	1
3881	7481	1
5755	5902	1
10319	7481	1
625	5755	1
10319	10173	1
996	1380	1
8586	1380	1
8541	7535	1
6382	5281	1
8475	8479	1
5381	10387	1
5481	3043	1
4240	3788	1
10182	1105	1
2491	2490	1
8544	4282	1
8025	8024	1
7407	9559	1
3243	7775	1
5861	6922	1
1064	1231	1
8943	2284	1
6122	4300	1
4300	6122	1
4977	5511	1
5737	8095	1
4626	2316	1
2253	3765	1
1013	6456	1
768	1703	1
1231	6544	1
5424	7780	1
3894	698	1
3787	6333	1
1321	4813	1
3844	2588	1
3950	4408	1
4723	3017	1
2572	3401	1
4333	4915	1
6382	4930	1
3943	6107	1
4485	5939	1
1117	1523	1
271	272	1
6382	6299	1
10388	10388	1
6146	6649	1
2482	6299	1
328	272	1
4358	3747	1
6613	2198	1
1456	2646	1
4408	3950	1
194	1523	1
1321	4169	1
3722	3232	1
2019	3232	1
425	1096	1
7082	2198	1
6039	6351	1
3937	3634	1
4812	4832	1
9842	1936	1
4622	5246	1
4983	4763	1
1456	1456	1
1231	4528	1
907	9498	1
4586	10065	1
4133	3637	1
6178	9807	1
768	1784	1
2253	1264	1
3152	4547	1
98	3124	1
5511	4977	1
768	4312	1
7841	6295	1
3452	3037	1
1456	1469	1
48	1135	1
7861	5600	1
842	1135	1
2897	2380	1
4727	8160	1
1321	9413	1
8862	8863	1
10389	9251	1
10390	9438	1
3816	2623	1
3023	3024	1
9357	2096	1
1800	5708	1
7982	7982	1
3965	8609	1
4981	5882	1
1936	9842	1
59	10391	1
2214	5446	1
4679	3051	1
5039	5039	1
4009	4010	1
3037	3452	1
3024	3023	1
6869	9790	1
3676	4769	1
9852	10277	1
5047	9356	1
2180	2363	1
8671	10385	1
5411	5516	1
7974	5227	1
2482	2922	1
7429	7319	1
4689	3399	1
10323	5517	1
98	17	1
7318	7319	1
9834	7028	1
10392	10392	1
6270	6372	1
1800	3714	1
6382	7205	1
627	8333	1
334	3482	1
10264	10393	1
8962	6165	1
4346	2019	1
5227	7974	1
2937	9595	1
5516	5411	1
8333	627	1
1702	6752	1
395	3996	1
3560	2907	1
5791	3743	1
10065	4586	1
5650	8243	1
9356	5047	1
1231	2735	1
1231	3136	1
4406	9480	1
1231	9697	1
7407	7407	1
6211	2735	1
1069	3103	1
4763	4983	1
9093	5430	1
2897	493	1
9581	6094	1
5518	2265	1
4343	3105	1
4801	8711	1
3450	6700	1
4345	4602	1
5742	8711	1
4333	3850	1
5565	3559	1
2148	6164	1
10394	6731	1
5657	7423	1
3427	3105	1
8789	5799	1
7308	4250	1
8711	5742	1
3324	4170	1
4064	4159	1
5981	6155	1
2494	2493	1
5745	1506	1
3095	2517	1
8286	8595	1
6165	8962	1
5445	5088	1
3695	2109	1
790	790	1
998	2865	1
1380	996	1
1361	1360	1
6382	6373	1
6197	6198	1
9251	10389	1
8222	1897	1
5870	5735	1
2380	2897	1
546	2451	1
824	2017	1
2911	2085	1
944	3017	1
4832	4812	1
2451	546	1
6351	6039	1
10352	9997	1
7145	7780	1
3413	1506	1
6107	3943	1
4602	4345	1
7444	7786	1
5318	7786	1
4571	4488	1
1456	3943	1
1108	3645	1
4965	2260	1
2031	2668	1
4726	4816	1
3559	5565	1
7223	7235	1
5377	8049	1
9733	7780	1
2019	4346	1
7786	5318	1
334	3497	1
8288	8289	1
6409	5423	1
5423	6409	1
7260	515	1
5047	6185	1
6960	7780	1
5671	9136	1
10266	622	1
10366	8289	1
1163	3029	1
5577	5100	1
6198	6197	1
10395	2537	1
4421	6495	1
2935	998	1
5799	8789	1
2901	5013	1
614	210	1
3645	1108	1
5581	3138	1
5943	4948	1
3324	3839	1
3138	5581	1
6056	6057	1
3994	8944	1
5100	5577	1
3017	4723	1
3763	3020	1
7319	7318	1
4547	2260	1
9883	9365	1
7711	9154	1
2897	7876	1
10008	3296	1
786	785	1
238	3239	1
1618	8173	1
5443	9381	1
8621	8621	1
9381	5443	1
3105	4343	1
3670	4343	1
2865	998	1
3881	7854	1
4036	5248	1
3743	5791	1
8830	7854	1
