3623	3307	1
7360	9099	1
89	2012	1
4504	5582	1
6837	10506	1
10308	5490	1
10330	4632	1
5354	4074	1
4135	5904	1
2018	4112	1
1884	7060	1
5650	8243	1
7060	1884	1
9807	9695	1
7128	10491	1
5711	5715	1
1055	6739	1
5904	4135	1
8901	7528	1
5440	8377	1
5234	10464	1
5043	7901	1
2478	10266	1
9605	5948	1
2737	2736	1
868	5346	1
4370	243	1
4939	10464	1
7741	5800	1
976	1402	1
8339	7119	1
3174	918	1
4147	5602	1
7969	5365	1
1666	3943	1
1229	5602	1
6372	6361	1
8639	10259	1
1030	4677	1
9099	7360	1
5346	868	1
10284	6286	1
3000	9468	1
3825	5515	1
5043	7318	1
4217	2211	1
7319	7318	1
2565	8548	1
2569	7673	1
4167	10550	1
2952	821	1
5515	3825	1
10551	10551	1
7817	4524	1
1087	864	1
10550	4167	1
3669	6505	1
4521	1408	1
3240	7866	1
9198	9178	1
3618	2768	1
6127	6702	1
2736	2737	1
861	437	1
10530	4755	1
2882	4755	1
8243	5650	1
10552	4496	1
9365	7423	1
7407	5240	1
5773	7291	1
9009	7230	1
922	6299	1
3849	5366	1
9178	9198	1
5013	4963	1
10537	6441	1
6370	9105	1
2807	4674	1
3447	4233	1
555	10553	1
4674	2807	1
10164	3568	1
16	2201	1
7247	5299	1
5932	9727	1
9988	9988	1
5366	3849	1
4828	855	1
6286	10284	1
996	1380	1
1810	1179	1
9863	5326	1
6110	7079	1
6299	9669	1
8283	1179	1
3287	7079	1
5715	4983	1
9651	9651	1
8971	8366	1
8377	5440	1
9669	6299	1
4742	5271	1
9742	8366	1
10254	5440	1
8071	6784	1
6642	6643	1
3754	6721	1
5852	6306	1
4453	6468	1
4662	6081	1
8983	10112	1
5402	6721	1
6844	6758	1
9662	6721	1
2997	3561	1
5642	3561	1
6300	5386	1
6922	5861	1
4369	2183	1
4528	2735	1
5490	10308	1
4281	9600	1
2196	6351	1
4457	4884	1
1630	2842	1
5861	6922	1
4336	4335	1
7631	3539	1
8978	10518	1
10531	5411	1
6395	8162	1
7595	7595	1
4430	5043	1
7901	5043	1
7318	5043	1
6033	7162	1
3512	4577	1
241	2879	1
6702	6127	1
5689	4668	1
5607	5043	1
3413	4788	1
1258	835	1
1925	6507	1
2198	6127	1
6127	2198	1
10205	10314	1
4577	3512	1
5847	5022	1
4677	1030	1
10542	9410	1
5386	6300	1
8716	8696	1
647	5783	1
9013	10442	1
5796	3626	1
3626	5796	1
5640	6034	1
6127	7308	1
624	5610	1
8295	8295	1
4863	4864	1
3804	1879	1
7308	6127	1
1132	4196	1
10227	10021	1
1062	5879	1
6758	6844	1
4482	6460	1
5485	9133	1
2386	6673	1
601	9980	1
1039	5533	1
10554	10551	1
702	3575	1
5598	10285	1
2641	4376	1
1184	387	1
10555	10555	1
7673	2569	1
7599	121	1
2601	2602	1
71	70	1
5122	676	1
3356	8156	1
5607	5874	1
2653	3493	1
5481	3043	1
4112	2018	1
4573	8125	1
3043	5481	1
7741	10546	1
797	2018	1
5610	624	1
2737	7496	1
1620	2018	1
2689	2689	1
4368	3493	1
6673	2386	1
8728	8729	1
1586	3493	1
1175	1647	1
10314	10205	1
423	420	1
8008	9488	1
8004	490	1
423	2420	1
2792	1615	1
4345	4822	1
4345	4346	1
1220	985	1
2166	8315	1
1179	8283	1
423	2492	1
1523	9062	1
5131	1664	1
4336	2165	1
1258	3068	1
3458	4045	1
6300	3068	1
423	2651	1
4274	4256	1
5634	7885	1
423	1517	1
1561	2616	1
70	71	1
3068	6300	1
676	5122	1
2662	752	1
9876	6836	1
4577	9527	1
3838	3837	1
3478	770	1
10330	7204	1
5411	10531	1
5845	7331	1
8609	5880	1
6127	9947	1
4965	3674	1
1289	1254	1
423	8181	1
5383	4899	1
2488	8181	1
6845	8410	1
7103	4184	1
6364	5520	1
10266	2478	1
1032	10205	1
6300	7484	1
8425	6923	1
10556	10556	1
5676	4464	1
4448	2209	1
6034	5640	1
10518	8978	1
9178	7469	1
2879	241	1
10536	1729	1
7469	9178	1
2193	3139	1
4707	4706	1
5775	887	1
2544	2541	1
7331	5845	1
9311	5778	1
1406	1294	1
95	5571	1
7501	5229	1
8339	3998	1
1179	1810	1
627	3603	1
3458	1762	1
878	3056	1
7003	9428	1
7291	5773	1
8250	3185	1
423	2163	1
7660	816	1
986	7029	1
71	6380	1
4045	3458	1
9863	5830	1
1762	3458	1
879	3056	1
6300	6433	1
5773	7672	1
6300	3450	1
1599	2562	1
9359	9360	1
7476	6364	1
7915	6997	1
2797	216	1
7883	6364	1
2282	2282	1
9826	6364	1
3978	5125	1
1837	2712	1
423	7089	1
6300	7089	1
5642	7228	1
6481	28	1
4573	616	1
5868	7553	1
9704	145	1
7247	2157	1
4444	6637	1
9300	6637	1
6146	7323	1
9062	1523	1
1258	5481	1
7654	4317	1
6300	5481	1
3555	5090	1
1599	6213	1
523	937	1
3613	762	1
9438	10390	1
2544	1508	1
8935	8216	1
6213	1599	1
6430	2460	1
1926	1926	1
1813	6134	1
8162	6395	1
10262	9944	1
7496	2737	1
4810	5314	1
3559	3745	1
71	1142	1
10021	5658	1
8901	1714	1
6081	6922	1
71	9156	1
6395	3078	1
7952	6193	1
10188	5488	1
5954	5954	1
5346	2371	1
1231	4528	1
2735	4528	1
6852	328	1
5287	5468	1
6922	6081	1
7654	5688	1
4742	8037	1
6775	8656	1
8037	4742	1
387	1184	1
10494	3011	1
3049	2371	1
638	10396	1
4343	4344	1
1258	2686	1
2270	173	1
6300	5411	1
7712	10044	1
774	5884	1
10191	4198	1
8609	5461	1
1314	9980	1
317	1738	1
2276	70	1
4345	1998	1
5497	5498	1
9669	6506	1
4796	173	1
4346	4345	1
6703	4672	1
3559	5565	1
4434	6913	1
4936	1483	1
1517	6506	1
3450	3088	1
5689	5613	1
2544	1720	1
7726	5613	1
4434	4217	1
7952	8820	1
5125	3978	1
7308	5935	1
4689	5228	1
2211	4217	1
3176	847	1
1258	760	1
9451	6506	1
10518	10518	1
1757	932	1
9446	9447	1
9359	6506	1
7446	6506	1
1749	1750	1
9360	9359	1
6506	9359	1
10557	6299	1
10401	7022	1
10558	6299	1
3722	3397	1
2623	6299	1
5	27	1
173	4796	1
3323	1669	1
5835	1617	1
6299	2623	1
3056	879	1
1258	1002	1
7604	10145	1
4344	4343	1
9410	10145	1
6300	5047	1
3002	1669	1
3739	1620	1
3184	3185	1
838	33	1
3056	878	1
4345	2951	1
1620	3739	1
3240	2669	1
4790	2369	1
10559	10559	1
4355	2383	1
4345	1565	1
7881	7882	1
803	2276	1
3458	3616	1
70	2276	1
5821	5820	1
8525	8526	1
173	2270	1
10145	7604	1
8216	8935	1
5981	1910	1
7228	5642	1
4345	6559	1
1258	2935	1
2276	10484	1
1280	2276	1
4345	5244	1
9863	5888	1
5582	4504	1
423	2465	1
1280	1625	1
8024	9687	1
6299	922	1
4748	9537	1
7785	317	1
7260	515	1
121	7599	1
10411	5089	1
5981	6155	1
10560	5932	1
614	210	1
10561	5089	1
5820	5821	1
6134	1813	1
6667	6813	1
6637	4444	1
420	423	1
4199	3769	1
9834	7028	1
2420	423	1
6300	3020	1
2924	4806	1
2084	4696	1
423	3020	1
10363	9790	1
328	6852	1
3507	887	1
4084	4047	1
140	1204	1
10562	4258	1
1432	4696	1
9791	3046	1
5543	5523	1
9524	6079	1
10145	987	1
1625	1280	1
5806	6506	1
2276	1280	1
9550	4580	1
3950	4409	1
3743	5791	1
2651	423	1
40	1208	1
3451	5928	1
3738	5128	1
4583	4582	1
6997	2106	1
6649	6146	1
5089	10561	1
5613	5689	1
8160	10121	1
8156	3356	1
8377	2085	1
887	3507	1
5880	8609	1
1517	423	1
7553	5868	1
5461	8609	1
5169	6152	1
987	10145	1
10563	10563	1
8696	8716	1
5488	10188	1
7780	6810	1
6810	7780	1
1586	4349	1
5791	3743	1
3998	8339	1
7309	6869	1
9489	10359	1
5607	3795	1
4808	4807	1
2163	423	1
9447	9446	1
7089	423	1
10145	9790	1
3616	3458	1
10493	10493	1
2465	423	1
9863	8803	1
7595	7592	1
6146	6649	1
5455	9896	1
3020	423	1
5613	7726	1
10564	10564	1
28	3775	1
803	4537	1
4345	7810	1
4345	6282	1
6506	9669	1
2804	1135	1
10565	10565	1
27	5	1
6081	4662	1
5446	6454	1
9375	4662	1
5321	3499	1
7018	7018	1
7008	5258	1
3743	3499	1
3699	447	1
4696	2084	1
9863	4101	1
7323	1954	1
194	9209	1
6300	6265	1
6734	6409	1
3738	4209	1
5415	1582	1
7825	9687	1
7800	1953	1
1723	7340	1
1208	40	1
4345	395	1
3775	28	1
9242	5773	1
5943	4948	1
6055	8609	1
803	3169	1
731	5314	1
5533	304	1
10507	9067	1
4657	6928	1
10121	8609	1
8160	8609	1
9704	526	1
5928	3451	1
9402	9452	1
3965	8609	1
5353	8609	1
7019	4720	1
4409	3950	1
447	3699	1
7882	7881	1
7520	5705	1
4047	4084	1
7340	1723	1
4953	5164	1
9009	8153	1
5544	5543	1
5734	9180	1
8499	10374	1
8301	1280	1
7311	8977	1
3499	3743	1
7588	8581	1
2699	4287	1
3499	5321	1
2807	2662	1
3855	6489	1
10432	10566	1
10541	3176	1
9962	6489	1
1884	1884	1
3088	3450	1
3820	3450	1
3450	3820	1
6506	7446	1
5750	2399	1
612	1543	1
6702	6876	1
10567	10568	1
6309	3177	1
7484	6485	1
10569	10568	1
1258	1489	1
6107	4320	1
8609	6055	1
6197	6198	1
2479	3542	1
3788	4240	1
6152	5169	1
7318	7319	1
2420	4422	1
8323	8322	1
8609	3965	1
5205	5204	1
9929	8322	1
3745	3559	1
9198	9198	1
803	549	1
4101	9863	1
2954	4184	1
625	5843	1
8248	9084	1
10464	5234	1
6997	7915	1
4345	1697	1
8459	2341	1
10570	8222	1
9452	9402	1
2048	2341	1
5623	5783	1
1486	5371	1
8222	10570	1
10420	5234	1
8576	2727	1
10473	2914	1
1664	5131	1
8977	7311	1
4345	8967	1
4647	8967	1
5164	4953	1
6190	644	1
6711	6374	1
1930	5766	1
3397	3722	1
7484	9576	1
8609	5353	1
9973	10043	1
645	644	1
5766	1930	1
7082	6613	1
1933	410	1
9527	4577	1
9962	2308	1
3651	3190	1
5234	10420	1
6876	6702	1
10514	10085	1
9966	8975	1
10571	1407	1
8516	8516	1
3176	10541	1
10572	6613	1
5181	5180	1
7013	6784	1
10570	10570	1
8322	9929	1
5628	2109	1
1229	8469	1
4240	3788	1
10085	10514	1
1177	1178	1
6613	10572	1
8469	1229	1
10273	7968	1
4345	8251	1
6198	6197	1
10506	2308	1
9582	9583	1
5607	5606	1
1774	4692	1
8365	4447	1
10043	9973	1
7542	6059	1
6813	7481	1
4345	2019	1
1469	3723	1
9863	6911	1
4755	10530	1
8479	8475	1
5835	9819	1
3555	2533	1
3943	3723	1
8196	7503	1
8190	9759	1
7660	524	1
8883	9740	1
371	1270	1
4336	9819	1
2308	10506	1
7291	9180	1
769	4184	1
6119	8328	1
6052	2677	1
7894	5415	1
644	645	1
9791	9180	1
10319	8975	1
2677	6052	1
7718	8014	1
9066	3092	1
4810	10007	1
10085	10075	1
7920	3855	1
6489	3855	1
3190	3651	1
4706	4707	1
8736	1742	1
1733	6472	1
7220	2913	1
5440	10254	1
5607	6372	1
10573	5429	1
5415	7894	1
4256	4274	1
2653	9700	1
8482	6364	1
333	10552	1
9863	4842	1
5297	5774	1
5688	7654	1
4345	4602	1
7308	8707	1
5607	5100	1
4447	8365	1
8707	7308	1
395	3194	1
6363	8724	1
3066	3826	1
2170	2901	1
2901	2170	1
4589	8876	1
10506	4114	1
5257	4522	1
10574	4801	1
10575	3480	1
4360	10506	1
10488	10488	1
10574	1134	1
2399	5750	1
6637	9300	1
8724	6363	1
1075	1074	1
5288	4490	1
9009	8162	1
869	1120	1
9524	7895	1
2383	4355	1
4186	5429	1
7484	6300	1
5946	5570	1
3826	3066	1
10121	6730	1
644	6190	1
9759	6848	1
5234	10415	1
10327	10576	1
6433	6300	1
3450	6300	1
7089	6300	1
10568	10569	1
5481	6300	1
5524	6848	1
9896	5248	1
6315	4318	1
5411	6300	1
9067	6975	1
5047	6300	1
3020	6300	1
4422	2420	1
7894	6533	1
