4810	9223	1
4167	1280	1
9863	4101	1
2769	2276	1
7337	6112	1
518	2630	1
2119	2027	1
1599	4181	1
5893	2284	1
5457	8969	1
8330	7486	1
7741	5800	1
5618	4481	1
4984	7944	1
9900	9099	1
10524	1367	1
9438	10390	1
240	438	1
1580	3246	1
10653	10653	1
10506	6112	1
467	467	1
9009	10639	1
295	5187	1
3664	6815	1
5606	9381	1
10654	8948	1
8537	8537	1
967	2589	1
7128	10491	1
8948	10654	1
10655	10655	1
482	9187	1
10622	9736	1
717	9736	1
3812	9736	1
9754	9474	1
10656	10657	1
5248	4207	1
6286	10284	1
9930	10284	1
6947	10658	1
10639	9773	1
9368	9368	1
9365	3186	1
10284	6286	1
7209	5354	1
1854	2134	1
8779	5730	1
7319	7318	1
8446	7318	1
2148	6164	1
4807	6056	1
4998	6056	1
1229	5185	1
10659	4747	1
4729	5326	1
4288	1791	1
1543	612	1
4842	5326	1
2276	2769	1
9973	5588	1
8779	612	1
6448	8031	1
6056	4998	1
10330	8031	1
6857	6034	1
5390	10208	1
3186	4632	1
6286	10208	1
5893	10208	1
644	3091	1
5511	4506	1
5301	5365	1
7919	10208	1
10121	6729	1
7337	7780	1
359	7707	1
8909	7780	1
10660	10661	1
6185	7543	1
3968	7780	1
62	4486	1
4303	4113	1
6112	10506	1
7736	10506	1
4806	5408	1
2308	4113	1
4747	4555	1
9863	4555	1
10473	4555	1
9862	9930	1
3088	9930	1
6245	9930	1
6456	7663	1
988	3977	1
4804	4803	1
7931	9878	1
5604	2108	1
2102	1921	1
5197	1674	1
3539	2873	1
8969	5457	1
4998	5640	1
2630	4943	1
2169	564	1
2204	2813	1
1050	1175	1
2148	3186	1
530	210	1
1523	23	1
669	669	1
7340	3984	1
6119	8328	1
2021	9131	1
1016	7204	1
21	788	1
4803	4804	1
5365	5301	1
10657	10656	1
1173	4721	1
2813	2204	1
8676	1134	1
5354	7209	1
3088	5355	1
10662	10495	1
7642	10593	1
10324	3345	1
2421	6113	1
3649	2241	1
1836	1855	1
7158	4762	1
4948	8419	1
3984	7340	1
4418	8051	1
8051	4418	1
4355	2383	1
1669	3323	1
4807	4998	1
5800	7741	1
4506	5511	1
9878	7931	1
3137	5882	1
2051	1558	1
6977	5482	1
4113	4303	1
6989	953	1
8031	10330	1
3649	2197	1
7318	7319	1
9640	2197	1
6247	5717	1
5640	4998	1
1420	5717	1
4805	188	1
8171	816	1
6923	8425	1
8545	10141	1
10493	10493	1
3545	3333	1
6492	2480	1
10484	10485	1
7223	2480	1
7235	4555	1
7291	5773	1
7375	7308	1
9345	8425	1
4799	4445	1
9640	9945	1
1062	5879	1
3257	4555	1
4807	6107	1
10663	2941	1
4176	3647	1
3166	2721	1
788	21	1
238	3988	1
4747	10659	1
7145	7780	1
5142	2721	1
9470	5332	1
1789	5143	1
10121	8160	1
6923	6085	1
7595	7592	1
6023	6264	1
7316	7366	1
5482	8975	1
7592	7595	1
4251	3944	1
10593	7642	1
5175	5185	1
1069	9271	1
10664	10664	1
3091	644	1
7902	8669	1
4095	2812	1
8425	6923	1
3297	9488	1
10665	10665	1
5932	9727	1
1872	1872	1
7085	6059	1
4807	5742	1
5411	5520	1
5750	3943	1
2112	2113	1
4981	9727	1
4540	5467	1
6860	7138	1
10648	10647	1
6264	6023	1
5188	1064	1
6183	5008	1
387	1184	1
2045	1765	1
2941	10663	1
3649	375	1
7308	8707	1
8419	4948	1
8288	8289	1
5943	4948	1
7126	5881	1
5008	6183	1
10473	2914	1
10358	896	1
1220	985	1
3404	10507	1
8044	5835	1
3907	3908	1
5378	1921	1
5482	6499	1
6857	6564	1
9198	9198	1
6132	8044	1
6056	6057	1
5854	5515	1
9825	2446	1
10112	8983	1
5750	2399	1
6211	5517	1
1178	1177	1
2234	10177	1
8707	7308	1
3695	67	1
4162	4025	1
937	936	1
5188	6121	1
1740	1381	1
3137	1816	1
1179	8283	1
10442	9013	1
5221	7519	1
8975	5482	1
6058	1558	1
3137	8339	1
6382	10442	1
6589	6481	1
9013	10442	1
6056	5830	1
1550	1270	1
774	1558	1
6056	6037	1
2399	5750	1
2539	3062	1
10666	4981	1
5206	6206	1
5089	6206	1
4240	3788	1
4981	10666	1
7421	5663	1
8541	7535	1
10420	4836	1
5281	5281	1
6183	3886	1
5310	5310	1
10442	6382	1
612	5730	1
7614	10667	1
10662	10662	1
2525	2526	1
8328	6119	1
3899	1631	1
10506	7736	1
10668	6219	1
4726	4676	1
2740	2427	1
8160	1238	1
10669	10669	1
6119	5294	1
8404	5411	1
10639	9690	1
1666	3943	1
5662	5072	1
5934	6506	1
3186	5090	1
9271	1069	1
5485	5642	1
5281	6103	1
6414	6498	1
2526	2525	1
4345	2951	1
10670	6598	1
5598	6648	1
6177	2543	1
6456	7210	1
2678	4032	1
9725	4996	1
3908	3907	1
8283	1179	1
5443	9381	1
1099	2163	1
6532	7535	1
5570	6142	1
5786	4032	1
1022	1677	1
10570	5060	1
10507	3404	1
10613	10613	1
4806	6266	1
10205	3752	1
5699	4250	1
7172	1620	1
8164	7100	1
6177	5588	1
6769	5161	1
2894	3343	1
4807	4666	1
8461	1086	1
1381	3967	1
9066	9066	1
8867	8451	1
8501	3366	1
2894	2019	1
5047	5893	1
1666	3723	1
9690	9773	1
3345	10324	1
8472	10671	1
1185	8247	1
10330	7204	1
5497	5498	1
3098	5280	1
6384	9584	1
6415	1238	1
6919	4454	1
8121	10311	1
9584	6384	1
6857	6380	1
6675	650	1
1726	2729	1
6245	3578	1
2894	3487	1
6251	6343	1
1836	5280	1
9825	6647	1
2163	1099	1
1523	1338	1
564	2169	1
2004	10614	1
4061	1338	1
4996	5895	1
2029	2595	1
6177	6168	1
7360	6866	1
5280	6121	1
9690	10639	1
6055	2343	1
2678	2749	1
10265	10672	1
10673	10674	1
6046	4523	1
8247	1185	1
6857	2343	1
7660	816	1
2234	7395	1
4981	10317	1
10660	8029	1
4407	4358	1
4222	4103	1
8192	3636	1
8247	8214	1
10506	7302	1
994	1074	1
9043	9209	1
3649	10675	1
3068	8789	1
3943	1667	1
5581	4293	1
1134	8676	1
6866	7360	1
1667	3943	1
4306	6458	1
4574	2113	1
5893	5047	1
9138	8360	1
3689	1897	1
3757	3758	1
3493	2873	1
4176	8192	1
8214	8247	1
2134	123	1
6094	6769	1
3055	10602	1
10204	6187	1
9586	6625	1
1202	2620	1
855	4828	1
819	2653	1
5490	6397	1
10519	7709	1
8216	9299	1
10671	8472	1
9411	7085	1
4241	10452	1
2330	6985	1
6481	6589	1
5087	5086	1
880	10332	1
10676	466	1
980	2016	1
6549	6518	1
5379	6518	1
10623	7672	1
5086	5087	1
2894	1930	1
5773	7672	1
6813	7481	1
9974	4447	1
6107	4320	1
4358	4407	1
10677	4670	1
3062	10678	1
10679	10680	1
9299	8216	1
9230	6121	1
6727	5888	1
8160	10121	1
936	937	1
6177	3950	1
3366	6489	1
4409	3950	1
2289	2455	1
3366	6499	1
10647	10648	1
7151	2455	1
10681	441	1
3333	3545	1
3722	2712	1
5142	1213	1
5335	1685	1
10682	10682	1
10520	8064	1
3592	3926	1
8891	3310	1
4998	9888	1
2065	4421	1
1108	4421	1
10205	1032	1
4421	2065	1
3578	6245	1
10683	10684	1
2776	328	1
9164	689	1
6489	9962	1
8802	8975	1
4780	10112	1
3904	8333	1
10667	7614	1
6177	7767	1
2134	1854	1
8068	2041	1
5663	7421	1
2335	2260	1
5388	9226	1
4578	3108	1
9773	9690	1
8360	9138	1
10544	10544	1
8896	10685	1
7134	8121	1
8234	8121	1
9766	8121	1
4998	4485	1
1836	1381	1
6647	6646	1
8985	3248	1
8942	9051	1
8121	8234	1
271	328	1
8899	6649	1
4376	2641	1
3967	1381	1
3079	6365	1
1836	10686	1
1096	1096	1
2653	819	1
5221	1686	1
4828	855	1
1032	10205	1
3752	10205	1
8975	8802	1
1109	1104	1
7417	6831	1
627	628	1
8451	2886	1
4523	6046	1
9051	9051	1
4032	5786	1
8351	8234	1
2721	5142	1
7175	10360	1
10632	9727	1
5681	3399	1
1469	3723	1
10614	2004	1
5582	10625	1
6831	7417	1
5321	5499	1
1565	2951	1
6320	475	1
8836	2928	1
3950	4409	1
5773	7291	1
3167	3168	1
6922	5861	1
10678	3062	1
5545	1886	1
4034	9184	1
1737	1886	1
2041	8068	1
10677	7780	1
8261	7262	1
835	908	1
6287	6103	1
3699	447	1
1372	1731	1
6649	8899	1
222	1224	1
10145	9790	1
6937	5406	1
5197	6344	1
4765	4217	1
6867	10188	1
3399	5681	1
2673	4167	1
4025	4162	1
6687	7893	1
8071	10411	1
5482	4113	1
3077	1921	1
8404	8141	1
1740	8141	1
4807	7893	1
5481	4979	1
6177	4362	1
3248	8985	1
3559	5565	1
3610	6798	1
9864	7780	1
