6265	6300	1
4842	9863	1
6190	644	1
7291	9180	1
4490	5288	1
1762	2552	1
10577	10577	1
9704	145	1
7476	1476	1
6654	5561	1
5288	4490	1
9759	6848	1
6727	9100	1
5125	3978	1
10578	10578	1
3450	6300	1
10579	10579	1
1884	7060	1
4240	3788	1
6300	3450	1
10266	2478	1
423	2478	1
3458	2478	1
10506	4114	1
1935	1099	1
8308	10502	1
4742	5270	1
4842	5326	1
17	7569	1
2478	423	1
707	5229	1
2952	822	1
6506	9359	1
7327	5229	1
2138	4074	1
5773	6085	1
2283	2283	1
1116	433	1
6264	6023	1
7741	8965	1
3820	1898	1
3085	8965	1
3651	3190	1
6934	8616	1
2334	371	1
5248	5670	1
7235	4555	1
2478	3458	1
5640	6034	1
27	27	1
6300	3020	1
423	3020	1
4662	9375	1
9209	194	1
1109	4035	1
3176	1759	1
6366	6165	1
6844	6758	1
4184	769	1
8469	4147	1
9234	9488	1
2086	4555	1
5602	4147	1
7060	1884	1
3809	5781	1
6758	6844	1
6450	4555	1
4147	1810	1
5670	5248	1
6374	10580	1
10560	5932	1
8141	1740	1
1258	3316	1
4747	4555	1
1307	8213	1
1810	4147	1
6472	1733	1
4431	8724	1
8724	4431	1
7736	7961	1
7061	6848	1
4720	7019	1
10188	5488	1
1674	8992	1
1281	2048	1
1109	7846	1
6300	5047	1
5047	6300	1
6364	8482	1
10393	10264	1
5736	7621	1
5570	5946	1
10509	8600	1
1338	395	1
10264	10393	1
9327	5271	1
8422	6844	1
7961	7736	1
5715	10581	1
4560	4876	1
2913	7220	1
10582	8377	1
95	1038	1
8190	7427	1
5688	7654	1
2483	6056	1
6923	10236	1
10583	10583	1
1135	2804	1
4485	5142	1
2264	573	1
194	9209	1
7082	6613	1
6613	10572	1
3139	2193	1
241	242	1
2865	1099	1
5517	5693	1
7082	2198	1
6211	5693	1
6635	5693	1
1109	1935	1
1099	2865	1
1109	8306	1
3734	849	1
7308	6127	1
4647	6034	1
4198	10191	1
6127	7308	1
10570	28	1
2873	6246	1
2446	9825	1
2562	1599	1
5142	4485	1
3031	5628	1
7360	9099	1
10007	4810	1
7570	1093	1
3230	3084	1
2446	4755	1
5307	3084	1
3852	5633	1
5612	8768	1
68	655	1
10584	10584	1
7308	5935	1
6679	6432	1
1674	5991	1
1096	1096	1
7709	10519	1
6449	9103	1
6127	6702	1
1109	4145	1
6813	6667	1
1109	8002	1
5628	3031	1
7811	10379	1
4328	5902	1
10374	8499	1
768	1146	1
9825	2446	1
4547	2260	1
5270	4742	1
5587	9129	1
8975	9966	1
95	2018	1
1109	3707	1
4647	5691	1
1791	4611	1
2048	2341	1
7108	2914	1
3743	5791	1
9300	6951	1
8160	7672	1
1560	1147	1
5043	4797	1
10585	10586	1
3794	5608	1
3031	2218	1
5299	7247	1
4747	3608	1
1109	3801	1
1109	616	1
10008	2980	1
10587	10587	1
1178	1177	1
10580	6374	1
441	875	1
1109	4608	1
2209	4448	1
5561	6654	1
10221	2371	1
3703	3703	1
33	838	1
926	3981	1
7569	17	1
4755	2446	1
2193	3139	1
7667	7854	1
6303	9929	1
242	241	1
1109	3212	1
6506	1517	1
4868	2051	1
1898	3820	1
5005	777	1
4660	3545	1
5167	10588	1
3894	469	1
70	2276	1
469	3894	1
2544	2544	1
8107	9215	1
4838	422	1
5869	9215	1
4198	1056	1
5806	2652	1
776	2491	1
4318	6315	1
10589	1397	1
4448	2209	1
3053	3520	1
7779	150	1
1478	136	1
7060	8820	1
6472	3349	1
9178	7469	1
8482	6364	1
28	5622	1
5943	4948	1
5783	5623	1
6300	6433	1
7662	6093	1
6433	6300	1
1733	74	1
887	5775	1
10590	912	1
5536	7367	1
7253	4634	1
8419	4948	1
7620	3380	1
1733	768	1
3302	2902	1
1674	2902	1
5806	976	1
10591	10591	1
1674	6344	1
906	1266	1
9929	6303	1
4582	4583	1
1733	2845	1
6456	7210	1
2547	391	1
5415	1582	1
4677	1030	1
9067	10507	1
3528	3836	1
121	7599	1
4485	3849	1
10592	10592	1
95	3185	1
7599	121	1
2843	2832	1
5524	6848	1
9103	6449	1
3794	1504	1
4744	7209	1
8183	6245	1
6506	9669	1
1606	2119	1
2490	7645	1
6646	2934	1
3353	7645	1
2039	4969	1
2119	1606	1
6287	10108	1
9209	140	1
585	3595	1
3031	1565	1
6183	5690	1
6321	10576	1
6613	7082	1
2198	7082	1
259	1997	1
5170	1842	1
95	70	1
8171	816	1
524	816	1
4235	3948	1
10568	10567	1
5820	5821	1
95	71	1
10593	7642	1
2550	317	1
140	9209	1
1109	3211	1
4432	6022	1
6678	10567	1
70	71	1
9156	71	1
1142	71	1
10594	1759	1
10595	10596	1
6380	71	1
4547	8228	1
8653	7141	1
10597	10597	1
1733	1784	1
9426	2360	1
1056	4198	1
9099	7360	1
10191	4198	1
4345	4346	1
5490	6397	1
1911	1911	1
10572	10572	1
3978	5125	1
1109	1512	1
10598	10598	1
95	850	1
9208	9268	1
9450	8244	1
2997	3561	1
2234	2360	1
1674	6836	1
9876	6836	1
9359	6506	1
2420	1708	1
1517	6506	1
1969	1708	1
9759	8190	1
9669	6506	1
1168	1708	1
2651	2352	1
5806	6506	1
4266	4092	1
1548	1548	1
3085	6289	1
3752	10205	1
2052	5549	1
4647	5830	1
2048	1281	1
9959	10599	1
5019	2498	1
8243	5650	1
4025	2666	1
7082	6286	1
1029	6758	1
8468	10523	1
9215	5869	1
4601	3348	1
10415	4939	1
4220	4221	1
8127	4221	1
6702	6127	1
9695	9807	1
28	6481	1
7082	1378	1
10589	6795	1
222	901	1
5543	5544	1
2352	2651	1
6055	5869	1
453	1599	1
5549	2052	1
6155	5981	1
5650	8243	1
3539	7631	1
95	65	1
5243	10529	1
5019	1135	1
9807	9695	1
4647	5888	1
3788	4240	1
10558	1517	1
10600	6792	1
2868	492	1
4828	855	1
7308	5188	1
5806	5934	1
1565	3031	1
3031	3056	1
322	3828	1
3348	4601	1
912	1599	1
9365	9883	1
9049	3035	1
3056	3031	1
5188	7308	1
1002	6038	1
9700	2653	1
3092	9066	1
5297	5774	1
10529	5243	1
5019	3275	1
3699	3601	1
6265	1294	1
3908	3907	1
5019	3101	1
8898	8306	1
5674	8306	1
1599	453	1
9845	5233	1
8322	6849	1
8899	6721	1
8612	8612	1
6286	7082	1
3068	1294	1
6297	6297	1
5791	3743	1
5715	4561	1
9049	8306	1
5932	10560	1
3084	3230	1
9066	3092	1
6721	8899	1
6642	4426	1
5806	6373	1
1625	1654	1
4962	6892	1
10121	6729	1
2722	7271	1
6038	1002	1
6975	9067	1
1560	4483	1
4346	4345	1
4647	5191	1
10507	9067	1
2698	6727	1
3794	8609	1
2462	6394	1
5690	6183	1
2039	2677	1
5623	5783	1
8328	6119	1
4647	5301	1
5806	4580	1
4409	3950	1
1674	5197	1
1476	7476	1
259	5857	1
3452	3452	1
10588	5167	1
10567	9992	1
7319	7318	1
8150	9414	1
1674	3016	1
7318	7319	1
1599	912	1
5949	2027	1
5087	5086	1
10601	6402	1
4647	5924	1
44	4534	1
10075	10085	1
8525	8526	1
6122	4300	1
2773	4437	1
8499	10374	1
5086	5087	1
194	2078	1
6468	4437	1
3447	4233	1
6146	1577	1
3907	3908	1
7866	3240	1
6079	9524	1
9556	6112	1
6119	5294	1
7895	9524	1
3520	4563	1
8446	7318	1
10120	3480	1
2669	3240	1
2913	2914	1
3867	8914	1
7000	6783	1
5642	7228	1
8226	10450	1
6798	6798	1
2934	6646	1
3055	10602	1
5411	10531	1
3794	3912	1
2550	1097	1
4718	9296	1
10603	8365	1
6112	9556	1
8190	3480	1
1523	1338	1
5301	6055	1
4647	7969	1
1567	752	1
4647	5043	1
4147	8469	1
9414	8150	1
5648	9281	1
3053	2545	1
3480	10120	1
2390	4988	1
10604	10519	1
10605	9281	1
9375	4662	1
1109	1855	1
10606	9208	1
8696	2686	1
1674	9208	1
1560	8070	1
9074	9281	1
71	1142	1
6108	7810	1
1055	1727	1
3240	2669	1
3950	4409	1
6055	5301	1
6112	9414	1
9268	9208	1
2446	1428	1
6481	28	1
4287	2699	1
5197	6344	1
1517	5697	1
4293	2699	1
4647	6270	1
4647	6212	1
1338	1523	1
1705	6299	1
5476	6299	1
4032	6680	1
10473	2914	1
2423	4988	1
2018	95	1
6056	10228	1
7228	5642	1
5281	8421	1
1727	1055	1
912	2420	1
2958	4335	1
7181	3186	1
3333	3545	1
3346	3346	1
3185	95	1
70	95	1
9208	10606	1
9200	6284	1
4988	2390	1
6315	4318	1
65	95	1
8141	8404	1
4810	10007	1
5910	5910	1
8624	8624	1
10228	6056	1
3699	447	1
10121	8160	1
5	27	1
4672	6703	1
1674	2116	1
6284	9200	1
4647	3366	1
1617	5835	1
7308	8707	1
7083	5531	1
467	9152	1
644	645	1
8707	7308	1
5202	8609	1
10591	3438	1
1813	6846	1
8857	9997	1
3893	5373	1
3753	6146	1
7703	8247	1
855	4828	1
10506	2308	1
6146	7715	1
6649	7715	1
9605	4785	1
9414	6112	1
6023	6264	1
4437	4384	1
1905	897	1
9819	5835	1
2308	10506	1
5051	4654	1
7552	6409	1
2360	9426	1
6472	10607	1
9087	5642	1
1685	5335	1
4654	5051	1
3996	395	1
10319	8975	1
3031	395	1
5400	3828	1
3545	3333	1
6769	5161	1
1231	9697	1
4692	9031	1
8609	5202	1
10608	9614	1
3647	4647	1
2705	10116	1
5750	2399	1
6845	2801	1
3694	1967	1
6371	8501	1
6472	5031	1
9883	9365	1
524	7660	1
3031	2276	1
1194	10116	1
6648	4257	1
419	2855	1
2420	2855	1
6866	7360	1
9281	5648	1
4593	8412	1
9031	4692	1
2855	419	1
6783	7000	1
3066	3826	1
7989	4302	1
10350	9537	1
897	2441	1
8444	8444	1
419	419	1
1674	419	1
8278	10440	1
3649	1490	1
4948	5514	1
1586	1932	1
2390	1254	1
10531	5411	1
5390	10208	1
5234	5027	1
4842	7104	1
1109	710	1
7570	10208	1
8609	10478	1
10609	8785	1
6485	6845	1
2399	5750	1
6492	7086	1
2801	6845	1
1176	1022	1
3974	2017	1
8619	2364	1
4647	9863	1
1733	3552	1
8756	10610	1
10542	10145	1
1666	3949	1
5806	4873	1
6416	5490	1
1022	1176	1
4586	5490	1
