3850	5822	1
8086	1641	1
325	10963	1
1523	1338	1
647	5783	1
7919	10325	1
564	4457	1
7675	4810	1
8031	6448	1
1022	2354	1
385	5335	1
6321	2652	1
70	926	1
546	2451	1
4248	2646	1
1120	1119	1
7446	9687	1
5335	385	1
5191	8364	1
4457	4119	1
5699	9960	1
7274	8364	1
9223	10007	1
9687	7446	1
2451	546	1
2646	4248	1
5354	5897	1
4064	5203	1
5885	10761	1
5897	5354	1
5667	4988	1
9488	9193	1
3310	1599	1
2740	3370	1
2716	5412	1
4485	5783	1
10965	10966	1
6213	1599	1
1930	1791	1
10206	6320	1
205	204	1
6320	10206	1
1854	2134	1
264	253	1
319	569	1
3136	2915	1
7644	569	1
9295	9462	1
5904	5374	1
156	2771	1
3947	6105	1
5262	8377	1
8562	4963	1
5979	6034	1
2901	4963	1
4668	6034	1
4250	2543	1
6227	4196	1
208	1748	1
5667	2403	1
8364	6034	1
6856	6034	1
3947	6034	1
10007	9200	1
5943	4948	1
2737	7496	1
8515	5423	1
4068	4243	1
8523	3340	1
10874	5423	1
10967	10769	1
447	10905	1
9425	5047	1
4580	9550	1
7074	7974	1
3571	9848	1
7280	3544	1
4951	3451	1
10968	2801	1
8033	6207	1
9295	9295	1
3499	3743	1
3917	7788	1
9759	6068	1
10969	10434	1
5845	996	1
996	5845	1
3559	5565	1
5945	9715	1
5537	5536	1
3043	3210	1
4842	5326	1
5423	10874	1
1950	3075	1
10951	10951	1
10970	10971	1
6562	3070	1
10328	10972	1
647	7401	1
1867	1866	1
5684	10958	1
4084	3366	1
10434	7119	1
6842	584	1
6448	8031	1
5048	395	1
7373	7373	1
2716	5714	1
1804	7254	1
5087	1481	1
2641	5695	1
3206	10739	1
7853	924	1
3560	2907	1
5288	4490	1
204	205	1
3826	328	1
5412	2716	1
5692	6643	1
5714	2716	1
6842	5732	1
2043	5778	1
5104	5042	1
3610	10962	1
486	485	1
7145	7780	1
257	342	1
5374	3109	1
1611	791	1
9193	9488	1
10917	6802	1
5104	923	1
2116	9541	1
3947	4666	1
7308	7308	1
5546	4174	1
6842	10707	1
2716	3212	1
6227	6228	1
6099	4814	1
239	455	1
2716	4815	1
10769	10967	1
2425	9533	1
8856	604	1
9368	2922	1
9259	2192	1
3465	1399	1
6317	257	1
5650	8243	1
257	1531	1
6929	5142	1
2698	5853	1
9533	2425	1
6319	9314	1
9259	6056	1
1432	2084	1
6910	2813	1
6735	2113	1
6056	9259	1
3555	8897	1
2192	9259	1
2084	42	1
10948	2371	1
569	319	1
1725	4056	1
8916	8916	1
782	781	1
2037	721	1
9350	912	1
257	482	1
5112	5113	1
10973	5459	1
2716	1964	1
8092	5452	1
6374	1266	1
5452	8092	1
868	1266	1
2051	4868	1
5628	294	1
3681	3680	1
4395	7103	1
3457	8776	1
4490	5288	1
6856	6193	1
604	8856	1
6034	4668	1
2044	2045	1
21	4930	1
1508	205	1
8243	5650	1
2045	2044	1
10769	7435	1
5916	8244	1
4123	2630	1
5125	3978	1
483	1886	1
1339	3514	1
4355	2383	1
4145	4083	1
5822	3850	1
4516	4083	1
7230	6175	1
9369	3166	1
3229	4184	1
371	4083	1
6119	6615	1
6711	1266	1
5692	4877	1
1022	4083	1
4528	2735	1
5356	6729	1
2810	4083	1
295	4083	1
1172	2735	1
912	4083	1
5489	4083	1
1725	4083	1
8997	4083	1
107	4083	1
8809	2735	1
5175	4988	1
3562	4988	1
1536	4988	1
123	124	1
294	5628	1
3253	908	1
9356	5047	1
5980	4083	1
3539	4083	1
2652	6321	1
8546	9254	1
1517	4083	1
6851	4083	1
3109	5374	1
6175	7230	1
3121	4083	1
328	3826	1
2653	3964	1
5	5922	1
10963	766	1
9300	1175	1
4965	4083	1
2420	4083	1
760	4083	1
8696	2686	1
1420	5717	1
2935	2686	1
419	4083	1
4807	10478	1
9990	2686	1
3567	4083	1
261	4179	1
2021	4083	1
8989	8443	1
6034	4506	1
1049	1826	1
4187	7259	1
3947	4569	1
5565	3559	1
7989	5215	1
3610	965	1
10309	4866	1
10896	6987	1
8772	8772	1
3111	2686	1
7918	2741	1
5048	205	1
5778	2043	1
2936	4992	1
5536	5537	1
10938	5876	1
2716	1000	1
6370	4992	1
2240	2241	1
10434	3345	1
44	10241	1
10963	8066	1
7066	6820	1
371	5013	1
5266	1619	1
9259	8647	1
6773	1888	1
5188	8647	1
2794	2794	1
993	7520	1
6521	4577	1
1099	7469	1
5048	4515	1
3210	3043	1
7520	993	1
205	1508	1
1599	6213	1
4901	5000	1
2084	1432	1
4720	10943	1
4084	6316	1
7584	5	1
3454	2197	1
87	86	1
10093	1028	1
2716	1965	1
253	264	1
2740	2869	1
6382	6453	1
3476	2832	1
6820	7066	1
8897	3555	1
5662	750	1
10724	2550	1
1022	1022	1
4956	8420	1
6842	4184	1
2771	156	1
10974	10974	1
257	6317	1
4444	6637	1
9311	5778	1
9300	6637	1
3111	2651	1
8828	8829	1
10920	5874	1
3817	8967	1
647	5096	1
10958	5684	1
6942	5096	1
9259	2420	1
2296	1279	1
7447	10890	1
1884	1237	1
124	123	1
3864	3398	1
10480	8096	1
1282	788	1
788	788	1
342	246	1
10975	10975	1
5566	2966	1
156	155	1
3375	246	1
7469	1099	1
1858	1487	1
7318	9852	1
4601	246	1
1615	3171	1
2809	3567	1
993	4579	1
8092	4946	1
265	266	1
4868	2051	1
246	342	1
10259	10259	1
8647	5188	1
4992	6370	1
10520	8064	1
477	9845	1
3006	10974	1
5074	6370	1
10429	10429	1
4579	993	1
9037	10674	1
2716	5159	1
1840	2532	1
3514	1339	1
6856	10976	1
6987	10896	1
257	225	1
3310	3964	1
8443	8989	1
10674	9037	1
1100	1099	1
10977	10429	1
4020	4027	1
4047	2677	1
10007	9223	1
4810	9223	1
2201	16	1
5423	9223	1
5709	9394	1
3083	5297	1
1599	3310	1
5104	3868	1
3964	3310	1
8647	9259	1
3817	3865	1
7078	7079	1
5783	4485	1
2420	9259	1
225	257	1
7570	10208	1
7223	10432	1
7259	4187	1
566	10978	1
9550	4580	1
5778	9311	1
9246	8176	1
238	3239	1
1449	766	1
7837	825	1
5549	7785	1
6816	6492	1
10979	10980	1
3321	5690	1
6034	8364	1
3991	5935	1
10947	10947	1
10974	3006	1
9807	9695	1
6637	4444	1
9845	477	1
4830	4763	1
2051	1558	1
8420	4956	1
5692	3230	1
2541	10981	1
8707	7501	1
1619	5266	1
6774	3797	1
721	2037	1
9852	7318	1
6492	6816	1
1481	5087	1
257	301	1
10978	566	1
5250	4890	1
4763	4830	1
2324	5244	1
6845	2801	1
5386	10982	1
4217	4765	1
7370	5377	1
5244	2324	1
5047	9356	1
10739	3206	1
7993	7630	1
7595	7595	1
7143	10983	1
3895	4580	1
5840	3561	1
4504	4122	1
2758	4170	1
5692	745	1
2801	6845	1
257	143	1
6489	9173	1
5142	6929	1
10984	10984	1
6637	9300	1
9235	8600	1
1786	6143	1
7780	7145	1
7223	3333	1
4409	3950	1
2532	1840	1
4868	1558	1
8549	9524	1
7595	7592	1
1615	9876	1
6673	6831	1
9613	5320	1
10934	3690	1
2740	10200	1
6842	1433	1
10757	10757	1
9267	3091	1
10899	4084	1
10985	10985	1
3366	4084	1
8546	10986	1
6316	4084	1
6454	4769	1
8776	3457	1
10981	2541	1
7044	10756	1
6127	5520	1
3950	4409	1
5013	371	1
9695	9807	1
7432	7433	1
4174	5546	1
2870	1485	1
10987	10987	1
5604	6790	1
10881	10881	1
3797	6774	1
4946	8092	1
3943	3949	1
6033	7162	1
8260	10988	1
5048	391	1
5544	5522	1
246	4601	1
1361	1360	1
3801	2234	1
9155	9154	1
2677	4047	1
9436	4580	1
10984	6080	1
9230	4437	1
6080	10984	1
5086	5087	1
264	180	1
2193	2349	1
6869	9960	1
529	7560	1
5000	5293	1
4580	3895	1
2859	2112	1
4624	6869	1
5027	3366	1
7088	5601	1
4602	4346	1
9977	992	1
7044	7902	1
3680	3681	1
6842	2142	1
5307	5836	1
4437	9230	1
10273	9254	1
10614	8707	1
572	9087	1
7235	4555	1
1718	885	1
7501	8707	1
10353	6934	1
952	7042	1
9132	7042	1
4890	5250	1
3333	7223	1
6873	6873	1
3947	4717	1
10989	10945	1
10841	10841	1
10890	7447	1
10990	2651	1
257	8849	1
3315	7108	1
7223	2480	1
564	5774	1
10432	2480	1
6613	7082	1
5869	8421	1
1059	5774	1
2480	7223	1
2234	3801	1
5048	2355	1
4988	2423	1
10570	8222	1
5423	8515	1
8171	524	1
9825	2446	1
4093	1910	1
2077	5446	1
4208	8444	1
295	4203	1
5100	5462	1
7195	3555	1
5704	9575	1
3964	2653	1
5945	3361	1
6646	3450	1
6624	9575	1
9470	9575	1
3310	2653	1
4493	3239	1
9575	9470	1
3450	6646	1
10991	10992	1
5694	9575	1
2241	2240	1
8501	8501	1
1022	1677	1
428	1175	1
7117	10699	1
3881	3881	1
4141	8681	1
6227	441	1
863	6451	1
1188	6506	1
4203	295	1
2576	390	1
2740	1487	1
10853	8139	1
5215	7989	1
7274	6564	1
2954	4184	1
5087	5086	1
8430	10374	1
9314	6319	1
8219	8192	1
3245	5078	1
6258	5086	1
7354	4743	1
6365	8222	1
9359	6584	1
2879	241	1
10988	8260	1
3166	9369	1
5694	9470	1
8985	3248	1
3869	1894	1
10993	10993	1
8724	10886	1
825	7837	1
10276	10928	1
5443	8541	1
746	747	1
2224	7446	1
10982	5386	1
7556	10250	1
3485	1570	1
7462	7461	1
9240	5386	1
3451	4951	1
2838	10634	1
2224	451	1
7731	7179	1
10300	8989	1
7433	7432	1
207	280	1
8823	10957	1
2885	9300	1
7654	9300	1
2909	10761	1
9280	9656	1
10699	7117	1
10021	2315	1
6845	10968	1
4216	988	1
3107	2315	1
8501	3366	1
5809	9188	1
5625	2403	1
