9777	5027	1
9063	226	1
5027	7916	1
4101	9863	1
5026	5027	1
7916	5027	1
5027	9777	1
271	2776	1
996	1380	1
9360	9359	1
7155	7156	1
9374	8721	1
5943	4948	1
1741	9937	1
4141	8681	1
7723	6417	1
8681	4141	1
8195	8587	1
6952	5994	1
5281	9230	1
8609	5461	1
10769	4581	1
5248	5670	1
8908	8889	1
4863	4864	1
5949	4162	1
10000	7564	1
3897	4341	1
4581	10769	1
6136	837	1
4735	4635	1
10769	10769	1
8222	10570	1
3669	6505	1
5259	7423	1
9365	7423	1
5047	2935	1
7933	5711	1
5979	6034	1
1707	2668	1
998	2935	1
9467	9587	1
5859	4049	1
9431	8391	1
9507	8641	1
1380	996	1
1243	705	1
7209	5354	1
2045	2044	1
9735	5294	1
265	3350	1
1900	4172	1
266	3350	1
10846	10846	1
8876	8931	1
3743	5791	1
10568	3404	1
10802	450	1
8331	7780	1
10570	8222	1
803	6948	1
5460	7780	1
10847	10848	1
2953	8881	1
10827	10826	1
7930	5090	1
8451	7441	1
9863	10783	1
4100	10783	1
5051	5750	1
9001	4438	1
6414	10807	1
7714	10807	1
5711	9888	1
5612	5935	1
9897	10783	1
5197	9441	1
9895	6371	1
7564	10000	1
4635	4735	1
1620	5717	1
6088	6253	1
648	1637	1
1077	9691	1
8774	4029	1
7083	5374	1
2228	9930	1
10284	9930	1
5	5922	1
1964	5159	1
8573	321	1
3197	10379	1
3136	2915	1
9251	10389	1
6371	9895	1
3197	1381	1
3569	5240	1
3105	9519	1
4470	9039	1
837	6136	1
5143	2083	1
7423	9365	1
10043	9973	1
5815	9356	1
930	9207	1
8171	1934	1
3154	5796	1
1389	1433	1
3197	3307	1
9863	4101	1
3189	933	1
8253	10099	1
872	4197	1
5461	8609	1
10633	5301	1
6321	6686	1
1791	1930	1
1934	8171	1
8288	8289	1
5028	9133	1
2669	6686	1
10330	7204	1
4215	1512	1
3136	1512	1
2086	3689	1
4172	1900	1
1637	648	1
7360	9099	1
7397	10758	1
6449	9103	1
5423	8515	1
8876	10634	1
5791	3743	1
9031	4692	1
2776	271	1
9101	9365	1
3186	9365	1
5354	7209	1
7108	3315	1
342	7009	1
9207	930	1
9223	4810	1
10849	10850	1
4635	8283	1
9103	6449	1
7852	4662	1
1930	1791	1
9587	9467	1
6618	5003	1
1854	8405	1
5737	6066	1
3966	8609	1
3030	6066	1
3455	2790	1
10851	10851	1
9198	9198	1
857	5423	1
9239	5268	1
8283	4635	1
8515	5423	1
2935	3316	1
3684	3685	1
3316	2935	1
370	515	1
845	3420	1
3767	5202	1
7260	515	1
4215	5354	1
10852	10852	1
3850	4273	1
9365	9101	1
5598	10478	1
9360	5934	1
5684	10061	1
8815	10061	1
6066	5737	1
3547	1410	1
1737	5249	1
7780	7145	1
3035	1100	1
3689	2086	1
5642	5817	1
1182	9267	1
5378	1921	1
7145	7780	1
4273	3850	1
5510	6357	1
5506	1926	1
2725	5774	1
5282	5347	1
6591	8093	1
9365	3186	1
3499	9759	1
10085	10075	1
4613	323	1
7919	3303	1
796	797	1
6353	6187	1
5451	6187	1
1523	23	1
5674	2427	1
8125	7854	1
4613	2480	1
23	424	1
796	134	1
5885	3401	1
10853	5804	1
5674	1402	1
3315	7108	1
8247	8803	1
7852	8412	1
1074	1075	1
1740	3674	1
5745	6848	1
4099	4099	1
5711	3670	1
8336	7789	1
9695	9807	1
5301	10633	1
4286	6866	1
4905	5717	1
10854	9839	1
8144	5888	1
3950	4409	1
9518	10811	1
1926	5506	1
4325	6424	1
5315	1843	1
6234	5560	1
10415	6858	1
1690	1514	1
7391	2148	1
5928	3451	1
6858	10415	1
4360	10506	1
10730	4873	1
4215	2852	1
321	1228	1
3950	4408	1
7228	3248	1
9596	8037	1
3366	6489	1
5818	1508	1
6869	7309	1
6687	10471	1
1059	5774	1
10855	3279	1
8191	5774	1
4438	9001	1
1690	1690	1
1132	4196	1
10844	1716	1
187	1467	1
1738	1716	1
7296	7297	1
5773	7672	1
5709	9394	1
10000	4346	1
9327	8037	1
6876	6876	1
1726	2613	1
23	1523	1
4810	9223	1
10085	10514	1
1100	1099	1
3397	3722	1
6253	6088	1
6741	5218	1
3279	10855	1
1469	3723	1
9578	9579	1
10856	5773	1
1350	1350	1
4409	3950	1
1338	4061	1
1157	28	1
5764	2492	1
10857	6891	1
5893	9731	1
8037	9596	1
7375	7308	1
10736	9477	1
5704	7416	1
4613	5862	1
1953	7800	1
8609	6104	1
6104	8609	1
3965	8609	1
5066	8815	1
1060	2734	1
3136	2616	1
2713	870	1
2721	5796	1
10858	1690	1
9897	6783	1
7852	9375	1
543	649	1
7739	6182	1
1664	4234	1
1930	2114	1
8587	8195	1
9514	7955	1
8301	4167	1
8803	8247	1
6506	5934	1
6097	7779	1
8676	10706	1
8578	10325	1
321	118	1
10859	10859	1
2941	10663	1
10706	8676	1
6357	5510	1
5922	5	1
5072	2725	1
4234	1664	1
9735	10582	1
3303	7919	1
10677	8773	1
4544	3497	1
2935	998	1
10351	9692	1
14	44	1
5683	3315	1
9270	7203	1
10836	3660	1
7370	10273	1
7507	4250	1
3197	6321	1
8365	8049	1
