2935	5047	1
8707	7308	1
9758	8936	1
10759	8208	1
5197	6344	1
5709	9394	1
4111	4337	1
7086	10758	1
7235	4555	1
10758	7086	1
3918	3956	1
4747	10659	1
5361	10713	1
3450	2284	1
8204	1188	1
437	861	1
4020	4027	1
5050	1663	1
228	1663	1
5642	3561	1
2420	2611	1
402	3602	1
5142	5783	1
2380	1663	1
7145	7780	1
768	1663	1
6625	10507	1
10648	1663	1
10324	10753	1
8872	10325	1
5840	3561	1
1663	5050	1
8578	10325	1
5943	4948	1
10753	5959	1
5393	70	1
7460	765	1
8192	4176	1
4176	8192	1
7205	10325	1
1523	1117	1
6055	7450	1
10760	9267	1
1163	2480	1
7597	10325	1
7894	6171	1
8929	2864	1
9917	816	1
3775	5588	1
6038	8451	1
4286	9638	1
6223	5588	1
1087	863	1
7660	816	1
875	8451	1
8936	9758	1
8788	5299	1
7441	8451	1
8171	816	1
6646	3450	1
2237	6022	1
7645	3353	1
5365	6264	1
371	2334	1
7214	518	1
4257	5301	1
6957	6958	1
3450	6646	1
241	242	1
8412	1910	1
10761	10761	1
3999	5642	1
10145	9410	1
10623	2532	1
10542	9410	1
1299	3537	1
9151	8931	1
863	1087	1
8451	7441	1
2232	3537	1
7360	9099	1
9690	9773	1
10762	8451	1
6774	3797	1
8962	6165	1
1358	1504	1
10763	10763	1
7673	2569	1
3797	6774	1
2751	2668	1
5959	10753	1
2569	7673	1
1813	1019	1
2758	10332	1
1935	3426	1
8360	8208	1
2969	2668	1
10574	4801	1
6287	5257	1
9860	9773	1
1059	5774	1
10701	8901	1
9374	8721	1
1897	3065	1
2604	6294	1
7807	7589	1
371	1096	1
70	5393	1
2004	3186	1
4977	4431	1
10609	3988	1
7570	10208	1
10471	10471	1
6223	6578	1
10764	9550	1
3988	3139	1
190	203	1
518	6700	1
4316	1281	1
3616	6460	1
6223	6450	1
2941	1281	1
7450	6055	1
1843	2498	1
10765	2886	1
461	1091	1
8799	8800	1
3122	2648	1
6633	8121	1
2243	4673	1
5047	7543	1
6922	5861	1
5926	5468	1
2004	10614	1
9633	3603	1
5783	5468	1
5468	5783	1
7153	9767	1
8202	1587	1
8451	2886	1
8721	9374	1
5297	5774	1
3043	425	1
8261	7262	1
164	4025	1
8609	5684	1
8243	5650	1
3763	5174	1
5481	5174	1
821	5777	1
518	4422	1
10739	10739	1
4475	564	1
2192	3068	1
4864	4863	1
4025	2666	1
2666	4025	1
3865	7681	1
6493	1135	1
6531	2260	1
1504	1108	1
6107	7858	1
6813	6667	1
4431	6446	1
7059	1855	1
4444	4445	1
3855	2422	1
6813	6365	1
2698	5853	1
5722	9460	1
8523	6008	1
9095	5263	1
3125	2190	1
7946	9987	1
2480	1163	1
4274	7282	1
9914	1254	1
382	9334	1
5861	6922	1
5174	5481	1
1183	1572	1
7282	4274	1
8116	1367	1
4164	1647	1
3084	3182	1
4900	4888	1
2193	2349	1
1108	1504	1
6531	1886	1
9669	6802	1
6873	4634	1
6580	4634	1
9669	7130	1
224	4595	1
936	6374	1
9263	9274	1
10614	2004	1
518	2616	1
6188	1719	1
3315	5683	1
2648	3122	1
3353	7645	1
6915	3344	1
4134	2651	1
10766	1933	1
518	1022	1
14	3232	1
2051	4868	1
334	10175	1
4868	2051	1
4863	4864	1
518	1677	1
6802	9669	1
1855	7059	1
10206	5481	1
1476	5481	1
3139	3988	1
5365	6023	1
6820	7066	1
7059	4157	1
2001	1964	1
425	3043	1
5257	6287	1
10767	4021	1
4622	5510	1
3297	9488	1
3084	1370	1
3084	4603	1
8467	2604	1
6294	2604	1
5853	18	1
1055	4992	1
2001	6944	1
9876	6836	1
518	8204	1
1476	7507	1
8369	9416	1
4158	9416	1
4144	9416	1
8273	9416	1
9541	9416	1
518	6265	1
9416	8369	1
4485	5142	1
3063	6502	1
10768	1612	1
5365	5640	1
518	1835	1
4369	2184	1
8929	10266	1
5170	2096	1
3426	8614	1
3988	979	1
3450	3088	1
2611	2420	1
242	241	1
3020	3088	1
5047	5797	1
6944	2001	1
1964	2001	1
10615	7605	1
2161	3673	1
1629	8614	1
518	3136	1
3397	3722	1
709	7605	1
4581	10769	1
5354	7209	1
4992	1055	1
6873	3010	1
5988	6022	1
3088	3450	1
3352	3784	1
6715	6714	1
1117	1523	1
9416	5977	1
211	85	1
1727	3234	1
4207	8738	1
2975	4585	1
5177	2084	1
3738	4327	1
10480	1282	1
6757	5280	1
10770	5280	1
3465	4731	1
190	222	1
10771	10771	1
8800	8799	1
5688	4039	1
3206	10739	1
6915	5904	1
4674	965	1
518	690	1
10545	6129	1
371	752	1
6373	4039	1
7158	4039	1
4877	4039	1
6987	6426	1
6843	10772	1
3865	4569	1
6657	10730	1
5683	3315	1
8013	4504	1
9188	7114	1
10769	6187	1
1402	5674	1
5797	5047	1
9636	2265	1
10174	10033	1
10003	8711	1
172	150	1
1289	426	1
3465	1399	1
7059	6328	1
9488	3297	1
5497	5498	1
2386	3408	1
2084	5177	1
5156	2753	1
518	1635	1
1726	2729	1
5674	1402	1
7209	5354	1
1013	2061	1
4159	3852	1
3084	4437	1
5125	3978	1
6531	5991	1
1886	6531	1
3234	1727	1
1587	8202	1
5296	1517	1
9410	10145	1
4185	4246	1
1476	6168	1
1843	5315	1
6531	2141	1
1878	1886	1
6531	1550	1
3722	3397	1
3978	6129	1
5854	5515	1
1188	6506	1
1516	1162	1
6088	5376	1
5365	5888	1
2894	3487	1
3229	5604	1
27	5	1
5922	5	1
7727	7154	1
9334	382	1
4663	5571	1
6322	7154	1
5600	3185	1
906	1266	1
3084	5307	1
1183	1184	1
4346	1793	1
5635	5366	1
5481	10206	1
5921	5366	1
7158	6320	1
664	4554	1
9099	7360	1
10773	10773	1
4025	164	1
9058	4751	1
59	10391	1
5142	4485	1
4863	4863	1
8017	6297	1
7370	6438	1
3084	3230	1
1135	6493	1
10730	6657	1
5365	6489	1
9773	9860	1
4162	5949	1
5366	5635	1
1055	1727	1
3610	6798	1
10774	10774	1
4185	1641	1
3084	1086	1
3344	6915	1
5	5922	1
5904	6915	1
3616	9848	1
1843	9620	1
1787	1788	1
6393	5079	1
518	4045	1
4517	4516	1
7801	4363	1
5365	4360	1
4057	4516	1
8711	10003	1
4286	10313	1
4431	4977	1
6374	936	1
6866	10313	1
518	6635	1
5365	5353	1
5376	42	1
382	2673	1
5381	10387	1
8260	10611	1
3520	4563	1
10775	5351	1
9198	9198	1
868	4044	1
518	3674	1
3763	4757	1
9188	7115	1
524	816	1
1832	46	1
382	1455	1
5618	8891	1
9065	8049	1
5280	6757	1
382	2276	1
5365	5191	1
5446	5783	1
885	6127	1
6736	1084	1
5365	3647	1
6034	5924	1
1727	4725	1
1788	1787	1
5079	6393	1
3234	4725	1
3465	5203	1
3065	1897	1
5843	5062	1
8160	8609	1
5684	8609	1
6107	4320	1
4069	5191	1
1396	1395	1
2483	4561	1
5191	4069	1
1183	3008	1
8862	8863	1
3499	3743	1
6343	9144	1
1476	7308	1
3865	6380	1
8288	8289	1
518	7308	1
10739	3515	1
1953	7800	1
2935	8696	1
7407	7407	1
4840	8711	1
4751	9058	1
3669	6505	1
3493	3819	1
3185	5600	1
3999	1656	1
5564	6233	1
9550	10764	1
601	9980	1
10611	8260	1
10633	10506	1
8049	9065	1
8335	564	1
5365	5301	1
9207	6119	1
3988	10609	1
10739	3206	1
5365	7302	1
9274	9263	1
8977	10687	1
382	7496	1
5099	2019	1
518	4163	1
1209	705	1
1476	2543	1
6532	6533	1
9144	6343	1
1162	1516	1
6426	6987	1
3084	10531	1
5366	5921	1
10075	10085	1
1311	2167	1
6223	2543	1
5533	304	1
10514	10085	1
5347	10250	1
334	229	1
6506	1188	1
7785	317	1
6119	9391	1
10776	6613	1
222	190	1
6533	6532	1
2630	2629	1
1843	3101	1
7789	8336	1
518	10626	1
10506	10633	1
10280	6448	1
10546	9788	1
7595	7592	1
374	10742	1
7861	205	1
186	2019	1
518	3017	1
4251	3944	1
375	10742	1
4286	9281	1
2578	8852	1
5365	10677	1
9777	9776	1
5365	6372	1
1716	9771	1
1815	204	1
10562	95	1
1064	8204	1
4765	4217	1
6301	4217	1
3294	4217	1
3084	3542	1
10506	1910	1
751	862	1
2101	1771	1
1013	1014	1
10687	4007	1
1727	1055	1
9767	7153	1
7360	6866	1
541	1365	1
2282	3181	1
2308	4114	1
9754	9474	1
1843	1465	1
9270	9272	1
1055	4725	1
3545	3333	1
5365	7969	1
6211	5517	1
3333	3545	1
8071	10411	1
10777	10777	1
10778	8402	1
8508	1255	1
10411	8071	1
1255	8508	1
10713	10779	1
2532	10623	1
1146	185	1
10154	9425	1
10753	10324	1
5045	6854	1
9242	10313	1
8258	185	1
5854	3825	1
7604	10145	1
5443	9381	1
6810	4915	1
993	7153	1
6649	3753	1
382	186	1
9381	5443	1
7452	9888	1
90	19	1
6187	10715	1
8336	7789	1
9018	10715	1
8852	2578	1
5301	10313	1
19	90	1
2907	3560	1
1108	1254	1
8121	9303	1
1523	1338	1
3978	5125	1
9303	8121	1
5617	5197	1
2997	3561	1
1282	10480	1
1711	10754	1
6987	493	1
5524	10754	1
4459	5197	1
10266	10266	1
3497	3982	1
1043	5197	1
10480	8096	1
4569	5197	1
4778	7688	1
1787	50	1
9271	1069	1
8286	8595	1
3753	6649	1
9441	5197	1
3383	5197	1
6504	5197	1
9044	2200	1
8492	4724	1
6287	5197	1
10648	8444	1
8881	10728	1
1179	8283	1
8402	10778	1
6286	5197	1
8978	10518	1
10780	9300	1
10706	8676	1
4948	5943	1
382	2182	1
10313	5301	1
518	1556	1
10687	8247	1
4801	10574	1
1183	387	1
8068	2041	1
4988	2423	1
10145	7604	1
5365	5051	1
2184	4369	1
9381	5606	1
10582	9735	1
1666	3723	1
524	156	1
9207	7644	1
2001	1000	1
3919	6831	1
518	2163	1
5663	7421	1
10753	9618	1
6599	5263	1
5365	1366	1
4217	6301	1
5885	2960	1
7644	9207	1
27	5922	1
7800	1953	1
9845	4167	1
518	1401	1
10353	6934	1
4157	7059	1
9735	10582	1
9966	8938	1
8774	10720	1
10781	9620	1
6328	7059	1
8377	10582	1
7308	8707	1
10782	7318	1
7817	4524	1
3825	5854	1
9235	10690	1
5086	5087	1
3079	9735	1
9581	6678	1
9735	3079	1
7451	6769	1
2051	1215	1
2911	3079	1
8938	9966	1
4657	6678	1
6813	3079	1
2547	391	1
1215	2051	1
1289	1254	1
3138	5581	1
10437	10498	1
9718	10183	1
5849	7158	1
518	1231	1
10473	1163	1
518	1241	1
9897	9605	1
518	3352	1
9605	10783	1
5711	7933	1
6678	4657	1
185	8258	1
156	524	1
3785	1842	1
10498	10437	1
3068	2192	1
10432	2480	1
2480	2297	1
3079	2911	1
5977	9416	1
529	901	1
1666	3949	1
2297	2480	1
8523	5055	1
5773	7672	1
5581	1631	1
8619	3767	1
10183	9718	1
3908	3907	1
1718	885	1
1076	885	1
3366	8195	1
3560	2907	1
3181	2282	1
2669	2670	1
299	5229	1
9735	9250	1
905	861	1
8609	10478	1
3079	3079	1
8195	8587	1
2673	382	1
8773	4730	1
2019	5099	1
1455	382	1
2276	382	1
7767	10506	1
3240	2670	1
7059	4873	1
5365	8909	1
3084	980	1
7496	382	1
518	980	1
186	382	1
9979	7807	1
5365	10461	1
5202	3767	1
2182	382	1
2093	382	1
6866	7360	1
10782	8331	1
50	1787	1
2912	4871	1
8609	8160	1
7319	7318	1
10309	7042	1
9374	9375	1
3965	8160	1
10613	4569	1
64	3239	1
5365	3109	1
8160	3965	1
478	10784	1
9845	5233	1
6165	8962	1
2229	816	1
2885	9300	1
3947	4666	1
930	9300	1
8676	10706	1
375	1419	1
2422	3855	1
10785	2927	1
3722	2712	1
6934	10353	1
6798	3610	1
