2426	3815	1
8160	8609	1
5188	9230	1
10730	4873	1
9600	4281	1
6297	8017	1
1666	3949	1
10765	8451	1
7360	9099	1
5280	9230	1
5386	9230	1
4724	8492	1
7228	7228	1
8587	8195	1
9099	7360	1
2200	9044	1
3248	7228	1
9230	5386	1
2629	7434	1
2283	7532	1
5542	4954	1
5729	5793	1
1006	3629	1
478	10784	1
482	3697	1
2287	3279	1
2776	272	1
6373	3704	1
564	8335	1
7639	7318	1
1087	863	1
9230	6121	1
4906	4608	1
1490	3274	1
9776	9777	1
10717	6837	1
4485	3767	1
382	222	1
10415	10464	1
6172	8285	1
3629	1006	1
3785	1842	1
5468	5926	1
3865	861	1
1420	5717	1
10786	6925	1
5170	1842	1
863	1087	1
10720	8774	1
2879	5423	1
4798	1179	1
5142	4485	1
2452	8119	1
3767	4485	1
4525	8724	1
3084	3833	1
3084	2827	1
4806	2924	1
7153	9767	1
2009	1179	1
5423	2879	1
1504	1358	1
8774	10720	1
3405	3404	1
8331	10782	1
10480	1282	1
7367	5536	1
10787	3036	1
530	4159	1
2041	8068	1
8600	9235	1
9860	9773	1
4662	3647	1
328	272	1
518	6283	1
518	1905	1
10788	6959	1
2578	8852	1
1501	1501	1
6757	5386	1
4954	5542	1
10770	5386	1
49	50	1
4666	3947	1
10765	2886	1
10518	8978	1
3647	4662	1
5673	5994	1
4730	8773	1
10789	10790	1
10096	5994	1
6952	5994	1
10154	10572	1
4051	5994	1
6201	6105	1
1358	1504	1
10758	4555	1
8068	2041	1
5300	9188	1
1941	10791	1
7153	993	1
4101	4555	1
10156	5994	1
10332	2758	1
4940	9155	1
6493	2849	1
8444	10648	1
9155	4940	1
7083	5374	1
2334	371	1
3231	2218	1
295	8173	1
150	5676	1
8283	1179	1
835	2935	1
3068	2935	1
2912	8931	1
2935	835	1
8891	5618	1
323	990	1
5840	3561	1
7228	3248	1
2874	2935	1
9207	7644	1
9032	9032	1
160	3739	1
10660	10661	1
9391	6119	1
10730	4289	1
6815	3664	1
10266	4289	1
4956	3648	1
4159	530	1
166	7088	1
5815	8291	1
5257	1427	1
2864	8929	1
8123	4175	1
6187	8929	1
6704	2565	1
9152	8929	1
918	8929	1
6382	10442	1
7088	166	1
8929	918	1
10792	1379	1
2152	1833	1
10127	10356	1
10793	10793	1
1314	9980	1
2542	5588	1
601	9980	1
9973	5588	1
6111	664	1
6018	2109	1
3567	718	1
10794	10794	1
9243	8176	1
9278	9278	1
3330	3347	1
8038	4390	1
4470	2260	1
6119	9391	1
2051	4868	1
8773	4730	1
3568	6270	1
10295	10295	1
3960	226	1
5125	3978	1
1631	5581	1
7421	5663	1
1517	5296	1
185	1146	1
7644	9207	1
5305	7033	1
7451	8911	1
3396	3136	1
29	424	1
8891	3310	1
9904	8990	1
1664	5131	1
1736	4815	1
636	6770	1
10728	8881	1
5354	7209	1
7451	5850	1
9300	930	1
1625	1280	1
3167	9768	1
1854	8026	1
2842	1342	1
10795	10795	1
3042	4898	1
807	1000	1
3085	6289	1
10183	181	1
2849	6493	1
8634	2440	1
5300	2210	1
5296	1517	1
3212	4815	1
5472	6222	1
2901	4815	1
1350	3016	1
3947	4666	1
564	4475	1
222	382	1
930	9300	1
4091	10624	1
4370	455	1
986	7029	1
4292	740	1
3560	2907	1
7083	7681	1
3396	188	1
4515	2041	1
4174	740	1
89	427	1
664	4554	1
3303	3171	1
6540	7597	1
6179	6180	1
3297	2506	1
740	4292	1
2941	2673	1
8929	2864	1
3738	4209	1
2907	3560	1
10325	7597	1
222	2190	1
5510	5808	1
5650	8243	1
4186	9918	1
6364	6851	1
7020	9342	1
3545	4660	1
9488	9234	1
4446	4660	1
10228	6056	1
861	905	1
3168	3167	1
10770	9172	1
2565	6704	1
9768	3167	1
5300	3042	1
10023	4569	1
10085	10075	1
3862	689	1
3722	3232	1
5320	9613	1
1010	2902	1
5514	4948	1
1179	8283	1
375	10742	1
375	1419	1
4485	5142	1
10731	7586	1
3568	2379	1
2673	2941	1
9101	10523	1
10325	9145	1
6540	9145	1
3231	1215	1
10240	9145	1
9770	9145	1
6757	10770	1
4972	1142	1
2456	2457	1
5099	2019	1
10790	10789	1
7597	7598	1
6757	8421	1
10770	8421	1
5703	418	1
6757	1855	1
5045	10244	1
7209	5354	1
4569	10023	1
9374	8721	1
6646	7153	1
4198	10191	1
2423	4988	1
3121	7153	1
4289	10730	1
1332	6467	1
8724	4525	1
4663	75	1
5107	4384	1
9342	7020	1
4424	4384	1
395	3229	1
4868	1558	1
186	10232	1
1809	3967	1
10791	1941	1
28	6667	1
6757	3177	1
5167	2119	1
8789	10772	1
2192	2936	1
4475	564	1
10796	1624	1
10797	5773	1
6301	4217	1
6757	6845	1
10712	5773	1
10770	6845	1
6364	6845	1
5773	7672	1
4359	1212	1
9230	5280	1
3231	9076	1
1797	9209	1
5600	7861	1
8119	2452	1
6667	28	1
10728	436	1
6146	6649	1
6213	1599	1
2192	3010	1
1599	3119	1
2567	10531	1
2306	10531	1
5300	5861	1
6678	9581	1
3450	3088	1
3537	2232	1
4184	2954	1
1599	6213	1
4611	6525	1
3088	3450	1
6845	6364	1
4036	8738	1
6039	8177	1
9697	9697	1
1508	205	1
3119	1599	1
2978	4815	1
2410	4815	1
9662	6649	1
3231	4464	1
371	4815	1
2629	2630	1
1060	3587	1
868	1266	1
205	1508	1
5426	4945	1
5853	18	1
6581	7088	1
10798	10798	1
4101	4100	1
4217	4765	1
10522	10522	1
5994	6952	1
5993	5588	1
10799	10799	1
1338	1523	1
1055	4992	1
3568	7854	1
418	5703	1
10232	186	1
10769	4581	1
3347	3330	1
6784	2721	1
1074	1075	1
5455	391	1
3824	2454	1
4765	4217	1
2550	10724	1
4406	2454	1
1103	1857	1
1179	4798	1
7132	4252	1
10800	2999	1
9113	7423	1
3077	6390	1
9213	7423	1
4992	1055	1
2954	4184	1
3678	549	1
5	5922	1
3497	4544	1
2096	5170	1
5533	4406	1
4252	7132	1
5054	4523	1
1476	7476	1
371	4310	1
9405	5808	1
1350	5991	1
10770	7308	1
7020	3654	1
6046	4523	1
4660	3545	1
9722	9723	1
5374	4936	1
897	425	1
156	524	1
8285	6172	1
2192	2116	1
5922	5	1
5618	7058	1
8525	8526	1
1239	1240	1
10002	8967	1
6431	6768	1
7813	8570	1
6845	6757	1
1855	6757	1
10770	6757	1
7423	9213	1
6667	6813	1
6365	6813	1
5861	5300	1
3177	6757	1
6233	5564	1
3079	6813	1
3042	5300	1
7501	10208	1
9267	1317	1
10506	7767	1
10239	10265	1
9188	5300	1
6328	10208	1
689	3862	1
5386	6757	1
6959	10788	1
9503	5958	1
1166	2167	1
490	10788	1
7083	5684	1
2081	2080	1
1814	5452	1
4355	2383	1
4653	4477	1
1548	8236	1
8655	2419	1
10191	4198	1
2419	8655	1
8247	10687	1
964	1378	1
4477	4653	1
3568	2727	1
7083	4726	1
2080	2081	1
10325	8872	1
9662	10215	1
6874	4538	1
2478	4815	1
5773	10712	1
9581	6678	1
10770	5693	1
5943	4948	1
3568	2913	1
524	816	1
821	426	1
6927	1869	1
10327	10576	1
477	2941	1
6837	10717	1
10411	8071	1
2912	4871	1
8177	6039	1
334	1215	1
3231	1149	1
9392	1120	1
5542	9236	1
8195	8587	1
5541	7564	1
3178	314	1
10471	10491	1
7708	9734	1
7128	10491	1
2119	5167	1
10770	7501	1
7318	7639	1
2454	3232	1
8159	3763	1
5564	6233	1
7360	6866	1
5949	4162	1
3231	8913	1
2635	2636	1
5197	5281	1
10801	1573	1
1741	4021	1
8013	7564	1
4977	4431	1
6370	8405	1
7153	6646	1
2454	4406	1
6613	7082	1
4538	6874	1
8872	10325	1
8789	5799	1
5300	3743	1
1854	8405	1
447	10005	1
5926	5468	1
6948	803	1
5663	7421	1
3568	5185	1
3231	8958	1
4198	4814	1
9044	2200	1
204	1815	1
102	5632	1
10788	490	1
8071	10411	1
4569	5514	1
10518	10333	1
5159	1964	1
4948	5514	1
4210	3650	1
5632	102	1
7451	3230	1
1037	6647	1
2528	28	1
10511	10717	1
9235	8600	1
3129	3856	1
3568	1162	1
2806	6600	1
7861	5600	1
9243	9246	1
3568	5667	1
10802	431	1
10333	10518	1
1703	385	1
4660	4446	1
10800	3673	1
6727	6040	1
10687	8247	1
4167	1821	1
8852	5064	1
6141	2597	1
10803	8668	1
8600	8600	1
3568	4989	1
5045	6854	1
5227	7974	1
6084	10095	1
2077	5446	1
10389	6564	1
3965	8609	1
5087	5086	1
6564	10389	1
4200	3630	1
5455	9705	1
8024	8025	1
8774	5301	1
7083	7302	1
6364	6984	1
3722	3397	1
3229	4184	1
7083	5888	1
10804	10804	1
5301	6055	1
1487	2427	1
4217	6301	1
1081	737	1
6757	4704	1
5773	10797	1
10637	4580	1
5301	8774	1
14	2454	1
6104	8609	1
9239	8973	1
10570	8222	1
5581	1631	1
6765	8973	1
7660	816	1
9144	8973	1
5086	5087	1
4580	10637	1
7259	4170	1
8028	2627	1
10805	10806	1
8017	6297	1
5043	4797	1
3704	6373	1
5612	8973	1
1193	2627	1
3271	10072	1
1791	926	1
4184	3229	1
28	28	1
7318	7319	1
6813	8616	1
5293	5000	1
7319	7318	1
7274	6564	1
9518	8616	1
5553	4485	1
10096	6952	1
6829	6564	1
6035	7831	1
7624	7916	1
10807	10807	1
1481	5087	1
6301	7598	1
5390	7940	1
6364	9826	1
4810	9223	1
7532	7598	1
3311	6952	1
10120	3480	1
7451	8313	1
4064	5633	1
3870	5068	1
9735	10582	1
7083	6059	1
9605	9897	1
7620	3380	1
3480	10120	1
3315	3545	1
740	3240	1
8609	3965	1
9009	10259	1
10415	4939	1
9247	2065	1
8195	3366	1
10808	10582	1
3366	8195	1
4360	3366	1
664	6111	1
5055	8523	1
4485	5553	1
4592	5836	1
9843	9165	1
5606	9381	1
375	3005	1
2192	7418	1
3404	3405	1
10809	10810	1
6923	8425	1
4939	10415	1
10582	10808	1
10464	10415	1
4251	4251	1
6412	6412	1
6055	5301	1
5572	4909	1
10811	9518	1
10770	5678	1
8222	9493	1
4251	3948	1
4020	4027	1
10259	9009	1
5670	740	1
4683	857	1
7059	4873	1
5248	740	1
8295	8425	1
6128	9938	1
6533	6532	1
3240	740	1
6757	5281	1
241	857	1
1900	8975	1
1599	3310	1
9230	5281	1
5280	5281	1
3545	3315	1
9246	9243	1
10812	10812	1
5524	10754	1
9518	9300	1
536	6322	1
5365	7969	1
7831	6035	1
2894	186	1
569	319	1
7831	6781	1
2019	186	1
2924	4806	1
7731	7179	1
4863	4864	1
181	10183	1
8031	3810	1
6781	7831	1
857	241	1
2420	3005	1
5259	7423	1
857	4683	1
8425	8295	1
6927	3940	1
3066	3826	1
10582	9735	1
10096	3186	1
385	1703	1
8975	1900	1
5642	5817	1
2184	4369	1
1149	3231	1
3665	3154	1
10656	10657	1
6045	10095	1
4227	3723	1
4431	6446	1
3396	2864	1
382	2093	1
7940	5390	1
5836	4592	1
3056	8173	1
317	7785	1
7974	5227	1
10813	10813	1
3231	2512	1
3568	2532	1
9198	9198	1
10464	5234	1
8049	8365	1
4064	2620	1
10753	9456	1
4653	4478	1
5263	9095	1
4029	1900	1
147	1090	1
10005	447	1
3875	4582	1
9101	5657	1
5618	8891	1
5796	2721	1
5817	5642	1
5125	10814	1
3958	8790	1
2192	5474	1
5087	1481	1
1774	4692	1
1229	3723	1
6866	4286	1
594	5016	1
7969	5365	1
9638	4286	1
10095	6045	1
10313	4286	1
2597	6141	1
10815	10816	1
705	1209	1
9281	4286	1
8774	6585	1
10473	4555	1
4943	2260	1
5572	670	1
314	870	1
10807	6414	1
3154	3665	1
8164	8469	1
2042	8068	1
4478	4653	1
1120	9392	1
4939	10464	1
