9773	9690	1
2909	10761	1
8600	9235	1
10801	2108	1
9699	410	1
1509	4333	1
6580	4634	1
4113	5482	1
4006	1727	1
172	2108	1
2108	10801	1
1019	1813	1
5916	6265	1
216	1503	1
6591	6265	1
2578	8852	1
435	435	1
636	1444	1
4800	2076	1
7436	7339	1
2451	546	1
5136	4963	1
5943	4948	1
7031	5800	1
2852	895	1
1535	2316	1
7060	7291	1
7741	5800	1
7291	8617	1
5634	10820	1
3099	825	1
3999	1656	1
9139	7291	1
9270	6200	1
4718	7291	1
9909	7291	1
243	464	1
1013	464	1
9896	5248	1
7339	7436	1
7291	4718	1
10896	10859	1
3297	7042	1
323	5275	1
3616	9848	1
2669	3017	1
8617	7291	1
6728	6846	1
3236	3603	1
705	7022	1
10911	5354	1
1813	1019	1
9198	9198	1
9687	7446	1
3240	7866	1
4803	4804	1
1037	518	1
819	518	1
9230	5281	1
8204	518	1
2691	518	1
2551	518	1
1813	8020	1
1055	4171	1
7022	705	1
6591	8789	1
10886	8724	1
7220	5920	1
1166	7563	1
2997	3561	1
3850	4333	1
6283	518	1
5170	1842	1
3999	2346	1
2870	1485	1
1018	518	1
2855	1081	1
10511	9867	1
5612	8768	1
8660	8768	1
3037	3452	1
1884	4069	1
370	7797	1
8233	2801	1
4608	4915	1
3020	3088	1
3458	7797	1
2076	4800	1
930	1016	1
912	1599	1
1523	2229	1
5468	5783	1
395	3194	1
2963	1748	1
2924	5408	1
6675	650	1
218	1972	1
1958	5360	1
7645	3353	1
5853	18	1
8610	5590	1
4506	6034	1
7783	7783	1
5505	5505	1
6846	6728	1
3235	786	1
7291	9909	1
5234	5027	1
2436	5728	1
2416	7254	1
3245	5582	1
4135	5904	1
4998	9888	1
5516	7484	1
3999	86	1
1490	3274	1
10043	9973	1
6709	6134	1
1185	5393	1
2776	9470	1
9462	9295	1
1503	216	1
2135	1338	1
1016	930	1
7866	8421	1
28	5622	1
6591	8093	1
1143	205	1
5690	3321	1
1599	9133	1
5047	9356	1
1143	10526	1
863	1087	1
6357	5510	1
4341	3897	1
9930	10284	1
5219	5219	1
9470	2776	1
9728	216	1
488	2749	1
6591	6757	1
4369	2184	1
1064	10153	1
1590	6758	1
5965	5966	1
1185	71	1
7318	7319	1
5904	4135	1
10912	10913	1
6665	6666	1
6591	5799	1
5160	1005	1
8724	10886	1
9580	7853	1
6591	7804	1
5615	5615	1
924	7853	1
6728	10914	1
10915	3725	1
6220	10886	1
10116	1928	1
3090	3232	1
6104	8885	1
6373	2902	1
5136	623	1
10663	2941	1
3999	5502	1
9707	623	1
2488	4102	1
5916	1166	1
10916	1928	1
3738	5128	1
287	322	1
1523	1338	1
2855	1517	1
7319	7318	1
374	10742	1
9359	6584	1
7076	7076	1
3662	4221	1
9251	6564	1
7797	370	1
7714	5824	1
5916	4491	1
5502	4967	1
3235	23	1
3560	2907	1
7255	6907	1
4184	77	1
4171	1055	1
5219	4592	1
1727	4006	1
6243	10024	1
77	4184	1
10917	6802	1
3017	2669	1
10761	2909	1
5565	5723	1
10918	10918	1
5916	1034	1
7045	7262	1
59	10919	1
2736	2737	1
2801	8233	1
10920	2343	1
3297	10552	1
1506	5241	1
3286	3286	1
4333	3850	1
5916	2439	1
10284	9930	1
221	3091	1
3091	221	1
9879	4824	1
6299	10885	1
10153	1064	1
518	1064	1
5188	1064	1
8361	4977	1
10024	8421	1
7767	6481	1
6127	6951	1
1590	6844	1
2209	2210	1
923	10027	1
3092	9787	1
3908	3907	1
5301	6030	1
10886	6220	1
6146	6649	1
3236	1111	1
7993	7630	1
1655	10634	1
3236	319	1
7564	8013	1
6088	6253	1
1064	5188	1
7727	7154	1
2954	100	1
371	515	1
3121	515	1
10921	10731	1
3562	3562	1
1185	3722	1
8650	6115	1
9876	6836	1
1185	2541	1
6802	10917	1
4983	4763	1
9103	6449	1
9133	1599	1
322	287	1
4900	7650	1
2108	172	1
3850	4273	1
2192	1166	1
8609	6059	1
3235	1642	1
6213	1599	1
1599	912	1
2567	10531	1
530	210	1
1166	2192	1
10922	3105	1
3547	1996	1
1185	519	1
4343	3105	1
9519	3105	1
9133	5028	1
5826	7854	1
2895	4376	1
8013	7564	1
5028	9133	1
9365	7423	1
70	1599	1
9431	8391	1
10923	2653	1
3999	87	1
5916	10208	1
5085	10742	1
1599	6213	1
8161	4484	1
6591	10208	1
5916	8244	1
10518	10904	1
9356	5047	1
5374	4936	1
5197	1043	1
3999	9087	1
1185	3397	1
5241	1506	1
10750	3153	1
8709	8708	1
5916	6220	1
1517	451	1
5541	7564	1
1185	2712	1
451	1517	1
9872	10742	1
5916	3230	1
159	2712	1
5692	3230	1
10924	8934	1
184	184	1
5468	184	1
9821	8264	1
8256	2584	1
1269	10925	1
7132	4252	1
3237	4838	1
10488	6843	1
8264	9821	1
1818	1818	1
3105	10922	1
1979	257	1
3623	3307	1
10926	10926	1
9957	9957	1
9539	889	1
526	573	1
3950	4409	1
4409	3950	1
10027	923	1
5027	5234	1
4730	3950	1
280	280	1
5916	976	1
4485	4457	1
2601	2602	1
3051	4679	1
5701	1552	1
872	10609	1
3950	7862	1
4838	422	1
1185	4007	1
7334	4007	1
4838	3237	1
10927	10927	1
7501	10208	1
7866	3240	1
2894	3487	1
5709	9394	1
1185	5972	1
5681	5387	1
10276	10928	1
5039	1096	1
960	82	1
5062	5843	1
6267	1064	1
2649	2691	1
1618	770	1
1552	1064	1
2589	1114	1
6649	6146	1
4252	7132	1
625	5843	1
10885	6299	1
7804	5411	1
6253	6088	1
1377	6057	1
5693	6211	1
2121	5764	1
1487	5764	1
2653	819	1
1928	5853	1
3235	1359	1
6816	6492	1
5809	8139	1
945	6458	1
5197	6103	1
1509	6103	1
3383	6103	1
649	6103	1
5281	6103	1
6344	6103	1
10929	5385	1
989	684	1
10878	5764	1
10449	9600	1
1064	1982	1
10930	10634	1
5519	6236	1
7334	6532	1
4950	8967	1
4763	4983	1
3353	7645	1
7259	4187	1
7714	6414	1
3297	124	1
8477	5090	1
10634	10930	1
2828	2037	1
5723	4006	1
10803	8261	1
3629	1718	1
8541	8773	1
573	526	1
1928	10116	1
6492	6816	1
7862	3950	1
5916	6126	1
5423	7552	1
6489	6750	1
3004	7980	1
6551	689	1
7673	2569	1
10471	10491	1
6080	8875	1
5843	625	1
6873	4634	1
3186	6164	1
5215	7989	1
6193	9369	1
5223	5224	1
1059	5774	1
6591	4704	1
9493	9391	1
3514	1339	1
10609	872	1
124	3297	1
10931	8958	1
2316	1535	1
10552	3297	1
8365	4447	1
3105	4343	1
1748	1748	1
1793	4346	1
4724	8492	1
4363	10002	1
172	150	1
7423	9365	1
1844	9872	1
10459	7688	1
4893	4893	1
8315	5628	1
7785	317	1
7446	9687	1
5916	2735	1
1174	2446	1
8214	3817	1
3236	1504	1
2120	4634	1
7368	9299	1
2475	2416	1
585	3287	1
9665	965	1
8195	8587	1
7714	10807	1
3236	4318	1
3660	3287	1
7079	3287	1
10929	6724	1
6236	5519	1
8587	8195	1
3288	3287	1
3245	5078	1
4778	9402	1
3768	3096	1
1064	1552	1
3489	3287	1
4437	9389	1
6579	10821	1
7145	8649	1
4755	6424	1
6414	10807	1
6079	9456	1
3950	4027	1
9774	8278	1
8885	6104	1
8243	5650	1
8071	10411	1
4812	4910	1
1185	490	1
1140	1141	1
8649	7145	1
10932	10933	1
6727	6040	1
3816	3401	1
10934	3690	1
5650	8243	1
8333	8676	1
6407	3585	1
8214	8774	1
3236	3028	1
1064	9409	1
6030	5301	1
7552	5423	1
1886	1878	1
9456	6079	1
8515	5423	1
6115	8650	1
9402	5888	1
1358	1504	1
2121	2120	1
10024	6243	1
7334	6784	1
8973	9144	1
6784	7334	1
4475	3575	1
8164	7223	1
4007	7334	1
7334	6533	1
5904	5374	1
6533	7334	1
3153	10750	1
8774	8214	1
4569	10023	1
2941	10663	1
9697	10756	1
3456	2457	1
3585	6407	1
10935	10935	1
3817	8214	1
8492	4724	1
1928	10916	1
4457	4485	1
7989	5215	1
5545	1886	1
3304	4469	1
9931	7503	1
6724	10929	1
10769	7435	1
1878	1886	1
9144	8973	1
2935	835	1
7008	7009	1
5484	6059	1
6109	2290	1
10677	5607	1
10811	6123	1
7874	7873	1
10506	9962	1
333	8115	1
3855	3366	1
1580	3246	1
4203	295	1
7873	7874	1
7714	8176	1
4257	10634	1
7117	6911	1
1774	4692	1
1185	1742	1
7116	6911	1
1941	10791	1
6788	4303	1
8840	4555	1
7630	7993	1
4575	822	1
3297	5345	1
5197	6344	1
3366	3855	1
5142	4485	1
4485	5142	1
2316	2842	1
9391	8680	1
6728	10513	1
2913	8680	1
4939	9248	1
5121	5120	1
6190	10273	1
3562	5175	1
5084	6915	1
1185	5777	1
4198	4814	1
6820	4855	1
4333	4915	1
8975	9966	1
3004	3230	1
2433	8980	1
9791	8998	1
210	530	1
9482	8980	1
9962	10506	1
205	204	1
6930	6930	1
1815	6930	1
5180	5181	1
4660	3545	1
10936	10936	1
9550	4580	1
10139	8980	1
9600	10449	1
10937	1173	1
10083	6930	1
7496	2737	1
9251	10389	1
7108	2914	1
9022	5419	1
5301	6236	1
3079	2911	1
4824	9879	1
2550	1097	1
9735	3079	1
4910	4812	1
6612	2911	1
2911	3079	1
4939	10464	1
10761	5885	1
4720	9435	1
7225	6211	1
7754	6499	1
3297	227	1
5266	1619	1
10002	4363	1
2360	3119	1
6367	10938	1
4447	8365	1
1774	4812	1
6123	10811	1
6513	3539	1
5365	5570	1
5423	10874	1
6646	2934	1
7980	6193	1
5644	1569	1
4096	4171	1
6465	6020	1
10909	6281	1
9275	10938	1
5027	7337	1
6281	10909	1
3171	1130	1
6320	4038	1
159	6902	1
3096	3768	1
2842	2316	1
10464	4939	1
6034	4506	1
10938	9275	1
1517	2855	1
9248	4939	1
204	205	1
9605	9296	1
3785	1842	1
2316	2185	1
9002	9330	1
10273	6190	1
2933	3587	1
5136	1257	1
7235	4555	1
10872	1110	1
5423	8515	1
9586	10903	1
1666	3949	1
2043	10939	1
6481	7767	1
10940	8092	1
5078	3245	1
1888	6773	1
10807	7714	1
6414	7714	1
5604	3229	1
4481	10941	1
5582	3245	1
257	1979	1
1979	1979	1
6186	10634	1
3236	858	1
1338	3996	1
6466	10772	1
98	1104	1
6236	5301	1
2231	1097	1
7337	5027	1
9299	7368	1
1030	1089	1
627	628	1
2769	2718	1
4589	6513	1
8071	6784	1
