4069	8774	1
4113	5482	1
10718	869	1
10437	4317	1
8202	1587	1
7235	4555	1
7586	7586	1
4810	9244	1
4198	4814	1
3426	1936	1
9934	1631	1
4708	4555	1
1120	869	1
2613	5781	1
5943	4948	1
2019	186	1
2423	4988	1
9103	6449	1
2455	8774	1
3177	6309	1
8774	2455	1
5086	5087	1
4317	6236	1
8492	8735	1
5353	7672	1
10147	2703	1
6904	6904	1
9897	9863	1
4032	2678	1
5490	6397	1
10681	4246	1
4862	6245	1
7791	10719	1
6251	6343	1
221	222	1
5197	5617	1
5513	6181	1
4921	2654	1
9966	10478	1
6245	4862	1
1087	863	1
3068	8789	1
10677	5607	1
4485	5877	1
5756	4070	1
3593	10425	1
10685	8896	1
10389	6564	1
4007	8774	1
3752	10205	1
10511	7452	1
7670	7670	1
4317	10437	1
10720	8774	1
8207	7796	1
887	4637	1
9860	9773	1
10093	1028	1
3366	6499	1
5656	5693	1
8774	10720	1
6843	10488	1
5650	8243	1
4524	7817	1
5481	7543	1
5778	9311	1
10659	4747	1
5489	10195	1
2031	2668	1
10415	4939	1
5181	5180	1
10232	3487	1
9835	7042	1
3621	3621	1
10473	2484	1
2751	2668	1
1565	4345	1
2969	2668	1
1707	2668	1
9210	1842	1
3844	7822	1
7974	5227	1
3880	2126	1
4217	4765	1
9410	10145	1
5234	10464	1
5796	3810	1
475	6320	1
452	71	1
10632	6320	1
4175	8123	1
2027	2119	1
10367	869	1
7098	5642	1
5517	6211	1
5468	5926	1
4608	2653	1
6213	1599	1
5650	5650	1
3109	3626	1
3775	4930	1
788	21	1
387	1184	1
4611	1791	1
10721	10437	1
5670	5248	1
8307	8307	1
8929	918	1
3775	6450	1
3109	1620	1
6223	6450	1
9791	10236	1
4807	5757	1
5045	10244	1
5565	3559	1
918	3094	1
918	917	1
4937	3560	1
917	918	1
2907	3560	1
6647	1037	1
416	3286	1
3865	5757	1
3017	642	1
1401	642	1
7592	7595	1
374	642	1
6677	4668	1
3775	4668	1
6309	3177	1
623	9707	1
1099	2585	1
7316	5757	1
7595	7592	1
4842	5326	1
8660	5188	1
4369	2184	1
65	64	1
9575	9470	1
6450	6223	1
2585	1099	1
1554	5757	1
3310	7616	1
4014	5757	1
9731	8018	1
625	5757	1
7952	8774	1
5068	5757	1
7106	5757	1
6585	8774	1
5409	10722	1
5783	5468	1
3109	8774	1
8788	4810	1
4077	1428	1
10613	10613	1
2041	4515	1
10722	5409	1
5757	1554	1
2119	1013	1
2346	4659	1
64	65	1
6544	5657	1
7423	5657	1
9244	4810	1
7438	5657	1
8530	5657	1
1037	6647	1
2865	1099	1
1956	10266	1
1933	386	1
1099	2865	1
1062	7746	1
3404	4657	1
1493	1687	1
3109	5904	1
2935	835	1
9152	8929	1
10266	8929	1
329	6520	1
3578	2161	1
918	8929	1
5657	6544	1
302	4099	1
8968	996	1
5197	6344	1
386	1933	1
2935	3068	1
8721	9374	1
10723	10681	1
2550	10724	1
5320	6667	1
4965	2260	1
1481	4515	1
2804	1135	1
8286	8595	1
4780	10112	1
4029	1900	1
3109	5691	1
3109	1483	1
4887	4999	1
6667	5320	1
3085	6289	1
9470	2776	1
1663	10648	1
5741	558	1
5354	7209	1
3109	4936	1
3109	5796	1
2593	558	1
6873	7253	1
3757	3758	1
10724	2550	1
4515	1481	1
8788	7247	1
5804	3507	1
8929	9152	1
6320	5142	1
863	1087	1
7209	5354	1
3186	2004	1
1969	1708	1
10725	10725	1
1663	768	1
5897	10613	1
5288	4490	1
5248	5670	1
10726	10726	1
10727	10727	1
5582	3245	1
1686	5221	1
9446	5221	1
3757	1512	1
342	8989	1
221	294	1
3245	5582	1
1062	455	1
10728	8881	1
7421	5663	1
7741	7031	1
8989	342	1
5623	184	1
5201	5558	1
3791	4393	1
2668	2969	1
4778	7688	1
516	6774	1
6798	3610	1
4025	4162	1
5949	4162	1
3850	3576	1
904	2083	1
2873	6247	1
10729	6622	1
3240	740	1
1323	6155	1
6956	6485	1
5783	5142	1
10354	8990	1
3109	5877	1
740	3886	1
6223	3450	1
6127	9947	1
6417	7723	1
10585	10585	1
4999	4887	1
6223	5689	1
1213	5142	1
3043	4979	1
5481	4979	1
3507	5804	1
5737	10601	1
3088	3450	1
3186	6164	1
6820	4855	1
1084	6736	1
10730	6657	1
3560	2907	1
5142	5783	1
906	1266	1
5757	5068	1
3775	5742	1
5142	1213	1
3426	1266	1
9245	1170	1
2935	2874	1
868	1266	1
936	1266	1
4916	4359	1
937	1266	1
5817	5642	1
4989	4286	1
1081	1170	1
5757	3510	1
5604	6790	1
7395	2234	1
2935	2686	1
7952	4286	1
3088	3020	1
1441	1170	1
418	4359	1
2632	1170	1
4796	4983	1
4437	2903	1
6865	4286	1
7586	10731	1
6223	3020	1
1587	8202	1
441	875	1
8451	875	1
1013	2119	1
10436	1351	1
8990	10354	1
10313	4286	1
9281	4286	1
8455	4286	1
6223	6300	1
7507	1170	1
9356	3020	1
9638	4286	1
3775	4250	1
871	871	1
6223	5688	1
4039	5688	1
1077	1170	1
3775	5688	1
7267	4286	1
10437	10721	1
6370	4992	1
1663	2380	1
1055	4992	1
10732	9545	1
3775	5411	1
1512	1170	1
5257	976	1
6657	10730	1
1188	546	1
7983	4286	1
2543	1170	1
9636	8390	1
5757	5503	1
242	241	1
1096	2620	1
9887	10639	1
3136	1170	1
1420	5717	1
897	5717	1
6247	5717	1
5391	4286	1
9979	7807	1
8881	436	1
1468	9423	1
9731	7154	1
1163	7223	1
1339	3514	1
10594	1697	1
8929	6187	1
5657	7423	1
1087	864	1
6172	6915	1
6234	6915	1
3020	3088	1
4444	6637	1
9300	6637	1
3450	3088	1
9709	5386	1
6223	2543	1
3775	2543	1
6446	6915	1
4635	6915	1
1618	8173	1
5904	6915	1
10733	10734	1
5142	6915	1
3109	5830	1
5068	6915	1
6452	6637	1
3992	5503	1
5280	5386	1
8246	6915	1
5084	6915	1
3315	1359	1
518	2203	1
4375	5386	1
441	7204	1
3918	3956	1
5745	2785	1
4657	10735	1
6637	9300	1
5549	2052	1
5642	3561	1
3020	9356	1
5257	6287	1
5386	9709	1
241	242	1
1713	519	1
3480	10120	1
10120	3480	1
10494	533	1
10332	880	1
9947	6127	1
4992	1055	1
4828	5185	1
7684	3480	1
2668	1537	1
10624	4091	1
4039	6373	1
4359	1212	1
21	788	1
2296	1279	1
5107	5386	1
524	816	1
1996	2457	1
546	1188	1
2296	2296	1
7660	816	1
4162	4025	1
5951	5929	1
1599	6213	1
2479	3542	1
262	7544	1
3426	1935	1
5386	5280	1
10203	519	1
5170	1842	1
6223	5856	1
3840	6544	1
3109	5888	1
7502	4788	1
3605	6544	1
2903	4437	1
5757	3865	1
6922	6081	1
3109	7836	1
2954	4184	1
1175	1647	1
5861	6922	1
7570	7262	1
8876	8931	1
9878	6385	1
1166	2167	1
1311	2167	1
601	10712	1
9759	7427	1
1041	9503	1
3109	3190	1
5125	3978	1
3190	3190	1
1722	4663	1
8177	7949	1
10736	7949	1
4663	1722	1
7544	262	1
727	1647	1
7031	5800	1
936	937	1
3514	1339	1
7723	6417	1
7484	8389	1
6094	10737	1
9274	9263	1
937	936	1
3109	5640	1
7154	9731	1
8774	4007	1
10706	8676	1
2894	186	1
4939	10415	1
6489	5418	1
367	82	1
9271	1069	1
82	367	1
9374	9375	1
10738	6365	1
2481	3786	1
4355	2383	1
4855	6820	1
7858	6107	1
5541	7564	1
10739	10739	1
10542	9410	1
7223	1163	1
9009	10639	1
10639	9009	1
1599	1599	1
8595	8286	1
6230	9719	1
920	6458	1
5142	6320	1
518	7214	1
2873	4930	1
10740	7672	1
3613	762	1
3399	3769	1
4029	5228	1
3171	3303	1
3775	4747	1
5822	6329	1
8717	4437	1
9198	9198	1
519	1713	1
1091	461	1
4757	3763	1
7949	10736	1
5282	4485	1
10475	6625	1
6564	10389	1
5257	1109	1
8467	6237	1
4624	5622	1
4485	5282	1
3825	5854	1
5188	8660	1
7282	4274	1
1663	228	1
8071	10411	1
1243	1209	1
6127	885	1
7452	10511	1
1599	6266	1
7688	4778	1
9649	1081	1
1314	9980	1
3109	8609	1
601	9980	1
869	1120	1
4286	4286	1
10516	10516	1
8225	7653	1
9423	1468	1
10002	4363	1
5263	9095	1
9416	8369	1
3877	2347	1
2678	4032	1
1108	3645	1
1700	5923	1
7801	4363	1
4163	2420	1
5461	8609	1
6915	8246	1
1594	1077	1
634	1077	1
5125	1266	1
3775	7507	1
9600	9931	1
10735	4657	1
6637	6452	1
2935	908	1
3950	4445	1
3109	9280	1
7791	5882	1
6128	10741	1
9863	9897	1
4647	3440	1
9477	10736	1
7228	3248	1
5603	670	1
3647	3440	1
4432	4433	1
4286	5392	1
374	10742	1
5553	5384	1
6915	6234	1
5142	7158	1
5068	7158	1
8129	625	1
10743	2349	1
8222	6365	1
5757	625	1
6492	6365	1
6320	7158	1
530	614	1
8246	7158	1
7223	8164	1
6458	920	1
3769	3399	1
8121	7158	1
2935	6716	1
7083	4726	1
2753	5156	1
5757	7316	1
10744	10745	1
10205	1032	1
3855	2422	1
6365	8222	1
10570	8222	1
10746	10746	1
7158	8121	1
8855	9587	1
8222	10570	1
7739	6182	1
1504	8781	1
2297	2480	1
375	10742	1
9067	10507	1
9410	10542	1
8639	5722	1
2556	5064	1
4039	7158	1
4983	4796	1
10687	8977	1
6365	10738	1
8819	10742	1
4433	4432	1
5411	5520	1
5489	2902	1
666	3998	1
10639	9887	1
5324	3361	1
6299	6373	1
6365	6492	1
3704	6373	1
8676	10706	1
4934	3603	1
5894	6783	1
8404	5229	1
8774	4069	1
4726	6783	1
2653	2479	1
8164	7223	1
9402	9452	1
6813	7481	1
6770	636	1
4710	2163	1
6236	8781	1
1727	4725	1
9452	9402	1
2668	2751	1
10506	1910	1
4989	1910	1
7780	7145	1
8600	9235	1
6373	6299	1
6233	5564	1
6533	6532	1
4039	4877	1
10613	5897	1
10747	10505	1
10632	7988	1
4053	8643	1
2630	2260	1
7318	7319	1
9587	8855	1
8141	8404	1
611	5295	1
7796	8207	1
6779	5541	1
4504	4122	1
10574	4525	1
4189	2636	1
10086	3323	1
10594	4346	1
8962	6165	1
10748	10748	1
402	3602	1
10411	8071	1
6164	3186	1
2004	3186	1
10749	10749	1
164	4025	1
7360	6866	1
10023	10023	1
1663	8444	1
4286	6866	1
9235	8600	1
8261	7262	1
10313	6866	1
1663	5050	1
10488	6843	1
1647	4164	1
5773	7672	1
4801	10574	1
3775	4608	1
926	1791	1
4751	9058	1
2422	3855	1
4346	10594	1
1188	8204	1
10121	8160	1
4954	9236	1
3978	5125	1
1523	1338	1
5365	3795	1
6374	937	1
9665	965	1
937	6374	1
3426	6840	1
1338	1523	1
6446	4431	1
10750	10750	1
2935	3177	1
10713	7831	1
3440	4647	1
2935	3895	1
9773	9690	1
5689	6223	1
6866	7360	1
10473	2914	1
2479	2653	1
8164	5437	1
768	10751	1
5688	6223	1
9931	9600	1
2543	6223	1
10488	10488	1
7831	10713	1
9773	9860	1
10752	2328	1
10753	10324	1
1069	9271	1
4580	10637	1
1163	2914	1
7308	8707	1
1301	2190	1
1711	10754	1
2193	2349	1
6734	6409	1
2184	4369	1
10755	10755	1
7460	7461	1
6171	7894	1
6774	3797	1
5542	9236	1
4983	4561	1
8609	6059	1
4635	4735	1
4431	6446	1
6371	9236	1
10756	10756	1
6783	9897	1
4977	10699	1
6409	6734	1
7922	4020	1
7894	6171	1
6007	6008	1
6426	6987	1
3797	6774	1
9722	9723	1
7373	7373	1
10507	6625	1
4158	6127	1
259	258	1
7158	5142	1
6915	5142	1
3229	4184	1
9488	2107	1
2726	2727	1
6840	3426	1
8962	6820	1
6297	8017	1
5586	2727	1
3109	6107	1
10757	10757	1
6119	9207	1
1631	5581	1
7800	1953	1
5062	5843	1
2721	6784	1
4184	3229	1
5203	6312	1
825	7837	1
5393	2712	1
6165	8962	1
6820	8962	1
7837	825	1
5541	6779	1
10758	7086	1
7714	7753	1
4977	4431	1
