9034	8268	1
3166	6784	1
8676	8333	1
5551	692	1
10807	6414	1
1504	1358	1
1358	1504	1
266	265	1
2842	2316	1
4038	6320	1
2185	2316	1
5634	7885	1
10874	5423	1
8515	5423	1
10273	9254	1
944	912	1
6395	8162	1
1257	5136	1
2569	7673	1
10942	10942	1
2091	2529	1
5307	8421	1
1143	205	1
6820	6107	1
1813	8020	1
10012	8756	1
10943	4720	1
715	749	1
2423	2403	1
4801	5301	1
647	5783	1
4720	10943	1
6373	2902	1
1143	2051	1
6320	4038	1
3999	7317	1
3153	10750	1
9133	5028	1
5764	2121	1
2721	3166	1
2120	2121	1
3499	8880	1
4506	6034	1
9438	10390	1
6784	3166	1
4774	10944	1
1562	4115	1
1096	5039	1
6820	7066	1
5301	4801	1
2673	3161	1
6185	5825	1
10945	10945	1
4645	1858	1
10946	10945	1
7940	8026	1
3991	5935	1
3579	3580	1
1487	1858	1
5904	5374	1
782	781	1
2276	3161	1
5693	6635	1
4830	5861	1
4376	2641	1
10701	8608	1
366	1493	1
3202	1869	1
5297	5774	1
1878	2250	1
1886	2250	1
8364	7274	1
1143	3062	1
5181	5180	1
6171	6615	1
4694	2697	1
10552	3173	1
10947	10947	1
2934	6646	1
3202	7501	1
6373	6279	1
3658	1921	1
2666	304	1
4136	10356	1
5543	5544	1
7570	9105	1
8451	10762	1
10765	10762	1
10769	7435	1
8141	1096	1
5039	1096	1
7645	905	1
4511	13	1
239	8315	1
10174	6428	1
9456	6929	1
10518	10333	1
7243	7243	1
6428	6428	1
6952	10096	1
2164	2072	1
5423	10874	1
9365	5090	1
4345	4346	1
9494	9495	1
8875	6080	1
1506	7502	1
5377	7370	1
5307	10327	1
2691	2649	1
569	1108	1
1143	1108	1
905	7645	1
3202	2874	1
5288	4490	1
945	6458	1
5085	9612	1
1108	569	1
5423	8515	1
6458	945	1
10552	770	1
2737	7496	1
3252	5242	1
1562	2383	1
6466	10772	1
5536	7367	1
10552	228	1
8198	7367	1
10948	10948	1
10949	10949	1
3066	3826	1
5861	4830	1
1402	5674	1
3499	253	1
2427	5674	1
10950	10950	1
7446	9687	1
2043	5778	1
3202	10770	1
9876	6836	1
6299	10885	1
2416	2475	1
10362	10362	1
2171	4418	1
3229	5604	1
10821	6579	1
7103	4184	1
3105	9519	1
7754	6499	1
10881	2192	1
9234	2506	1
70	5628	1
7334	6206	1
6628	5047	1
5548	9254	1
868	1266	1
5281	5197	1
7103	2239	1
5904	4135	1
6286	5835	1
9503	812	1
2741	1362	1
4493	3239	1
5542	4954	1
10951	10951	1
628	627	1
3499	3743	1
4956	6845	1
6843	10488	1
4490	5288	1
5307	5107	1
825	7837	1
4954	5542	1
7837	825	1
5783	5939	1
2250	1886	1
5307	4603	1
7103	1128	1
1005	5160	1
5976	1734	1
5826	8141	1
3109	5374	1
7836	5374	1
5143	2014	1
5107	5386	1
4171	1727	1
6845	4956	1
8934	10924	1
1717	631	1
3817	6857	1
1619	5266	1
7367	8198	1
4164	1647	1
3161	2673	1
2691	1428	1
2171	1379	1
7060	6084	1
70	71	1
5266	1619	1
6054	466	1
5908	5497	1
5307	4437	1
3202	3177	1
1143	4023	1
3185	8466	1
4418	2171	1
7613	1829	1
1727	4171	1
7378	625	1
7650	4900	1
3954	3010	1
10952	10952	1
6513	2379	1
4006	5723	1
70	190	1
2550	1097	1
5120	5121	1
906	1266	1
2584	8256	1
5307	6706	1
2335	10953	1
2415	1541	1
944	889	1
625	624	1
4123	2630	1
3662	5526	1
5835	6286	1
1562	651	1
4346	4345	1
2641	5695	1
2769	8173	1
1541	2415	1
9966	8975	1
10739	3206	1
3353	7645	1
3202	1370	1
10954	10955	1
5441	5348	1
4611	1791	1
59	10391	1
10881	1617	1
4939	9248	1
6193	7980	1
8786	3567	1
2957	7740	1
5307	6647	1
4485	5877	1
8608	10701	1
3707	3567	1
2741	1838	1
944	3567	1
993	3270	1
3017	3567	1
10552	4496	1
2771	156	1
10518	10904	1
3662	4221	1
1064	5458	1
1143	2415	1
2741	2694	1
5307	7311	1
8244	1992	1
3270	993	1
1791	6525	1
1992	8244	1
7645	3353	1
8364	5888	1
5695	2641	1
5307	6343	1
7196	1134	1
5544	5543	1
9815	2843	1
9328	1744	1
8623	1744	1
7132	4252	1
3476	1744	1
8744	4401	1
1455	1744	1
10376	7811	1
1143	226	1
3119	2360	1
8374	7308	1
4833	3938	1
391	5455	1
6104	7145	1
8975	9966	1
9896	5455	1
1143	6023	1
987	10145	1
1299	8173	1
9410	10145	1
4611	6525	1
70	1769	1
9832	9832	1
2894	186	1
5028	5485	1
3804	1879	1
2807	4453	1
8466	3185	1
5374	3109	1
4432	6022	1
2891	3261	1
7378	4246	1
6227	7413	1
10762	2886	1
5650	8243	1
781	782	1
4056	1725	1
70	3185	1
2316	3899	1
5497	5498	1
5497	5908	1
5411	7804	1
1508	2756	1
5307	8233	1
7650	4999	1
5307	4592	1
10795	10795	1
7648	10772	1
2843	9815	1
6104	8609	1
594	13	1
8587	8195	1
3161	2276	1
624	625	1
7128	7988	1
5570	2018	1
3456	2457	1
8958	10931	1
2171	7427	1
5136	4963	1
6942	5096	1
3206	10739	1
623	4963	1
5542	7564	1
8243	5650	1
647	5096	1
7138	6316	1
6839	10918	1
9707	4963	1
9569	2978	1
5635	7893	1
6316	7138	1
7564	5542	1
9687	7825	1
10931	8958	1
8836	9394	1
7502	1506	1
6922	5861	1
8880	3499	1
5100	7384	1
6084	7060	1
253	3499	1
4025	2666	1
3743	3499	1
10389	6564	1
4084	10899	1
2042	9159	1
9013	10442	1
9365	7423	1
3497	1891	1
6649	3753	1
6929	9456	1
1394	7423	1
2741	4171	1
6548	5921	1
4689	10899	1
6153	6154	1
6649	6146	1
7825	9687	1
10899	4084	1
5799	5388	1
9783	10442	1
6107	4320	1
10442	9013	1
3753	6649	1
6146	6649	1
8139	5809	1
6646	2934	1
5197	6344	1
5632	5631	1
9356	5047	1
7893	5635	1
4243	4068	1
10801	10801	1
23	1062	1
6007	6008	1
7612	7368	1
4810	9223	1
6869	4624	1
2756	1508	1
5423	9223	1
2802	4525	1
4589	6513	1
2404	7901	1
5175	3562	1
4064	2620	1
5524	4241	1
5519	6236	1
1338	1523	1
5301	6236	1
2459	2460	1
3709	3708	1
6365	9790	1
4624	6869	1
835	2935	1
2935	835	1
9687	7446	1
10390	1786	1
6236	5519	1
2112	2859	1
5388	5799	1
5737	6066	1
4241	5524	1
5485	5028	1
10778	6564	1
9533	2425	1
8940	7408	1
6082	6082	1
8364	5191	1
1143	3262	1
647	7401	1
7423	1394	1
6727	6040	1
3855	3366	1
4390	4525	1
2475	2416	1
6066	5737	1
7940	7262	1
8195	8587	1
3366	4084	1
374	10742	1
3109	5904	1
2741	5630	1
5086	5087	1
7654	9300	1
4977	8361	1
9872	10742	1
3567	3707	1
6564	10389	1
4064	5203	1
411	10742	1
1143	2355	1
5904	5904	1
5778	2043	1
5773	7672	1
5047	9356	1
1062	23	1
3202	2585	1
5533	304	1
6564	10778	1
5606	7901	1
9569	1725	1
5546	4174	1
2478	5404	1
10389	9251	1
4802	5262	1
3245	5582	1
1493	366	1
5262	6365	1
7988	7128	1
6365	5262	1
5404	2478	1
6365	6492	1
5215	7989	1
3202	1381	1
4145	1109	1
70	2276	1
2741	7918	1
10956	10956	1
5307	10576	1
6143	1786	1
7989	5215	1
5897	7487	1
2380	9267	1
4657	4885	1
2609	1725	1
10840	10840	1
3091	9267	1
5307	5836	1
2698	5853	1
7367	5536	1
70	395	1
2525	2526	1
6236	4426	1
7318	9852	1
70	95	1
9270	6200	1
1377	6057	1
569	1483	1
7368	9299	1
10957	10957	1
2653	3310	1
7901	5606	1
317	7785	1
9299	7368	1
1535	3851	1
7413	6227	1
5446	2077	1
9300	6951	1
9359	6584	1
7383	7213	1
400	4180	1
7501	8707	1
7496	2737	1
8064	10520	1
9852	7318	1
5797	8092	1
6492	6365	1
1523	1338	1
8159	8092	1
7383	7334	1
10609	8785	1
2630	4123	1
3345	10434	1
6328	8092	1
7408	10904	1
5893	8092	1
6521	8092	1
4946	8092	1
9693	7969	1
3242	10904	1
2403	2423	1
964	8092	1
5590	8610	1
5452	8092	1
10376	8980	1
1599	3310	1
4525	2802	1
10687	6068	1
5836	5307	1
13	594	1
5203	4064	1
10552	334	1
993	7520	1
9223	5423	1
485	486	1
10324	10434	1
7103	4395	1
7969	9693	1
2547	486	1
8247	4842	1
70	1862	1
7785	317	1
9018	10715	1
6414	10807	1
5329	5280	1
1666	1469	1
9702	9702	1
3855	2422	1
2946	323	1
10376	10379	1
6816	6492	1
9569	3457	1
2905	3457	1
8776	3457	1
9267	2380	1
6930	10083	1
10881	985	1
6437	7722	1
9223	4810	1
10083	6930	1
7303	3984	1
4084	3366	1
8650	6115	1
10506	10313	1
705	5671	1
7595	7592	1
4252	7132	1
8998	9791	1
7613	8688	1
9314	6319	1
569	7644	1
7520	993	1
10313	10506	1
4363	10002	1
8286	8595	1
4692	9031	1
5939	5783	1
238	564	1
10958	6923	1
8647	5188	1
4812	4910	1
8092	5893	1
3899	2316	1
7784	7033	1
9930	10284	1
10959	3136	1
70	1998	1
7145	6104	1
8609	6104	1
70	1185	1
9087	572	1
1727	4725	1
4457	564	1
2741	2322	1
7033	7784	1
4199	1781	1
5809	8139	1
2616	3136	1
9962	10506	1
10442	6382	1
6227	3008	1
10909	6281	1
7901	2404	1
1481	5087	1
2318	2966	1
5000	4901	1
8425	6923	1
1512	3136	1
9132	7042	1
2915	3136	1
6281	10909	1
6316	4084	1
4093	1910	1
1781	4199	1
10899	4689	1
3562	5175	1
10286	10286	1
4842	8975	1
5027	5234	1
5087	1481	1
9815	7136	1
10958	5684	1
9367	9368	1
2922	9368	1
6923	5684	1
7180	4241	1
9541	2116	1
4020	6897	1
9610	9997	1
9246	8176	1
10960	9131	1
8207	9368	1
5281	6103	1
424	29	1
9717	10273	1
3202	6757	1
10434	10324	1
6492	6816	1
3499	4241	1
3499	6880	1
5922	5	1
6119	6615	1
10938	5876	1
5876	10938	1
4655	6454	1
5234	5027	1
7308	4064	1
2588	8668	1
2907	3560	1
4626	2185	1
6115	8650	1
396	10817	1
4170	2758	1
2353	10961	1
8208	9881	1
7407	10938	1
5084	3985	1
4687	2910	1
1469	3723	1
5853	2698	1
8492	4724	1
4174	5546	1
3310	3964	1
569	858	1
5281	9230	1
8729	10873	1
70	2712	1
10376	7375	1
988	4216	1
569	319	1
5104	2326	1
9997	9610	1
4437	7312	1
467	4015	1
5910	5910	1
4453	2807	1
1176	1022	1
2420	2611	1
7050	410	1
5307	6321	1
10552	229	1
5419	9022	1
7401	647	1
2422	3855	1
3366	3855	1
4220	4221	1
2873	8141	1
2399	5750	1
2894	2634	1
6306	7396	1
1143	3828	1
8244	5916	1
5932	9727	1
2611	2420	1
10962	3610	1
4064	7308	1
10963	325	1
10442	9783	1
2179	325	1
9013	9783	1
2171	3925	1
10762	8451	1
4437	9230	1
5783	647	1
10964	6793	1
10325	7919	1
2809	2810	1
564	238	1
3662	3663	1
6127	690	1
204	205	1
3964	3310	1
2804	1135	1
10356	4136	1
6448	8031	1
9200	10007	1
6454	4655	1
3865	3817	1
9860	9773	1
3595	585	1
