4286	5392	1
7866	3886	1
4286	8455	1
6585	8774	1
4175	8123	1
319	569	1
5136	4963	1
4653	4478	1
8264	8264	1
5376	42	1
8790	3958	1
1992	4217	1
7128	7128	1
2700	2407	1
6915	4635	1
4735	4635	1
4423	4217	1
5897	10613	1
4163	1176	1
564	4475	1
10817	396	1
8286	8595	1
8049	8365	1
5087	5086	1
7821	6900	1
2721	5796	1
314	870	1
9735	5294	1
5423	8515	1
8451	10765	1
8425	6923	1
3248	8985	1
3989	1284	1
8774	1884	1
2135	1338	1
3549	2800	1
5197	6103	1
7924	3640	1
10818	5407	1
8261	7262	1
10819	3606	1
970	461	1
2065	9247	1
4061	1338	1
4475	564	1
5227	7974	1
8365	4447	1
7974	5227	1
4217	6301	1
8037	9327	1
1199	1812	1
9480	8680	1
4951	4793	1
1855	10217	1
2912	8931	1
2101	2943	1
8515	5423	1
8610	10820	1
4217	4765	1
10466	10821	1
3450	6700	1
3056	879	1
7423	5259	1
5249	1737	1
4207	5248	1
9132	9084	1
10095	6045	1
7209	5354	1
4171	1055	1
4592	5219	1
7423	9213	1
6952	5994	1
3195	2087	1
5171	586	1
3163	5221	1
1687	1680	1
5154	7604	1
1338	2135	1
9084	7042	1
8141	1740	1
3177	2935	1
3895	2935	1
4136	7158	1
4174	5248	1
8570	7446	1
1182	1169	1
2935	3177	1
1169	1182	1
5047	2935	1
2935	5047	1
1740	8141	1
1338	5660	1
2543	6223	1
7147	1114	1
7019	4318	1
4635	4735	1
1209	705	1
3149	1427	1
8696	2935	1
1243	705	1
835	2935	1
4525	8724	1
7022	705	1
2935	835	1
1176	4163	1
8978	10518	1
1964	5159	1
4524	7817	1
9930	10822	1
5159	1964	1
8525	8526	1
8600	9235	1
705	7022	1
737	1081	1
10806	10805	1
3248	7228	1
5281	9230	1
3310	1599	1
2904	1754	1
6213	1599	1
2420	2611	1
4936	5374	1
5796	4876	1
5281	6757	1
9009	10259	1
4704	6757	1
3121	3674	1
5513	6181	1
1813	1019	1
4341	7616	1
10204	5070	1
7228	3248	1
8985	3248	1
3136	993	1
3397	3722	1
10823	6846	1
395	205	1
5939	5783	1
3722	3397	1
5357	7783	1
4369	2184	1
5301	6055	1
9267	1317	1
2721	664	1
8774	3109	1
2997	3561	1
28	6667	1
6813	6667	1
10259	9009	1
10613	10613	1
993	3136	1
1000	807	1
5027	5234	1
1714	3408	1
10464	4939	1
7128	10491	1
9095	5263	1
8365	8049	1
5263	9095	1
4172	1900	1
5197	6504	1
295	8173	1
1090	147	1
4478	4653	1
8802	10130	1
9198	9198	1
2904	4955	1
9223	4810	1
2471	86	1
150	4464	1
7421	5663	1
150	342	1
8856	604	1
5234	5027	1
1289	1254	1
9930	2228	1
3738	5128	1
1075	4920	1
5171	2341	1
1212	4359	1
3493	3819	1
4369	1654	1
10824	9039	1
9470	5694	1
1703	385	1
10044	10044	1
2890	2435	1
4611	6525	1
2448	7095	1
5026	5027	1
7019	4720	1
7558	7095	1
4274	7282	1
8405	6370	1
9084	10742	1
5130	3818	1
9872	10742	1
4679	3051	1
9519	4815	1
5803	5804	1
3088	3020	1
8562	4815	1
5804	5803	1
10259	7336	1
5994	6952	1
375	10742	1
6188	4815	1
7165	7165	1
2152	1240	1
807	1000	1
9938	6128	1
5694	9470	1
2465	6087	1
2467	10825	1
1599	3310	1
8248	10742	1
9777	630	1
4217	1992	1
9733	9702	1
4200	3630	1
10618	8729	1
10613	5897	1
7120	6146	1
7282	4274	1
630	9777	1
2636	4189	1
10826	10827	1
1726	2613	1
5799	8789	1
5027	3647	1
2051	1558	1
1019	1813	1
8093	7484	1
7704	7705	1
1213	7382	1
4663	75	1
10828	7021	1
6330	6230	1
3020	3088	1
2228	9930	1
1560	8776	1
10204	8204	1
4611	1791	1
8243	5650	1
9876	6836	1
926	1791	1
7484	8093	1
10431	10829	1
10204	5008	1
6146	7120	1
7948	10830	1
8641	9507	1
7228	7229	1
425	897	1
4260	4815	1
4159	8255	1
5044	4009	1
2611	2420	1
5663	7421	1
10232	3487	1
9234	9488	1
10205	10016	1
10249	7559	1
10831	6439	1
4755	2446	1
7911	4815	1
3064	3487	1
9234	2107	1
3613	762	1
9488	9234	1
10797	5773	1
8391	9431	1
9356	5815	1
5351	10775	1
3891	4239	1
5034	92	1
6179	6180	1
725	3934	1
2196	717	1
7789	8336	1
396	10817	1
1599	6213	1
1741	4021	1
9973	10043	1
4940	9155	1
4064	2620	1
2668	1707	1
10832	10832	1
1188	6506	1
8891	5618	1
1081	737	1
5660	1338	1
8328	10043	1
1402	5674	1
9176	9177	1
6045	10095	1
2904	1573	1
7604	5154	1
506	791	1
9155	4940	1
129	5633	1
3186	6164	1
1812	1199	1
5423	857	1
3506	5210	1
8774	6193	1
5411	5520	1
7019	5630	1
2014	5143	1
3785	1842	1
8412	1910	1
3455	7718	1
6062	4506	1
5178	10185	1
2580	4238	1
4217	4423	1
10095	6084	1
8876	8931	1
5739	8726	1
9058	4751	1
3493	1740	1
7446	8570	1
10457	10833	1
1013	4511	1
2941	477	1
5783	5446	1
10834	429	1
1467	187	1
4948	5943	1
5027	5691	1
6768	9498	1
3197	1855	1
10043	9973	1
8405	1854	1
8774	5684	1
7082	2198	1
5922	5	1
8774	5888	1
569	319	1
391	5455	1
8973	9144	1
5155	10835	1
2198	7082	1
3451	5928	1
3775	4871	1
10614	2004	1
5386	5281	1
897	3044	1
9230	5281	1
4890	5250	1
5281	5280	1
1060	3587	1
805	805	1
8655	2419	1
3660	10836	1
6162	1488	1
10813	3863	1
6678	9581	1
1087	864	1
10835	5155	1
3229	395	1
205	395	1
7106	1269	1
7660	816	1
8774	5043	1
5027	5043	1
5847	5000	1
9069	10567	1
7229	7228	1
10782	8331	1
4430	6372	1
2419	8655	1
7019	2524	1
10571	1407	1
7318	7639	1
10522	10522	1
5736	7621	1
10130	8802	1
5043	899	1
6997	3992	1
5773	10797	1
1245	899	1
6084	10095	1
10775	5351	1
5	5	1
385	1703	1
1586	677	1
5612	8126	1
5736	6848	1
1075	1074	1
10837	6848	1
4281	9600	1
5374	4936	1
3121	1740	1
10468	9409	1
9786	9409	1
3950	10838	1
150	4196	1
6343	4883	1
5376	6088	1
5171	10025	1
342	7009	1
878	3056	1
4370	4383	1
8587	8195	1
8774	8803	1
8973	5612	1
2232	3537	1
4543	10704	1
5517	6211	1
9949	9360	1
9359	9360	1
5027	3366	1
4806	5408	1
3366	5027	1
5934	9360	1
5027	4363	1
2771	156	1
10204	10314	1
8109	4383	1
6046	4523	1
7308	7375	1
5191	8214	1
10632	9727	1
5280	5281	1
10604	10839	1
429	10834	1
8322	8322	1
5027	5353	1
1209	1209	1
6164	3186	1
5027	5026	1
887	870	1
4162	5949	1
10840	10841	1
5612	8973	1
2879	4810	1
7382	1213	1
4613	5824	1
7813	8570	1
334	9087	1
1859	896	1
3245	5582	1
1410	3547	1
8369	9416	1
4238	2580	1
3892	7736	1
4171	4725	1
1055	4725	1
7780	9895	1
5099	2019	1
1727	4725	1
6211	5693	1
5517	5693	1
9101	9883	1
1855	5830	1
2381	2381	1
6997	1341	1
6414	10807	1
8288	8289	1
8214	5191	1
1727	1055	1
4810	9223	1
3902	5693	1
455	4370	1
5262	10649	1
8774	6923	1
2196	1237	1
2776	271	1
8803	8247	1
10842	10273	1
8247	8803	1
10838	3950	1
5582	3245	1
4383	4370	1
9895	7780	1
4286	7983	1
647	5783	1
5446	5783	1
9360	9949	1
7153	3121	1
2613	1726	1
1055	1727	1
7375	7308	1
4751	9058	1
9207	930	1
2104	3408	1
2525	2526	1
7739	6182	1
4824	9879	1
7318	7319	1
4662	4133	1
10412	4133	1
998	5263	1
9788	10546	1
7707	359	1
7019	7196	1
3056	878	1
10204	1935	1
10762	8451	1
10765	8451	1
3852	4159	1
8246	10843	1
9687	7446	1
1030	4677	1
10807	6414	1
1280	1281	1
1716	10844	1
2511	10599	1
5129	10379	1
7714	6414	1
3405	3404	1
1025	993	1
6343	6251	1
10845	8756	1
7780	8331	1
4581	10769	1
5943	4948	1
6251	6343	1
10331	10331	1
4613	9330	1
5353	5027	1
5043	5027	1
2526	2525	1
3647	5027	1
5084	8785	1
7009	342	1
7604	10145	1
6843	6858	1
9587	9467	1
10145	7604	1
