7989	5215	1
5809	5791	1
9687	7446	1
9188	5809	1
5791	5809	1
10761	2294	1
6450	9960	1
8600	9235	1
10280	5150	1
10761	2909	1
8243	5650	1
4778	7117	1
1813	8020	1
5232	5233	1
7117	4778	1
6409	2537	1
3507	5804	1
4560	4876	1
4765	4217	1
7592	7593	1
2264	573	1
6845	2801	1
10992	10991	1
10464	2343	1
10994	10994	1
5869	2343	1
5926	6021	1
3998	666	1
9791	7291	1
5988	6021	1
6039	8177	1
4313	5624	1
10995	6876	1
2186	5624	1
10769	7435	1
6876	10995	1
3797	6774	1
9860	10639	1
5650	8243	1
5267	6635	1
9488	9193	1
5624	4313	1
2801	6845	1
524	816	1
1134	7196	1
6123	10811	1
5085	6928	1
10996	9731	1
2653	7241	1
10947	10947	1
8587	5535	1
4370	5354	1
10874	5423	1
8515	5423	1
3091	9267	1
5423	8515	1
1681	4657	1
4184	2954	1
2283	6269	1
10507	9067	1
7785	317	1
6959	7505	1
4135	5904	1
10330	7204	1
3366	8501	1
10522	10522	1
5386	10982	1
9223	9244	1
8451	8867	1
1096	1099	1
3311	1099	1
1436	3194	1
10344	10344	1
6918	1361	1
10331	1317	1
6774	3797	1
4123	2260	1
7645	3353	1
3366	5027	1
7274	6564	1
477	4703	1
5804	3507	1
160	86	1
3284	1358	1
9193	9488	1
10997	5131	1
8192	8219	1
4769	6454	1
3457	8776	1
2954	4184	1
10886	4525	1
9772	7613	1
129	4064	1
5423	10874	1
10348	10998	1
7505	6959	1
7108	3315	1
6873	4634	1
10618	8729	1
8219	8192	1
8444	4208	1
2506	9234	1
5904	4135	1
9234	2506	1
10701	10701	1
9767	8680	1
5267	4905	1
645	1848	1
912	466	1
7971	7854	1
6236	5519	1
10999	11000	1
3567	466	1
3881	7854	1
5267	4753	1
5700	11001	1
9876	1615	1
2446	4755	1
7667	7854	1
10883	10882	1
9246	8176	1
4123	2754	1
3982	1891	1
1476	5411	1
2420	5411	1
9341	7255	1
486	485	1
5283	10897	1
3353	7645	1
1484	11002	1
5411	2420	1
156	155	1
5267	7507	1
2894	2634	1
5783	4485	1
10005	10005	1
6245	5047	1
8204	7507	1
6267	7507	1
10333	10518	1
9772	10409	1
5267	6168	1
1508	5818	1
9158	6168	1
222	2190	1
4758	3541	1
3570	9170	1
4007	3232	1
1660	2390	1
4064	129	1
5809	3248	1
7785	5549	1
7446	9687	1
10938	7407	1
8141	8404	1
1629	7079	1
1812	2084	1
5845	7331	1
328	2776	1
5047	9425	1
10674	11003	1
11004	11004	1
1660	4789	1
1062	7746	1
5773	7672	1
1660	3120	1
3850	5822	1
3366	4084	1
10506	9962	1
854	1504	1
5	5922	1
6021	5926	1
3249	9300	1
10409	9772	1
7613	9772	1
9772	2855	1
2308	9962	1
8315	239	1
455	239	1
10180	511	1
6168	9158	1
5205	5204	1
11002	1484	1
1289	466	1
6973	7497	1
342	246	1
1599	6213	1
5267	6681	1
4601	246	1
5267	4422	1
3345	5866	1
9154	9155	1
10787	5866	1
5267	5934	1
5267	5588	1
9158	5796	1
5203	2113	1
4830	1193	1
3248	8985	1
8245	7659	1
6761	10208	1
4988	1536	1
10206	10207	1
3310	1599	1
2043	6668	1
7570	10208	1
4983	4561	1
5825	6185	1
6213	1599	1
4485	4561	1
11005	11005	1
3284	3091	1
9267	3091	1
5663	7421	1
2245	8096	1
9575	5704	1
3342	1930	1
8975	9966	1
7031	5800	1
4988	5667	1
420	2585	1
7741	5800	1
2403	5667	1
5519	6236	1
9462	9295	1
7421	5663	1
2589	770	1
9470	5694	1
9575	5694	1
2234	2360	1
2909	10761	1
802	3607	1
2604	6294	1
4525	10886	1
4376	2641	1
6506	5934	1
8051	4320	1
5175	5185	1
5280	9389	1
3282	4491	1
7712	1622	1
3176	3411	1
8092	6328	1
2127	2124	1
4729	5869	1
9575	2776	1
7804	5411	1
4579	2647	1
1100	1099	1
3248	5809	1
5281	6344	1
3203	1103	1
5388	10226	1
781	782	1
3206	3595	1
3398	3864	1
971	5137	1
5267	3450	1
3162	9133	1
11006	5306	1
8492	4445	1
8092	4946	1
239	438	1
2481	2915	1
1096	2915	1
5694	9470	1
4507	1622	1
3121	1270	1
4123	2978	1
854	3262	1
1644	2966	1
5934	6506	1
4084	6316	1
3287	3660	1
5843	5062	1
5468	5926	1
5267	1512	1
1894	3869	1
6668	2043	1
2641	4376	1
4951	3451	1
2025	588	1
9067	10507	1
8541	5443	1
8420	6243	1
9860	5161	1
8676	1134	1
10706	1134	1
7196	1134	1
6243	8420	1
8822	5773	1
9772	2874	1
5298	7230	1
3085	6289	1
9133	3162	1
9158	7526	1
5267	3211	1
10507	3404	1
4755	2446	1
4703	477	1
3404	10507	1
1848	645	1
7006	11007	1
2027	2028	1
4123	665	1
5809	7114	1
5167	2028	1
8206	8206	1
8886	10701	1
2450	6062	1
321	8573	1
6989	3030	1
5869	280	1
6649	3753	1
7407	10938	1
9772	6321	1
9244	9223	1
10837	6848	1
3635	8294	1
9009	9009	1
7318	7535	1
5262	4802	1
8736	1742	1
6365	4802	1
1615	9876	1
8689	8689	1
1077	1985	1
7179	7731	1
4751	3213	1
6648	5598	1
7624	3335	1
4313	778	1
518	3171	1
5822	3854	1
4687	4800	1
646	4554	1
10984	3688	1
3812	9736	1
9966	8975	1
2420	944	1
1193	4830	1
1641	5470	1
988	4216	1
7731	7179	1
3459	10220	1
11008	5123	1
10957	8823	1
10897	5283	1
10574	5888	1
7817	3274	1
1100	6424	1
5869	4930	1
8412	7992	1
6415	7992	1
778	4313	1
3190	3651	1
1958	1062	1
5062	5843	1
9235	8600	1
9524	8549	1
4216	988	1
5215	7989	1
7114	5809	1
2234	1126	1
10507	6625	1
5773	8822	1
5267	5107	1
3379	2093	1
9962	10506	1
6869	9790	1
5346	868	1
4836	8967	1
10955	10954	1
10899	4689	1
3865	8967	1
8247	8803	1
280	5869	1
4879	4879	1
1268	2017	1
5866	3345	1
11009	11009	1
3020	3450	1
9356	3020	1
3450	3020	1
4810	5314	1
7873	1810	1
9453	6615	1
3091	644	1
2315	10021	1
7501	8707	1
1062	1958	1
4020	9901	1
8341	8341	1
3311	7271	1
4657	8104	1
885	1718	1
11010	11010	1
7223	2480	1
6081	4662	1
4577	6521	1
5267	1241	1
2601	2602	1
1828	2043	1
4123	690	1
4726	6783	1
4664	6783	1
2855	9772	1
2874	9772	1
6321	9772	1
1025	5458	1
6945	6946	1
4490	5288	1
1166	2192	1
4241	5068	1
604	1642	1
1642	604	1
11011	11011	1
6068	10687	1
5267	7308	1
9636	11011	1
520	1307	1
11012	9129	1
5481	3020	1
5481	7680	1
1141	1140	1
10344	4634	1
7457	7366	1
2112	549	1
1099	1100	1
6642	6643	1
9136	5671	1
1953	7213	1
4132	7807	1
6133	1062	1
8066	10963	1
8244	4873	1
6440	6269	1
8391	4873	1
2651	3111	1
10924	8934	1
10954	10955	1
5267	4906	1
6181	5197	1
8107	6930	1
7805	9538	1
2163	1099	1
5423	8512	1
3688	10984	1
8365	4447	1
8690	5519	1
6922	6922	1
3373	11013	1
8809	8420	1
9174	6985	1
7117	10699	1
6985	9174	1
3311	9819	1
8587	8195	1
3342	1585	1
8707	7501	1
8600	5219	1
8975	8802	1
7960	10907	1
