6845	10968	1
4301	4302	1
10968	6845	1
2801	6845	1
3998	666	1
10968	2801	1
6440	6269	1
4409	3950	1
8412	7852	1
3006	74	1
5443	8541	1
3668	6306	1
3950	4409	1
8546	5223	1
6637	4444	1
5411	5047	1
3479	11031	1
3802	11032	1
1629	1100	1
6845	2801	1
8740	3183	1
1718	885	1
1935	1099	1
1392	1099	1
4038	2973	1
6921	5588	1
6134	1813	1
6174	3183	1
10837	4241	1
1311	1817	1
6985	9174	1
8789	5799	1
1311	6087	1
4313	2776	1
2315	10021	1
11033	11034	1
2308	6499	1
3043	4578	1
11035	10938	1
4386	9159	1
11036	7213	1
8909	5365	1
11037	10938	1
4724	5941	1
627	628	1
3899	9159	1
747	4574	1
2209	2210	1
5468	5783	1
62	54	1
564	4457	1
9541	2116	1
666	3998	1
9237	3401	1
1185	2718	1
3817	8214	1
9541	8992	1
5468	5926	1
6396	3581	1
5197	6344	1
5789	3162	1
4368	10889	1
2558	5799	1
4038	4136	1
4241	10837	1
1108	628	1
9237	2572	1
10989	10945	1
8493	5717	1
5043	4797	1
5481	10101	1
614	614	1
10572	4134	1
564	8815	1
8007	5419	1
11038	11038	1
5327	882	1
11039	6496	1
1096	2228	1
6490	6022	1
2127	2124	1
2604	6294	1
8493	9389	1
4038	5849	1
10466	86	1
3688	10984	1
564	7644	1
863	1087	1
8211	1135	1
8412	9876	1
7319	7318	1
3985	5084	1
6915	5084	1
3826	4597	1
5419	8007	1
4727	4605	1
1311	2651	1
3162	5789	1
4134	2651	1
3111	2651	1
1126	2234	1
9174	6985	1
5800	7741	1
6037	9888	1
4133	4662	1
3020	9356	1
8548	7932	1
5632	2755	1
7254	5917	1
4635	5742	1
6321	8516	1
6294	2604	1
11021	10460	1
1134	8676	1
8333	8676	1
3487	3064	1
7553	7209	1
8516	6321	1
7302	7969	1
490	5494	1
2347	3877	1
1179	8283	1
4113	10506	1
11040	1725	1
48	2804	1
4360	10506	1
10663	5607	1
1311	1086	1
1224	222	1
3716	2647	1
5928	3451	1
11041	11042	1
5423	8515	1
3091	644	1
2879	8515	1
1311	2647	1
2663	6649	1
11043	10030	1
6146	6721	1
8878	4266	1
2124	2127	1
564	6859	1
564	4119	1
3829	4789	1
6481	6589	1
1584	4789	1
10865	3246	1
10938	11035	1
257	6317	1
1311	4033	1
6062	2450	1
6921	7308	1
6448	8031	1
8493	2433	1
2754	4123	1
5365	8909	1
11036	4857	1
2163	2298	1
10234	943	1
5704	7416	1
5607	10663	1
7465	5360	1
5414	4789	1
1000	222	1
386	868	1
3855	5026	1
6667	4914	1
10940	8707	1
4362	6447	1
1636	4602	1
7501	8707	1
2978	4123	1
1840	9785	1
665	4123	1
8283	1179	1
690	4123	1
2802	4525	1
10886	4525	1
4657	4885	1
5632	10122	1
11044	9389	1
4607	1847	1
4418	8051	1
8676	1134	1
10069	7526	1
2920	1141	1
7334	6316	1
5943	4948	1
11031	6985	1
11036	7334	1
3183	6174	1
1152	8688	1
10121	8609	1
4808	424	1
5282	7128	1
8763	7128	1
6729	7128	1
2844	3105	1
1854	835	1
10464	2343	1
8045	7999	1
11045	4930	1
2072	2164	1
5021	3539	1
2813	4571	1
9519	3105	1
6309	3177	1
1847	4607	1
6260	4282	1
9217	2604	1
8214	3817	1
8335	2169	1
564	363	1
4332	9790	1
3022	10295	1
564	1504	1
4303	7662	1
7053	6985	1
3850	846	1
1059	5774	1
1360	1361	1
10389	9251	1
2501	4666	1
3444	3731	1
3731	3444	1
1854	8026	1
7889	7302	1
5167	2119	1
5869	4729	1
9973	10043	1
8549	9524	1
564	8335	1
2234	1126	1
5861	6922	1
9178	9198	1
4571	2813	1
77	803	1
9198	9178	1
4602	1636	1
8608	10701	1
932	1757	1
3339	3522	1
1311	2167	1
10082	10838	1
4666	2501	1
10009	9506	1
5351	5041	1
8412	4977	1
11046	11046	1
11047	11047	1
186	2019	1
564	319	1
8412	5559	1
4282	6260	1
1311	4579	1
317	7785	1
4525	10886	1
2043	6668	1
7969	7302	1
5084	6915	1
990	3210	1
676	1305	1
3943	1666	1
3349	764	1
2241	1618	1
11048	3753	1
4135	5810	1
5783	5810	1
3177	6309	1
1953	7213	1
4345	4346	1
1930	1791	1
10633	10506	1
11049	11049	1
10506	10704	1
10704	10506	1
2920	3327	1
4706	4707	1
3313	3327	1
2641	2642	1
7120	6146	1
705	3070	1
9154	9155	1
3852	5633	1
10899	4084	1
8852	2578	1
10927	10927	1
5770	5771	1
5632	2272	1
2665	3400	1
9785	1840	1
8820	6193	1
8051	4418	1
4346	4345	1
6612	3768	1
11018	8587	1
4397	2235	1
5320	9613	1
2253	3765	1
3064	3487	1
5922	5	1
8587	8195	1
1666	3943	1
4692	4692	1
4172	1667	1
6492	6365	1
6316	7334	1
8412	1910	1
8690	4424	1
1791	4346	1
3943	3949	1
6805	3541	1
7784	7033	1
3765	2253	1
5041	5351	1
4602	4346	1
8541	5443	1
5257	6646	1
1774	4692	1
5704	9575	1
2282	9300	1
2920	369	1
5026	3855	1
3970	1229	1
9300	2282	1
2572	9237	1
4707	4706	1
564	2169	1
1229	3970	1
5750	2399	1
7537	10984	1
3400	2665	1
7254	3176	1
4830	4763	1
6788	2343	1
7495	6236	1
1311	8660	1
271	272	1
8066	1756	1
10460	11021	1
4009	4010	1
10506	4113	1
5481	9957	1
6146	7120	1
11050	11050	1
5310	5310	1
1523	1338	1
1791	1930	1
6921	6481	1
2017	5462	1
5981	6155	1
564	238	1
1506	3669	1
2420	3358	1
4172	3970	1
5348	9300	1
1002	7560	1
5414	1667	1
3738	5128	1
1935	5905	1
3210	990	1
4123	2260	1
564	709	1
4741	5210	1
930	9207	1
10701	8608	1
4134	10572	1
5852	6475	1
10758	4555	1
7553	4074	1
9251	10389	1
8195	8587	1
9198	9198	1
5210	4741	1
4763	4830	1
9018	10715	1
5766	1930	1
6495	4008	1
10330	7204	1
9300	5348	1
6985	7053	1
1231	2616	1
4654	2665	1
9524	8549	1
6236	7495	1
8288	8289	1
4830	7991	1
1660	4293	1
9613	5320	1
7128	6729	1
10180	6627	1
2813	7929	1
10021	10021	1
2450	6062	1
8896	1269	1
4627	6200	1
4061	1338	1
11051	3563	1
8474	5137	1
1930	5766	1
6122	6456	1
8991	4917	1
2481	3786	1
6034	3395	1
4038	9727	1
8548	9204	1
1194	1040	1
7969	5888	1
9863	4101	1
7741	5800	1
280	207	1
6983	5045	1
2051	1558	1
8684	10955	1
10116	2705	1
8322	9929	1
2705	10116	1
5086	5087	1
846	3850	1
280	5869	1
3161	2276	1
4729	5869	1
6107	7681	1
9477	10736	1
5905	1935	1
7873	7874	1
7739	10736	1
4084	2017	1
3017	1175	1
2665	4654	1
11052	6237	1
6251	6343	1
6816	4555	1
8420	8809	1
1055	7817	1
4084	10899	1
7817	3274	1
929	928	1
3245	5582	1
8289	8288	1
6669	10180	1
3631	2017	1
11045	6243	1
8493	6587	1
2194	4170	1
7254	2416	1
1311	2482	1
10838	10082	1
6034	6509	1
7570	9731	1
6509	6034	1
1756	6550	1
6642	6643	1
4084	5100	1
6365	6492	1
3079	3333	1
7688	10459	1
511	10180	1
4176	4732	1
8548	2165	1
564	10145	1
4692	9031	1
2997	3561	1
4983	4561	1
9188	9188	1
10889	4368	1
5085	6928	1
8287	3855	1
5582	3245	1
9966	10319	1
9117	9118	1
3753	11048	1
5219	8600	1
7128	8763	1
5812	8076	1
3623	3307	1
11053	4481	1
6037	6037	1
5857	5824	1
8515	2879	1
8854	2365	1
8160	9031	1
8991	622	1
564	3353	1
4123	2978	1
4774	492	1
788	3136	1
9164	689	1
8243	5650	1
2933	9226	1
4978	4657	1
10701	10701	1
3136	788	1
2119	5167	1
5419	899	1
1311	2376	1
3105	2844	1
10721	10434	1
11054	6312	1
4047	3308	1
9690	9773	1
10448	10434	1
4735	2785	1
4655	6533	1
7991	4830	1
1087	863	1
10884	8740	1
10920	2343	1
9226	2933	1
1311	1740	1
2499	11055	1
4227	9960	1
10374	8695	1
8451	2886	1
6451	863	1
