5598	6648	1
979	299	1
2646	3723	1
526	3606	1
2391	1754	1
958	425	1
3396	8929	1
11090	2755	1
1855	5830	1
6127	2198	1
9152	8929	1
6613	10572	1
1402	5481	1
5174	5481	1
3383	11091	1
6343	4883	1
4431	8724	1
1745	238	1
3629	3358	1
3043	5481	1
1361	1746	1
6788	2343	1
14	3824	1
3088	5481	1
10572	6613	1
4006	3492	1
980	5481	1
634	2670	1
1561	819	1
10164	2379	1
3020	3088	1
1126	9483	1
6637	4444	1
3170	8707	1
868	386	1
819	1561	1
9718	181	1
2954	4184	1
6270	5043	1
9695	9807	1
6062	2450	1
8772	3605	1
8331	10782	1
3605	8772	1
1826	2681	1
9245	9245	1
11092	8291	1
9391	8741	1
6544	3605	1
6317	3880	1
1674	2116	1
4355	4810	1
6448	8031	1
190	203	1
6930	6622	1
1366	2904	1
3722	3397	1
7033	7784	1
8050	8051	1
7780	1247	1
5642	3558	1
6167	6700	1
5474	5490	1
3262	11076	1
9359	9359	1
1674	2420	1
1681	11076	1
7391	2148	1
4346	4602	1
5617	6344	1
2420	1674	1
386	868	1
4437	4980	1
299	979	1
9133	1599	1
3310	1599	1
6965	6286	1
7564	5542	1
1936	6132	1
6133	1062	1
6622	6930	1
2855	419	1
3397	3722	1
6304	6052	1
2198	6127	1
1599	9133	1
875	10762	1
10765	10762	1
9842	5516	1
3438	3438	1
8707	7501	1
5481	4930	1
2985	9825	1
5642	3561	1
3820	2958	1
11093	11093	1
2681	1826	1
6191	6276	1
2433	10379	1
10629	10629	1
8211	1135	1
8490	2647	1
3956	3918	1
7784	7033	1
2433	2420	1
4914	6667	1
11094	5646	1
2433	5717	1
3202	11040	1
2673	378	1
378	2673	1
1725	11040	1
4602	4346	1
1746	1361	1
9426	9465	1
11095	7930	1
5490	6397	1
2916	9846	1
11096	11096	1
5870	5085	1
689	3862	1
10206	9	1
11097	7492	1
8031	6448	1
4523	6046	1
6034	6509	1
8790	4429	1
4943	2630	1
1407	10355	1
11098	8536	1
4485	5939	1
9024	5296	1
11017	9584	1
6930	4202	1
10940	8092	1
9100	5346	1
4052	3418	1
4863	4864	1
8889	2004	1
276	3239	1
5646	11094	1
8536	11098	1
8490	4580	1
11040	1725	1
2297	4555	1
9069	9581	1
2086	4555	1
4123	665	1
6316	6206	1
5650	8243	1
4724	3323	1
10614	2004	1
9426	10380	1
8929	9152	1
5943	4948	1
9345	9345	1
3183	8574	1
5939	4485	1
4522	2902	1
6317	257	1
2922	8472	1
6322	11099	1
11060	6228	1
3918	3956	1
411	10742	1
299	5229	1
1269	705	1
4696	2084	1
380	5587	1
726	11100	1
5108	1124	1
5285	5285	1
777	7496	1
803	77	1
11101	8919	1
1618	6296	1
2589	770	1
6613	1501	1
5516	9842	1
11102	6228	1
8819	10742	1
1366	953	1
1599	3310	1
7974	5520	1
2433	4034	1
7552	6734	1
5411	5520	1
375	10742	1
3492	4006	1
9178	8405	1
7492	11097	1
2084	4696	1
1538	612	1
6401	6401	1
28	5622	1
4346	4345	1
7357	7358	1
5587	380	1
419	2855	1
9050	11103	1
5108	2762	1
4084	10899	1
4689	10899	1
8490	2651	1
9391	10434	1
9748	10434	1
4208	8397	1
490	5494	1
2450	6062	1
1501	6613	1
6899	271	1
5904	5374	1
1176	1022	1
2525	2526	1
5590	9719	1
1815	1910	1
3222	274	1
8919	11101	1
8096	2245	1
11104	11105	1
3166	3109	1
5258	5773	1
5353	8609	1
6167	7308	1
9426	2360	1
8604	8959	1
9770	9145	1
11076	3262	1
3965	8609	1
7078	7079	1
3404	4657	1
7120	6146	1
134	10005	1
10795	10795	1
1636	1697	1
3017	278	1
3743	5791	1
11040	3202	1
10922	3105	1
6667	4914	1
6146	6649	1
3605	6544	1
6365	2085	1
4388	2345	1
3304	8204	1
2345	2345	1
4604	9147	1
11106	9147	1
3035	7932	1
3984	6954	1
9636	9147	1
817	817	1
9391	3029	1
8397	4208	1
10712	10712	1
9391	2913	1
5973	3835	1
4569	10023	1
460	11107	1
1287	1886	1
380	1886	1
3615	4634	1
2934	1612	1
8037	5372	1
3719	1442	1
288	6854	1
2209	2210	1
2776	271	1
5045	6854	1
3183	7095	1
3324	3325	1
10759	6348	1
8033	6207	1
594	13	1
5047	6246	1
11108	11109	1
3105	10922	1
10259	9009	1
2094	3169	1
689	2113	1
352	3232	1
2484	4871	1
8252	4175	1
11109	11108	1
271	2776	1
2813	4175	1
6228	11060	1
1725	2609	1
1617	788	1
3835	5973	1
6648	5598	1
380	1558	1
7202	7201	1
9391	10930	1
13	594	1
2008	2009	1
4864	4863	1
840	3938	1
4868	2051	1
5928	3451	1
1037	6647	1
2390	8885	1
3669	1506	1
3950	7862	1
5797	3763	1
8895	8895	1
3166	2765	1
5773	5258	1
188	2002	1
11072	8819	1
9100	10413	1
2004	8889	1
2526	9906	1
278	3017	1
8689	2520	1
8609	6104	1
6845	2801	1
10570	8222	1
6301	6640	1
9391	8222	1
5490	4586	1
1506	3669	1
7862	3950	1
9426	11110	1
11111	7688	1
2801	6845	1
8243	5650	1
9022	9037	1
10506	10704	1
3763	5797	1
181	9718	1
11105	3422	1
5542	7564	1
9044	2200	1
8492	4445	1
6922	6081	1
11031	3479	1
6270	5191	1
10834	1097	1
3541	6805	1
2642	2641	1
7916	3335	1
8609	3965	1
5759	11112	1
8160	3965	1
3297	141	1
9517	7182	1
2086	6492	1
3479	11031	1
6104	8609	1
10566	6365	1
3438	3763	1
5167	2028	1
2433	2588	1
4757	3763	1
4763	4983	1
2403	7052	1
6207	8067	1
5729	4219	1
2433	8973	1
11113	11113	1
11114	10987	1
9246	8176	1
1366	951	1
4810	5314	1
5287	5468	1
6270	3234	1
6193	7980	1
8885	2390	1
8216	9299	1
7103	11115	1
6337	8057	1
8222	10570	1
5468	5287	1
5051	3931	1
5607	10663	1
9230	4437	1
9694	9694	1
6167	7507	1
2481	3401	1
9426	6752	1
3850	846	1
8548	3401	1
8943	2284	1
10899	4689	1
6350	7860	1
8541	5443	1
8490	5934	1
552	1744	1
7624	3335	1
5671	3536	1
2894	1389	1
8472	2922	1
4980	4437	1
11116	4720	1
33	3849	1
2433	4437	1
1754	2391	1
6317	2126	1
5410	3522	1
5415	1611	1
8490	8646	1
1506	5745	1
8451	8867	1
9278	9278	1
8490	6765	1
5490	5474	1
8039	1742	1
705	1269	1
2433	9105	1
1882	10318	1
4438	9389	1
9626	10275	1
8830	7667	1
5381	10387	1
10834	429	1
7855	6286	1
2691	1428	1
6270	6372	1
6273	5888	1
11075	429	1
382	2182	1
5457	3763	1
4938	8935	1
3696	2182	1
797	2182	1
7688	10459	1
5481	3043	1
11024	10973	1
6273	9402	1
2094	2182	1
920	2182	1
5695	2182	1
186	2182	1
5443	7535	1
8609	5353	1
6167	5355	1
2884	3376	1
6286	6965	1
3343	2182	1
6052	6304	1
384	2182	1
7980	6193	1
5907	5515	1
930	9207	1
8204	3304	1
7894	6533	1
5922	5	1
1166	1167	1
1631	2316	1
3658	3743	1
7785	317	1
9009	6868	1
10765	875	1
9281	10651	1
6273	4409	1
3950	4409	1
4409	3950	1
10765	2886	1
10379	2433	1
3743	3658	1
2420	2433	1
6055	4135	1
5904	4135	1
4135	6055	1
4034	2433	1
5332	9470	1
10459	7688	1
7128	8763	1
4133	4662	1
8763	7128	1
2588	2433	1
3190	3651	1
8973	2433	1
2433	6220	1
6513	3041	1
4437	2433	1
8286	8595	1
5042	9680	1
6220	2433	1
8160	4724	1
3855	8287	1
5125	3978	1
8843	7944	1
9973	10043	1
8525	8526	1
1269	3070	1
3651	3190	1
3679	1535	1
5745	1506	1
6146	1577	1
9966	10319	1
10415	6788	1
4948	5943	1
11117	11108	1
7025	5107	1
2403	5625	1
3043	8696	1
2560	205	1
3801	1126	1
3183	7644	1
2051	4868	1
10704	10506	1
8696	3043	1
3926	2212	1
8867	8451	1
9807	9695	1
1854	7683	1
5021	3539	1
3166	6784	1
6468	10226	1
7988	7128	1
4647	6270	1
5132	7731	1
1577	6146	1
1813	1019	1
10032	10032	1
8724	4431	1
274	3222	1
4718	9104	1
5709	9394	1
8160	3546	1
8641	9507	1
5625	2403	1
2433	4851	1
9138	10947	1
9037	9022	1
7948	8728	1
8505	7269	1
2399	3931	1
6734	7552	1
3528	2985	1
10971	10970	1
2985	3528	1
6409	7552	1
4763	4830	1
3964	7195	1
11118	7195	1
3166	6987	1
4084	5100	1
2433	7375	1
7308	7375	1
4135	5142	1
6788	10415	1
6258	5086	1
6282	4345	1
6146	7120	1
846	3850	1
6868	9009	1
9301	7408	1
8160	8609	1
3315	7108	1
5481	1188	1
5142	4135	1
4158	9515	1
8830	3853	1
8820	6193	1
5266	1619	1
3041	6513	1
4227	3943	1
4801	4801	1
7108	3315	1
2135	1338	1
8195	8587	1
5085	9612	1
9402	6273	1
1523	1338	1
10319	9966	1
11108	11117	1
8587	8195	1
8976	9066	1
6270	2532	1
4084	2017	1
429	10834	1
6270	4647	1
2412	781	1
4586	5490	1
5898	5897	1
9360	7484	1
6193	8820	1
11119	11119	1
7552	6409	1
7980	8820	1
8287	3855	1
9009	10259	1
1667	3298	1
5085	5870	1
3479	6985	1
6081	6922	1
9164	689	1
3166	7083	1
3862	689	1
11099	6322	1
3990	601	1
205	3779	1
2725	3008	1
10947	9138	1
8160	3449	1
10272	7788	1
10782	8331	1
6923	11111	1
9426	8548	1
1619	5266	1
9612	5085	1
8160	7672	1
9100	8803	1
9391	8803	1
8802	7128	1
3503	4006	1
4113	10506	1
8160	9031	1
7195	3964	1
3488	1268	1
1229	3568	1
6554	6613	1
3568	1229	1
6985	9174	1
10319	8975	1
3166	6316	1
9966	8975	1
9031	8160	1
5	5922	1
8160	6059	1
4184	4313	1
8802	8975	1
2086	6365	1
3091	644	1
9718	8705	1
3978	5125	1
4345	6282	1
7731	5132	1
9174	6985	1
2958	3820	1
6270	4626	1
111	300	1
3020	2959	1
10984	7537	1
7216	10515	1
429	8297	1
5100	4084	1
2017	4084	1
6837	7337	1
8160	4727	1
4006	3503	1
11065	644	1
8067	6207	1
7553	5868	1
3260	6146	1
4094	1910	1
9718	5875	1
1793	4346	1
3880	6317	1
10515	7216	1
2085	2911	1
1652	1910	1
6450	4668	1
580	2911	1
1399	3465	1
8261	8668	1
4046	2338	1
6468	6468	1
6228	11102	1
3763	5457	1
7375	2588	1
257	6317	1
2911	580	1
3183	905	1
9718	8162	1
3166	5691	1
266	3350	1
8160	5691	1
6115	8650	1
5840	3561	1
6273	5691	1
2542	5588	1
6127	5520	1
11077	6674	1
4522	1203	1
2229	816	1
644	3091	1
11120	7441	1
6509	6034	1
