3252	6914	1
1619	5266	1
6730	6730	1
3670	4343	1
6729	7128	1
7121	643	1
2427	8548	1
5143	8535	1
10973	7863	1
10853	8139	1
2420	1708	1
7128	6729	1
6702	6127	1
11076	1681	1
6922	5861	1
6372	4029	1
5861	6922	1
3743	3658	1
6112	4029	1
5191	4029	1
1774	3855	1
3310	791	1
4084	4029	1
756	3091	1
205	395	1
8223	464	1
181	1022	1
8774	4029	1
5287	5783	1
3310	3017	1
3964	3017	1
11121	4029	1
8654	4029	1
8676	8333	1
5043	4029	1
2560	205	1
7339	6431	1
2276	2673	1
1055	4171	1
3450	6246	1
6034	4029	1
2597	6141	1
5337	6769	1
1727	4171	1
4029	6034	1
3647	11034	1
9727	4038	1
7329	6815	1
9356	5047	1
5287	5468	1
5423	8515	1
3392	6386	1
4948	5943	1
7554	1599	1
5263	6646	1
8243	5650	1
5045	10244	1
1681	356	1
4241	10837	1
6919	4454	1
4763	2343	1
464	8223	1
4763	6034	1
3392	6034	1
4522	2902	1
5650	8243	1
3520	4563	1
10960	8973	1
2542	5588	1
4603	6246	1
5584	849	1
9239	8973	1
849	5584	1
1062	7746	1
453	1599	1
3964	6646	1
519	519	1
6034	2343	1
11141	8379	1
10982	7340	1
7554	718	1
4064	2620	1
6649	6146	1
3722	3232	1
4485	5939	1
10002	9104	1
6185	5576	1
10837	4241	1
3121	7058	1
1039	304	1
28	9	1
6930	10083	1
6322	10379	1
9701	9352	1
3121	2260	1
1586	2260	1
6243	10024	1
4183	2260	1
11152	10551	1
6769	5337	1
6409	6397	1
2051	4868	1
3121	8603	1
6905	6904	1
1140	2522	1
10024	8421	1
8139	7432	1
1467	1146	1
5489	1599	1
3091	756	1
1967	5587	1
5970	8699	1
1022	181	1
5939	4485	1
3397	29	1
9178	8405	1
6207	8067	1
9062	9945	1
1717	631	1
5481	3043	1
1681	11076	1
628	627	1
16	1983	1
6646	5263	1
8992	9541	1
4763	5874	1
5481	1188	1
6506	1188	1
1096	1517	1
1746	7544	1
4763	4762	1
3121	3171	1
3392	1713	1
319	569	1
4763	4830	1
8600	5219	1
1517	5296	1
4939	11135	1
6034	4763	1
3835	5973	1
1461	1428	1
7747	6276	1
1967	3005	1
8515	5423	1
875	10765	1
4830	4763	1
2701	2700	1
5296	1517	1
10330	7204	1
11153	5502	1
3403	8960	1
4762	4763	1
7352	3330	1
6357	2299	1
11135	11135	1
1127	1354	1
5258	5773	1
6930	6622	1
4968	3779	1
11154	6151	1
3085	6289	1
9511	5862	1
7432	8139	1
11155	9951	1
6027	7022	1
4999	5000	1
3121	2645	1
3121	3541	1
5288	4490	1
1523	1338	1
9062	8109	1
3121	6613	1
8535	5143	1
10660	10661	1
7537	10984	1
4799	4445	1
4763	4983	1
6210	9527	1
3796	5624	1
3763	9912	1
10415	11135	1
1354	1127	1
11156	7204	1
10295	754	1
3392	627	1
5800	7031	1
5047	9356	1
10923	11144	1
781	2412	1
11157	8140	1
782	2412	1
6761	10960	1
6875	5296	1
1278	4234	1
5966	9495	1
2198	11102	1
3334	4234	1
10765	875	1
4642	11158	1
7031	5800	1
9356	11058	1
3287	3489	1
9770	9145	1
7741	5800	1
28	5622	1
2642	2641	1
3450	5047	1
3121	5229	1
5047	3450	1
10588	5167	1
4763	5783	1
3314	2902	1
9410	9790	1
7831	10713	1
10145	9790	1
6807	6808	1
3140	11115	1
4171	1727	1
5660	4537	1
7453	3306	1
2609	6845	1
9062	1998	1
7961	4604	1
4461	5624	1
3387	1954	1
3418	644	1
11159	4866	1
5338	3325	1
590	3617	1
788	1617	1
3121	2874	1
3121	7919	1
2506	9488	1
3397	3232	1
5577	6222	1
5353	8609	1
6682	3482	1
5570	6142	1
4457	4119	1
3392	4807	1
5374	6142	1
1853	7372	1
3743	5791	1
9062	1523	1
2499	596	1
3091	6632	1
3121	5107	1
1304	898	1
10970	10971	1
8076	5812	1
5718	5570	1
6146	7323	1
4763	5715	1
3121	11160	1
1299	8173	1
6613	7082	1
898	1304	1
2077	45	1
627	628	1
9178	9198	1
11096	11096	1
9488	2506	1
3121	6309	1
7802	4454	1
9936	2578	1
4549	9280	1
6104	8609	1
5783	5287	1
8404	5229	1
5468	5287	1
7254	2416	1
3990	601	1
6289	3085	1
3397	1185	1
6659	1099	1
1886	5545	1
6915	7158	1
1641	3532	1
4006	3492	1
3121	10545	1
5099	605	1
7792	225	1
9405	182	1
9096	7158	1
8747	8747	1
2912	9330	1
3465	1399	1
1599	453	1
6843	10488	1
4162	4025	1
8548	2427	1
705	1243	1
7158	6915	1
1243	705	1
3397	3722	1
6426	6637	1
10464	2343	1
4444	6637	1
4657	4885	1
9945	9062	1
4763	5877	1
11161	11077	1
4028	6458	1
2454	3824	1
2616	8204	1
10837	6848	1
3121	3555	1
3252	2877	1
1997	3553	1
7022	3785	1
7673	2569	1
1625	1280	1
5524	6848	1
3722	3397	1
5939	5553	1
564	4119	1
509	2371	1
8505	7269	1
477	476	1
885	885	1
5544	5522	1
1126	465	1
7082	6127	1
1566	8173	1
569	319	1
3121	6287	1
416	3286	1
1820	3785	1
9404	788	1
7371	5345	1
3492	4006	1
6370	4992	1
6127	6702	1
7082	6613	1
3121	1051	1
511	5512	1
6294	2604	1
2420	1009	1
4763	5988	1
6343	10217	1
8973	6940	1
10020	3480	1
11162	11162	1
5577	4000	1
5791	3743	1
5	27	1
922	2653	1
6940	8973	1
3121	6243	1
10024	6243	1
3229	5604	1
5000	4901	1
342	150	1
3418	5766	1
4763	4561	1
3387	3826	1
2870	2969	1
1280	1625	1
3121	2900	1
8228	2900	1
2642	7620	1
4494	4494	1
6127	885	1
5219	4592	1
6127	6951	1
6309	2900	1
5257	425	1
6650	9425	1
2345	3045	1
4958	5502	1
5800	7741	1
4551	9731	1
150	342	1
821	5777	1
3479	11031	1
11163	9009	1
9330	2912	1
9009	11163	1
9066	11164	1
8067	6207	1
8609	6104	1
5263	8897	1
6165	8962	1
6845	2609	1
3121	1556	1
6944	5708	1
11164	9066	1
930	2368	1
11077	8940	1
6820	8089	1
11031	3479	1
9299	7368	1
5296	9024	1
6160	4755	1
2368	930	1
8609	5353	1
11034	3647	1
7969	5353	1
5708	6944	1
3183	9195	1
3121	4437	1
6899	271	1
6108	7810	1
4901	5000	1
11072	691	1
6127	2198	1
8940	11077	1
5642	6989	1
1536	4988	1
3121	3674	1
11144	2985	1
8611	11164	1
2704	2082	1
10273	7370	1
2900	6309	1
2870	1485	1
3121	3984	1
3121	9772	1
11135	9248	1
9248	11135	1
6303	6447	1
2999	10800	1
7128	8763	1
8196	10053	1
1188	6506	1
3620	4488	1
11165	11165	1
9966	7052	1
1599	9525	1
4763	4657	1
2517	2237	1
5979	10508	1
2901	1901	1
1338	1523	1
2662	2558	1
4345	6282	1
11166	5355	1
4069	9028	1
7791	5882	1
3121	11167	1
11164	5096	1
6197	6198	1
8405	9178	1
5570	5718	1
9425	6650	1
9198	9178	1
847	9209	1
3121	1370	1
3121	5307	1
8162	10188	1
4029	5043	1
4983	4561	1
7817	3274	1
465	1126	1
4720	11116	1
6447	6303	1
6134	6709	1
4945	2786	1
4084	6316	1
10304	10938	1
2093	2579	1
3121	5411	1
11057	11151	1
4029	6112	1
8492	5857	1
8080	8080	1
3545	4660	1
8695	10374	1
3121	1305	1
7325	8762	1
8207	11057	1
10083	6930	1
6622	6930	1
7570	11057	1
9731	9731	1
6789	11057	1
11116	4720	1
8140	11157	1
5519	4294	1
7427	1379	1
4317	9808	1
5884	774	1
5351	5041	1
10348	4320	1
1134	2523	1
8763	7128	1
6490	4320	1
652	5690	1
3450	6700	1
11135	10415	1
4749	6700	1
371	515	1
3578	6700	1
6100	6700	1
6325	6700	1
8083	11168	1
4029	5365	1
9452	4778	1
8609	10478	1
3567	944	1
4724	8160	1
2691	518	1
2642	3265	1
10145	9410	1
4194	2270	1
11164	8611	1
737	1938	1
8136	7893	1
2996	9772	1
5400	3828	1
1938	737	1
4020	4027	1
3617	590	1
11169	11157	1
3121	7153	1
4735	6380	1
9452	9402	1
8986	7109	1
3950	5442	1
3418	3407	1
1967	375	1
5443	11007	1
5549	7785	1
3850	4273	1
2786	4945	1
11057	8207	1
905	6475	1
7316	7589	1
6637	4444	1
1787	1788	1
2700	2701	1
7308	7501	1
5684	6358	1
6845	10968	1
10374	8695	1
11168	8083	1
9511	3723	1
1788	1787	1
6843	5948	1
11061	5388	1
5058	7321	1
4215	5354	1
5553	5939	1
11007	11170	1
3403	8637	1
9330	4090	1
2835	6948	1
10938	10304	1
6060	6816	1
5180	5444	1
10053	8196	1
2399	5750	1
3607	802	1
3900	11171	1
5750	2399	1
3121	980	1
11135	7800	1
7800	11135	1
9507	8641	1
8246	10843	1
7370	10273	1
3919	6831	1
9541	8992	1
1002	7152	1
10668	5952	1
7083	5374	1
4029	4514	1
1467	187	1
4668	6034	1
3651	849	1
11007	5443	1
3116	2616	1
4856	4196	1
4988	1536	1
3024	3023	1
6661	1941	1
3121	7484	1
2433	9389	1
9550	908	1
7053	6985	1
10319	9966	1
7789	8336	1
3252	399	1
8641	9507	1
3479	6985	1
4294	5519	1
2397	3399	1
2403	7052	1
9770	9770	1
1757	932	1
7095	2448	1
11133	1276	1
3785	7022	1
6724	5385	1
6198	6197	1
10706	8676	1
4574	5376	1
3662	5526	1
7302	10192	1
5087	5086	1
9411	8803	1
5086	5087	1
9234	2322	1
9155	4940	1
1247	6270	1
4940	9155	1
6989	5642	1
4984	11007	1
10508	5979	1
3862	1623	1
6115	5810	1
3121	6321	1
689	1623	1
10188	8162	1
3397	5393	1
6985	7053	1
9402	9452	1
4778	9452	1
3852	4159	1
4360	5365	1
5266	1619	1
9268	10208	1
6788	2343	1
3418	4052	1
10968	6845	1
9209	1797	1
1742	2083	1
2958	3450	1
10192	7302	1
7810	6108	1
5650	4318	1
2106	9835	1
1461	1461	1
9835	2106	1
395	3194	1
4317	6236	1
6448	8031	1
2541	2712	1
5796	4876	1
3265	2642	1
1215	4109	1
3688	8702	1
327	327	1
9797	5444	1
8876	8876	1
10667	8139	1
5939	4888	1
4318	5650	1
3479	10988	1
1087	863	1
3330	7352	1
7785	317	1
10971	10970	1
9300	2712	1
3098	1482	1
10183	5377	1
11014	10259	1
9028	4069	1
11135	7916	1
7370	6438	1
1339	3514	1
10570	8222	1
3258	7602	1
1775	997	1
1276	11133	1
4439	7345	1
8699	5970	1
4945	4713	1
4577	6309	1
4287	7213	1
11077	5970	1
349	1759	1
11172	11173	1
258	259	1
1713	3828	1
1580	3246	1
5167	2028	1
486	6758	1
3106	3828	1
9575	2776	1
