7927	7927	1
5047	6433	1
11270	5444	1
5581	2496	1
3738	2264	1
3824	2454	1
475	474	1
9517	7182	1
1229	4143	1
5693	5517	1
511	8379	1
3376	7182	1
9959	6484	1
524	816	1
3352	10197	1
2229	816	1
10968	6845	1
1199	1200	1
5701	5188	1
2454	3824	1
2879	241	1
6513	4589	1
9327	7784	1
2264	3738	1
6380	6234	1
2512	11201	1
7949	7213	1
9559	7213	1
3352	11009	1
855	670	1
271	272	1
11273	8880	1
11274	3352	1
7106	1269	1
2797	9201	1
4978	4657	1
5188	5701	1
4355	2383	1
1132	7763	1
1611	2076	1
6185	5576	1
7673	2569	1
11274	6183	1
506	868	1
9244	4810	1
11162	9458	1
3352	1064	1
9195	3183	1
6197	5860	1
6433	5047	1
8093	5516	1
3352	1037	1
5517	5693	1
5660	7995	1
7340	10982	1
5516	11275	1
344	2562	1
5257	420	1
4962	10878	1
6715	8167	1
204	205	1
11201	5	1
27	5	1
5316	7300	1
5	11201	1
7645	3353	1
3545	4660	1
2163	1099	1
5650	8243	1
7082	2198	1
5116	1816	1
5	27	1
3352	5935	1
10837	4241	1
3241	5690	1
7141	10320	1
4234	718	1
7128	8763	1
8763	7128	1
986	7029	1
2086	3079	1
1561	1935	1
2416	7254	1
9065	8162	1
7901	11276	1
9690	5420	1
2255	756	1
11277	511	1
8379	511	1
11102	6228	1
4978	4408	1
4810	9244	1
11199	1316	1
988	11278	1
3413	4969	1
10043	9973	1
5258	5773	1
506	791	1
5610	6863	1
8244	1499	1
9369	6193	1
3142	2311	1
7544	262	1
4679	3051	1
3515	3934	1
7616	10449	1
7544	10060	1
3515	5850	1
11253	489	1
5440	8377	1
4328	9498	1
2383	4355	1
4470	10343	1
1716	1716	1
6987	6426	1
6530	6530	1
1644	2966	1
506	485	1
5603	7014	1
150	342	1
8573	321	1
1278	10962	1
4992	6370	1
5210	7033	1
6146	3754	1
3352	2616	1
6959	3947	1
3875	2009	1
2052	1483	1
6649	3754	1
4574	6377	1
4660	3545	1
10663	2941	1
8484	11279	1
3352	6635	1
5087	5086	1
3797	6774	1
6468	4511	1
2749	5831	1
1087	864	1
10865	3246	1
2183	2184	1
6481	9312	1
1647	10900	1
10900	1647	1
8155	585	1
9234	9488	1
9207	930	1
4369	2184	1
11112	5759	1
1358	1504	1
5038	708	1
1499	2810	1
11274	1552	1
5086	5087	1
679	339	1
2865	1381	1
8159	6744	1
10320	7141	1
1499	8244	1
1530	11280	1
6190	644	1
3352	2735	1
9488	9234	1
11274	2735	1
2981	2982	1
7050	410	1
5107	7025	1
2255	1958	1
857	4673	1
4346	4345	1
10354	9772	1
9158	6921	1
9806	11264	1
6035	9357	1
9833	7484	1
375	10742	1
1188	2284	1
3142	3101	1
912	889	1
1599	6213	1
5910	6558	1
4983	4561	1
1338	4537	1
7953	7237	1
7181	3186	1
6220	6558	1
11281	11281	1
9635	8606	1
1534	4599	1
10769	7435	1
708	5038	1
3613	762	1
6228	11102	1
7824	4940	1
9088	3658	1
3353	7645	1
9083	7854	1
2616	8204	1
3797	6478	1
2370	3462	1
6213	1599	1
1229	3568	1
3775	4250	1
8204	2616	1
4978	705	1
4978	4317	1
506	8637	1
6234	5560	1
10317	5544	1
2750	705	1
6374	1266	1
11282	1322	1
28	874	1
4346	1697	1
7014	5603	1
8728	8729	1
5137	8137	1
2559	1996	1
3352	7308	1
1410	1996	1
3658	9088	1
7510	8528	1
8528	7510	1
5778	2338	1
506	3286	1
4025	4920	1
1002	6038	1
1996	1410	1
5773	5258	1
7523	11283	1
6370	4992	1
4485	5877	1
3286	3286	1
6226	6226	1
10970	10971	1
3491	3493	1
3186	7181	1
7060	9589	1
9635	8232	1
2725	5881	1
2370	3130	1
10343	4470	1
5121	7718	1
4978	4415	1
1352	1353	1
1016	7204	1
11274	6913	1
4171	4725	1
11284	6577	1
1996	2457	1
996	5845	1
4003	1028	1
10878	6657	1
4230	2984	1
5257	425	1
10330	7204	1
11274	6301	1
125	126	1
10093	1028	1
2446	10889	1
4978	6056	1
5845	996	1
3754	6649	1
7446	1982	1
6188	1719	1
11285	11285	1
8935	6844	1
6921	9158	1
5517	5090	1
1099	2163	1
5637	5187	1
1506	5241	1
2808	2973	1
10839	5757	1
1381	2865	1
11061	10226	1
3352	1025	1
2934	5296	1
8137	3004	1
2941	3445	1
566	10978	1
3947	6959	1
5296	2934	1
4978	4485	1
1353	1352	1
6844	8935	1
6959	2501	1
11120	3020	1
1855	5830	1
7281	7492	1
5437	7320	1
3834	3739	1
10459	7688	1
1096	5296	1
8162	9065	1
11286	11287	1
5287	5468	1
803	2607	1
3352	2807	1
3352	6716	1
3366	4360	1
3352	1552	1
6035	9138	1
2810	1499	1
8609	6104	1
1231	2541	1
11260	1232	1
4421	1108	1
11274	2244	1
5753	7511	1
1074	1075	1
2065	1108	1
5391	5392	1
1059	5774	1
2607	803	1
1361	1746	1
9274	9263	1
9966	8975	1
8975	9966	1
6052	2677	1
7484	9833	1
5241	8173	1
506	514	1
3568	1229	1
6907	6163	1
467	10266	1
5757	10839	1
6035	4937	1
11271	10820	1
5750	2399	1
9207	7644	1
4328	5902	1
6038	1002	1
10820	11271	1
1826	4721	1
1232	11260	1
9207	9410	1
6111	664	1
7885	5634	1
2331	9877	1
6930	10083	1
5606	7901	1
7228	7228	1
7901	5606	1
11288	171	1
5	5	1
160	3380	1
7544	4835	1
506	10801	1
4143	1229	1
8854	3479	1
5922	11201	1
2501	6959	1
874	28	1
2016	6267	1
1077	1985	1
9245	1170	1
3848	1388	1
1517	2855	1
9877	2331	1
7033	5210	1
2399	5750	1
6107	4320	1
11279	8484	1
6285	1379	1
8125	7854	1
4360	3366	1
2922	8472	1
930	9207	1
3079	2086	1
4317	6236	1
2749	3169	1
5546	4174	1
3834	2371	1
573	526	1
8279	5481	1
9670	3070	1
1069	3103	1
9966	8976	1
395	205	1
2255	23	1
8976	7128	1
7128	8976	1
3688	3688	1
9207	2712	1
5570	6023	1
6454	2077	1
2018	252	1
4978	4561	1
11201	5922	1
8202	8202	1
6480	7178	1
5388	9842	1
6104	8609	1
11211	3137	1
4727	2665	1
1237	1884	1
3445	2941	1
8724	4525	1
5570	5946	1
4938	5769	1
1410	3547	1
5634	7885	1
8983	1009	1
7030	11199	1
11164	3160	1
3352	1982	1
8153	8152	1
2276	4856	1
5258	3160	1
4039	2973	1
5468	5287	1
7971	2973	1
6270	1247	1
5946	5570	1
2306	4578	1
5504	8301	1
9966	10319	1
3352	5991	1
6929	9456	1
4485	10319	1
6070	5355	1
5517	6211	1
371	2552	1
4589	6513	1
6744	8159	1
8301	5504	1
2428	4160	1
8180	2486	1
6450	9960	1
5365	4360	1
6788	2343	1
11135	11135	1
11289	11183	1
6197	11016	1
1727	1055	1
9427	10303	1
7032	7597	1
3137	11211	1
7644	9207	1
8772	6424	1
10188	8162	1
9797	3149	1
10420	4836	1
241	2879	1
5427	5234	1
10958	9180	1
6897	4027	1
5943	4948	1
400	4180	1
2353	7951	1
5234	5427	1
7901	5043	1
1884	1237	1
3605	4325	1
6816	6492	1
8339	3137	1
10845	6984	1
205	204	1
3352	2479	1
3855	8773	1
11251	11157	1
11048	7033	1
1438	11290	1
8899	7033	1
9465	9426	1
2741	2694	1
6270	9493	1
10633	3965	1
4193	9493	1
5043	7901	1
4592	5836	1
3855	2422	1
3088	5355	1
526	573	1
1055	1727	1
3629	3358	1
2215	2216	1
11199	7030	1
6443	8781	1
8404	5411	1
4250	3775	1
2486	8180	1
5411	8404	1
1584	4789	1
5759	11112	1
4345	4346	1
10930	1840	1
7237	7953	1
6744	11244	1
2607	3611	1
629	630	1
7205	11244	1
6984	10845	1
3237	3325	1
5544	10317	1
6492	6816	1
1534	3826	1
10319	4485	1
3068	11244	1
11029	1976	1
9357	6035	1
3480	10120	1
1005	5160	1
10807	6414	1
11291	11291	1
5288	4490	1
1289	2962	1
8976	9966	1
7158	813	1
10319	9966	1
2370	515	1
4344	8299	1
7544	6198	1
4937	6035	1
6481	5622	1
5816	7901	1
2184	4369	1
9173	7606	1
9138	6035	1
11157	11251	1
814	5907	1
9815	2843	1
3855	8287	1
8799	1410	1
8137	5825	1
10582	4090	1
11243	11243	1
3043	5481	1
1439	6070	1
912	1905	1
9427	3444	1
2541	1231	1
8975	10319	1
3514	1339	1
689	9164	1
185	3549	1
8512	8320	1
5671	9136	1
3002	2786	1
679	2863	1
10409	9479	1
7785	317	1
3801	1126	1
11292	11292	1
10531	5411	1
6774	3797	1
5481	3043	1
630	629	1
4360	5365	1
2316	4095	1
4160	2428	1
8243	5650	1
371	515	1
6448	8031	1
7274	8447	1
6802	6286	1
3444	9427	1
3440	6783	1
3951	5230	1
2885	9300	1
1711	10754	1
4938	8935	1
10303	9427	1
242	241	1
10319	8975	1
10633	4114	1
8899	928	1
10506	6614	1
6297	8017	1
6414	10807	1
3847	3846	1
2829	9300	1
4409	3950	1
604	604	1
10633	4113	1
9763	8802	1
11293	8067	1
6190	11065	1
9018	10715	1
7688	10459	1
6367	1134	1
5230	3951	1
3479	8854	1
10167	5783	1
8587	8195	1
10473	2914	1
8365	9065	1
9270	1372	1
182	1539	1
4939	10415	1
5167	2237	1
3088	3450	1
10531	2567	1
10385	9639	1
9581	6094	1
9209	1797	1
5718	5570	1
1087	3230	1
10471	11294	1
638	10396	1
8195	8587	1
9727	4038	1
6070	1439	1
3140	11115	1
9044	2200	1
7784	9327	1
736	2260	1
9166	8974	1
7516	4724	1
2018	5570	1
9164	689	1
5949	4162	1
5836	4592	1
7606	9173	1
688	689	1
3137	8339	1
10978	566	1
3950	4409	1
1992	4873	1
6711	6374	1
2799	2799	1
5860	6197	1
4649	6022	1
11016	6197	1
252	2018	1
10231	11295	1
2422	3855	1
5868	7553	1
7993	7630	1
427	7560	1
5489	2915	1
8617	11296	1
9493	6270	1
3020	11120	1
4552	9474	1
3083	5297	1
6303	869	1
4724	8492	1
10415	4939	1
4241	10837	1
9754	9474	1
9299	8216	1
5180	5444	1
11297	5415	1
414	453	1
6236	4317	1
3352	4206	1
8730	2107	1
11298	11299	1
8773	3855	1
3020	3450	1
3297	7042	1
6245	3450	1
928	8899	1
955	11120	1
4174	5546	1
679	1431	1
2523	2966	1
1897	6268	1
5762	6268	1
11065	6190	1
10449	7616	1
5414	6268	1
9876	11300	1
2562	344	1
563	564	1
4034	3512	1
6764	3471	1
11301	11301	1
7949	1884	1
3904	1838	1
5932	9727	1
4038	9727	1
2646	5240	1
3372	3372	1
8208	6260	1
10455	9021	1
10920	2343	1
10889	2446	1
3027	3028	1
5570	2018	1
6513	9330	1
