9198	9178	1
1589	10340	1
9009	6868	1
8935	4938	1
937	6374	1
8405	9178	1
8223	464	1
2725	5774	1
11121	10464	1
10968	2801	1
4437	4980	1
5524	10754	1
6146	7120	1
4438	4980	1
778	764	1
2550	1097	1
484	2113	1
9100	4857	1
395	205	1
1132	4196	1
5650	8243	1
3141	1411	1
4660	3545	1
8049	8702	1
2609	10968	1
7375	7308	1
8243	5650	1
4802	9790	1
9897	10982	1
4726	4676	1
9695	9807	1
7715	8681	1
5086	2381	1
1738	1217	1
6374	10580	1
6188	1428	1
5423	8515	1
8451	8867	1
3381	10182	1
3166	5796	1
8260	8903	1
10488	6843	1
3222	274	1
9825	2446	1
3984	10982	1
7340	10982	1
6860	6843	1
8515	5423	1
5047	6246	1
10982	3984	1
231	7088	1
6317	3880	1
3310	11122	1
10580	6374	1
3820	2958	1
3880	6317	1
6213	1599	1
6815	11063	1
9400	3985	1
4029	6034	1
11123	5582	1
10968	6845	1
5907	243	1
6007	6008	1
8809	2735	1
6788	2343	1
7339	3695	1
6107	4021	1
7824	4940	1
5515	5854	1
4485	5939	1
3970	2042	1
8164	2042	1
271	272	1
28	19	1
4905	5935	1
6628	5797	1
10508	5979	1
1208	40	1
4624	5622	1
2934	1612	1
3964	3555	1
4334	344	1
10765	2886	1
10531	2567	1
10945	10945	1
5047	11124	1
4457	4884	1
4940	8522	1
423	2167	1
3716	2167	1
1034	2167	1
1166	2167	1
2652	2167	1
6622	6930	1
10595	2190	1
8903	8260	1
3008	2725	1
7368	9299	1
344	4334	1
5966	9495	1
4735	6380	1
6234	6380	1
3537	8958	1
3964	205	1
562	7254	1
781	2412	1
11125	8237	1
11126	6769	1
7824	2604	1
5939	4485	1
4092	9888	1
3875	2009	1
11127	6898	1
3738	5128	1
2721	3335	1
10982	7340	1
1268	3367	1
4438	5107	1
7078	7079	1
5330	2481	1
6930	4202	1
6965	6286	1
3763	6853	1
3376	2884	1
3792	2051	1
10067	5280	1
5266	1619	1
4763	4830	1
3964	4868	1
3792	8173	1
11128	11128	1
4175	2813	1
7824	5744	1
2567	10531	1
40	1208	1
11129	7382	1
8267	6704	1
2911	2085	1
7817	1727	1
5709	9394	1
10692	1585	1
2450	6062	1
8848	5142	1
5516	5047	1
4250	7308	1
10067	5047	1
5047	5516	1
4438	1370	1
6380	1697	1
10067	8809	1
9299	7368	1
10043	9973	1
1599	6213	1
3297	141	1
7501	7308	1
484	7314	1
5720	4444	1
1019	1813	1
3029	5817	1
6466	10772	1
7308	7308	1
676	3043	1
3387	1566	1
9495	5966	1
9984	7718	1
10318	1882	1
3964	1401	1
10473	2484	1
4029	5503	1
6554	7855	1
3310	1401	1
2042	3970	1
4755	5855	1
8820	7980	1
242	241	1
4250	5229	1
997	997	1
9730	2360	1
8233	8093	1
2433	2434	1
11130	8093	1
1922	110	1
7161	11131	1
3792	5784	1
1011	1012	1
4438	4437	1
6141	2597	1
11132	3136	1
5085	10742	1
707	5229	1
205	2560	1
9912	3763	1
3022	2248	1
7082	6613	1
4642	1284	1
4175	8252	1
4438	1835	1
5893	8093	1
6613	7082	1
3539	5021	1
4884	4457	1
8141	1740	1
1855	5830	1
3310	710	1
993	4250	1
10130	23	1
7645	3353	1
1813	6134	1
6120	6121	1
5565	3559	1
3353	7645	1
5296	1517	1
2884	2572	1
6674	6674	1
75	4663	1
1905	912	1
4123	2754	1
1276	11133	1
1822	4663	1
8093	8233	1
4938	8935	1
3367	1268	1
4663	75	1
3006	10974	1
4676	4726	1
241	242	1
2958	3820	1
4707	4706	1
6904	6904	1
21	388	1
10464	11121	1
1517	5296	1
511	9299	1
1099	2686	1
3310	10075	1
2360	9730	1
3994	8944	1
2412	781	1
3964	3310	1
10075	3310	1
1005	6458	1
710	3310	1
8093	5893	1
1401	3310	1
1166	2192	1
10145	9410	1
2192	1166	1
5943	4948	1
10974	3006	1
8419	4948	1
3371	8919	1
2813	4175	1
4438	4577	1
3203	1378	1
3310	2653	1
6380	6234	1
11122	3310	1
3964	2653	1
3454	2241	1
2653	3310	1
6282	4345	1
3559	5565	1
1232	889	1
6382	10442	1
9013	10442	1
1854	889	1
1599	7554	1
10442	9013	1
4668	6450	1
3119	7554	1
2420	889	1
5338	5137	1
912	889	1
3262	11076	1
4250	993	1
3964	3262	1
4346	4345	1
7564	5541	1
3775	6450	1
5856	6450	1
1139	2471	1
3964	5717	1
2572	2884	1
4198	4814	1
6481	6450	1
5296	9024	1
6168	6450	1
7554	3119	1
9024	5296	1
5745	5920	1
1677	1022	1
7457	10437	1
1740	8141	1
1619	5266	1
3487	3064	1
3792	4865	1
464	8223	1
11134	768	1
4979	8291	1
1420	3578	1
5047	9356	1
11135	11135	1
1517	2855	1
760	5283	1
7684	10955	1
1274	5283	1
10421	5283	1
3575	11026	1
4029	5888	1
11026	3575	1
5297	1879	1
11136	4981	1
4939	10464	1
4362	6447	1
2598	519	1
2559	2457	1
1338	2135	1
11137	11137	1
1641	2579	1
7441	11120	1
628	627	1
5893	5516	1
10464	4939	1
6761	10960	1
5577	4000	1
11138	770	1
4992	6370	1
5796	4876	1
8202	8202	1
11062	11062	1
912	466	1
375	271	1
2381	5086	1
10182	11139	1
9251	10389	1
7337	6837	1
5087	5086	1
8017	6297	1
3310	2479	1
4438	2479	1
7564	4954	1
4438	5307	1
9400	10755	1
11140	7162	1
5516	5893	1
2247	4898	1
1022	1677	1
5440	10254	1
6258	5086	1
3545	6185	1
10507	6625	1
7269	8505	1
6450	9960	1
9087	5642	1
5169	7489	1
5459	3543	1
10755	3985	1
5817	3029	1
2102	1379	1
6185	3545	1
511	5512	1
10002	9104	1
10067	10379	1
10968	2609	1
8705	9718	1
8162	9718	1
5	27	1
8379	11141	1
8089	9996	1
4029	5043	1
4029	8654	1
2037	9996	1
3121	1270	1
6458	1005	1
6185	5576	1
5854	5515	1
6942	914	1
6322	10379	1
5459	4873	1
7334	8425	1
9088	9088	1
3228	5604	1
7339	9342	1
10506	10704	1
9507	8641	1
317	7785	1
4029	8666	1
5549	7785	1
4094	1910	1
11142	601	1
6837	7337	1
10389	9251	1
4029	11121	1
8548	2427	1
11007	11143	1
7564	5542	1
4521	5269	1
8962	6165	1
10955	7684	1
821	5777	1
7128	8763	1
6306	9924	1
3107	11110	1
7564	6779	1
11144	4059	1
8650	6115	1
5512	511	1
7254	562	1
9356	5047	1
10845	10830	1
1399	3465	1
518	2691	1
5587	380	1
6481	6921	1
4696	2084	1
3190	8676	1
10130	3082	1
627	2343	1
9475	3865	1
3943	4227	1
11144	2985	1
7785	5549	1
5791	3743	1
2985	11144	1
3658	3743	1
855	5682	1
4059	11144	1
6127	5520	1
4438	1221	1
3454	6348	1
8863	8862	1
3964	2420	1
4438	9389	1
10067	10973	1
5086	5087	1
6625	10507	1
3824	2454	1
2084	4696	1
4830	5783	1
8763	7128	1
1886	380	1
4029	8774	1
2409	2113	1
4345	4346	1
2454	3824	1
8862	8863	1
8297	429	1
8089	6820	1
274	2534	1
8195	8587	1
10464	6860	1
7564	2212	1
5283	5283	1
9430	9606	1
4438	8230	1
2801	2609	1
6146	3260	1
6845	2609	1
4029	4084	1
4029	5191	1
4029	6112	1
9387	9387	1
2051	1558	1
6062	2450	1
10857	6891	1
1854	8405	1
8139	10853	1
10853	8139	1
1520	214	1
11145	11076	1
11111	6923	1
2757	349	1
2420	1708	1
3670	4343	1
214	1520	1
10343	7128	1
4671	10273	1
4345	6282	1
6769	5337	1
9606	9430	1
4438	3542	1
8587	8195	1
1512	21	1
2741	2694	1
10130	8803	1
4029	6372	1
4808	424	1
6365	6813	1
1858	4645	1
1199	7210	1
10067	3240	1
9452	7117	1
5857	8492	1
5283	10421	1
7432	8139	1
424	4808	1
5000	4999	1
8141	3240	1
6765	2958	1
8609	6104	1
677	3240	1
3938	7156	1
10067	3886	1
6813	6365	1
380	9574	1
1865	344	1
6676	9924	1
11121	5234	1
10807	6498	1
3240	677	1
10273	4671	1
5783	4830	1
2958	6765	1
1666	3723	1
8609	5353	1
3465	1399	1
7930	7919	1
2966	596	1
8322	7326	1
737	3240	1
6021	5926	1
5926	6021	1
2558	2662	1
485	2547	1
10605	10651	1
10651	10651	1
486	2547	1
2958	2959	1
5414	4789	1
9281	10651	1
1110	3641	1
11146	1432	1
8492	5857	1
3964	1270	1
6127	6702	1
4984	5648	1
3310	2354	1
9966	10319	1
3855	8287	1
3240	737	1
3051	1279	1
5582	11123	1
3043	5481	1
9556	6112	1
1188	5481	1
3738	4209	1
8425	7334	1
10130	8802	1
10003	7213	1
11102	5875	1
11121	5353	1
9044	2200	1
9718	8162	1
10188	8162	1
6843	10488	1
10093	1028	1
6268	4789	1
8587	5535	1
4029	5681	1
2673	2276	1
5815	3020	1
8071	6784	1
5868	7553	1
7552	6734	1
7375	2433	1
4851	2433	1
7117	9452	1
4029	1884	1
9511	10807	1
6243	8420	1
8420	6243	1
4029	9402	1
9649	717	1
5840	3561	1
8893	3733	1
7564	905	1
5110	7178	1
4491	6836	1
4029	6270	1
8819	7042	1
2623	3384	1
8196	10053	1
10755	9400	1
8676	3190	1
4763	5783	1
10651	10605	1
5481	1188	1
7308	7501	1
6243	8421	1
1188	6506	1
8204	2616	1
10947	4954	1
6930	10083	1
5625	2403	1
1100	1099	1
4689	10899	1
10083	6930	1
1045	2501	1
10053	8196	1
11147	11147	1
8641	9507	1
1847	4607	1
3722	2712	1
9411	9123	1
6860	10464	1
3480	10020	1
9154	9155	1
3792	3647	1
3008	3008	1
8750	11148	1
4139	11148	1
271	2776	1
4980	4437	1
2608	6533	1
5137	5338	1
6640	6301	1
3950	5442	1
5904	5374	1
3027	3028	1
3597	6948	1
2616	8204	1
8333	8676	1
5353	11121	1
7544	1746	1
8162	10188	1
4422	1009	1
8600	5219	1
3240	7866	1
2609	6845	1
5085	5870	1
4592	5219	1
2776	271	1
9100	9100	1
2885	9300	1
11091	3383	1
7537	7537	1
4343	3670	1
11149	11150	1
271	375	1
4029	5301	1
4029	4812	1
10067	8404	1
4663	1822	1
8750	8575	1
5870	5085	1
10003	6135	1
4948	5943	1
6348	10759	1
10899	4689	1
5337	6769	1
6899	271	1
5219	8600	1
7919	7930	1
6489	3855	1
8492	4724	1
4029	6136	1
4727	8160	1
8160	4727	1
3180	5340	1
6136	4029	1
4812	4029	1
5301	4029	1
2422	3855	1
2454	3855	1
8699	5970	1
10192	7302	1
5442	3950	1
2403	7052	1
6045	10095	1
7718	9984	1
1727	4725	1
5970	11077	1
10319	9966	1
6270	4029	1
1936	9842	1
4029	5365	1
7602	3258	1
5365	4029	1
10379	6322	1
4438	4873	1
9402	4029	1
2885	2886	1
9104	10002	1
6190	7537	1
1884	4029	1
5681	4029	1
7553	5868	1
3964	4341	1
6112	9556	1
5202	9966	1
10759	3029	1
825	7837	1
2900	8228	1
7980	6193	1
8086	1641	1
11151	11057	1
4828	855	1
3964	897	1
1199	3740	1
476	477	1
3532	1641	1
11016	6197	1
6642	6643	1
425	958	1
10651	9281	1
7120	6146	1
6380	4735	1
2569	7673	1
4000	5577	1
271	6899	1
5301	7109	1
3855	2454	1
7564	10000	1
3079	2911	1
1039	304	1
10704	10506	1
7595	7595	1
5533	304	1
4869	8989	1
1642	604	1
