6816	6060	1
2855	1081	1
7909	8839	1
2065	519	1
8031	6448	1
8247	8803	1
4914	8421	1
319	569	1
10886	4767	1
11076	11076	1
9917	668	1
3137	8339	1
563	11099	1
8976	7128	1
9152	8929	1
905	564	1
6264	6023	1
7949	6039	1
8425	10506	1
384	6846	1
1757	932	1
5718	5570	1
11194	10471	1
5484	3855	1
5	5922	1
740	5248	1
10536	8420	1
9962	6069	1
5699	2912	1
5768	5569	1
11200	11200	1
7919	7919	1
9198	9198	1
375	1419	1
1304	2113	1
8756	9579	1
7866	8421	1
9248	4939	1
4856	4196	1
1854	623	1
8819	7042	1
10319	9966	1
3753	8899	1
7553	5868	1
887	4637	1
6843	10488	1
4888	5939	1
1716	8906	1
5868	7553	1
4418	11182	1
4383	8931	1
7654	9300	1
10471	11194	1
4032	4796	1
9	1208	1
10506	10704	1
1034	760	1
8654	4029	1
11183	4137	1
5484	3965	1
5047	2284	1
9772	2284	1
11201	5922	1
1854	2284	1
4437	4384	1
1740	3674	1
11202	1062	1
6919	4454	1
90	19	1
710	6647	1
2733	764	1
986	7029	1
7949	8177	1
6213	1599	1
11014	10259	1
6816	5087	1
2595	5633	1
1664	219	1
6930	10083	1
6414	7714	1
4437	6468	1
7949	8428	1
2985	11144	1
10083	6930	1
6577	10235	1
5519	4294	1
781	2412	1
3085	6289	1
11099	563	1
6532	6316	1
7988	7128	1
8974	7128	1
4939	9248	1
3237	422	1
11203	7128	1
2958	5280	1
4838	422	1
4355	2383	1
2733	5031	1
7827	6083	1
8492	4445	1
219	1664	1
11072	8819	1
3008	774	1
519	2065	1
691	8819	1
9579	8756	1
6316	4084	1
4914	5733	1
2595	5395	1
7479	3826	1
5922	5	1
3366	4360	1
7714	6414	1
5604	6790	1
8284	1127	1
6788	2343	1
5709	6128	1
5374	4936	1
6837	7337	1
1716	10844	1
8929	9152	1
8216	9299	1
7243	11204	1
5733	4914	1
1229	3568	1
4577	5187	1
3549	185	1
4200	4201	1
7714	7753	1
6380	4735	1
707	8688	1
10535	11162	1
4058	2356	1
8599	11128	1
11204	7243	1
6846	384	1
1338	4061	1
5484	5043	1
6532	5043	1
5484	8909	1
6055	7450	1
11205	8505	1
3091	1069	1
3631	3631	1
7134	7158	1
564	905	1
4006	1727	1
5484	6372	1
5282	3082	1
7827	3153	1
252	6022	1
7128	10343	1
4288	6023	1
9376	9377	1
7949	9736	1
8162	9065	1
3004	9460	1
9009	11163	1
9966	10319	1
1664	4234	1
11163	9009	1
8159	6744	1
3629	9772	1
2270	4936	1
11077	8940	1
9136	410	1
7032	7597	1
1727	4006	1
5897	5898	1
6632	3091	1
2595	2620	1
1069	3091	1
2356	4058	1
1804	1389	1
1886	5909	1
2558	2662	1
2733	791	1
8339	3137	1
6642	4426	1
7511	5753	1
9065	8162	1
5753	7511	1
9679	9678	1
7442	7443	1
3343	797	1
6532	3931	1
1599	3310	1
2733	484	1
6860	10464	1
9507	8641	1
1305	9287	1
5674	2427	1
2673	3558	1
9287	9287	1
9223	4810	1
10319	10173	1
5484	7052	1
10347	8049	1
10889	2446	1
10663	2941	1
4810	9223	1
1093	3615	1
6901	7639	1
5047	6185	1
4978	4561	1
7050	410	1
6038	1002	1
3545	6185	1
6532	6533	1
689	2113	1
1389	1804	1
4061	1338	1
6038	6185	1
7949	1237	1
6218	8153	1
2733	1362	1
2327	2315	1
6185	5047	1
10319	8975	1
6753	2121	1
8802	8975	1
6753	6753	1
9966	8975	1
8975	8802	1
4201	4200	1
7949	5678	1
2641	3265	1
5000	4999	1
8219	5531	1
11206	4787	1
3722	3397	1
4999	5000	1
5411	7308	1
5293	5000	1
7308	5411	1
8975	9966	1
9000	9000	1
9335	383	1
7450	6055	1
9832	9832	1
467	10422	1
8191	8086	1
7785	5549	1
10343	7128	1
8085	3005	1
717	3009	1
6649	6146	1
6468	4437	1
5569	3849	1
11207	7401	1
1199	1200	1
5087	5086	1
875	2886	1
3438	3763	1
2595	2853	1
7401	11207	1
295	4203	1
4983	6329	1
2338	4046	1
3803	3212	1
8802	7128	1
4613	9330	1
3399	2397	1
3545	3333	1
3372	2712	1
3820	3450	1
5137	3563	1
4868	2051	1
8121	7158	1
1401	8668	1
5482	10506	1
2733	4489	1
6646	3450	1
2579	3745	1
5484	5462	1
4113	10506	1
4294	5519	1
6837	10506	1
6146	6649	1
7337	10506	1
5365	10506	1
5188	5511	1
2051	4868	1
1854	2137	1
3450	6646	1
9276	10351	1
6869	7119	1
10755	10506	1
7859	10506	1
10633	10506	1
3689	3332	1
1077	6851	1
9667	7793	1
634	6851	1
518	6851	1
2308	10506	1
1972	1389	1
9962	10506	1
10506	7859	1
4833	4211	1
9718	181	1
5745	5920	1
7158	8121	1
4036	8738	1
3212	3803	1
3068	996	1
4207	8738	1
996	3068	1
1712	1713	1
970	11208	1
4317	6236	1
10459	7688	1
5452	7289	1
7321	5058	1
4954	5542	1
8756	10012	1
1818	1818	1
4184	77	1
11209	11209	1
7076	8783	1
3333	3545	1
5188	1064	1
5542	4954	1
8983	2651	1
2720	7128	1
10188	8162	1
6851	1077	1
9356	5047	1
10506	10633	1
6007	6008	1
181	9718	1
1854	11210	1
238	1761	1
9586	10639	1
10012	8756	1
5517	6211	1
6843	5948	1
4437	6309	1
897	897	1
4771	3261	1
5353	6788	1
4763	4830	1
3426	6840	1
4597	3826	1
8214	3817	1
7949	9477	1
6211	650	1
2428	9951	1
11211	1816	1
2595	4064	1
1816	11211	1
11031	6034	1
10639	9586	1
11031	11212	1
3315	7108	1
6851	518	1
4234	1664	1
3722	2712	1
1837	2712	1
7289	5452	1
8763	7128	1
9735	3079	1
1339	3514	1
3397	2712	1
6640	5388	1
159	2712	1
3397	1837	1
4586	5490	1
7128	10491	1
8977	7311	1
4020	6897	1
10807	6414	1
4767	10886	1
11144	2446	1
10699	7117	1
3555	5090	1
10808	10582	1
5047	2959	1
9268	10208	1
1854	3108	1
10947	10947	1
11206	7740	1
2076	2910	1
6840	3426	1
4468	5895	1
9800	9800	1
9367	9368	1
6034	11031	1
11212	11031	1
10488	10488	1
10957	8823	1
4676	4726	1
10235	6577	1
