4524	1727	1
3449	5532	1
5885	11233	1
6055	5904	1
4748	484	1
3139	2278	1
7289	5452	1
11242	11168	1
10701	10714	1
408	9109	1
3559	4239	1
11243	8271	1
1897	2480	1
6268	5762	1
428	1175	1
1059	5774	1
5797	5047	1
3765	2253	1
6556	1175	1
5690	3241	1
1816	8339	1
2446	11144	1
5953	2735	1
3170	2735	1
2288	4019	1
8785	5084	1
6433	5047	1
4095	2316	1
9109	408	1
10506	6614	1
4094	6614	1
1523	1117	1
3654	5569	1
6744	11244	1
5526	3662	1
737	3240	1
1176	1869	1
6287	6344	1
5511	5188	1
1933	386	1
7866	3240	1
1064	5188	1
10511	7884	1
9208	11113	1
3449	5559	1
3127	11151	1
5047	5797	1
5110	110	1
110	5110	1
6845	10968	1
817	6447	1
11113	9208	1
5142	3626	1
9550	9550	1
1039	304	1
1740	1740	1
1173	1641	1
3191	1653	1
3366	8501	1
5642	3561	1
6869	9790	1
676	1305	1
3825	1062	1
5068	4241	1
3654	10550	1
813	7158	1
5219	8600	1
1062	3825	1
2330	7158	1
5650	8243	1
9300	2420	1
8819	10742	1
2420	1708	1
6675	425	1
647	5783	1
8944	3994	1
705	5662	1
11019	10742	1
27	5	1
5898	5897	1
2855	1081	1
8676	8333	1
737	1081	1
11201	5	1
2446	10889	1
11229	2572	1
8609	8885	1
8243	5650	1
888	887	1
10807	11245	1
4695	4695	1
8600	5219	1
2203	3438	1
11031	6034	1
10945	10946	1
1096	425	1
3170	3840	1
9268	10208	1
3241	5690	1
5	5922	1
5922	5	1
2922	718	1
7128	8763	1
10027	923	1
2549	2553	1
887	888	1
5463	6113	1
3447	4233	1
11246	7561	1
3994	8944	1
3240	737	1
1081	737	1
9335	383	1
1541	4399	1
3633	11247	1
2922	2167	1
7532	8421	1
4399	1541	1
172	150	1
2922	2651	1
2900	8228	1
2247	4898	1
5704	7416	1
2879	4810	1
1368	1572	1
2691	1428	1
768	2232	1
7786	7444	1
8050	3024	1
2428	5346	1
2733	2694	1
868	5106	1
4446	3545	1
1812	2084	1
4696	2084	1
801	1711	1
4183	5426	1
2922	2652	1
2691	3384	1
1711	801	1
4448	2210	1
4446	4446	1
11157	8140	1
4801	8711	1
2922	1034	1
8790	4429	1
6779	2349	1
2691	2439	1
6236	4317	1
2462	2461	1
2209	6438	1
6317	257	1
9365	5259	1
11248	4308	1
8200	7735	1
736	736	1
11144	2446	1
10889	2446	1
3449	1504	1
6768	9498	1
10940	8092	1
2922	2647	1
4092	9888	1
4006	5723	1
371	623	1
8885	8609	1
2691	2091	1
6245	3820	1
490	10788	1
4346	4602	1
5452	7289	1
8137	5137	1
4940	4814	1
3211	5110	1
4241	4814	1
5353	8609	1
4448	5722	1
8004	10788	1
6104	8609	1
8031	6448	1
2651	2652	1
5722	4448	1
3626	5142	1
4940	6449	1
6023	4288	1
9197	7804	1
7592	7593	1
3743	3658	1
11249	11250	1
1453	2084	1
11251	11251	1
11161	11077	1
2691	6265	1
7818	6819	1
4933	1539	1
4072	4464	1
10968	6845	1
6197	5860	1
5497	5498	1
378	4167	1
6053	623	1
5602	6442	1
4940	10581	1
5263	8897	1
7645	3353	1
3857	3857	1
2691	1935	1
4006	3503	1
4868	2051	1
11252	11252	1
5047	6185	1
5662	705	1
10320	7141	1
5110	3211	1
6038	6185	1
3545	6185	1
6490	6022	1
2019	186	1
5142	4930	1
992	940	1
8940	11077	1
10716	7308	1
4569	6022	1
395	205	1
6449	4940	1
1539	4933	1
9688	6176	1
2894	186	1
3479	4037	1
2691	3761	1
4602	4346	1
4706	4707	1
10689	4525	1
4940	9155	1
9155	4940	1
6185	3545	1
4017	4211	1
1938	737	1
9488	9234	1
1503	216	1
1930	2894	1
311	312	1
11201	5922	1
5188	7130	1
7561	11246	1
2633	1759	1
10634	8876	1
9568	5920	1
8876	10634	1
6492	5857	1
6038	1002	1
484	4748	1
4444	5720	1
10940	8707	1
303	11253	1
10330	7204	1
6438	2209	1
4448	2209	1
9234	9488	1
2691	6310	1
5720	4444	1
8650	6115	1
9966	10319	1
257	6317	1
4167	378	1
4193	4176	1
2652	2651	1
5811	4021	1
9575	9575	1
4983	5384	1
924	7853	1
11234	11234	1
1117	1523	1
7050	410	1
10634	8680	1
375	10742	1
4288	1791	1
7308	10716	1
2691	8291	1
2922	7796	1
2209	4448	1
4729	5869	1
11224	485	1
2019	5099	1
2922	423	1
2922	3108	1
6492	1897	1
2051	4868	1
2480	1897	1
1002	6038	1
10663	2941	1
11254	6103	1
3775	4250	1
3445	2941	1
4241	5068	1
21	788	1
6185	6038	1
3353	7645	1
10374	9578	1
5259	9365	1
7014	5603	1
3613	762	1
9517	9578	1
5468	5287	1
9578	9578	1
7741	5800	1
3912	2941	1
8113	2871	1
7920	5043	1
4735	4635	1
7644	5066	1
6048	7318	1
7630	7993	1
2651	8983	1
8200	7318	1
7920	7318	1
2420	889	1
5087	5086	1
10844	1716	1
4176	4193	1
4288	6023	1
627	628	1
6228	11102	1
3068	996	1
6448	8031	1
2206	3828	1
4763	4983	1
1175	3017	1
11255	8140	1
1503	808	1
7469	9239	1
4940	1426	1
2206	624	1
10264	10393	1
11229	3401	1
425	3401	1
7982	5090	1
8600	4137	1
6648	5598	1
9138	6035	1
10036	2748	1
3503	4006	1
7920	7052	1
10829	3239	1
9271	10755	1
5598	6648	1
5086	5087	1
8897	5263	1
996	8291	1
6035	9138	1
8938	7452	1
4940	5744	1
3079	2086	1
7103	11115	1
11099	11241	1
5546	4174	1
4464	4072	1
6595	6596	1
3107	11110	1
4940	5988	1
1647	1175	1
7949	1237	1
2415	1143	1
7431	11256	1
6492	4555	1
11233	10889	1
3392	3561	1
5266	1619	1
9966	5202	1
7444	7786	1
10889	11233	1
2086	3079	1
6532	7535	1
4864	4863	1
11115	7103	1
7370	10273	1
10677	6532	1
4676	4726	1
2691	1241	1
8609	5353	1
186	2019	1
5773	3160	1
1619	5266	1
4726	7947	1
238	3239	1
9369	10084	1
912	2420	1
10974	3006	1
8756	10374	1
9772	3629	1
4611	6525	1
6687	11194	1
6758	486	1
5484	7052	1
4183	5428	1
2691	2140	1
5252	110	1
5084	8785	1
4183	2905	1
996	1380	1
11255	11255	1
72	1279	1
1175	1647	1
6119	5294	1
4690	7993	1
3576	6165	1
8976	8763	1
2803	11257	1
1134	2523	1
5388	6640	1
1407	10571	1
7401	11207	1
6100	7446	1
8934	10924	1
4726	4676	1
11258	6930	1
3301	380	1
7993	4690	1
9006	4349	1
7616	10449	1
9204	697	1
2804	1135	1
2532	6443	1
5210	7033	1
1791	4288	1
3512	4034	1
6374	1266	1
3051	4679	1
5047	2284	1
6183	7308	1
6930	10083	1
5027	5026	1
11157	11157	1
9845	477	1
6635	6700	1
4940	8359	1
6165	3576	1
5	27	1
649	6103	1
5428	4183	1
7308	6183	1
3352	993	1
7143	8976	1
5762	6268	1
8976	7143	1
4940	6006	1
6481	5622	1
5060	10570	1
797	3343	1
10319	8976	1
6492	2480	1
3024	8050	1
5504	5009	1
8976	10319	1
5009	5504	1
1305	676	1
2084	1453	1
10571	1407	1
1605	6921	1
1426	4940	1
2691	2649	1
8641	1607	1
5744	4940	1
5988	4940	1
9158	6921	1
6443	2532	1
5504	8301	1
4210	3650	1
8301	5504	1
8359	4940	1
6006	4940	1
1786	5068	1
4365	4364	1
11259	1620	1
4250	3775	1
205	395	1
7916	2343	1
5414	4789	1
7082	6613	1
9578	10374	1
11260	8634	1
2420	9300	1
7677	11261	1
11211	3137	1
1746	1390	1
7688	10459	1
2009	3875	1
6492	3080	1
3629	9772	1
3449	4432	1
6443	8781	1
3820	6245	1
4842	7662	1
636	1644	1
2677	2544	1
2966	1644	1
4490	5288	1
8756	8652	1
3137	11211	1
6492	2086	1
6899	271	1
1711	10754	1
6922	5861	1
7029	986	1
2517	2028	1
10083	6930	1
7179	7731	1
1390	1746	1
3654	5783	1
5861	6922	1
8634	11260	1
2148	7391	1
1237	7949	1
5	11201	1
5604	3229	1
1620	11259	1
2941	10663	1
3228	3229	1
9959	6484	1
4328	9498	1
1145	8451	1
8756	5254	1
2691	518	1
9084	7042	1
7951	2353	1
2479	3924	1
1188	8204	1
2422	3855	1
1584	4789	1
1200	3309	1
4143	1229	1
1135	2804	1
5524	8444	1
5468	5783	1
7920	3855	1
8773	3855	1
4448	7967	1
4167	4095	1
2316	4095	1
5783	5468	1
6309	4437	1
1840	2532	1
747	746	1
1132	4196	1
10319	9966	1
5202	9966	1
2691	1858	1
10060	7544	1
6468	4437	1
4241	369	1
11077	8940	1
940	992	1
2532	1840	1
4183	4945	1
905	564	1
6268	1897	1
10869	11129	1
8025	3358	1
6863	5610	1
9237	3358	1
8204	1188	1
8505	11205	1
6234	6380	1
7033	5210	1
4437	6309	1
11253	1624	1
11129	10869	1
2677	5786	1
110	5252	1
3649	375	1
8756	7948	1
10920	2343	1
8899	7784	1
10982	7340	1
3476	3278	1
9083	7854	1
4183	3759	1
6115	8650	1
11201	1618	1
3983	3983	1
2148	3983	1
5684	6022	1
6576	6513	1
4727	2665	1
9863	10783	1
11262	11262	1
8975	10319	1
8313	10326	1
6556	11263	1
7340	10982	1
11264	9806	1
7391	2148	1
5860	6197	1
625	5843	1
2264	3738	1
3983	2148	1
5488	11078	1
3855	8287	1
7564	5541	1
4727	4724	1
7178	6480	1
2399	5750	1
4448	4447	1
2939	467	1
8501	3366	1
6921	1605	1
7086	4555	1
7053	6985	1
8214	3817	1
7501	7308	1
2383	4355	1
7308	7501	1
6489	10506	1
10003	5444	1
10319	8975	1
11265	5000	1
9031	4692	1
11266	477	1
2065	519	1
1993	2972	1
4364	4365	1
9178	9198	1
6612	1667	1
477	9845	1
1667	6612	1
10188	8162	1
2652	6584	1
11205	8505	1
9065	8162	1
5000	11265	1
4983	4763	1
1813	11267	1
1618	11201	1
2544	2677	1
5783	4763	1
7927	7927	1
5786	2677	1
2315	2315	1
7205	11244	1
5857	6492	1
6921	9158	1
3068	11244	1
1897	6492	1
2465	3634	1
1269	7106	1
8162	9065	1
4763	5783	1
2399	3931	1
8444	5524	1
2480	6492	1
5623	5783	1
7300	5316	1
7520	2125	1
8763	7128	1
11268	11269	1
5414	1667	1
2086	6492	1
1586	9785	1
10273	7370	1
4983	4561	1
2125	7520	1
4574	6377	1
10900	1647	1
1229	3568	1
8287	3855	1
3654	3655	1
16	1142	1
6513	6576	1
6037	9888	1
4418	8051	1
11270	5444	1
2997	3561	1
4457	1059	1
6492	6816	1
1142	16	1
7442	7443	1
4724	4727	1
2665	4727	1
1209	1209	1
8162	10188	1
7837	825	1
241	2879	1
887	870	1
9215	11271	1
10449	7616	1
3934	3515	1
10343	4470	1
1305	3527	1
3568	1163	1
3780	4115	1
10938	5301	1
6816	6492	1
8451	7441	1
4940	7824	1
11241	11099	1
4174	5546	1
5517	5693	1
5840	3561	1
788	21	1
2691	788	1
4842	8966	1
6325	6700	1
4981	9727	1
697	9204	1
10886	4525	1
6260	8208	1
1059	4457	1
11260	11260	1
3315	7108	1
10353	6492	1
3229	5604	1
8051	4418	1
4344	8299	1
8017	6297	1
526	573	1
10634	9727	1
4039	2973	1
4437	4980	1
493	6987	1
5484	6499	1
467	10266	1
2973	4039	1
6426	6987	1
8451	1145	1
3629	3358	1
7484	9833	1
2496	5581	1
11272	9300	1
2255	768	1
