11056	723	1
5818	6113	1
6207	8033	1
3669	1506	1
11044	9389	1
6119	10581	1
11057	11057	1
6494	6113	1
6236	4317	1
2251	2284	1
10327	2588	1
8809	8420	1
4064	4922	1
7916	3335	1
2051	1558	1
5481	2284	1
9178	9198	1
2283	2284	1
5904	5374	1
4574	5376	1
5047	6245	1
778	764	1
7680	5481	1
10865	3246	1
10282	5764	1
425	5481	1
2607	3611	1
764	3349	1
10101	5481	1
9524	8549	1
2934	5764	1
1291	4930	1
9957	5481	1
7570	10208	1
2433	2588	1
5481	5174	1
3297	7042	1
5258	5773	1
3571	9848	1
9848	3571	1
9368	9367	1
10180	6669	1
9356	11058	1
4015	467	1
7489	7489	1
7974	2959	1
4368	10889	1
849	3561	1
1757	932	1
5481	1402	1
5374	5904	1
4916	1828	1
2506	9193	1
266	3350	1
9300	2885	1
10435	8291	1
5481	4930	1
9327	9327	1
1589	10340	1
1176	1022	1
5481	425	1
9066	9498	1
6946	6945	1
6876	10995	1
10889	4368	1
11059	1897	1
9259	8647	1
6863	1897	1
10651	10651	1
9281	10651	1
1872	1872	1
3650	1084	1
9695	9807	1
9807	9807	1
8116	10947	1
7044	10947	1
9318	10947	1
6820	10947	1
7281	8688	1
9230	4437	1
5764	10282	1
11048	7784	1
705	1269	1
11057	9105	1
4489	7317	1
6402	7317	1
8929	918	1
918	8929	1
6174	3183	1
5451	8929	1
9237	2572	1
4008	6495	1
9152	8929	1
10082	10838	1
4158	6468	1
3333	3079	1
1022	1176	1
4481	11053	1
1141	2920	1
2182	384	1
7012	5684	1
1389	1141	1
11060	6228	1
8707	6332	1
5377	7370	1
10762	875	1
5085	9612	1
9984	7718	1
9066	4087	1
9612	5085	1
1389	2673	1
5642	7228	1
5835	7125	1
10324	10434	1
4570	4571	1
6646	7125	1
5990	2813	1
4175	2813	1
4655	1582	1
705	3070	1
1269	3070	1
2774	1405	1
3610	3089	1
1585	3019	1
5372	5373	1
2182	3343	1
3161	2673	1
4808	29	1
7074	4702	1
1943	1552	1
2589	770	1
3845	1784	1
5889	4212	1
526	2457	1
4475	564	1
3422	11055	1
6965	6539	1
7597	7125	1
526	1195	1
6539	7125	1
9285	4105	1
4240	6535	1
5791	3743	1
9649	717	1
9475	7681	1
7334	6206	1
6316	6206	1
391	485	1
207	280	1
1886	3051	1
2296	3051	1
6930	4202	1
3451	5928	1
8707	7308	1
10043	9973	1
4428	8189	1
7228	5642	1
747	9977	1
1269	8896	1
2547	485	1
9207	930	1
9581	9069	1
8929	3396	1
6456	6122	1
2939	467	1
4376	2641	1
5800	7741	1
5348	8356	1
3333	7223	1
4170	2194	1
4485	5877	1
3623	2902	1
10762	10765	1
3994	328	1
490	5494	1
6481	6921	1
7784	11048	1
8451	10765	1
4313	4184	1
769	4184	1
5570	6264	1
10330	7204	1
5481	3043	1
9234	9488	1
6373	2902	1
4578	3043	1
5108	3384	1
2125	6704	1
9488	9234	1
788	1617	1
3629	3358	1
1840	9785	1
3954	2360	1
1599	6213	1
2234	2360	1
5372	8037	1
3869	1894	1
1269	705	1
6234	6380	1
1243	705	1
425	1122	1
2461	2462	1
7314	492	1
2058	4184	1
4057	2360	1
2182	186	1
2651	2686	1
1099	2686	1
7078	7079	1
1887	2360	1
7082	6613	1
5481	2686	1
4346	1791	1
4171	1727	1
6965	6220	1
2227	2360	1
4868	205	1
1901	2901	1
6220	7125	1
4660	3545	1
1523	1338	1
2391	2392	1
5481	3088	1
7510	8528	1
11061	4423	1
7930	5090	1
5778	10624	1
1338	1523	1
6034	6509	1
2182	5695	1
8929	9152	1
5468	5287	1
11058	9356	1
4365	4364	1
6468	4158	1
2112	2859	1
2484	7308	1
5068	4241	1
5796	2721	1
9193	2506	1
2229	816	1
1854	2686	1
3399	3769	1
930	9207	1
5481	980	1
6220	6965	1
4868	2051	1
2182	920	1
5856	6450	1
3775	6450	1
4428	4427	1
7407	3171	1
3303	3171	1
3261	3171	1
6177	6450	1
705	1243	1
4668	6450	1
222	1000	1
1615	3171	1
5099	4396	1
2391	1675	1
2607	549	1
4729	5869	1
4611	6525	1
2391	9647	1
2182	2094	1
5351	5188	1
1142	1338	1
3310	1599	1
11062	11062	1
158	2109	1
4742	7715	1
472	473	1
11063	11064	1
11021	10460	1
6613	7082	1
11065	644	1
7715	4742	1
1617	788	1
1855	5830	1
4212	5889	1
4397	2235	1
5372	5694	1
564	4475	1
563	564	1
7421	5663	1
4149	3978	1
91	173	1
3033	3033	1
8707	6635	1
9410	10145	1
7223	3333	1
6034	5757	1
205	4868	1
4364	4365	1
5266	5733	1
2973	4038	1
4136	4038	1
9155	9154	1
5849	4038	1
1554	5757	1
10624	5778	1
625	5757	1
2051	4868	1
4666	5757	1
7366	5757	1
9727	4038	1
9164	3862	1
3104	3862	1
6739	5757	1
10488	1255	1
9209	9043	1
2652	6584	1
10282	4962	1
5764	4962	1
5733	5266	1
10878	4962	1
7645	3353	1
5497	5498	1
1943	2616	1
3043	4578	1
7829	1674	1
6783	4726	1
3245	5582	1
922	922	1
3862	9164	1
3353	7645	1
11066	11066	1
1854	1099	1
7510	5220	1
8089	9996	1
5789	3162	1
2019	186	1
4828	670	1
6509	6034	1
6193	8820	1
855	670	1
6127	5520	1
6264	5570	1
1291	6034	1
2481	11067	1
5201	7066	1
9302	10226	1
11010	11010	1
9540	11010	1
9135	10226	1
7996	11010	1
1255	10488	1
6380	6234	1
11053	4481	1
5773	5258	1
2678	173	1
840	3938	1
173	2678	1
6237	11052	1
9066	9942	1
3438	10226	1
8031	6448	1
5388	10226	1
3763	10226	1
6450	3775	1
10572	1501	1
5671	1339	1
6245	5047	1
6185	5576	1
3801	2441	1
5085	5870	1
1599	3310	1
3147	5701	1
9977	747	1
4916	10624	1
3051	1886	1
644	11065	1
1135	8211	1
8033	5701	1
1727	1055	1
6868	9009	1
4184	2058	1
6365	2085	1
7370	6438	1
5452	5701	1
186	2019	1
6450	5856	1
3999	5642	1
2086	6813	1
6648	5598	1
4962	5764	1
2911	6612	1
5282	7452	1
1291	4865	1
9066	6431	1
4370	708	1
5087	5086	1
10762	2886	1
2116	1674	1
6788	2343	1
9066	3092	1
10506	10633	1
6438	7370	1
9825	2446	1
10765	2886	1
28	5576	1
2316	1631	1
6845	2801	1
8508	10681	1
10506	10704	1
5494	490	1
274	3222	1
48	211	1
5116	1816	1
1389	3331	1
10920	2343	1
745	9888	1
7128	8763	1
85	211	1
7718	9304	1
8152	8153	1
3085	6289	1
9571	7515	1
8017	6297	1
1301	2190	1
3539	5021	1
6450	9960	1
4047	8967	1
5904	4135	1
2365	8854	1
2911	2085	1
8763	7128	1
11068	5503	1
708	4370	1
4135	5904	1
9864	11069	1
9644	10620	1
551	5503	1
5191	4797	1
7318	7319	1
4655	5750	1
6450	6481	1
2403	7052	1
3222	274	1
4977	6365	1
6843	10488	1
3978	4149	1
8707	3261	1
9690	10188	1
1339	5671	1
2801	6845	1
6365	4977	1
3315	7108	1
7108	3315	1
3287	7125	1
10151	4980	1
546	7125	1
8420	8809	1
5188	5351	1
8530	7125	1
10681	8508	1
4406	9480	1
11070	1426	1
7319	7318	1
3105	9519	1
2182	797	1
9515	4158	1
2452	6915	1
3190	8676	1
612	1538	1
10736	7739	1
5086	5087	1
8153	8152	1
5039	4577	1
8736	1742	1
11063	11063	1
2017	4084	1
5670	5248	1
7969	5888	1
7662	4303	1
10899	4084	1
10473	2914	1
5100	4084	1
2630	4943	1
531	4269	1
2148	7391	1
1055	1727	1
2813	5990	1
5857	5824	1
8191	8086	1
8707	6646	1
2420	1674	1
8501	3366	1
4084	3366	1
1247	7780	1
106	4837	1
11055	3422	1
10857	6891	1
2019	3232	1
5248	5670	1
624	2916	1
5870	5085	1
2916	624	1
720	1871	1
6649	5444	1
2900	6309	1
8212	11071	1
6450	6168	1
1618	2241	1
7066	5201	1
3260	1871	1
11072	8819	1
3346	11073	1
10591	3885	1
3259	1871	1
8748	6365	1
9411	9303	1
9009	6868	1
764	778	1
1871	3259	1
4084	10899	1
3763	5797	1
7157	5862	1
2182	3696	1
2252	9687	1
2885	9300	1
4437	9230	1
6373	9687	1
6236	7495	1
1338	1142	1
280	5869	1
9519	3105	1
6107	4021	1
4802	9790	1
11074	8364	1
5811	4021	1
7145	7780	1
4020	4027	1
11075	10834	1
4184	4313	1
3769	3399	1
8195	8587	1
11074	4816	1
6258	5086	1
4828	5185	1
7780	7145	1
5709	9394	1
2182	382	1
958	752	1
3329	9300	1
5754	8830	1
3541	752	1
5519	4294	1
4087	9066	1
6320	8830	1
173	91	1
5798	5798	1
2911	8830	1
6860	10464	1
6637	4444	1
10346	10345	1
4802	6365	1
220	142	1
4355	2383	1
9942	9066	1
3853	8830	1
6431	9066	1
3092	9066	1
2004	8889	1
4882	4277	1
6807	6808	1
1291	3240	1
8587	8195	1
7667	8830	1
524	7660	1
8086	8191	1
7103	9252	1
7495	6236	1
7079	7078	1
10960	5726	1
2085	6365	1
11076	1681	1
4084	2017	1
467	4015	1
628	3603	1
5443	7535	1
1666	3723	1
9031	4692	1
7318	7535	1
4386	4386	1
8676	3190	1
6228	11060	1
2607	3169	1
5585	5586	1
5729	4219	1
10651	9281	1
1943	993	1
1838	657	1
1681	11076	1
8575	8750	1
5281	6103	1
8364	11074	1
7714	7753	1
5389	1871	1
8989	10300	1
11077	11077	1
3184	10834	1
10459	7688	1
1389	395	1
2037	9996	1
3528	2985	1
9009	10259	1
5132	7731	1
2665	4812	1
7862	10797	1
9959	254	1
10925	11078	1
4812	2665	1
3404	5294	1
4389	1998	1
1629	1629	1
1469	3723	1
2241	1618	1
1084	3650	1
4294	5519	1
6297	8017	1
7817	3274	1
11079	11080	1
4613	4555	1
10164	2379	1
3852	4159	1
7510	10341	1
380	3340	1
1774	4692	1
10345	10346	1
11081	11081	1
3938	840	1
5221	681	1
2572	9237	1
2484	4871	1
8830	2911	1
10319	9966	1
8492	4445	1
9930	7965	1
1897	11059	1
11082	4853	1
4167	6372	1
8943	2284	1
6921	6481	1
5701	5452	1
9966	10319	1
6372	4167	1
8819	11072	1
2691	518	1
9226	4603	1
7153	4603	1
9767	4603	1
2119	2027	1
11083	2550	1
6046	4523	1
3027	1769	1
1822	4663	1
7731	5132	1
4663	1822	1
10259	9009	1
3366	4084	1
1535	3679	1
9391	9493	1
229	1215	1
5427	9888	1
11084	11085	1
6649	8899	1
7552	6409	1
1215	229	1
3366	8501	1
358	1401	1
8975	9966	1
2108	3005	1
1834	2961	1
8264	8264	1
11076	3262	1
10003	7535	1
1389	1433	1
4810	4355	1
1061	735	1
10633	10506	1
10704	10506	1
2383	4355	1
2446	9825	1
11086	5452	1
6290	1422	1
485	391	1
218	4346	1
4624	5622	1
2985	9825	1
3722	3232	1
1943	6379	1
142	220	1
4345	4346	1
564	905	1
11074	5191	1
11082	9065	1
5086	6258	1
5442	11087	1
5866	10787	1
9065	11082	1
9966	8975	1
10164	6372	1
1358	1504	1
1509	4333	1
5191	11074	1
6372	10164	1
11088	11088	1
8975	10319	1
10319	8975	1
3346	6214	1
1504	1358	1
10319	8802	1
5840	3561	1
10663	5607	1
1774	3855	1
5642	3561	1
358	6642	1
4723	3005	1
9864	8331	1
8975	8802	1
11089	4603	1
5195	5196	1
4409	3950	1
2198	6127	1
2985	3528	1
9825	2985	1
15	6758	1
10379	6322	1
3950	7862	1
9312	6481	1
2420	1708	1
717	9736	1
5750	3931	1
9754	9474	1
6448	8031	1
4444	6637	1
4038	4136	1
526	3335	1
526	573	1
4662	4133	1
3252	6914	1
6343	4883	1
7862	3950	1
6850	10715	1
5442	3950	1
8610	5590	1
7866	3886	1
211	48	1
9066	8976	1
4586	5490	1
300	111	1
190	203	1
10188	9690	1
3333	3545	1
1291	710	1
3545	4660	1
8830	6320	1
8802	10319	1
2027	2119	1
4735	2785	1
2317	2596	1
8899	6649	1
8938	8974	1
1062	6133	1
3743	5791	1
1405	2774	1
3234	4725	1
10259	10259	1
5197	6344	1
1711	10754	1
1644	636	1
10620	9644	1
10572	6613	1
10765	8451	1
1501	10572	1
2934	1612	1
7718	9984	1
5598	6648	1
