5801	4956	1
1134	10706	1
5267	4668	1
9158	4668	1
2365	8854	1
7318	7319	1
4217	4765	1
1599	3310	1
2043	1828	1
3091	9267	1
9174	6985	1
7319	7318	1
5926	5468	1
8823	10957	1
9132	7042	1
241	2879	1
9581	6094	1
8484	5503	1
10206	6320	1
1850	2181	1
7969	7302	1
7595	7592	1
5423	2879	1
4863	4864	1
4956	5801	1
1087	863	1
6319	9314	1
2481	2441	1
4409	3950	1
4543	10704	1
11014	10259	1
11015	11016	1
6985	9174	1
3337	5691	1
4047	5691	1
10149	8570	1
3030	6989	1
1096	3020	1
2904	1933	1
5094	835	1
7988	8974	1
5481	425	1
10984	5407	1
9314	6319	1
604	1642	1
518	3674	1
8515	5423	1
5423	8515	1
11017	8515	1
1062	5495	1
2179	1578	1
271	375	1
7689	7689	1
10915	1578	1
9860	9773	1
7235	4555	1
6450	5856	1
9690	9773	1
9567	5861	1
10466	86	1
5511	10067	1
2481	1858	1
2572	1858	1
8525	8526	1
8474	10813	1
5861	9567	1
1096	2620	1
8453	8453	1
7929	2813	1
1813	106	1
1099	1202	1
3610	1202	1
1096	1202	1
5533	304	1
1725	2260	1
6316	4084	1
8195	8587	1
1202	1099	1
6760	8359	1
4481	9737	1
4345	4346	1
1096	9930	1
9737	4481	1
7223	3333	1
8443	8989	1
10873	8729	1
6774	3797	1
5267	6121	1
8802	8975	1
5267	5411	1
2481	3786	1
5468	5926	1
7870	933	1
84	7480	1
3797	6774	1
5204	5205	1
8587	11018	1
6043	6044	1
2532	10623	1
10963	325	1
9223	9244	1
1099	4268	1
9419	6790	1
6294	2604	1
1481	11019	1
2237	5167	1
6450	3775	1
2651	4134	1
6186	11019	1
8689	2520	1
11019	8931	1
9235	9235	1
6316	6804	1
5988	3463	1
84	3212	1
3651	3190	1
4422	4015	1
84	86	1
7205	4980	1
8018	4980	1
8135	4980	1
6380	4735	1
10768	6657	1
10899	4735	1
3329	10526	1
6450	9960	1
8587	8195	1
6869	9790	1
6490	6022	1
4346	4345	1
5981	6155	1
3020	9356	1
5167	2237	1
5988	6022	1
11003	10674	1
9578	9579	1
4047	6141	1
6127	5520	1
9037	10674	1
5087	5086	1
1010	3623	1
9281	10651	1
1099	8570	1
3400	3931	1
6530	6530	1
2422	5185	1
5945	6290	1
10651	10651	1
13	594	1
9488	9193	1
84	87	1
3308	3931	1
5094	6038	1
8570	1099	1
106	1813	1
1854	1099	1
7446	2224	1
840	3938	1
4301	4301	1
4020	6897	1
8820	6193	1
3333	7223	1
1099	2564	1
1847	4607	1
863	5415	1
2564	1099	1
697	9204	1
5516	5516	1
3610	2420	1
2124	2127	1
11020	5551	1
3030	6066	1
9285	2083	1
2169	8335	1
6983	7850	1
6066	3030	1
10460	11021	1
10623	2532	1
1099	2163	1
2298	2163	1
4326	2969	1
2163	1099	1
10938	7407	1
4047	8967	1
1099	6424	1
5062	5843	1
5522	5544	1
5495	1062	1
9178	8405	1
7407	10938	1
3337	7127	1
10681	8508	1
1936	2902	1
2520	8689	1
10907	7960	1
10634	2838	1
594	13	1
5709	9394	1
8071	6784	1
564	863	1
1420	4422	1
1757	932	1
1629	10769	1
5764	2934	1
11022	10769	1
5047	5411	1
8689	2521	1
5267	7965	1
2224	7446	1
6891	10857	1
2521	8689	1
11023	11023	1
6952	3311	1
5988	4717	1
3311	3311	1
6068	9759	1
5094	6265	1
3311	6952	1
4597	3826	1
5988	6564	1
3088	5355	1
4647	3440	1
524	816	1
3107	4234	1
8171	816	1
10886	4525	1
2420	5411	1
5094	1305	1
10973	11024	1
3308	4047	1
5388	9842	1
11025	11026	1
6521	4577	1
2740	2427	1
3308	3155	1
7870	4538	1
21	388	1
375	271	1
5094	3177	1
2446	4755	1
3591	6017	1
10520	8064	1
5799	8789	1
5988	7341	1
1774	4692	1
4692	4692	1
8064	10520	1
6940	8973	1
5598	6648	1
6897	4020	1
2481	1110	1
7853	11027	1
6450	6177	1
6365	6813	1
8405	9178	1
6146	6649	1
3877	2347	1
2481	4289	1
5558	5201	1
1629	8009	1
7718	8014	1
2316	4147	1
1742	8736	1
5411	2420	1
4047	6783	1
4047	4346	1
9785	2973	1
5134	7944	1
9300	2973	1
8676	8333	1
11007	7006	1
3202	8415	1
3569	7012	1
4346	4047	1
5086	5087	1
1126	2234	1
2973	9300	1
5283	10897	1
1096	2959	1
3308	5752	1
1126	9483	1
4147	2316	1
4084	10899	1
4735	10899	1
10205	11028	1
10434	9133	1
9133	10434	1
5988	4569	1
21	1512	1
3107	2919	1
6783	4664	1
4755	2446	1
2181	1850	1
9356	3020	1
10666	4981	1
9223	9437	1
9383	9437	1
8014	7718	1
9785	1840	1
4816	4176	1
1512	21	1
7260	515	1
1096	1401	1
6649	2663	1
1096	2585	1
3440	4647	1
760	10421	1
3610	2492	1
4176	4816	1
3337	4662	1
4047	4662	1
10421	760	1
1096	3010	1
10651	9281	1
644	3091	1
1976	11029	1
8430	10374	1
5988	6034	1
4525	10886	1
5287	5468	1
11030	11030	1
1099	1392	1
4007	3232	1
849	3561	1
5979	6034	1
5094	3240	1
3610	1009	1
2585	420	1
7866	3886	1
5988	4668	1
6450	4668	1
5055	50	1
3337	5888	1
3308	5888	1
5110	3234	1
8144	5888	1
7408	8940	1
3938	840	1
5423	8320	1
3311	6220	1
4047	4345	1
4936	10943	1
5607	10663	1
160	1893	1
1099	1935	1
1838	657	1
10955	8684	1
6649	6146	1
6721	6146	1
6299	6310	1
3311	965	1
2842	1342	1
3610	965	1
2234	1126	1
6299	10557	1
3228	3229	1
1953	7213	1
3177	6309	1
1099	1100	1
5945	5499	1
4355	2383	1
5411	7804	1
1871	720	1
7907	6309	1
8830	7863	1
5468	184	1
8619	2364	1
10021	2315	1
10984	3688	1
6343	6251	1
6306	3668	1
6845	10968	1
6642	6643	1
10968	6845	1
9304	7718	1
2801	10968	1
5681	6372	1
