5822	7906	1
5013	5815	1
9188	7114	1
10179	11397	1
8785	10609	1
9248	7916	1
7982	5090	1
3020	5815	1
1248	4945	1
6448	8824	1
3483	10797	1
6768	123	1
3528	3836	1
3452	3037	1
5490	10308	1
3037	3452	1
11382	3401	1
6409	6397	1
9973	10043	1
10308	5490	1
2646	6507	1
8975	10319	1
1986	7058	1
6533	2608	1
9134	1926	1
10405	5316	1
5086	5087	1
8975	8802	1
3302	2875	1
7004	5418	1
11033	11034	1
3549	1531	1
10814	8903	1
8260	8903	1
11485	11372	1
7369	7452	1
4801	7944	1
3880	6317	1
1166	2192	1
11517	3004	1
9546	9547	1
11485	7028	1
3591	1847	1
8721	10084	1
4674	10153	1
3476	4167	1
3448	5559	1
11387	8903	1
737	1094	1
8840	3298	1
3222	5623	1
6987	5503	1
1420	6127	1
6171	6184	1
8903	11387	1
4034	3512	1
7153	993	1
2315	2985	1
3605	11521	1
6309	10682	1
11256	6113	1
4316	803	1
6690	2520	1
3579	3594	1
5981	6155	1
5468	5783	1
155	156	1
8962	3576	1
4660	3545	1
5623	5783	1
11522	9254	1
5783	5468	1
7108	3545	1
7988	11403	1
7654	6578	1
2881	2260	1
4470	2260	1
5451	8929	1
2433	9105	1
2386	3408	1
1173	6987	1
10411	11351	1
3516	1437	1
7216	9924	1
1662	3695	1
7020	10179	1
3447	4233	1
10379	5240	1
9248	11164	1
2985	2545	1
10405	10405	1
11397	10179	1
3545	7108	1
10043	9973	1
1011	1012	1
4573	616	1
2368	2369	1
184	11342	1
11523	11523	1
11524	11524	1
3642	3518	1
3680	11342	1
777	5812	1
3448	4432	1
3596	3601	1
7520	993	1
1420	5830	1
2461	2461	1
4063	11105	1
4360	3366	1
5418	7004	1
8092	7613	1
11472	11472	1
2264	4209	1
7739	5444	1
5812	777	1
1173	5503	1
7804	9131	1
10024	9131	1
9207	930	1
689	9164	1
9131	10024	1
6113	8133	1
4522	7165	1
7369	11069	1
5883	143	1
5863	4408	1
11515	3462	1
689	589	1
11479	3137	1
3664	5779	1
8739	7796	1
2604	6294	1
11525	329	1
4747	10659	1
10958	5888	1
628	628	1
6116	5515	1
6706	8739	1
628	627	1
9001	9479	1
1282	788	1
627	628	1
6294	2604	1
4735	4635	1
3512	4034	1
5908	5497	1
2985	11160	1
11344	7521	1
10511	10717	1
9376	9377	1
11520	11519	1
9669	6802	1
11526	11526	1
11031	10478	1
2051	1558	1
10008	7528	1
8295	901	1
4917	1462	1
232	285	1
3816	1462	1
3004	11517	1
7570	4580	1
5823	7086	1
1187	11517	1
222	1693	1
4580	7570	1
11515	2478	1
3549	185	1
4515	1481	1
4589	11527	1
10116	10116	1
6921	5588	1
5497	5498	1
689	1189	1
1647	10235	1
9133	5028	1
6802	9669	1
11528	7919	1
6456	7210	1
9248	8959	1
7570	7919	1
4983	4561	1
788	1282	1
930	9207	1
3448	6564	1
2985	3212	1
4279	550	1
4581	10769	1
1462	4917	1
4730	5356	1
11403	7988	1
9128	7481	1
3237	5356	1
6947	10658	1
5836	5356	1
4592	5356	1
1173	3201	1
5087	5086	1
9105	2433	1
2258	7481	1
7520	2125	1
5437	1810	1
3785	1842	1
11514	9966	1
8051	6207	1
9022	4981	1
7570	9550	1
8824	6448	1
7369	7988	1
8363	11529	1
9079	519	1
10769	4581	1
2386	1714	1
2595	5633	1
5898	5897	1
11530	9394	1
4167	3476	1
6190	6448	1
8261	7262	1
6513	9330	1
3950	4605	1
6652	3652	1
11519	11520	1
6646	7125	1
10330	7204	1
6227	7204	1
1750	1749	1
1810	5437	1
10219	7204	1
4003	5168	1
4981	9022	1
11105	4063	1
1462	3816	1
9248	9022	1
7369	9022	1
2386	6961	1
9287	11197	1
7644	9207	1
29	424	1
9207	7644	1
11487	11160	1
6652	5948	1
6448	6190	1
2296	1279	1
3051	1279	1
2198	7082	1
6613	7082	1
8903	10814	1
11531	11532	1
271	272	1
328	272	1
242	241	1
8610	6307	1
2608	6533	1
3448	10377	1
2879	241	1
7311	8977	1
2985	2446	1
3985	10755	1
9669	6506	1
10235	1647	1
1514	2083	1
5609	1269	1
2476	5434	1
543	1188	1
10435	8291	1
10466	86	1
11533	11506	1
11271	10820	1
87	86	1
11506	11533	1
1399	2415	1
5863	5532	1
3448	5532	1
4610	3426	1
10958	6361	1
9231	9600	1
10724	10724	1
3448	5648	1
2422	5185	1
7502	4788	1
5175	5185	1
2368	930	1
4828	5185	1
8823	10957	1
86	87	1
6264	6023	1
624	625	1
3549	3725	1
7974	7265	1
3816	3384	1
10755	3985	1
10083	3479	1
7521	11344	1
4900	4888	1
7520	11487	1
4346	4345	1
1749	1750	1
6506	9669	1
7785	317	1
3180	3295	1
9669	9772	1
3826	4597	1
543	3213	1
11455	11455	1
10003	9381	1
5515	6116	1
4316	1281	1
7082	2198	1
6652	6923	1
2649	8181	1
7613	8688	1
8936	9758	1
5175	4988	1
2940	10772	1
3383	6103	1
5197	6103	1
5402	8948	1
4336	4335	1
1573	10801	1
4008	6495	1
4657	5463	1
3716	6328	1
8133	6113	1
11197	9287	1
7235	4555	1
9049	3816	1
7919	7919	1
6495	4008	1
7739	1237	1
9876	7686	1
1898	4555	1
1685	5335	1
9248	8611	1
3437	4055	1
9006	9040	1
11182	4418	1
3480	10120	1
940	940	1
8854	2365	1
3816	9049	1
1822	4663	1
9731	7948	1
10617	9430	1
6207	8051	1
2017	8011	1
11346	5717	1
5624	77	1
8739	6706	1
8929	9152	1
11164	9248	1
8959	9248	1
7916	9248	1
9022	9248	1
8611	9248	1
6190	6810	1
8051	4418	1
902	987	1
6307	8610	1
9758	8936	1
5258	5773	1
6155	5981	1
11534	7004	1
3173	3835	1
11295	7854	1
5335	1685	1
6506	1517	1
4196	6227	1
6604	7403	1
4418	11182	1
831	11402	1
9001	11505	1
10609	8785	1
5296	1517	1
696	1517	1
9767	5107	1
8787	4196	1
10659	4747	1
328	4523	1
11535	11535	1
4523	328	1
9233	9233	1
1174	2446	1
3476	1797	1
1740	7866	1
7114	9188	1
241	2879	1
9683	1295	1
2604	9300	1
7613	8092	1
4418	8051	1
532	532	1
2985	3528	1
3768	7764	1
6987	9381	1
6652	6380	1
8011	2017	1
11536	9425	1
10805	11537	1
3197	11537	1
8901	3226	1
7739	5845	1
5624	7415	1
5893	11536	1
9425	11536	1
3414	7837	1
9542	814	1
11538	3542	1
10435	2645	1
1426	98	1
3479	5326	1
1084	3650	1
10631	328	1
9144	11537	1
11539	6190	1
271	328	1
7265	7974	1
8611	5096	1
1559	11517	1
7369	4666	1
4726	4676	1
1797	3476	1
6190	11539	1
7369	7109	1
2365	8854	1
7441	8451	1
11485	6898	1
5689	7441	1
11512	10067	1
5411	4062	1
