11297	5415	1
9136	5542	1
8235	7654	1
9158	10069	1
5542	9136	1
5227	6121	1
3109	4069	1
2941	3912	1
2096	9357	1
1662	3695	1
3852	4159	1
11332	793	1
10147	2737	1
9237	3401	1
2569	7673	1
9300	6127	1
4726	4676	1
6127	9300	1
1229	3568	1
4884	5721	1
3545	4660	1
5650	8243	1
4368	1708	1
29	7746	1
4569	10023	1
11325	2253	1
400	4180	1
10769	7435	1
8243	5650	1
8802	9763	1
2562	344	1
11201	5416	1
9966	9763	1
5685	2412	1
28	5622	1
526	573	1
9727	10634	1
2039	11307	1
10083	8903	1
594	1672	1
6038	1002	1
10634	6615	1
1942	9049	1
3785	1842	1
1487	1612	1
1672	594	1
10814	8903	1
10988	8903	1
2691	1428	1
8903	10988	1
6814	2102	1
2997	3561	1
3249	7204	1
8944	3994	1
10161	8903	1
9959	5055	1
11031	8903	1
2722	1599	1
8216	9299	1
6845	10968	1
4916	1212	1
6480	7178	1
4525	664	1
11333	11333	1
453	414	1
4577	3512	1
11129	10869	1
3457	3458	1
7723	6417	1
5489	1599	1
912	1599	1
4668	6034	1
328	3994	1
6034	4668	1
2873	4930	1
2127	371	1
7492	371	1
4822	786	1
9281	10651	1
10325	7205	1
11162	10535	1
8903	10083	1
1810	2009	1
8903	8260	1
1855	5830	1
2370	7932	1
731	732	1
1523	1338	1
9062	1338	1
1361	1360	1
3994	8944	1
3568	1229	1
87	86	1
2737	2736	1
7654	8235	1
5757	10839	1
11334	730	1
1229	4143	1
5489	6183	1
10869	10681	1
5489	261	1
3994	328	1
9491	730	1
8410	1709	1
4809	61	1
3383	6875	1
11335	11335	1
11336	11336	1
3490	3062	1
1742	7444	1
786	4822	1
1401	1985	1
10177	10177	1
5055	9959	1
6752	7492	1
4525	10886	1
5288	4490	1
5546	4174	1
6875	3383	1
5603	7014	1
11201	1564	1
11337	9580	1
6657	4962	1
7523	6332	1
4706	4707	1
3062	3490	1
10878	4962	1
10535	11162	1
2942	11160	1
5764	4962	1
7523	2004	1
9895	905	1
408	9109	1
6364	5520	1
9872	10742	1
11335	7492	1
9649	10953	1
11199	5900	1
11324	2371	1
4250	3775	1
5085	10742	1
181	1022	1
8085	10742	1
4358	3747	1
9109	408	1
9084	10742	1
411	10742	1
7421	2749	1
4504	4122	1
8248	10742	1
6034	3395	1
8819	10742	1
1564	11201	1
1875	730	1
1179	1408	1
1339	3514	1
2749	7421	1
5722	2421	1
3521	4402	1
1418	10742	1
4868	2051	1
10147	3421	1
4160	2428	1
2051	4868	1
10886	4525	1
664	4525	1
5382	2483	1
10724	2550	1
1425	1425	1
1059	4457	1
2611	2884	1
4126	5958	1
1780	2671	1
4159	3852	1
3490	3240	1
3834	2371	1
2250	1886	1
2483	5382	1
11338	11339	1
6286	7507	1
2550	10724	1
5259	2891	1
5188	9230	1
10681	10869	1
10330	7204	1
4938	5769	1
3082	2613	1
4578	1937	1
3339	3522	1
7289	6584	1
3353	7645	1
287	322	1
11314	6864	1
9488	2506	1
5004	6456	1
2579	3746	1
7548	1997	1
2891	5259	1
1037	6647	1
3343	5130	1
2894	5130	1
2439	11340	1
10968	6845	1
2801	6845	1
2355	2534	1
6900	7671	1
5445	2725	1
6286	10284	1
2616	11340	1
10185	5178	1
7523	6354	1
9930	10284	1
6234	6380	1
2506	9488	1
1905	912	1
1599	912	1
1372	9270	1
10266	2160	1
6115	4135	1
4515	1481	1
1746	2477	1
7507	6286	1
5904	4135	1
1005	6458	1
2138	4074	1
6864	11314	1
1517	2163	1
1517	1096	1
9234	2107	1
3976	1399	1
4252	5773	1
2163	1241	1
5769	4938	1
5489	2198	1
11341	1523	1
4938	1200	1
9230	5188	1
4159	530	1
1740	8141	1
4952	3064	1
4457	1059	1
8639	9997	1
5489	10200	1
5773	4252	1
414	453	1
2004	1043	1
15	44	1
2779	2371	1
9470	9575	1
5489	550	1
1282	10480	1
1399	3976	1
4162	4025	1
10120	3480	1
3545	7108	1
8096	10480	1
10878	6657	1
10069	9158	1
4962	6657	1
1610	3742	1
3613	762	1
1481	4515	1
3820	6279	1
3850	5822	1
9933	7946	1
2477	1746	1
9550	4580	1
4485	5921	1
10924	8934	1
1043	2004	1
4580	9550	1
1200	4938	1
3662	4220	1
5194	1166	1
10713	7831	1
11342	3680	1
4464	5102	1
1618	3274	1
11112	5759	1
10869	11129	1
3310	11343	1
4580	4580	1
2163	1517	1
1420	5717	1
3490	3491	1
3651	7888	1
1092	6495	1
1713	3828	1
2250	3410	1
27	5	1
4025	4162	1
5086	5087	1
5400	3828	1
2552	371	1
2736	2737	1
5489	3302	1
5297	3083	1
1093	1889	1
5489	2712	1
3490	4865	1
1919	371	1
9311	5778	1
9697	10756	1
4184	769	1
11324	770	1
2058	4184	1
5259	8978	1
4599	1534	1
2966	2523	1
1360	1361	1
7639	6901	1
6287	6344	1
4252	6107	1
5137	3575	1
5822	3850	1
5259	5090	1
6715	4111	1
6052	2677	1
5102	4464	1
10319	8975	1
5967	5967	1
3480	10120	1
9270	1372	1
5234	10420	1
5811	4021	1
4676	4726	1
10002	4363	1
6165	8962	1
3826	5444	1
7089	6506	1
5773	6107	1
4608	6506	1
6764	6764	1
10634	9727	1
4872	4469	1
8903	10814	1
4951	3451	1
4133	4662	1
8903	11031	1
4810	9223	1
3017	11183	1
11151	7822	1
8505	11205	1
7888	3651	1
401	10434	1
8962	6165	1
8152	8153	1
11344	7521	1
4612	5523	1
9763	8802	1
7671	6900	1
7521	11344	1
2331	9877	1
5489	10363	1
7257	573	1
4273	3850	1
7901	11276	1
11343	3310	1
2523	2966	1
3850	4273	1
6197	5860	1
9251	10389	1
366	2578	1
8195	8587	1
905	9895	1
8587	8195	1
5361	9895	1
869	6303	1
5922	5	1
11319	7294	1
11345	10535	1
7639	11346	1
2609	2801	1
10023	4569	1
2801	2609	1
7086	4555	1
6286	5835	1
3066	3826	1
5206	5142	1
2009	1810	1
6845	2801	1
4707	4706	1
4345	4346	1
7982	5090	1
3109	9402	1
7085	5598	1
3490	1401	1
9764	9402	1
3680	11342	1
5259	6786	1
1229	5185	1
6989	1523	1
1338	9062	1
11347	3187	1
6146	6649	1
2773	4437	1
6721	6649	1
9966	10319	1
8975	10319	1
5270	5271	1
2403	7889	1
1338	395	1
11009	7902	1
9242	7672	1
7918	2741	1
2116	9479	1
8492	4724	1
4724	8492	1
11031	6985	1
4581	10769	1
1512	21	1
5390	10769	1
9764	5888	1
10574	8676	1
9571	11348	1
1535	3679	1
8734	9777	1
3287	3489	1
3125	1301	1
3855	8773	1
7188	10377	1
4437	4487	1
11116	4720	1
9234	2082	1
1188	6506	1
3559	4239	1
9164	1623	1
6107	4252	1
9605	3030	1
2376	6506	1
3662	5526	1
6962	6506	1
4030	9479	1
3575	5137	1
5581	2496	1
8153	8152	1
5845	6506	1
1301	3125	1
4983	4561	1
5474	5474	1
9669	6506	1
1041	1194	1
7662	4842	1
10651	9281	1
1741	4021	1
4345	4602	1
3850	7901	1
7145	7780	1
133	3721	1
9402	4778	1
1840	10930	1
3679	1535	1
9452	4778	1
5381	10387	1
28	5576	1
5673	3940	1
2578	366	1
130	173	1
5130	3343	1
3855	2422	1
21	1512	1
5497	5498	1
2677	6052	1
9912	3763	1
4464	1194	1
1040	1194	1
4376	1194	1
5489	1932	1
1194	1041	1
3383	1126	1
3490	1932	1
6046	5787	1
3111	2686	1
5787	6046	1
5489	1401	1
4193	4176	1
4421	1108	1
6468	4437	1
7300	5316	1
4176	4193	1
7618	3222	1
3079	2086	1
5598	7085	1
7901	3850	1
10930	1840	1
2894	1930	1
3870	5068	1
8093	8092	1
10379	10968	1
6901	7639	1
11349	11350	1
10411	11351	1
8952	483	1
4778	9402	1
7537	6625	1
9452	9402	1
8975	8802	1
3109	5888	1
5424	6059	1
6107	5773	1
10420	5234	1
252	2018	1
5197	6344	1
5107	7025	1
4981	10666	1
5374	4936	1
1407	10571	1
8322	9929	1
11276	5161	1
2912	4871	1
5861	6922	1
8092	8093	1
3492	6677	1
2609	1725	1
2496	5581	1
4945	4183	1
5489	1378	1
5105	1305	1
7626	3800	1
10232	8115	1
8141	1740	1
2905	4183	1
3800	7626	1
9586	6625	1
7597	7283	1
3490	1188	1
11350	11349	1
9539	2245	1
793	11332	1
4939	11135	1
3490	889	1
241	2879	1
6126	11120	1
4135	6115	1
4346	4345	1
4602	4345	1
2096	3248	1
9763	9966	1
7032	7597	1
10666	4981	1
10319	9966	1
6450	9960	1
9202	4773	1
7982	6569	1
2008	1810	1
11352	9420	1
7205	10325	1
9895	5361	1
5259	7423	1
705	3070	1
4773	9202	1
1243	3070	1
8676	10574	1
5556	6021	1
6264	6023	1
5426	4183	1
1667	5414	1
1267	3641	1
2260	4183	1
4203	295	1
782	10240	1
8641	9507	1
7235	4555	1
4936	5374	1
7108	3545	1
4183	2260	1
10507	6625	1
6947	7514	1
7825	9687	1
9772	3629	1
3507	5804	1
10769	4581	1
6775	8656	1
9402	9764	1
9230	6121	1
3451	4951	1
9677	5316	1
4437	6468	1
5142	5206	1
3629	3358	1
9237	3358	1
7523	5657	1
395	1338	1
2883	897	1
9248	7916	1
5435	4032	1
3490	3358	1
9877	2331	1
7146	11353	1
9718	5875	1
4408	4724	1
5380	10538	1
10769	5390	1
2400	4070	1
1060	3587	1
10087	5415	1
8748	5824	1
5148	5148	1
8809	8141	1
4939	5234	1
564	9412	1
11354	9412	1
3353	905	1
3477	9412	1
11355	9412	1
709	9412	1
8377	8377	1
644	11065	1
1523	6989	1
5234	4939	1
87	1605	1
3952	9757	1
6649	6146	1
5869	4729	1
173	130	1
564	905	1
3489	3287	1
5563	9128	1
3747	4358	1
6320	4038	1
1022	181	1
4729	5869	1
5431	5503	1
2776	271	1
5157	5158	1
5929	6417	1
9687	7825	1
9611	6417	1
