6899	271	1
10259	10259	1
130	822	1
519	9079	1
9479	9001	1
8977	7311	1
11505	9001	1
328	271	1
9488	11513	1
7948	9731	1
3240	740	1
7441	5689	1
6652	9587	1
10814	8903	1
9001	9479	1
7556	858	1
7982	7930	1
9213	11540	1
11541	11541	1
11498	7930	1
7415	5624	1
5904	5374	1
6768	647	1
9381	6987	1
9669	9368	1
6544	10171	1
10235	1647	1
11513	9488	1
10171	6544	1
5351	6056	1
11470	47	1
8903	10814	1
1589	10340	1
6416	6384	1
11513	9377	1
8261	7262	1
1517	696	1
10179	10737	1
8670	10737	1
9669	5934	1
4034	3512	1
5	5922	1
9152	8929	1
2879	241	1
5981	6155	1
241	2879	1
7209	5354	1
5894	8192	1
8330	8192	1
6056	5351	1
5463	4657	1
8451	8867	1
271	272	1
11318	11318	1
3576	5988	1
11514	9966	1
7645	3353	1
5513	6181	1
11520	11519	1
4893	11217	1
1100	1099	1
6414	5824	1
5823	5824	1
10769	7435	1
9079	519	1
5552	22	1
4775	2246	1
3584	3017	1
1517	5296	1
9482	6836	1
653	718	1
3567	718	1
9022	4981	1
10174	10033	1
11542	10408	1
3584	4547	1
4914	7909	1
2900	6445	1
3835	5973	1
2193	2349	1
11543	4783	1
3121	2260	1
9782	250	1
2250	768	1
11513	6625	1
9681	2356	1
3816	1462	1
4917	1462	1
9431	8018	1
3111	3391	1
6987	9381	1
11204	7243	1
1133	7831	1
10713	7831	1
9742	8366	1
9049	3816	1
6286	8366	1
1462	3816	1
8929	9152	1
5712	2319	1
2804	1135	1
3684	3685	1
4652	3176	1
6023	6264	1
9772	9669	1
5934	9669	1
9368	9669	1
6264	6023	1
10769	4581	1
2116	2662	1
3584	2645	1
8867	8451	1
379	437	1
3067	3826	1
9084	7042	1
9966	7452	1
5354	7209	1
1087	864	1
10319	8975	1
6498	6384	1
2976	11148	1
3079	6365	1
5351	5041	1
3584	1674	1
10887	11257	1
11205	9026	1
3212	616	1
5009	10677	1
543	616	1
11514	6614	1
3212	2978	1
10318	2240	1
11544	11358	1
2026	11545	1
9669	2478	1
2019	186	1
6947	10658	1
329	11525	1
5086	5087	1
5364	6625	1
7717	5011	1
186	2019	1
9669	2934	1
6625	5364	1
4025	3725	1
8756	11507	1
2319	5712	1
4988	5175	1
3912	3794	1
3512	4034	1
1491	1135	1
5122	5749	1
10179	4024	1
1573	1570	1
3892	5920	1
9330	6513	1
5087	5086	1
3212	1393	1
3516	7932	1
11014	11014	1
3992	5503	1
6513	4589	1
2505	3514	1
7319	7318	1
5749	5122	1
9669	6321	1
9273	9637	1
4335	4336	1
11546	11546	1
7353	7353	1
11536	5893	1
7260	515	1
11547	9070	1
5280	9290	1
2258	28	1
874	28	1
9966	8975	1
11516	8815	1
3225	11520	1
7780	7145	1
10232	186	1
3212	2545	1
6265	4517	1
4384	8452	1
8819	10742	1
3182	4517	1
7829	1674	1
8453	8452	1
4695	705	1
2453	3725	1
2912	1816	1
5351	5830	1
1295	9683	1
1508	5818	1
3631	2017	1
7982	5090	1
11517	1187	1
6190	6448	1
4525	7048	1
2572	9237	1
625	624	1
4063	11105	1
11537	9144	1
1584	4789	1
9876	9541	1
7536	4485	1
11548	11548	1
1096	2620	1
4410	896	1
4062	5411	1
11549	11550	1
4657	5463	1
5296	1517	1
10343	7128	1
4983	4561	1
11551	11551	1
241	242	1
10434	7119	1
4763	4561	1
9727	4038	1
6608	1379	1
4410	5090	1
6320	4038	1
250	9782	1
623	5013	1
490	1565	1
11552	11552	1
9550	4580	1
4251	6507	1
4410	3728	1
4346	1793	1
2479	3542	1
3067	4597	1
11128	11552	1
3775	5742	1
5897	5898	1
1461	1428	1
9070	11547	1
4409	3950	1
3950	4409	1
9248	8150	1
4580	9550	1
3528	4183	1
10415	7000	1
2420	1708	1
10769	10171	1
6187	10171	1
11553	7401	1
8051	4418	1
11091	6717	1
4983	4763	1
4612	5573	1
9426	2565	1
8548	2565	1
3626	5796	1
4077	2565	1
9669	2492	1
7000	10415	1
5970	2565	1
9669	4163	1
1610	2892	1
2017	3631	1
2565	6752	1
8420	8421	1
2077	2083	1
4724	4605	1
1314	9980	1
4457	1059	1
451	2691	1
4763	4983	1
6751	5850	1
10829	3239	1
11392	3246	1
1573	10801	1
1059	5774	1
5204	5205	1
4038	6320	1
10938	8336	1
10179	5161	1
5497	5908	1
2662	2116	1
3545	4660	1
3017	897	1
4597	3826	1
10405	5316	1
3109	8247	1
11455	3297	1
9669	5107	1
3756	7143	1
10084	8721	1
4589	6513	1
4663	1822	1
714	4651	1
4695	5783	1
2930	3279	1
10511	10928	1
6251	5107	1
6467	5796	1
7311	8977	1
1607	1608	1
7088	2237	1
1958	1062	1
6365	6813	1
5818	1508	1
3894	183	1
11164	7895	1
9237	2572	1
4490	5288	1
345	2712	1
11554	11554	1
3426	6840	1
4183	3528	1
11555	7104	1
6625	11513	1
1872	4034	1
10471	11294	1
5381	10387	1
5773	5258	1
75	1161	1
1075	1074	1
9669	3391	1
9341	7255	1
4369	2184	1
9669	6299	1
186	2634	1
3356	7255	1
4033	4270	1
2894	2634	1
6798	6702	1
3584	8992	1
3212	1077	1
10053	9931	1
5086	6258	1
2456	2457	1
5351	5188	1
1780	1780	1
129	5633	1
3501	2069	1
1112	4087	1
11556	9138	1
6197	5860	1
7764	3768	1
9966	7128	1
2598	519	1
3768	7764	1
6702	6798	1
5288	4490	1
3022	2248	1
4418	8051	1
9669	2252	1
10845	9578	1
3974	2017	1
7651	2520	1
9410	10145	1
4410	645	1
6843	10488	1
4534	44	1
9669	3108	1
5481	5174	1
2779	1514	1
592	6458	1
4723	3005	1
1062	1958	1
1564	11201	1
11382	5506	1
2745	1393	1
4497	8426	1
1623	689	1
7215	11194	1
1268	8426	1
9264	8426	1
11557	11558	1
2565	2610	1
4522	5506	1
1005	2450	1
4410	6426	1
5745	5920	1
3043	908	1
5210	3506	1
11559	5922	1
6987	6426	1
8903	11403	1
2565	9426	1
1011	1012	1
5506	11382	1
8192	8330	1
11346	7639	1
7270	7009	1
7895	11164	1
1607	6643	1
3514	2505	1
4247	11560	1
6118	9480	1
5506	4522	1
11561	11562	1
7831	10713	1
10677	5009	1
7401	11553	1
4321	28	1
11142	601	1
9683	1295	1
868	1266	1
3584	3016	1
3722	3397	1
9248	7916	1
9669	6479	1
1347	768	1
8903	8260	1
4485	5142	1
9300	11272	1
5853	18	1
5142	4485	1
6005	918	1
7128	10343	1
4410	957	1
10123	9456	1
624	625	1
9966	10319	1
7128	9966	1
10319	9966	1
6146	7120	1
