7128	10491	1
1854	2134	1
6415	8412	1
3043	5481	1
2630	518	1
1586	518	1
6603	6603	1
7334	6034	1
884	2126	1
6185	5825	1
5524	4241	1
1863	2379	1
8772	8570	1
9570	6915	1
1050	428	1
6104	2379	1
1175	428	1
4241	5524	1
7308	7331	1
8137	5825	1
2547	485	1
3171	518	1
9794	10615	1
5826	5825	1
3539	5240	1
375	1419	1
296	1985	1
5815	8291	1
2604	6294	1
7128	10343	1
1985	296	1
6113	5758	1
2842	2316	1
11441	11441	1
10968	5240	1
5068	5170	1
8164	8469	1
6915	9570	1
2569	7673	1
4334	344	1
2562	344	1
5452	5701	1
8647	9230	1
8891	4341	1
2922	2167	1
7673	2569	1
5280	9230	1
9230	5280	1
2106	2107	1
2313	2347	1
6613	6286	1
10385	10740	1
10284	10284	1
4517	6265	1
6197	5860	1
9230	8647	1
4328	9498	1
1201	6790	1
2912	4250	1
9270	6200	1
5825	5576	1
6185	5576	1
10273	9717	1
428	1175	1
8141	8809	1
4250	7501	1
2228	835	1
7822	11151	1
11063	11063	1
5602	10069	1
11201	5	1
7228	7228	1
1323	6367	1
6243	7205	1
1517	5296	1
3730	8929	1
3248	7228	1
3487	3125	1
11201	5922	1
6243	8018	1
3835	5973	1
3479	8260	1
241	3538	1
1420	5830	1
10461	8706	1
5833	5832	1
3055	10602	1
9717	9644	1
4706	4707	1
11442	7211	1
1647	10900	1
5922	8057	1
5168	4003	1
10411	11351	1
5757	10839	1
4592	5836	1
7304	7305	1
705	1243	1
6637	4444	1
1372	9270	1
5836	4592	1
5288	4490	1
4372	8077	1
2912	6513	1
4289	2651	1
2616	8204	1
8929	3730	1
7788	10175	1
1005	6458	1
8204	2616	1
7771	1585	1
4430	2914	1
1299	8173	1
4660	3545	1
6831	4760	1
6768	9498	1
4806	5408	1
6404	4760	1
3982	1891	1
11416	11417	1
8201	1086	1
8724	4525	1
3521	8919	1
3319	10180	1
3763	1917	1
5863	5297	1
4180	400	1
874	18	1
2066	2927	1
5087	5086	1
11417	11416	1
4165	11443	1
5296	1517	1
696	1517	1
6805	3541	1
3629	3541	1
8919	3521	1
6258	5086	1
7501	4250	1
1746	2477	1
5254	11444	1
4836	7012	1
150	4464	1
7205	6243	1
3614	10880	1
7507	4250	1
8018	6243	1
3745	3746	1
9973	5588	1
10839	5757	1
9812	9812	1
2646	7710	1
11445	9105	1
3462	11233	1
4407	291	1
163	34	1
1005	920	1
3651	3190	1
9701	9352	1
6294	2604	1
11446	2247	1
1005	5171	1
6650	5893	1
6034	5757	1
7316	5757	1
3852	4159	1
185	3549	1
1554	5757	1
2911	226	1
4421	1108	1
9426	2360	1
4159	3852	1
4289	2478	1
8739	7796	1
380	9574	1
5517	6211	1
4517	3182	1
1358	1504	1
10425	4936	1
11107	460	1
4289	1612	1
5845	7331	1
988	4913	1
11421	8254	1
3353	7645	1
9230	6121	1
6495	2065	1
4421	2065	1
11342	3680	1
2604	8173	1
5757	7316	1
8819	11072	1
11246	7324	1
11324	2371	1
87	6401	1
1973	8454	1
6993	6754	1
1810	11447	1
3234	4593	1
4388	9209	1
5254	11448	1
6328	3716	1
1016	7204	1
9105	2284	1
4134	10572	1
9295	2763	1
4003	1028	1
11449	11449	1
1077	1985	1
8096	10480	1
2609	10895	1
6744	6765	1
2420	1009	1
5254	6716	1
2655	9144	1
3660	3287	1
11450	11450	1
2067	7645	1
4055	3437	1
3125	3105	1
835	2228	1
3990	601	1
11249	11250	1
190	203	1
6286	6613	1
271	2776	1
11451	11451	1
4117	4118	1
9067	9581	1
3006	10974	1
8201	6299	1
6845	10968	1
2252	6299	1
863	6451	1
9295	6430	1
4020	4027	1
4430	4060	1
2804	1135	1
1504	1358	1
7916	7662	1
8903	9120	1
8734	8650	1
3444	3323	1
9994	1533	1
1585	7771	1
3716	6328	1
11249	11452	1
447	4265	1
10319	8975	1
9966	8975	1
1812	2084	1
3730	8614	1
6540	9441	1
9198	9198	1
4430	2379	1
10974	3006	1
5258	5773	1
7603	8014	1
6220	7515	1
10464	6860	1
4517	1378	1
8014	7603	1
7718	8014	1
2473	1962	1
10484	10485	1
689	2113	1
391	2547	1
8772	8772	1
2023	1934	1
441	875	1
8201	2252	1
4430	7052	1
10295	754	1
7662	7916	1
588	1264	1
5676	4464	1
4113	10506	1
2308	10506	1
6966	2973	1
6807	6808	1
11072	8819	1
3613	762	1
7369	7452	1
6373	1612	1
8975	9966	1
7370	10273	1
5981	6155	1
906	11324	1
5318	5305	1
4289	2481	1
7082	2198	1
9006	4349	1
2308	4070	1
6023	6264	1
8903	10814	1
11453	11453	1
1005	2793	1
3488	638	1
2473	4184	1
5684	10958	1
6540	7125	1
11348	7125	1
7012	5684	1
5904	5374	1
5756	4070	1
3190	3651	1
11324	906	1
10343	7128	1
8244	4873	1
782	10240	1
7098	5642	1
8855	11014	1
10968	6845	1
5684	3160	1
6264	6023	1
8391	4873	1
5468	5926	1
10537	11411	1
5258	3160	1
5133	4857	1
3048	7015	1
4250	2912	1
8137	3004	1
9587	6141	1
5922	11201	1
5	11201	1
7012	4836	1
7595	7592	1
9295	1349	1
10538	8435	1
2578	8852	1
906	2371	1
11454	10658	1
5086	5087	1
1481	5087	1
754	10295	1
9044	2200	1
186	2019	1
4289	3914	1
1243	1209	1
3057	3212	1
5026	5027	1
2912	5862	1
4588	3274	1
4524	3274	1
4430	6372	1
6213	3843	1
10219	7204	1
1418	10742	1
4162	4025	1
2308	3647	1
10344	10344	1
4796	173	1
11045	4930	1
1535	3679	1
3880	2126	1
3315	3545	1
10740	10385	1
6317	2126	1
3950	4409	1
418	494	1
10273	7370	1
8823	10957	1
10920	2343	1
9120	8903	1
10425	7158	1
3509	6506	1
10814	8903	1
10425	3263	1
3545	3315	1
4763	2343	1
2112	2113	1
4289	2427	1
1517	6506	1
8214	4797	1
2547	391	1
3302	2875	1
8160	4727	1
9032	9032	1
5942	3850	1
9482	1009	1
11324	486	1
7501	8707	1
5735	5870	1
4289	2492	1
2400	4070	1
7528	10008	1
4810	9244	1
4409	3950	1
3679	1535	1
11249	4580	1
3507	5804	1
6765	6744	1
11455	5318	1
4430	2532	1
4580	9550	1
1135	2804	1
6936	4219	1
9550	4580	1
5027	5026	1
10179	11397	1
4504	4122	1
8451	10762	1
5305	5318	1
10765	10762	1
3323	3444	1
4430	5043	1
3591	6017	1
4025	2666	1
5943	4948	1
8419	4948	1
2912	7411	1
7452	7369	1
6141	9587	1
8763	8976	1
1291	7947	1
8201	10822	1
6045	10095	1
11397	10179	1
2308	5191	1
4430	5191	1
2116	9479	1
11116	6022	1
3850	5822	1
9441	8421	1
4289	423	1
11456	11456	1
7625	7215	1
3454	2241	1
5175	5185	1
2420	9300	1
4069	8781	1
875	2886	1
9966	10319	1
7015	3048	1
11457	11457	1
4577	6210	1
11233	3462	1
9769	4812	1
4727	8160	1
11201	1564	1
3727	1667	1
1180	10435	1
10462	10462	1
11455	3297	1
8492	4724	1
2473	2502	1
3137	9007	1
4724	8492	1
6190	10273	1
6860	10464	1
1667	3727	1
1746	1390	1
2308	5462	1
5729	4219	1
9251	10389	1
4093	1088	1
11045	5481	1
3125	1088	1
6711	6374	1
6374	6711	1
3816	3384	1
10611	9894	1
1564	11201	1
11455	11455	1
3680	5235	1
3297	11455	1
10319	9966	1
6034	7334	1
5318	11455	1
11413	10379	1
8854	3479	1
5335	1685	1
6492	6816	1
9105	6564	1
5167	11458	1
4430	1215	1
6480	7178	1
10389	9251	1
5893	6650	1
1135	842	1
7138	6316	1
5845	2100	1
11459	5227	1
842	1135	1
3479	8854	1
7704	7705	1
1517	696	1
10762	8451	1
11453	10133	1
5860	6197	1
6727	6040	1
5254	6851	1
11460	11460	1
3985	10755	1
4222	4048	1
2595	11437	1
4664	4726	1
5711	5445	1
1017	1537	1
5758	6113	1
1390	1746	1
11202	11236	1
3233	6411	1
10762	875	1
3024	3023	1
1813	10048	1
572	992	1
11256	6113	1
2289	2913	1
1774	4692	1
10755	3985	1
7532	6840	1
10982	11420	1
5845	5653	1
5926	5468	1
4747	10659	1
11461	11462	1
5481	11045	1
8069	5653	1
8525	8526	1
9894	10611	1
2100	5845	1
5653	8069	1
1983	489	1
5684	6358	1
5518	1842	1
4025	4162	1
5203	2595	1
5653	5845	1
1667	6612	1
9300	2420	1
9270	1372	1
5205	5204	1
6816	6492	1
11463	7052	1
2595	5203	1
8260	3479	1
8976	8763	1
3453	4176	1
4248	3944	1
9876	11300	1
9887	5892	1
11014	8855	1
1368	7595	1
68	298	1
6210	4577	1
6612	1667	1
6079	9456	1
5457	5520	1
2308	6489	1
11194	9456	1
3287	3186	1
5377	8049	1
3008	3008	1
8785	9456	1
2479	2479	1
6782	3950	1
950	4066	1
8492	4445	1
8219	5387	1
856	4793	1
2347	2313	1
6099	4037	1
4205	4781	1
11464	11464	1
11465	1666	1
2250	9076	1
7082	6613	1
3233	4167	1
5227	11459	1
1666	11465	1
7008	5258	1
4111	5318	1
2308	8195	1
9133	1840	1
11466	9732	1
10605	9732	1
62	4486	1
98	3944	1
4037	6099	1
2308	6112	1
7570	10208	1
9966	7128	1
10614	2004	1
3400	4556	1
9237	3358	1
10308	5490	1
6758	6844	1
5642	7098	1
54	4913	1
11467	1419	1
8049	5377	1
4029	11121	1
7645	3353	1
9600	9231	1
9154	9155	1
1257	2616	1
3629	3358	1
7606	9231	1
8667	4449	1
10659	4747	1
4265	447	1
9231	9231	1
1897	4143	1
3323	4724	1
992	572	1
9169	9169	1
9070	9071	1
11468	11468	1
8287	3855	1
1039	304	1
9105	11445	1
875	10762	1
4674	9839	1
5406	5407	1
5656	5693	1
5693	5656	1
1305	5386	1
1840	9133	1
4066	950	1
10720	10720	1
1935	1369	1
11044	6343	1
