1793	4346	1
5356	7311	1
8051	11182	1
6448	8031	1
10343	7128	1
11182	8051	1
3850	847	1
1941	1941	1
6370	8405	1
4674	419	1
425	6675	1
7128	10343	1
6752	6675	1
9966	8975	1
10053	8196	1
3125	314	1
8141	9472	1
10740	7672	1
4034	3512	1
647	6768	1
11485	11372	1
9488	9193	1
16	13	1
11487	11487	1
3584	8992	1
9216	8992	1
10488	6843	1
6317	3880	1
3345	5966	1
2426	8724	1
3978	5125	1
123	6768	1
1481	4515	1
4147	8469	1
3345	10434	1
3579	3580	1
10319	8975	1
550	1378	1
4666	3947	1
3591	1422	1
5356	1483	1
2662	2973	1
3923	10376	1
5966	3345	1
4176	3453	1
2163	1099	1
1969	676	1
7825	8653	1
5028	9133	1
5617	6127	1
676	1969	1
2112	2113	1
6343	11044	1
5	27	1
7083	5374	1
3657	1847	1
4755	2446	1
6146	2776	1
2386	3467	1
4296	4297	1
2446	1428	1
10814	8903	1
6165	3576	1
1142	16	1
5943	4948	1
11387	8903	1
11488	10621	1
8570	8772	1
4033	8772	1
2298	2163	1
2855	2163	1
6544	8772	1
1517	2163	1
1099	8772	1
6762	8772	1
7277	8772	1
2283	1392	1
8410	8772	1
6659	8772	1
453	4886	1
10535	11162	1
8772	8772	1
11489	11490	1
4357	1509	1
7566	3328	1
8772	1099	1
2296	3051	1
27	5	1
5160	7317	1
6646	7125	1
11419	5589	1
252	10778	1
2739	2163	1
229	3433	1
6845	4956	1
4956	6845	1
5922	5	1
11372	11485	1
2283	6269	1
5472	5662	1
5796	3626	1
10900	1647	1
3576	8962	1
401	11491	1
3121	2260	1
7158	813	1
11066	11066	1
3849	5553	1
5006	11492	1
8014	7718	1
986	7029	1
1087	864	1
5553	3849	1
2705	10116	1
5708	6944	1
1462	3816	1
1647	10900	1
3579	7709	1
5893	6650	1
8141	7164	1
4449	9290	1
1509	4357	1
11455	3297	1
9470	2776	1
1467	1146	1
5296	6530	1
228	7468	1
1248	4181	1
6297	8017	1
9170	3570	1
9193	9488	1
2372	11105	1
1248	1447	1
689	6551	1
11105	1135	1
11493	11493	1
5125	3978	1
906	2371	1
11494	11494	1
11495	11495	1
5764	7165	1
5356	5562	1
7165	5764	1
4706	4707	1
4597	3826	1
2383	4355	1
7916	9248	1
8420	8421	1
4707	4706	1
2247	4898	1
793	793	1
8852	2578	1
2705	4194	1
2283	6433	1
10613	5897	1
10330	7204	1
10865	8698	1
7988	6729	1
1560	8776	1
7430	985	1
8975	9966	1
7592	7593	1
11475	8815	1
5356	6729	1
9230	6121	1
768	1146	1
11105	3422	1
8976	8763	1
9471	2506	1
4355	2383	1
4826	2197	1
11455	141	1
4346	4345	1
11496	11497	1
3545	4660	1
1554	5757	1
1716	9771	1
2446	4755	1
3586	868	1
5235	3680	1
4540	5467	1
5210	4741	1
8903	11387	1
1248	1635	1
7311	5356	1
3329	5356	1
6211	8897	1
10865	3246	1
142	143	1
5356	4592	1
5901	5901	1
3591	7329	1
283	680	1
11498	6354	1
9471	9835	1
8975	8802	1
6782	3950	1
1208	40	1
2973	6966	1
5708	1800	1
10319	8802	1
550	2569	1
11189	11189	1
1231	9409	1
1810	2008	1
4660	3545	1
3591	2963	1
5356	5836	1
8802	8975	1
4345	4346	1
1523	11341	1
6309	10682	1
140	3481	1
7078	11499	1
5434	2476	1
3613	762	1
7340	10982	1
142	257	1
1439	5355	1
7322	7323	1
4741	5210	1
6530	5296	1
868	5106	1
550	261	1
6650	5893	1
10755	3985	1
8254	966	1
10459	7688	1
10682	6309	1
11313	6307	1
380	11500	1
167	166	1
5133	4857	1
261	550	1
3454	11501	1
3800	7626	1
5	5922	1
4715	11422	1
11502	1612	1
744	7452	1
11348	8631	1
5650	8243	1
3576	6165	1
1564	11201	1
8976	6729	1
2707	2707	1
1146	1467	1
11194	5979	1
745	5419	1
7653	7432	1
9945	65	1
11503	10876	1
6768	123	1
5979	11194	1
3753	7028	1
9300	2973	1
2624	1782	1
6729	7988	1
7429	10169	1
11504	11101	1
8404	4883	1
10613	4569	1
4581	10769	1
2461	6805	1
8360	9138	1
2973	9300	1
1248	3240	1
11500	380	1
9479	9001	1
11505	9001	1
8366	9742	1
6765	3108	1
9772	7613	1
8688	7613	1
465	623	1
3391	3111	1
7260	515	1
7656	3669	1
3865	9475	1
7688	10459	1
4515	1481	1
7852	10084	1
9369	10084	1
6417	7723	1
8721	10084	1
229	4372	1
1599	9525	1
10084	8721	1
6966	2973	1
11503	11506	1
920	6458	1
4451	4450	1
8031	6448	1
4801	7944	1
8681	9168	1
6146	6649	1
11479	11479	1
7548	1997	1
7243	1371	1
3850	3850	1
3233	6411	1
8975	10319	1
8802	10319	1
519	1204	1
9966	10319	1
7606	9231	1
6146	11485	1
6930	6930	1
625	624	1
3907	3908	1
11507	8756	1
8056	7084	1
10442	9013	1
2009	2009	1
5516	11275	1
7613	9772	1
3912	2941	1
2941	3912	1
11502	11502	1
2296	1279	1
8164	7100	1
11508	11509	1
3437	9953	1
3345	2200	1
6717	11091	1
1204	519	1
2569	550	1
9133	5028	1
4810	9223	1
6872	4679	1
8903	10814	1
689	8057	1
6948	1654	1
6843	10488	1
950	483	1
5515	5553	1
2415	1399	1
2705	4376	1
11197	9287	1
9001	9479	1
2705	5802	1
3297	11455	1
11510	943	1
2283	3020	1
2681	1662	1
3992	5503	1
5502	1264	1
3591	6017	1
11488	6324	1
9248	7916	1
2652	6321	1
4200	3630	1
11455	11455	1
11511	6236	1
7595	7592	1
11105	4063	1
1934	2023	1
3200	3201	1
11512	10379	1
7785	317	1
5356	3237	1
11048	11485	1
8776	1560	1
2237	7088	1
275	7618	1
2646	4251	1
10968	2801	1
6851	7902	1
3918	8762	1
7446	6100	1
2200	3345	1
6079	11164	1
7644	9207	1
10615	9794	1
5402	11485	1
229	1059	1
9202	4773	1
6624	11485	1
4780	7804	1
3613	1022	1
8360	8544	1
5307	10240	1
3850	4273	1
680	283	1
2801	1725	1
11485	6146	1
6100	7446	1
5541	4209	1
5175	5185	1
6328	3716	1
905	861	1
2935	1077	1
9105	2284	1
1491	1135	1
2264	4209	1
1749	1750	1
6948	5624	1
543	6103	1
3518	3642	1
9475	3865	1
6341	8280	1
3555	8897	1
5197	6103	1
3716	8093	1
11031	10478	1
11164	6079	1
11513	9377	1
8141	5826	1
2705	1871	1
401	10434	1
75	5571	1
10319	9966	1
8366	6286	1
10820	11271	1
9486	6183	1
5825	6185	1
8243	5650	1
10911	1611	1
2011	9483	1
3753	6649	1
11514	11514	1
9207	7644	1
4273	3850	1
3852	4159	1
5142	4930	1
1752	10483	1
5823	7764	1
1997	7548	1
4864	4863	1
2705	3412	1
7764	5823	1
5419	745	1
8280	6341	1
8365	4447	1
9974	4447	1
9541	9876	1
11515	10266	1
2478	10266	1
10769	4581	1
3201	3200	1
1268	2017	1
2997	3561	1
10120	3480	1
8137	5825	1
1535	2316	1
10467	1816	1
1372	9270	1
483	950	1
5418	7004	1
4602	1506	1
2435	7855	1
6554	7855	1
6286	7855	1
2578	8852	1
4251	3944	1
9471	7966	1
5356	4730	1
3591	7966	1
1305	3527	1
4011	9782	1
11516	8815	1
9223	9437	1
2848	11210	1
9665	965	1
3004	11517	1
6192	7004	1
5708	9464	1
10524	1367	1
7071	11518	1
1281	4316	1
3512	4034	1
2525	2526	1
8903	8260	1
10293	11460	1
11460	10293	1
7930	7423	1
9365	7423	1
7422	7423	1
6642	4426	1
788	1282	1
550	4279	1
2526	2525	1
10659	4747	1
10266	2478	1
1462	4917	1
11470	9888	1
2713	2059	1
2985	2315	1
627	628	1
11519	11520	1
11520	11519	1
7982	5090	1
8011	2017	1
11513	9488	1
3835	3173	1
