7838	10164	1
10896	10859	1
4368	1708	1
6927	7480	1
2786	3002	1
8243	5650	1
9300	11272	1
490	10788	1
877	5382	1
11272	9300	1
9302	5227	1
5043	5750	1
9479	10409	1
5750	5043	1
6788	3335	1
11302	11302	1
4978	5382	1
10409	9479	1
11303	11046	1
8968	6591	1
4485	4457	1
564	4457	1
4511	13	1
6108	5028	1
10496	4019	1
3880	6317	1
5650	8243	1
7520	2125	1
4303	9498	1
5769	4938	1
8204	2616	1
8935	4938	1
7050	410	1
10659	7680	1
5416	7088	1
2237	7088	1
6374	1266	1
651	1112	1
2579	3746	1
9136	5671	1
5815	3020	1
8377	5774	1
4457	564	1
1087	3230	1
564	5774	1
6374	10580	1
4444	5671	1
5815	8291	1
8968	8291	1
4352	4352	1
1087	835	1
1618	1687	1
8935	6844	1
5297	3083	1
2271	9562	1
3545	4660	1
1087	5532	1
400	4180	1
8073	7465	1
2894	10232	1
4912	4035	1
322	287	1
540	8169	1
11129	10869	1
2229	2229	1
8717	4437	1
6309	4437	1
1674	2902	1
6465	6020	1
6844	6758	1
10647	6205	1
3329	11217	1
6647	6646	1
705	2750	1
2677	6052	1
4980	4437	1
4437	4980	1
241	242	1
128	128	1
3501	6846	1
5329	4980	1
6846	3501	1
5642	7228	1
10769	7435	1
1039	304	1
2296	1279	1
5684	7012	1
9397	11176	1
3088	5355	1
9167	6183	1
9041	7228	1
7511	5753	1
8339	1816	1
4666	9888	1
5900	11199	1
6056	6057	1
6094	9581	1
6234	6380	1
10164	7838	1
7560	427	1
3170	2533	1
1184	387	1
4499	10180	1
5671	9136	1
2237	5167	1
7465	8073	1
1687	1618	1
11201	1618	1
2135	1338	1
9270	6200	1
9167	6160	1
3118	3119	1
5904	4135	1
2135	2849	1
5288	4490	1
3454	2241	1
6046	4523	1
2962	1289	1
8037	9262	1
1459	159	1
868	5106	1
9207	930	1
10624	4916	1
6524	7561	1
2135	6095	1
5227	6121	1
6897	4020	1
1816	8339	1
7228	5642	1
1812	1199	1
1605	2138	1
8037	9263	1
5259	10523	1
1087	1086	1
5545	1886	1
11174	3384	1
4660	3545	1
4872	2874	1
2170	11180	1
8254	966	1
1429	2087	1
107	11304	1
11099	11241	1
7825	9687	1
10023	4569	1
7597	7032	1
10180	4499	1
4521	1408	1
2616	8204	1
2924	2088	1
10660	10661	1
3383	4959	1
222	1693	1
4959	4959	1
1976	11029	1
8216	9299	1
5205	5204	1
4872	3043	1
6220	6558	1
5045	6854	1
10523	5259	1
10232	2894	1
11305	8307	1
4444	8609	1
9930	10284	1
8169	540	1
9727	5932	1
1096	5296	1
6918	1361	1
1517	5296	1
8484	11279	1
11306	5344	1
6137	1254	1
6591	7804	1
2879	241	1
2039	11307	1
8968	6265	1
6197	5860	1
6213	1599	1
4872	3010	1
1717	631	1
11120	955	1
1599	6213	1
427	7560	1
6864	10284	1
5570	5718	1
4938	8935	1
9402	9452	1
4029	9452	1
11308	11250	1
1969	4780	1
3248	2096	1
6646	7153	1
9167	1615	1
1618	11201	1
5825	8137	1
11309	3741	1
7082	6613	1
4182	28	1
11309	885	1
8958	3537	1
774	3537	1
5087	5086	1
2433	2434	1
3088	3450	1
2842	1342	1
3613	762	1
2938	2938	1
6370	4992	1
705	1243	1
6987	493	1
242	241	1
2558	5799	1
9299	511	1
4026	1791	1
1299	3537	1
2843	9815	1
159	1459	1
5943	4948	1
6128	5709	1
9709	1425	1
6145	5942	1
8140	11157	1
3545	6185	1
2354	3830	1
11157	11157	1
4288	1791	1
530	210	1
3808	546	1
7595	1368	1
4674	965	1
4444	2270	1
1425	9709	1
11115	3140	1
8968	7815	1
3119	3118	1
8420	8421	1
4800	3773	1
8233	7974	1
1917	3763	1
9167	4755	1
11251	8140	1
11157	8140	1
7025	5107	1
3549	185	1
10572	4134	1
3609	3410	1
6181	6181	1
11309	7492	1
3017	11183	1
4135	5904	1
5676	4464	1
3410	3609	1
4138	6615	1
6810	6190	1
6185	3545	1
2448	1097	1
6495	2719	1
10266	467	1
1399	3976	1
1590	6758	1
1886	3048	1
10120	3480	1
3846	3847	1
6185	5576	1
1087	4753	1
2327	11310	1
11292	3480	1
1134	6367	1
3048	1886	1
11311	1886	1
9391	8680	1
4872	1010	1
8968	760	1
4999	5000	1
3107	11110	1
2135	3996	1
5573	4612	1
10647	9299	1
2135	1964	1
511	9299	1
3626	6140	1
9235	8600	1
5670	4207	1
2469	9108	1
10878	4962	1
1055	4171	1
5764	4962	1
2750	705	1
800	4171	1
1243	705	1
5382	877	1
3017	2722	1
8968	4491	1
1481	4515	1
4457	4485	1
4174	5546	1
1599	2722	1
2135	385	1
5668	6596	1
676	1188	1
6814	2102	1
1617	1612	1
1487	1612	1
11312	3575	1
11026	3575	1
4872	5481	1
1041	4464	1
5102	4464	1
11201	1564	1
3006	10974	1
5481	1188	1
2671	11110	1
1194	4464	1
7389	11313	1
4171	1055	1
3190	3190	1
11313	7389	1
10205	6589	1
11314	9722	1
9155	9154	1
6307	11313	1
4836	10420	1
6417	7723	1
5361	9895	1
1377	11315	1
3450	3088	1
3754	6146	1
7228	9041	1
5652	943	1
210	530	1
9722	11314	1
2169	8335	1
8333	8676	1
10317	5544	1
6649	6146	1
10869	11129	1
5039	1096	1
6322	6613	1
5445	5553	1
485	4044	1
6146	6649	1
8073	11316	1
9104	6871	1
5773	5258	1
8234	11157	1
6146	3754	1
3785	1842	1
10330	7204	1
2018	5570	1
6380	6234	1
5718	5570	1
8152	8153	1
5932	9727	1
1041	5284	1
5815	5013	1
9167	2564	1
1539	182	1
7974	8233	1
328	272	1
4444	7288	1
769	4184	1
6788	2343	1
8351	8140	1
5204	5205	1
2747	3544	1
2920	2921	1
4444	4445	1
3480	10120	1
2135	6088	1
485	2547	1
2883	1202	1
2547	485	1
2018	252	1
10868	6122	1
9136	410	1
3864	2371	1
664	4525	1
6107	4320	1
11317	721	1
1229	3568	1
3545	7108	1
2102	6814	1
5541	10743	1
3056	878	1
3568	1229	1
5516	8093	1
5000	4999	1
7108	3545	1
955	11120	1
11318	5901	1
4019	10496	1
8974	8938	1
4444	8492	1
5970	9479	1
7452	8938	1
11319	7294	1
1077	1985	1
5047	11124	1
9479	5970	1
1361	6918	1
2923	3126	1
8899	928	1
1401	1985	1
3976	1399	1
5258	5773	1
8993	8993	1
8202	8202	1
8335	2169	1
2901	10380	1
4375	4851	1
9895	5361	1
4162	5949	1
2569	7673	1
7260	515	1
7444	1742	1
371	515	1
906	2371	1
2556	5064	1
6140	3626	1
8763	7128	1
2135	395	1
3791	1342	1
9167	7797	1
8938	7452	1
8093	5516	1
8819	10742	1
11183	3017	1
2722	3017	1
7714	6414	1
10853	7404	1
3383	4483	1
8037	6552	1
4962	10878	1
10755	9271	1
6657	10878	1
10837	4241	1
11297	7894	1
1134	8676	1
9966	10319	1
8073	3536	1
8975	10319	1
8962	6165	1
5484	7052	1
750	10737	1
4207	8738	1
3083	5297	1
4916	10624	1
10743	5541	1
7630	7993	1
2051	1558	1
1791	4288	1
205	395	1
4406	9480	1
4397	2576	1
4444	173	1
4026	4288	1
8237	11320	1
10708	10708	1
10968	2801	1
5	27	1
4409	3950	1
3950	4409	1
10659	616	1
4069	9028	1
1725	2609	1
1175	428	1
4444	5720	1
10003	6135	1
8676	1134	1
4464	1041	1
10538	5380	1
8968	1294	1
6007	6008	1
5642	3561	1
9299	10647	1
9704	145	1
1535	3679	1
6287	6344	1
6783	3440	1
5721	4884	1
9028	4069	1
6135	10003	1
2517	2028	1
6364	6845	1
5773	3160	1
10319	8975	1
3026	6306	1
4724	8492	1
6530	6530	1
21	1512	1
8286	8595	1
3679	1535	1
7153	6646	1
4288	4026	1
8195	8587	1
1791	4026	1
3068	11244	1
45	2077	1
1512	21	1
7688	10459	1
10982	10783	1
10139	11321	1
6268	5414	1
6408	6408	1
3537	774	1
11320	8237	1
8073	11148	1
3847	11322	1
2523	6367	1
8938	8974	1
7040	6139	1
5630	6367	1
3389	3401	1
7178	6480	1
5202	8975	1
10319	9966	1
8802	8802	1
2541	2712	1
1774	4692	1
9299	8216	1
7741	5800	1
10353	6934	1
6367	5630	1
11116	6022	1
2135	5660	1
3451	4951	1
5415	11297	1
186	2019	1
11297	5415	1
10458	8384	1
10434	401	1
3775	4250	1
9198	9178	1
2421	5722	1
5542	9136	1
7469	9178	1
2019	3232	1
9480	4406	1
6127	9300	1
5860	6197	1
9136	5542	1
6205	4657	1
4724	4812	1
7673	2569	1
7609	9876	1
395	205	1
10420	5234	1
2907	3560	1
3027	1769	1
6306	3026	1
2477	1746	1
9452	9402	1
3651	7888	1
4657	6205	1
9044	9043	1
1175	6556	1
7417	6831	1
1338	4537	1
10023	10023	1
11263	6556	1
3649	11323	1
371	2127	1
8501	10067	1
11324	2371	1
4962	5764	1
8160	8609	1
897	3964	1
9727	4038	1
4444	1229	1
4038	9727	1
8785	10609	1
4662	4133	1
10958	9180	1
9271	10755	1
4094	10755	1
2802	4525	1
7888	3651	1
7796	6706	1
4444	1897	1
8492	4724	1
7370	895	1
2195	2196	1
7731	7179	1
8609	8160	1
7205	10325	1
4171	800	1
2955	4725	1
4812	4724	1
5546	4174	1
1209	1209	1
5750	2399	1
4207	5670	1
2399	5750	1
6268	1897	1
1096	1517	1
7235	4555	1
6107	4554	1
1618	3274	1
2019	186	1
8587	8195	1
3512	4577	1
9357	2096	1
5411	5520	1
2253	11325	1
6495	1092	1
1506	5241	1
11326	11326	1
8968	8968	1
6467	6467	1
7404	10853	1
11327	9957	1
7654	8235	1
10313	8197	1
9178	7469	1
1087	863	1
7889	2403	1
1844	5398	1
3777	1218	1
1491	1135	1
1985	1401	1
1615	3171	1
10325	11328	1
2855	1517	1
9479	11321	1
9013	9783	1
2632	11329	1
10713	7831	1
329	6520	1
9452	3109	1
9402	3109	1
6782	2403	1
8774	3109	1
4069	3109	1
6613	6322	1
6210	5107	1
10385	5684	1
7088	2237	1
7071	11330	1
7831	10713	1
4345	4346	1
3109	8774	1
2609	1725	1
6845	6364	1
7457	10852	1
3125	4701	1
4856	1862	1
4872	3177	1
1213	5142	1
6556	1175	1
9687	7825	1
9178	9198	1
4457	4119	1
5558	9300	1
6321	6299	1
6628	3450	1
929	928	1
6637	9300	1
3826	5444	1
9234	9488	1
8819	8819	1
9488	9234	1
3560	2907	1
2496	5581	1
2082	9234	1
608	10938	1
732	731	1
10147	5376	1
9237	3358	1
3629	3358	1
5142	1213	1
29	424	1
2306	7164	1
1741	4021	1
1653	3191	1
11331	11331	1
4525	8724	1
11318	6902	1
