6113	11256	1
8031	6448	1
11125	9219	1
3256	3255	1
3950	4409	1
9219	11125	1
1740	1064	1
3297	7042	1
7902	11009	1
6185	5825	1
6243	8421	1
3352	1064	1
5099	605	1
11256	6113	1
4485	5774	1
11177	11177	1
3255	3256	1
1855	5717	1
1935	10314	1
7847	5386	1
4983	4561	1
9552	9876	1
9248	7916	1
11147	11147	1
2922	2652	1
2604	6294	1
6448	8031	1
9128	5563	1
7916	9248	1
3400	3931	1
6056	10228	1
3641	7312	1
7337	4360	1
1069	3103	1
5418	8834	1
3824	10487	1
7885	6456	1
8973	6940	1
9395	9395	1
1059	5774	1
8008	7042	1
1774	4812	1
3950	9314	1
240	438	1
6155	5981	1
5634	7885	1
27	5	1
634	1077	1
5942	6145	1
17	8936	1
7017	9248	1
2912	8931	1
1108	645	1
1935	1099	1
3110	6108	1
6844	6758	1
782	781	1
8008	4506	1
9105	2433	1
10535	11162	1
7847	5280	1
2596	1439	1
6145	5942	1
6851	634	1
2065	4421	1
7885	5635	1
3560	2907	1
5382	2483	1
3055	10602	1
2652	2922	1
2641	2642	1
8137	9158	1
8903	10083	1
3524	1175	1
10807	7714	1
1041	1800	1
10319	9966	1
9997	6113	1
3613	762	1
8133	6113	1
722	1855	1
241	636	1
5678	5444	1
2289	2290	1
1659	1499	1
9614	8702	1
543	3940	1
9230	9290	1
1096	2228	1
2407	3076	1
5635	7885	1
6456	7885	1
5678	4603	1
7847	4603	1
10853	7404	1
4360	7337	1
2849	5777	1
1185	5777	1
8171	1934	1
7847	8421	1
11326	11326	1
3447	4233	1
1813	6134	1
9924	7396	1
6769	5337	1
4409	3950	1
9314	3950	1
3513	6441	1
7796	6706	1
7595	7592	1
6846	384	1
634	6851	1
7538	11271	1
2958	6765	1
5116	4696	1
2691	518	1
8739	11113	1
6675	6752	1
5411	5520	1
5678	5693	1
10845	8498	1
1933	1266	1
115	2194	1
8936	17	1
1243	705	1
8903	10814	1
2264	4209	1
2383	4355	1
6193	9369	1
8820	9369	1
1108	424	1
5904	4135	1
171	11288	1
1108	391	1
2183	2184	1
261	550	1
702	550	1
9614	4447	1
7060	9369	1
10427	11031	1
11393	1249	1
5381	10387	1
10801	1573	1
5678	6646	1
7205	6243	1
4800	2076	1
8018	6243	1
11356	3101	1
8420	6243	1
6243	8420	1
7081	5870	1
8420	8421	1
2289	10634	1
7885	4799	1
3524	375	1
5678	9409	1
2907	3560	1
6930	11387	1
5481	2284	1
9966	10319	1
5204	5205	1
2909	11399	1
5678	546	1
2483	5382	1
371	3693	1
4447	9614	1
2915	6875	1
1855	722	1
4762	7158	1
9251	10389	1
7937	5804	1
391	1108	1
8641	9507	1
424	1108	1
10724	2550	1
645	1108	1
7521	11344	1
5414	4789	1
4421	2065	1
3854	6959	1
2076	4800	1
5981	6155	1
7158	813	1
7847	6251	1
550	702	1
5650	4318	1
9158	8137	1
317	2550	1
2912	4250	1
10389	9251	1
6243	10024	1
9456	7895	1
8854	3479	1
2163	2855	1
472	473	1
2855	2163	1
3524	4892	1
7120	6649	1
9369	7060	1
6113	9997	1
4939	4769	1
4981	9022	1
4988	5175	1
9037	9022	1
3524	7519	1
7120	6146	1
10024	6243	1
344	4334	1
3524	428	1
6146	7120	1
5773	3160	1
8492	8735	1
5472	9202	1
9022	4981	1
3176	847	1
5684	3160	1
2588	7375	1
5175	4988	1
11400	11055	1
813	7158	1
3004	8137	1
6418	5773	1
4692	9031	1
636	241	1
8492	4724	1
1666	3723	1
5518	1842	1
1469	3723	1
1108	2547	1
3568	1229	1
6530	9506	1
6771	9117	1
2399	3931	1
9658	4253	1
2541	2712	1
6649	7120	1
8092	8093	1
2125	2479	1
6055	8609	1
4345	4346	1
4492	4724	1
10570	5060	1
7895	9456	1
10634	4257	1
9614	7273	1
1257	9006	1
2616	9006	1
2843	2832	1
10769	4581	1
11401	9733	1
11402	11402	1
10695	3605	1
4824	1266	1
9429	9429	1
9456	5380	1
8834	5418	1
10023	3819	1
10376	8044	1
11403	11387	1
7916	3335	1
9117	6771	1
9007	3137	1
3513	1120	1
5718	5720	1
11404	11404	1
9586	6625	1
10507	6625	1
4724	4492	1
9895	5361	1
8044	11379	1
3688	5316	1
10968	6845	1
5086	6258	1
5357	8899	1
7714	10807	1
5316	3688	1
4724	8492	1
2051	1558	1
6816	2484	1
5374	5904	1
10473	2484	1
554	7419	1
5904	5374	1
1935	3840	1
9550	4580	1
7810	4346	1
2484	6816	1
7337	5882	1
5678	1134	1
3149	374	1
8017	6297	1
2297	4090	1
5086	5087	1
4769	4939	1
7847	1708	1
9477	7049	1
3487	3125	1
257	6317	1
6734	9331	1
4759	8991	1
6317	257	1
6134	1813	1
1399	2415	1
8753	1028	1
4482	4482	1
1242	2393	1
5488	10188	1
4169	5873	1
10666	4981	1
3440	6783	1
5678	4437	1
11387	6930	1
4759	6299	1
5683	3213	1
791	374	1
2313	374	1
3017	374	1
11405	1740	1
519	374	1
1512	21	1
2550	317	1
786	4822	1
10319	8975	1
1108	1254	1
9876	11300	1
1064	1740	1
375	374	1
5202	8975	1
6875	2915	1
1740	11405	1
2976	11148	1
4020	4027	1
3629	8594	1
2629	8594	1
5553	3849	1
1332	6467	1
7397	11406	1
9248	7017	1
7847	10327	1
1108	5519	1
3125	3105	1
7838	10164	1
8676	10706	1
5861	6922	1
9173	7004	1
9806	9806	1
1356	6024	1
6650	5893	1
8007	10285	1
11407	10376	1
7811	10376	1
3023	3024	1
1935	1369	1
9165	10376	1
3849	5553	1
10538	8435	1
5087	5086	1
1711	3536	1
8214	3817	1
2403	6782	1
5266	1619	1
9383	9437	1
11387	11403	1
10121	6059	1
5399	2574	1
11031	10427	1
5868	7553	1
477	476	1
5678	6211	1
295	2446	1
2547	1108	1
7108	2914	1
4649	4504	1
10188	5488	1
5519	1108	1
5678	9736	1
3315	2914	1
7847	5107	1
4406	9480	1
11407	11244	1
5650	7216	1
1740	3240	1
9456	6079	1
8739	6299	1
9924	7216	1
5648	9876	1
8753	11408	1
3391	11244	1
1905	10756	1
9735	10582	1
10188	11409	1
6898	9331	1
10713	6577	1
1619	5266	1
9144	11244	1
8763	7128	1
411	7128	1
9876	5648	1
10582	10582	1
2019	186	1
9693	7128	1
4504	4649	1
33	33	1
5943	4948	1
3344	8177	1
4143	1900	1
1897	1900	1
2051	4868	1
1897	5857	1
2148	3983	1
10509	11410	1
4135	5904	1
4868	2051	1
5116	4599	1
550	261	1
99	6456	1
3660	10836	1
3177	11113	1
3128	2832	1
371	2127	1
9350	7512	1
1284	4288	1
7228	3248	1
7128	9693	1
6625	10507	1
3105	3125	1
10968	5240	1
10537	11411	1
8609	6055	1
4346	7810	1
10756	10756	1
186	2019	1
3762	4430	1
9506	6530	1
4250	2912	1
11412	11412	1
1439	2596	1
3024	3023	1
7273	9614	1
10285	8007	1
689	2113	1
10164	7838	1
3111	3391	1
7269	8505	1
3985	10755	1
10755	3985	1
7662	5234	1
3137	9007	1
8975	10319	1
5904	5190	1
2479	2125	1
11413	7318	1
11411	10537	1
3549	185	1
5678	3288	1
1696	897	1
7319	7318	1
7982	5090	1
829	9544	1
7158	4762	1
8975	9966	1
4842	7662	1
11270	5444	1
2308	5190	1
4288	6023	1
5234	7662	1
9456	8785	1
8609	10478	1
8008	9577	1
9644	9717	1
7370	9717	1
2477	1746	1
7375	2588	1
9717	7370	1
5481	1188	1
10572	4134	1
6687	8785	1
6843	10488	1
3576	6165	1
4931	2572	1
7673	2569	1
6922	5861	1
7841	7841	1
7004	9173	1
7434	7395	1
11271	10820	1
8802	9763	1
5573	4612	1
9966	9763	1
4612	4612	1
10488	6843	1
6830	7552	1
6297	8017	1
6438	7370	1
5337	6769	1
5563	9128	1
1108	3262	1
6577	10713	1
6294	2604	1
2954	9562	1
6381	2976	1
11372	6898	1
8164	1408	1
6898	11372	1
3528	4183	1
1900	4143	1
3138	5581	1
9219	8237	1
7741	5800	1
2399	5750	1
5750	2399	1
6271	5800	1
6289	3085	1
