7257	573	1
5468	5783	1
4900	4888	1
7337	6837	1
3541	3016	1
6066	8819	1
261	550	1
6704	2125	1
705	1243	1
6844	8935	1
5348	5349	1
2569	7673	1
11414	4940	1
11072	8819	1
11415	1392	1
1935	10314	1
11113	3177	1
4640	6156	1
10314	1935	1
1179	1408	1
9223	4810	1
3222	7618	1
1117	1008	1
3824	10487	1
4856	2083	1
9158	10069	1
1132	4196	1
1008	1117	1
9718	8705	1
11416	11417	1
7673	2569	1
9544	829	1
6900	7671	1
7670	7671	1
2313	2347	1
1171	3068	1
6530	9506	1
485	4044	1
6539	7125	1
3177	11113	1
1171	835	1
990	5710	1
9374	7564	1
1840	8721	1
8721	1840	1
855	670	1
5943	6037	1
585	3287	1
4610	3426	1
3288	3287	1
5283	3426	1
3426	6840	1
9198	9178	1
7469	9178	1
5720	5718	1
4375	9230	1
9178	7469	1
677	3674	1
11201	5	1
715	9414	1
384	6846	1
10232	3487	1
4034	3512	1
4759	2110	1
1935	5905	1
623	9707	1
4872	3623	1
5489	3623	1
9117	6771	1
9707	623	1
5758	6113	1
11418	11418	1
2332	143	1
10807	7714	1
1248	1151	1
4895	5629	1
5589	11419	1
6769	5337	1
11417	11416	1
2110	4759	1
4334	344	1
344	4334	1
11342	11342	1
5704	11372	1
4810	8788	1
9506	6530	1
5800	6271	1
2316	2842	1
3688	1988	1
4123	1935	1
4659	884	1
1706	1706	1
2810	1499	1
868	5106	1
1171	3020	1
10480	8096	1
10232	2894	1
5641	2311	1
3816	3384	1
6128	9394	1
7786	7444	1
7029	986	1
1209	1144	1
4868	2051	1
6370	8405	1
8397	4208	1
4095	5874	1
4183	3528	1
11420	10982	1
6490	4320	1
8788	4810	1
5203	6312	1
6846	384	1
3539	6513	1
4169	2425	1
1171	4580	1
3539	3041	1
3161	1280	1
2051	4868	1
5893	6650	1
8092	8092	1
3262	1108	1
3759	4181	1
6271	5800	1
4948	5943	1
6037	5943	1
2163	2298	1
6898	6624	1
4025	4162	1
10069	9158	1
2922	2167	1
11421	11421	1
4436	5185	1
1548	1548	1
4696	1812	1
986	7029	1
4674	10435	1
5942	6145	1
3747	11422	1
7178	940	1
2086	2085	1
4760	4538	1
4538	4760	1
10435	4674	1
8373	11423	1
2296	3051	1
172	150	1
1025	8204	1
1936	8293	1
1243	705	1
3910	845	1
6819	5344	1
3541	6265	1
9570	6915	1
7128	10343	1
3082	2613	1
9273	1036	1
2228	5481	1
11360	10343	1
6265	3541	1
11424	10200	1
3016	3541	1
10695	4274	1
9414	715	1
7570	9550	1
3539	8877	1
75	1997	1
3541	2973	1
5518	1842	1
1188	5481	1
737	1081	1
6100	6700	1
6287	6344	1
6391	3185	1
10970	10971	1
5434	5447	1
8739	6765	1
1171	2100	1
2332	2232	1
7918	2741	1
1171	2686	1
7076	7076	1
3852	4159	1
400	4180	1
239	250	1
4370	708	1
6613	6286	1
6554	6286	1
3791	1342	1
5241	8173	1
1812	4696	1
5215	664	1
9571	6286	1
8096	10480	1
10232	3343	1
4159	3852	1
483	3613	1
1081	737	1
8753	10180	1
7662	6093	1
2467	2715	1
7158	11425	1
6374	937	1
9772	9949	1
7645	3353	1
11426	10070	1
9758	8936	1
3085	6289	1
8617	6559	1
10219	496	1
3539	6321	1
2467	4087	1
3437	4055	1
7897	6559	1
8819	6066	1
4257	10634	1
7771	1585	1
5690	652	1
4289	1612	1
9793	9793	1
9550	4580	1
3541	752	1
11410	10509	1
5641	3992	1
11427	11427	1
3824	2454	1
1499	2810	1
7671	6900	1
4728	5170	1
1041	4538	1
9550	7570	1
3343	10232	1
7370	6438	1
937	6374	1
1609	1099	1
6711	6374	1
5516	11275	1
3541	3017	1
845	3910	1
3454	2241	1
4087	2467	1
2467	9942	1
6374	6711	1
2715	2467	1
2912	4250	1
9235	8600	1
11428	11144	1
3111	2686	1
1126	3383	1
9942	2467	1
6321	6299	1
8031	6448	1
4593	3234	1
1369	1935	1
2228	2228	1
4580	9550	1
9426	2360	1
1422	2970	1
874	28	1
3983	2148	1
62	54	1
4388	9209	1
7250	5657	1
8800	8800	1
6875	2915	1
645	1848	1
1884	1237	1
10319	8975	1
9429	9428	1
9966	8975	1
9209	4388	1
9517	10892	1
5337	6769	1
8404	4883	1
8071	10411	1
3614	10880	1
988	54	1
777	2749	1
10880	3614	1
6915	9570	1
10070	11426	1
5116	1816	1
6220	7515	1
2604	8173	1
3539	3213	1
8373	6574	1
23	426	1
4954	11429	1
6490	6022	1
4162	4025	1
2347	2313	1
8333	2621	1
6837	7337	1
5642	3558	1
2630	2260	1
6789	11057	1
7120	6146	1
7028	6146	1
7303	5988	1
7570	11057	1
11430	11431	1
5684	10385	1
6448	8031	1
6146	7120	1
1171	3210	1
10624	4916	1
8077	4372	1
7128	10491	1
1212	4916	1
11429	4954	1
9507	8641	1
11324	906	1
8975	9966	1
1585	7771	1
10973	10982	1
8405	6370	1
11045	4930	1
9207	930	1
2802	4525	1
2454	3824	1
10886	4525	1
427	89	1
50	9959	1
652	5690	1
9031	4692	1
11432	11432	1
930	9207	1
8917	8815	1
4423	11061	1
821	203	1
8454	1973	1
5857	1897	1
5282	5902	1
65	203	1
9959	50	1
4095	5742	1
1863	1214	1
1900	1897	1
426	579	1
2276	2673	1
6213	6213	1
6185	5576	1
3125	3105	1
4250	7501	1
10396	638	1
2749	777	1
10095	6045	1
8641	9507	1
2085	2086	1
3539	3903	1
3763	3763	1
5	11201	1
7895	11164	1
7570	10208	1
1509	1009	1
10957	8823	1
7128	8763	1
10666	4981	1
1299	11164	1
9945	65	1
4940	11414	1
6986	6986	1
4250	2912	1
1237	1884	1
413	9712	1
8254	11421	1
8079	9712	1
6989	1523	1
6045	10095	1
2673	2276	1
2973	3541	1
3843	6213	1
4265	447	1
4676	4726	1
5361	9895	1
3017	3541	1
10376	10982	1
9251	10389	1
10796	1624	1
3560	2907	1
1848	645	1
2420	1009	1
4432	4433	1
5377	7370	1
10389	9251	1
7444	7786	1
9007	3137	1
6559	8617	1
9772	10354	1
1332	6467	1
7825	9687	1
4659	394	1
3951	11270	1
11270	3951	1
7250	7308	1
8803	5888	1
10892	552	1
2702	2826	1
10343	7128	1
6771	9117	1
8066	3226	1
6467	1332	1
8763	7128	1
9717	10273	1
3109	9452	1
3668	366	1
4645	1487	1
5899	5899	1
11202	11391	1
8903	10814	1
6649	8899	1
1187	653	1
2939	3528	1
3528	4183	1
9581	9067	1
7941	9256	1
6165	3576	1
9230	8647	1
4433	4432	1
9256	7941	1
9973	5588	1
664	5215	1
4095	6023	1
1232	3304	1
6264	6023	1
3576	6165	1
1171	1002	1
6765	5622	1
5481	3043	1
1586	4278	1
6186	10634	1
1863	1229	1
10674	10674	1
4095	4626	1
1069	11433	1
4113	10506	1
2360	9426	1
10814	8903	1
4760	6831	1
9966	10319	1
8975	10319	1
6145	5942	1
4724	4812	1
5197	6344	1
3850	5942	1
4629	4798	1
10895	2609	1
7369	7452	1
6637	6452	1
5516	8093	1
6286	6613	1
7442	7443	1
10570	4747	1
5107	6309	1
11434	11434	1
8317	6309	1
3170	8707	1
9587	6141	1
10958	5684	1
8976	7128	1
1171	1489	1
1897	5857	1
1897	1900	1
953	6141	1
4143	1897	1
6438	7370	1
3651	3190	1
1099	2686	1
1361	1360	1
10273	7370	1
2547	391	1
3743	5791	1
241	3538	1
9655	559	1
10907	3542	1
2106	2107	1
3567	897	1
4409	3950	1
2308	5190	1
6649	7120	1
4692	9031	1
4525	10886	1
5112	5113	1
5791	3743	1
2065	4421	1
3190	3651	1
4376	2641	1
1108	4421	1
8219	5387	1
3950	4409	1
2228	5039	1
7506	6850	1
5041	5902	1
7570	8093	1
3541	6805	1
8092	8093	1
552	10892	1
6840	3307	1
3768	7764	1
3105	3125	1
4812	4724	1
11403	8903	1
10506	8197	1
2646	3723	1
8492	4724	1
2048	5301	1
4724	8492	1
4095	4970	1
10319	9966	1
5170	5068	1
1863	3943	1
7841	6295	1
4810	9244	1
1171	3316	1
7219	3419	1
5380	9456	1
2621	8333	1
2148	3983	1
6843	10488	1
6079	9456	1
9456	6079	1
8696	2686	1
5704	7416	1
8785	9456	1
4289	11435	1
3541	3629	1
11194	9456	1
3125	3487	1
11256	6113	1
4662	4133	1
2228	1854	1
9699	5542	1
4954	5542	1
1171	2284	1
2479	3542	1
7337	3855	1
1163	2914	1
9173	7004	1
8617	11258	1
11057	6789	1
9244	4810	1
9237	6789	1
1005	5160	1
3483	10797	1
11342	184	1
10797	3483	1
5086	5087	1
6864	6864	1
8706	10461	1
3855	7337	1
5542	4954	1
1985	296	1
9479	2116	1
2184	4369	1
9456	11194	1
1854	2228	1
3051	1279	1
8570	8772	1
8491	8772	1
4516	6265	1
9456	8785	1
11436	8772	1
5258	5773	1
7277	8772	1
9588	8772	1
6141	9587	1
4486	62	1
11437	2595	1
6299	2252	1
4556	4303	1
7902	9506	1
11438	11438	1
6465	6020	1
10757	10757	1
6706	7796	1
344	2562	1
6113	11256	1
10506	4113	1
5901	5901	1
5542	9712	1
1517	696	1
371	6188	1
7618	275	1
3323	9712	1
3545	6185	1
8609	6059	1
10301	10301	1
5825	6185	1
6454	4939	1
4447	8365	1
1481	5087	1
425	3786	1
3669	7656	1
4695	3222	1
11439	11439	1
1685	5335	1
6108	3110	1
9270	1372	1
6023	6264	1
5742	4095	1
7986	8192	1
3333	3545	1
9120	8903	1
425	2446	1
8903	9120	1
4069	5191	1
1863	2381	1
1863	1457	1
10839	5757	1
5934	6506	1
5087	1481	1
3222	4695	1
7100	8164	1
2829	7204	1
8609	6241	1
408	9109	1
2403	7052	1
11440	5757	1
3240	1740	1
4760	6404	1
8899	6649	1
5943	4948	1
7662	7916	1
6141	953	1
4812	9769	1
3539	5021	1
6191	2901	1
7120	6649	1
5191	4069	1
11372	6898	1
4430	6372	1
10533	10532	1
7542	6059	1
1523	6989	1
2056	8164	1
4525	8724	1
1500	2086	1
3568	1229	1
8336	10938	1
7501	4250	1
334	2048	1
3545	4660	1
241	636	1
