4575	2206	1
4983	4763	1
5188	9230	1
4890	4940	1
8903	8354	1
8525	8526	1
3279	11356	1
2399	5750	1
5650	8243	1
5003	6340	1
207	4728	1
5085	4070	1
271	272	1
2506	9488	1
8243	5650	1
7570	9550	1
5	27	1
6840	8973	1
4724	4408	1
1666	2646	1
4128	7042	1
3560	2907	1
11357	8929	1
110	5110	1
2879	241	1
5424	3965	1
11358	11358	1
7892	7892	1
4515	1481	1
4020	6897	1
1937	4578	1
6490	4320	1
9806	9806	1
526	573	1
10069	7526	1
9152	8929	1
492	505	1
3248	2096	1
5695	7610	1
5900	11199	1
905	564	1
5468	5926	1
4249	4309	1
11359	9957	1
374	3149	1
6037	5540	1
5797	5047	1
6165	8962	1
1143	205	1
10175	7788	1
1901	623	1
130	173	1
11324	2371	1
5506	9957	1
10634	6615	1
3125	3487	1
6306	9924	1
4025	2666	1
9412	11355	1
3397	3722	1
2565	9426	1
4570	4571	1
3149	2973	1
11360	10343	1
11361	5624	1
721	791	1
11362	791	1
374	791	1
4882	777	1
453	2229	1
7382	791	1
3149	5501	1
7842	5966	1
11316	8073	1
2547	391	1
1194	4464	1
4396	1713	1
11096	11096	1
928	929	1
6875	2915	1
8973	2915	1
1913	1425	1
2378	7592	1
4599	10062	1
11174	3384	1
11363	11342	1
9230	6121	1
495	5171	1
2894	2634	1
321	8573	1
9041	3078	1
3775	6765	1
4250	6765	1
4499	6627	1
1585	1585	1
1599	6213	1
10163	6765	1
5047	5797	1
2927	1193	1
2802	4525	1
6317	257	1
4400	4399	1
3178	314	1
11364	11365	1
1716	9771	1
6628	4580	1
4495	1408	1
6322	6613	1
4544	5958	1
11361	2332	1
7570	4580	1
3512	4577	1
6043	6044	1
3722	3232	1
4003	1028	1
7982	7982	1
11353	7146	1
9388	9388	1
7423	4297	1
3559	4239	1
6185	5047	1
7841	4297	1
9833	7484	1
6294	2604	1
1605	87	1
2749	488	1
11332	793	1
10292	4580	1
1938	737	1
9479	4027	1
11065	644	1
173	130	1
6023	6264	1
7597	7032	1
8093	8092	1
5787	6046	1
4569	10023	1
3722	3397	1
9506	6530	1
6417	9611	1
11324	2428	1
4600	4181	1
87	1605	1
7205	10325	1
6115	4135	1
1901	5013	1
3410	187	1
3609	187	1
9412	564	1
3149	3240	1
6052	2677	1
7289	6584	1
374	2313	1
3149	627	1
1002	6038	1
8357	4250	1
1930	1791	1
7081	5870	1
5411	5520	1
3222	7618	1
7813	5693	1
7804	5411	1
9387	9386	1
4780	7804	1
4470	10343	1
5170	1842	1
4457	4119	1
5411	9300	1
1481	1482	1
4599	5116	1
4399	4400	1
9813	6854	1
10375	3096	1
1788	1787	1
1746	2477	1
11294	10471	1
4163	3017	1
11076	11076	1
374	3017	1
4599	1534	1
6107	4021	1
6127	7804	1
4217	11366	1
7032	7597	1
3543	5459	1
10724	10724	1
11361	3671	1
2048	1514	1
518	3171	1
2734	3171	1
2691	518	1
3303	3171	1
4742	5271	1
1188	3490	1
1126	3383	1
1615	3171	1
6765	4250	1
7079	7078	1
5524	6502	1
5411	7804	1
9300	5411	1
5411	2284	1
3096	10375	1
2048	71	1
7741	7031	1
2913	7108	1
1108	4421	1
3315	7108	1
5459	3543	1
2048	10051	1
3545	6185	1
5695	2736	1
4720	11116	1
374	886	1
374	519	1
11367	9606	1
5047	6185	1
257	6317	1
11368	10713	1
8578	10325	1
8990	1911	1
5825	6185	1
5510	5808	1
7108	3315	1
7212	10325	1
11328	10325	1
7919	10325	1
295	4203	1
7804	6127	1
8734	8650	1
3085	6289	1
9957	5506	1
2995	9772	1
9949	9772	1
187	3609	1
8606	210	1
10023	4569	1
5695	395	1
210	8606	1
5424	8609	1
705	1243	1
905	628	1
11174	11174	1
8335	2169	1
9759	4241	1
1135	3101	1
1493	366	1
11369	11369	1
7025	5107	1
9155	9154	1
5617	6127	1
2082	9234	1
9471	9234	1
374	375	1
9488	9234	1
130	822	1
5695	5722	1
395	186	1
5234	10420	1
9579	9858	1
4194	2270	1
2976	6381	1
3965	2379	1
6417	5929	1
7842	1207	1
5297	5863	1
9506	5187	1
5353	8609	1
6869	7309	1
6104	2379	1
187	3410	1
2666	4025	1
695	5383	1
10837	6848	1
5110	110	1
6038	1002	1
4194	1200	1
374	3005	1
1119	5628	1
1446	698	1
10069	9158	1
11116	4720	1
11370	7953	1
11371	7139	1
5524	4241	1
7804	4780	1
5177	2084	1
10730	8726	1
7074	7154	1
10939	2043	1
5361	9895	1
3008	4233	1
11183	11183	1
8447	7274	1
4599	3826	1
5778	9311	1
10538	5380	1
8164	7100	1
906	2371	1
3613	762	1
4544	1389	1
4679	3051	1
6185	5576	1
2681	6190	1
3149	3510	1
5693	7813	1
2588	2588	1
1787	1788	1
5704	11372	1
9360	10149	1
6122	6456	1
3966	6104	1
11373	10149	1
8748	5824	1
3850	7901	1
11360	5029	1
928	11372	1
10562	4258	1
4241	9759	1
7255	3356	1
5424	4662	1
11121	5353	1
5929	6417	1
8609	5353	1
8845	4294	1
2894	186	1
11374	3269	1
395	2019	1
10390	9438	1
5497	5498	1
7825	9687	1
7040	11223	1
1800	1041	1
10228	6056	1
2428	11324	1
3092	9066	1
6034	3395	1
2741	7918	1
1901	449	1
6509	5022	1
2769	2718	1
5414	4789	1
3618	11375	1
11297	7893	1
846	3176	1
10706	8676	1
847	3176	1
8735	8492	1
7128	8763	1
5376	10147	1
2737	10147	1
5022	6509	1
1194	4376	1
3421	10147	1
9507	8641	1
993	3270	1
7842	7842	1
9895	5361	1
6286	1378	1
6648	5598	1
645	644	1
9154	9155	1
6268	2480	1
7108	3545	1
6185	3545	1
5598	6648	1
11376	7213	1
996	8291	1
1406	996	1
7158	813	1
1713	4396	1
3008	3008	1
2935	10424	1
5424	5742	1
5870	7081	1
644	645	1
11377	9542	1
6758	6844	1
2360	9426	1
9426	2360	1
6625	9586	1
1168	1708	1
3545	7108	1
5086	5087	1
3149	1427	1
8929	9152	1
4851	11366	1
7143	11164	1
698	1446	1
4526	4526	1
3304	1232	1
9230	9290	1
2125	6704	1
5380	10538	1
2048	1558	1
1037	518	1
6046	5787	1
5699	2344	1
1420	5717	1
10837	4241	1
10680	10679	1
11164	7143	1
5424	3966	1
11378	11098	1
5013	1901	1
11098	11378	1
449	1901	1
6190	6448	1
543	6344	1
6704	2125	1
6188	371	1
2271	2272	1
8071	10411	1
5424	5691	1
7956	6622	1
5823	7764	1
2433	2434	1
8498	8756	1
7866	2933	1
1855	5717	1
8880	11273	1
374	760	1
11183	1537	1
543	1509	1
6625	10507	1
374	1401	1
11379	8044	1
2754	8293	1
9772	11380	1
6322	536	1
11381	11381	1
4323	2978	1
11382	11382	1
8194	11330	1
11383	6266	1
4208	8397	1
2915	8973	1
6649	6721	1
6155	5981	1
11007	11170	1
7128	411	1
3121	10021	1
4319	6490	1
5860	6197	1
2048	5301	1
5424	8803	1
9314	3950	1
7618	3222	1
10411	11351	1
4194	4503	1
9219	11125	1
10021	10021	1
677	3674	1
4045	10021	1
10227	10021	1
2315	10021	1
695	1414	1
7895	9456	1
8237	11125	1
10083	8903	1
5380	9456	1
10814	8903	1
8195	8195	1
2331	9877	1
3383	1126	1
8903	10814	1
10164	7838	1
9791	8803	1
2630	2260	1
9550	4580	1
5777	821	1
2550	317	1
5701	2433	1
8973	2433	1
11220	10938	1
5845	7331	1
5656	10938	1
