7331	5845	1
4599	2273	1
7108	3545	1
6844	6758	1
5845	7331	1
910	8877	1
6197	5860	1
4580	9550	1
2588	2433	1
9550	4580	1
2604	6294	1
11384	11384	1
9178	9198	1
2498	1135	1
4198	4814	1
2915	6875	1
11348	7125	1
536	6322	1
5068	3870	1
6322	536	1
6490	4320	1
240	438	1
9198	9178	1
7469	9178	1
9178	7469	1
10149	9360	1
11164	6079	1
11385	11385	1
6721	6649	1
9550	3975	1
3826	4599	1
9360	10149	1
821	5777	1
2433	2588	1
1534	4599	1
5116	4599	1
905	3353	1
5797	8358	1
5188	11386	1
8609	5353	1
3975	9550	1
7680	8358	1
11387	8903	1
9158	10069	1
10471	11294	1
10069	9158	1
6490	4319	1
1229	2532	1
10939	1828	1
2043	1828	1
6981	1828	1
1788	1787	1
6192	8644	1
11361	6088	1
8358	5797	1
8976	9966	1
7956	7197	1
2569	7673	1
10837	6848	1
5701	5452	1
3490	1188	1
4879	1497	1
9777	8734	1
7893	11297	1
11388	11389	1
10874	5423	1
11348	8530	1
6816	2484	1
1064	7446	1
5701	7446	1
1497	4879	1
8973	7205	1
27	5	1
7885	5635	1
2769	2718	1
5922	5	1
2911	226	1
5	27	1
115	5938	1
7143	11164	1
6079	11164	1
564	905	1
628	905	1
3353	905	1
5979	905	1
7444	7786	1
10411	8071	1
543	616	1
2900	8228	1
1647	10900	1
11342	11342	1
11383	1617	1
7916	9248	1
5701	1499	1
5361	9895	1
1855	5717	1
6981	6493	1
1828	6981	1
6493	6981	1
1289	1254	1
9456	5380	1
5777	6095	1
6875	2915	1
9248	7916	1
5635	7885	1
7783	5357	1
7804	6127	1
5353	8609	1
1425	1913	1
8611	5096	1
3085	6289	1
543	649	1
7216	9924	1
8315	2077	1
6676	9924	1
9386	9387	1
9230	9290	1
5777	394	1
11113	9208	1
543	2543	1
2344	2543	1
10389	9251	1
2065	4421	1
11387	6930	1
9876	7609	1
3545	3333	1
11390	3058	1
6321	2873	1
8676	10706	1
2873	6321	1
6127	6344	1
8973	11130	1
9006	9525	1
2923	3126	1
3353	7645	1
6739	8819	1
6417	5929	1
6981	5778	1
4319	4320	1
9311	5778	1
5581	2496	1
11383	2978	1
2051	1558	1
7035	6371	1
5981	6155	1
543	1401	1
9152	8929	1
7609	9876	1
7645	3353	1
8903	8354	1
645	644	1
5701	4603	1
9226	4603	1
9339	9339	1
1722	4058	1
8756	8498	1
7318	7319	1
8983	2651	1
6952	3311	1
2498	3514	1
10786	7635	1
11193	518	1
8228	2900	1
813	7158	1
11383	2420	1
10570	10570	1
4025	2666	1
5060	10570	1
7804	5411	1
5484	7052	1
6981	5221	1
5357	7783	1
5701	6757	1
4599	1534	1
5411	5520	1
4771	4771	1
6080	10984	1
5084	1358	1
6751	8685	1
8929	9152	1
5777	1185	1
8973	9152	1
190	203	1
9251	10389	1
11079	11080	1
8823	10957	1
8177	3344	1
8016	203	1
9613	5499	1
878	879	1
7158	813	1
9065	8365	1
7446	1064	1
7714	7753	1
3008	4233	1
9966	10319	1
6146	6649	1
8031	6448	1
7789	7789	1
9006	6507	1
1925	6507	1
3356	7255	1
5701	10208	1
543	8122	1
9006	9040	1
6192	4282	1
4599	3826	1
7673	2569	1
9514	5875	1
11183	1537	1
6192	4729	1
3518	2338	1
5221	6981	1
8973	7089	1
5778	6981	1
2725	5445	1
9065	8049	1
8802	11391	1
518	11193	1
9693	5888	1
11361	3367	1
4254	11392	1
2335	11193	1
4241	5524	1
8358	7680	1
1667	5414	1
6897	4020	1
5445	2725	1
879	2718	1
3030	9605	1
5673	6220	1
6037	6056	1
3497	2190	1
6301	7598	1
2652	2922	1
5777	2849	1
5072	2725	1
6220	7125	1
5414	4789	1
5860	6197	1
2738	7764	1
5701	7974	1
439	5712	1
9006	5008	1
3176	846	1
6922	5861	1
5861	6922	1
5445	5711	1
3479	5326	1
11389	11388	1
6146	7120	1
9022	4981	1
5624	2186	1
11335	11335	1
565	4576	1
6104	2379	1
565	3707	1
5701	5188	1
6294	2604	1
8644	6192	1
649	2616	1
4282	6192	1
1249	11393	1
4729	6192	1
8819	10742	1
11394	11394	1
8876	6513	1
9387	9386	1
8085	10742	1
2616	649	1
4312	2145	1
885	885	1
8492	4445	1
5757	10839	1
4981	9022	1
6758	6844	1
7120	6146	1
10761	10839	1
8248	8819	1
5484	6499	1
8365	9065	1
543	1124	1
1069	4692	1
11395	11396	1
4020	6897	1
3521	3522	1
384	6846	1
11256	6113	1
9369	8820	1
1925	1305	1
5047	3450	1
9507	8641	1
11273	8880	1
21	1512	1
6165	8962	1
9158	8137	1
8962	6165	1
5008	9006	1
3768	3944	1
8973	8235	1
9006	6325	1
9006	1537	1
2480	6268	1
5382	2483	1
6325	9006	1
9930	2228	1
2483	5382	1
11397	5892	1
1096	2228	1
11383	1176	1
7014	5603	1
5760	5760	1
1788	3577	1
1085	6809	1
11398	8291	1
2484	6816	1
6613	6322	1
10389	6564	1
1925	2616	1
9006	2616	1
8441	8441	1
8756	9579	1
879	878	1
3352	7446	1
2934	1305	1
3383	1126	1
9579	8756	1
8498	8756	1
4111	6715	1
1941	1940	1
10230	10230	1
8973	10960	1
8167	6715	1
6923	10236	1
5419	11164	1
6959	3854	1
3240	1740	1
3576	3395	1
4135	5904	1
6160	4755	1
2642	2641	1
4376	2641	1
4612	5523	1
4587	3361	1
3522	3339	1
2186	5624	1
5400	3828	1
9929	8322	1
5783	5468	1
5926	5468	1
10535	11162	1
9063	4225	1
1960	3526	1
4409	3950	1
6108	3110	1
6448	8031	1
2228	9930	1
3149	9797	1
8734	9777	1
4759	1857	1
4822	786	1
3824	2454	1
6113	11256	1
529	901	1
6649	7120	1
5380	9456	1
1925	1257	1
9006	1257	1
4230	3401	1
9270	6200	1
5893	6650	1
5468	5926	1
518	2691	1
2454	3824	1
1439	2596	1
1740	3674	1
2228	1096	1
7337	5882	1
8903	10814	1
4954	5542	1
9687	7825	1
10240	782	1
2907	3560	1
