5715	5711	1
4198	4241	1
7128	10343	1
6035	9138	1
4828	5185	1
11199	5876	1
4724	4605	1
6086	8724	1
11793	11793	1
9772	9230	1
4863	4864	1
7804	9197	1
11704	6621	1
2891	3330	1
10464	5353	1
6647	6646	1
9144	8973	1
3211	4753	1
6494	8880	1
8469	1229	1
953	6848	1
5234	5027	1
737	1081	1
10010	10010	1
4241	4198	1
10464	5027	1
5612	8973	1
8257	5241	1
9331	6409	1
5869	6055	1
2801	5240	1
5374	3109	1
5227	5188	1
4568	6854	1
7374	3587	1
1037	2433	1
10924	8934	1
9230	9772	1
5266	5560	1
3499	4241	1
6795	1345	1
10409	11759	1
9209	17	1
7613	9772	1
14	1879	1
9971	1229	1
4241	3499	1
673	2585	1
4757	4357	1
4647	2454	1
4377	5145	1
5489	4357	1
6613	10572	1
3714	1800	1
1025	1094	1
3109	7836	1
221	3091	1
8818	6720	1
1031	3091	1
8609	6720	1
2585	673	1
11324	906	1
6365	4802	1
10319	10173	1
3738	5128	1
5951	5929	1
6055	6720	1
4833	7306	1
7735	1620	1
9772	7613	1
3091	221	1
5929	5951	1
11273	8880	1
2696	3186	1
6646	2934	1
8141	2873	1
9772	11728	1
5650	8243	1
3077	1921	1
11730	9717	1
2934	6646	1
5485	5642	1
2873	8141	1
8243	5650	1
2879	8501	1
6720	2343	1
10118	9717	1
1037	6646	1
5377	9717	1
6720	6055	1
1208	40	1
4931	2883	1
8051	11182	1
10326	2151	1
4418	11182	1
8854	11060	1
5107	4384	1
11142	6034	1
2722	7271	1
1784	75	1
8973	9144	1
497	906	1
1436	3194	1
11730	11788	1
874	3194	1
3665	4431	1
10765	10762	1
1174	1175	1
11419	3004	1
3412	3194	1
108	5	1
4800	1227	1
7154	9230	1
2873	4930	1
7424	7708	1
5485	4930	1
3988	19	1
5	5922	1
918	8929	1
4800	2910	1
1025	3017	1
2804	1135	1
1068	4795	1
1919	2339	1
6260	4282	1
3004	11419	1
8480	8480	1
221	7214	1
1068	1572	1
6409	9331	1
6374	6711	1
1192	942	1
6201	6105	1
1800	3871	1
3826	328	1
6046	328	1
514	328	1
9385	328	1
7038	8421	1
11759	10409	1
7108	3545	1
7532	11537	1
3714	444	1
10814	8903	1
906	497	1
1784	5802	1
7786	7444	1
3735	489	1
11794	2204	1
8934	10924	1
9197	7804	1
10829	3239	1
9158	10069	1
261	1373	1
7508	7508	1
4399	1541	1
5500	1585	1
10970	10971	1
5984	10140	1
3855	4969	1
5923	1700	1
1784	3553	1
5081	3553	1
2749	777	1
5	108	1
28	3775	1
5943	4948	1
3048	1886	1
3988	979	1
11565	4946	1
1572	1068	1
6642	6643	1
5081	1342	1
3568	7838	1
4218	3690	1
1338	2040	1
1037	993	1
1037	819	1
328	3826	1
3756	3690	1
5130	1930	1
2114	1930	1
5692	6643	1
4158	9416	1
2392	3972	1
3186	2696	1
1025	8204	1
8258	185	1
4755	4755	1
3210	7308	1
3988	238	1
3330	2891	1
10531	1096	1
5546	4174	1
7038	5307	1
628	896	1
10534	10355	1
1784	2232	1
2843	2832	1
10855	770	1
1855	1094	1
3515	2196	1
4174	5546	1
5107	5307	1
942	1192	1
9927	4465	1
11116	4720	1
1392	1122	1
6107	4320	1
2958	3775	1
3871	1800	1
912	889	1
5720	5266	1
1784	1997	1
10701	10714	1
9550	4580	1
1213	7382	1
4580	9550	1
9000	9000	1
7726	5229	1
7242	6180	1
11182	8051	1
6513	8876	1
7789	9765	1
543	1401	1
3121	635	1
11442	7211	1
6115	8650	1
1585	5500	1
5318	3826	1
1068	5249	1
261	7560	1
4376	2641	1
7038	9442	1
9674	1835	1
3138	5581	1
6327	11795	1
9798	6624	1
3109	5374	1
1930	2114	1
4485	5877	1
1163	2914	1
855	670	1
4803	4804	1
1068	10553	1
1099	5006	1
1096	10531	1
6657	10768	1
4208	1970	1
5603	670	1
6646	2492	1
5485	1483	1
3450	5006	1
242	241	1
3068	6836	1
2052	1483	1
5249	1068	1
1232	889	1
3079	2085	1
2448	1097	1
475	2247	1
2832	2843	1
241	242	1
2550	1097	1
2125	6836	1
2247	475	1
3353	7645	1
344	1097	1
10570	4555	1
2231	1097	1
925	4166	1
426	1289	1
3333	4555	1
1025	6379	1
1037	6379	1
5257	657	1
2691	1903	1
3161	3996	1
2134	886	1
5252	648	1
1025	1025	1
1040	4376	1
10273	2102	1
5485	3561	1
4983	4561	1
3210	4753	1
1903	2691	1
130	2678	1
6720	8609	1
6576	9330	1
5922	5	1
5059	4577	1
564	4457	1
7905	561	1
23	2109	1
1025	3291	1
1025	10626	1
1037	10626	1
11536	9953	1
7038	4577	1
2296	1279	1
1108	2065	1
11157	8140	1
11251	8140	1
2049	3864	1
278	8140	1
5545	1886	1
10069	9158	1
1930	5130	1
185	8258	1
2270	4936	1
1037	2934	1
4389	1998	1
328	514	1
4948	5943	1
8140	278	1
4936	2270	1
5074	5074	1
27	5	1
173	2270	1
635	3121	1
3545	7108	1
5000	4999	1
7038	6265	1
2044	2045	1
1297	1574	1
1582	2842	1
10139	10435	1
11539	6190	1
5549	1069	1
4432	6022	1
1289	426	1
2483	5382	1
7078	7079	1
7038	6851	1
8757	1750	1
4753	3210	1
11201	5922	1
3849	6117	1
9386	9386	1
1660	8885	1
8903	10814	1
6711	6374	1
1722	4663	1
912	1599	1
4423	4217	1
4706	4707	1
3816	1462	1
8254	966	1
4444	6637	1
10319	8975	1
11796	11796	1
7038	3240	1
4956	8235	1
5203	6312	1
3088	5355	1
11121	1651	1
9959	5055	1
2462	2462	1
3352	1064	1
10922	3105	1
7446	1064	1
9013	10442	1
7502	3380	1
10442	9013	1
1037	6647	1
11797	10935	1
9393	9394	1
5709	9394	1
9717	10118	1
4199	1972	1
9765	7789	1
1289	2962	1
8959	6559	1
6345	3332	1
5922	11201	1
9717	9254	1
11242	11552	1
9732	6915	1
5027	10464	1
5353	10464	1
7128	9966	1
4444	9966	1
11586	5802	1
11605	11605	1
5301	10313	1
6866	10313	1
7570	4580	1
11798	9230	1
8824	6448	1
3850	4273	1
944	2572	1
2803	8355	1
5813	3899	1
5706	9230	1
5188	9230	1
8973	5612	1
8235	4956	1
4931	2572	1
9213	11540	1
2572	944	1
7318	7319	1
10765	2886	1
11513	9253	1
2297	4555	1
10376	10982	1
1305	7165	1
1972	218	1
3737	7235	1
8399	2371	1
8506	10856	1
4608	5047	1
6866	11736	1
2962	1289	1
1025	1257	1
2114	920	1
7319	7318	1
8355	2803	1
6729	8763	1
925	4179	1
3950	4409	1
7128	8763	1
920	2114	1
4969	3855	1
10326	8313	1
1142	1504	1
3140	6458	1
10856	8506	1
2114	905	1
7735	2364	1
2433	2588	1
7645	3353	1
9009	1662	1
6917	7002	1
6625	11513	1
11799	11800	1
7360	6866	1
4933	4167	1
1219	1097	1
8521	5387	1
1886	3048	1
9896	8195	1
9104	9195	1
9253	11513	1
6967	9918	1
9069	9067	1
11087	11622	1
5266	5720	1
4336	2165	1
5003	5360	1
2234	1126	1
2080	2081	1
9966	7128	1
5028	9195	1
8763	7128	1
3826	5318	1
9223	4810	1
4187	4258	1
271	272	1
2874	11244	1
6034	11142	1
1037	7446	1
4810	9223	1
5055	9959	1
3383	2669	1
10422	10422	1
2114	4112	1
5485	8609	1
4282	6260	1
4977	4176	1
2855	9765	1
664	3166	1
4193	4176	1
9765	2855	1
9067	9069	1
1746	262	1
7008	7009	1
4409	3950	1
4208	11801	1
5832	5833	1
11767	10706	1
1068	3722	1
10301	10301	1
8339	11479	1
1662	9009	1
7735	11069	1
11802	2465	1
1025	2479	1
375	10742	1
9193	10742	1
7032	7597	1
1037	2479	1
6260	8728	1
6872	8042	1
9872	10742	1
7668	4811	1
9552	11348	1
11803	9431	1
5022	5022	1
8152	9009	1
7212	11348	1
8773	5607	1
8676	8666	1
5745	1506	1
11513	6625	1
7961	4604	1
3479	5326	1
9794	9098	1
9230	11798	1
607	47	1
7382	1213	1
6455	6992	1
7735	6136	1
4872	3010	1
8525	8526	1
4999	5000	1
6539	11800	1
4604	7961	1
11552	11242	1
4273	3850	1
11540	9213	1
4286	9876	1
4025	2666	1
5402	10742	1
1810	4147	1
1469	2496	1
2114	1040	1
2669	3383	1
11479	3137	1
10389	9251	1
11804	11804	1
1025	1064	1
9251	10389	1
1176	2354	1
6533	7894	1
9132	10742	1
11186	8785	1
9521	2777	1
10145	9790	1
2102	10273	1
9178	7469	1
11479	8339	1
7469	5227	1
3998	2712	1
4208	8397	1
5188	5227	1
7038	6210	1
4802	6365	1
6117	3849	1
4176	4193	1
8248	10742	1
6260	4976	1
9138	6035	1
159	2712	1
4144	8092	1
11805	11806	1
6286	6613	1
7894	6533	1
2114	1791	1
9735	3079	1
3988	3139	1
8846	6814	1
3515	6921	1
11807	7764	1
10706	11767	1
9674	1622	1
2842	1582	1
5027	5234	1
6362	4783	1
2496	1469	1
4856	1862	1
2539	6702	1
11205	8505	1
7128	10491	1
3545	4660	1
9209	140	1
2832	1215	1
4784	11808	1
8840	4555	1
9410	10145	1
1025	6700	1
6213	4484	1
9230	5706	1
1037	6700	1
5345	6547	1
1037	5355	1
10435	10139	1
3079	9735	1
2224	3317	1
3969	3970	1
9006	9040	1
4660	3545	1
6079	11164	1
11382	696	1
1123	466	1
1509	1009	1
1229	5185	1
11455	3297	1
6687	8785	1
6866	7360	1
11809	5187	1
6080	8875	1
7452	7988	1
1667	11465	1
3893	11048	1
11465	1667	1
3641	11768	1
4525	7465	1
4981	7988	1
4377	620	1
8976	11164	1
11562	11561	1
11377	9542	1
1289	1254	1
6923	10236	1
4800	2076	1
3167	3168	1
8505	11205	1
8763	6729	1
400	4180	1
11810	11333	1
7988	4981	1
11483	11484	1
7764	3298	1
7595	7592	1
1025	4206	1
3738	4327	1
7153	7153	1
8921	1563	1
7432	7433	1
1506	5745	1
9009	8152	1
5693	11734	1
7836	3109	1
885	885	1
8195	9896	1
11811	8946	1
10464	7000	1
3560	2907	1
10120	3480	1
11414	3480	1
5671	705	1
21	1512	1
1441	1512	1
1484	3004	1
70	1576	1
11045	1401	1
7735	3950	1
10343	7128	1
4640	5982	1
1037	2807	1
3569	3160	1
1037	1188	1
11447	1810	1
6070	5355	1
8938	9966	1
3316	2228	1
705	5671	1
8050	3024	1
7433	7432	1
3186	2734	1
5974	2907	1
7038	6321	1
11734	5693	1
3853	8830	1
5020	4709	1
7012	5707	1
8583	8830	1
3717	4709	1
3137	11479	1
4167	4933	1
9672	10729	1
11387	11403	1
3480	10120	1
747	746	1
11788	11730	1
607	2380	1
4788	1506	1
3626	5874	1
1040	2114	1
6455	10335	1
1791	2114	1
692	1865	1
1746	3342	1
11377	7800	1
1037	4158	1
8549	5316	1
3567	897	1
11403	11387	1
6494	1358	1
1146	4347	1
1076	1076	1
5122	4374	1
7062	897	1
6489	8195	1
3950	6782	1
6547	5345	1
10464	11121	1
4200	3630	1
10717	11551	1
8830	3853	1
9966	10538	1
8195	6489	1
11812	10433	1
6986	10551	1
3744	3585	1
1068	1067	1
8875	6080	1
2588	2433	1
6637	4444	1
11638	11637	1
7038	6022	1
10731	7586	1
11813	11147	1
6934	8616	1
696	11382	1
11414	7427	1
5382	2483	1
11724	5248	1
6374	936	1
3024	8050	1
11809	7932	1
1025	3287	1
11547	9070	1
1725	2801	1
5602	8469	1
6559	9375	1
6190	11539	1
7257	5922	1
4147	8469	1
6220	6558	1
1512	21	1
8164	8469	1
1229	8469	1
936	6374	1
5581	3004	1
6489	6750	1
2228	3316	1
1997	7548	1
9195	11599	1
1987	9371	1
11814	11814	1
4946	11565	1
6472	11204	1
1401	11045	1
5133	9777	1
4051	6322	1
7508	9777	1
11815	9026	1
7038	6251	1
10538	9966	1
6642	4426	1
11487	5136	1
7735	4857	1
5489	912	1
7038	3629	1
1025	965	1
2151	10326	1
334	1215	1
4334	1238	1
8313	10326	1
3560	3058	1
8728	6260	1
3936	11587	1
1897	3949	1
6646	5090	1
4976	6260	1
11709	11709	1
7214	221	1
3240	7866	1
11816	11817	1
9516	5113	1
5243	1046	1
5068	9430	1
696	2031	1
7038	7866	1
6750	6489	1
2017	2380	1
4201	4200	1
11818	11819	1
2114	2688	1
1025	2616	1
5885	2031	1
