27	5	1
6898	11372	1
395	205	1
8880	11730	1
11039	8237	1
1399	1398	1
2585	1099	1
3211	3210	1
5715	6329	1
11730	8880	1
4914	5266	1
8676	8333	1
5711	6329	1
7844	7893	1
7980	6193	1
7282	3261	1
3825	7746	1
139	1791	1
9217	8333	1
4525	1838	1
7542	9138	1
7988	6729	1
5130	1791	1
8704	10145	1
9772	9230	1
9230	9772	1
2609	2801	1
9301	10904	1
8774	4647	1
3211	10904	1
10464	7000	1
2585	420	1
5323	420	1
10518	10904	1
10313	5301	1
5324	7953	1
10379	2801	1
2735	11762	1
5065	10904	1
518	6283	1
5266	5742	1
6868	9009	1
1421	1402	1
5742	5266	1
420	2585	1
2776	271	1
705	1243	1
328	271	1
3211	613	1
3211	6700	1
11635	6544	1
7235	4555	1
9009	6868	1
2776	6899	1
328	6899	1
1872	1872	1
9138	7542	1
10309	7042	1
261	550	1
261	7560	1
5329	1427	1
10464	11556	1
2734	1060	1
231	7088	1
425	3017	1
2237	7088	1
5000	1112	1
441	7204	1
2102	9717	1
4668	5090	1
3840	1935	1
6578	7204	1
5522	4612	1
2276	2941	1
11734	5693	1
5494	490	1
7469	5227	1
11763	11763	1
855	3155	1
8836	5984	1
266	265	1
4612	5522	1
7000	10464	1
4106	5762	1
11556	10464	1
261	4279	1
7993	7630	1
3989	492	1
2237	5601	1
265	266	1
5212	332	1
824	2017	1
7108	2914	1
11142	6034	1
2801	5240	1
3017	425	1
2672	6034	1
4281	7616	1
5227	7469	1
5489	5489	1
4133	4241	1
92	4809	1
3712	4241	1
2696	3186	1
21	4930	1
6513	4589	1
10101	718	1
5715	4930	1
5006	3450	1
144	11576	1
9211	9212	1
918	8929	1
10349	11094	1
1321	1935	1
1509	4357	1
5006	11492	1
8850	1447	1
47	745	1
5353	4360	1
777	9252	1
10343	7128	1
1040	4376	1
1269	2248	1
1517	5296	1
11759	8421	1
1272	5778	1
7560	261	1
4279	261	1
3211	425	1
5650	8243	1
3607	7444	1
3228	3229	1
261	4179	1
4262	4262	1
1289	4179	1
636	241	1
5248	11724	1
10458	4174	1
4240	6535	1
1060	2734	1
5327	882	1
4696	1199	1
1740	8141	1
11240	5296	1
8085	375	1
2616	5458	1
9717	2102	1
7128	10343	1
777	933	1
768	1146	1
10040	2745	1
1043	2004	1
10180	4499	1
2776	6624	1
5522	6970	1
1599	3310	1
11344	7521	1
7810	6108	1
4578	10933	1
6146	6649	1
4983	4635	1
777	4538	1
7444	3607	1
6374	1266	1
4921	5005	1
9552	11348	1
3965	8609	1
2776	9470	1
5266	4914	1
5353	8609	1
271	328	1
6899	328	1
1272	5849	1
5288	4490	1
8420	10536	1
9252	777	1
6523	2429	1
2845	74	1
328	2966	1
1243	705	1
1142	1504	1
11764	11765	1
5671	705	1
11765	11765	1
4548	2360	1
1081	737	1
3711	930	1
3211	7507	1
47	607	1
8204	2616	1
4548	3692	1
2776	328	1
2966	328	1
1163	2914	1
11766	11766	1
10182	11139	1
10718	10718	1
10572	6613	1
11767	5981	1
2237	2027	1
380	9574	1
2776	272	1
8141	1740	1
529	426	1
328	272	1
4444	6637	1
11768	3641	1
6452	6637	1
1272	8606	1
3211	1094	1
257	6317	1
5660	4537	1
6720	8818	1
2327	653	1
847	3176	1
4318	6315	1
4217	4423	1
1935	1321	1
6637	4444	1
2237	1656	1
231	1656	1
737	1081	1
9727	10634	1
3186	2696	1
8258	185	1
10349	10634	1
3211	7767	1
9777	7508	1
9966	11514	1
2346	1485	1
5212	1108	1
3849	4881	1
7423	9819	1
6720	8609	1
2211	9819	1
1830	3383	1
3048	2794	1
5835	9819	1
8756	6364	1
5715	4763	1
11333	11333	1
4801	3536	1
3613	762	1
1112	5000	1
5715	4978	1
5345	6547	1
328	4523	1
2776	4523	1
10945	10989	1
2237	2346	1
7789	9765	1
5006	1099	1
1509	1009	1
11769	10435	1
5212	4920	1
2894	186	1
5522	7027	1
4406	2454	1
3211	7680	1
5549	2052	1
3166	664	1
4881	3849	1
10801	1573	1
1405	1573	1
4058	2356	1
261	441	1
3022	10295	1
6970	5522	1
9436	4580	1
1564	1618	1
11552	1069	1
5922	11201	1
8243	5650	1
5	11201	1
11728	9772	1
1903	10889	1
8880	11729	1
3211	5107	1
5922	1564	1
1504	1142	1
5840	3561	1
2051	1558	1
4983	4561	1
11201	5	1
5543	5340	1
5353	6837	1
5522	5544	1
3211	1188	1
6720	6368	1
6303	4496	1
1638	4164	1
6897	1069	1
11770	173	1
11663	11663	1
2081	2080	1
2237	2517	1
4499	10180	1
7128	10491	1
3288	585	1
1069	1069	1
7128	7128	1
9997	2928	1
6007	6008	1
2776	5694	1
9470	5694	1
3087	5354	1
9317	6265	1
8051	11182	1
6959	1069	1
705	5671	1
3211	1512	1
3711	3886	1
11201	5922	1
5266	5733	1
4457	564	1
7741	5800	1
4523	328	1
4757	6765	1
750	5662	1
8756	9018	1
1077	889	1
5916	6765	1
3211	1561	1
707	4883	1
3849	4666	1
5733	5266	1
5459	4883	1
11771	7723	1
10120	3480	1
2616	8204	1
4602	4346	1
4981	10666	1
10666	4981	1
5800	7741	1
2552	6752	1
3769	4199	1
1184	3444	1
5386	9049	1
10562	4258	1
2237	2838	1
4169	5873	1
6034	11142	1
664	6111	1
227	9335	1
5904	4135	1
2237	4432	1
8085	3005	1
5715	4735	1
4810	9244	1
3020	7543	1
6872	4679	1
328	2776	1
3383	6103	1
3840	3840	1
3849	5496	1
5212	9158	1
10778	252	1
5313	4735	1
2237	2119	1
2106	6997	1
4566	3610	1
1677	1022	1
585	3288	1
5353	8192	1
4193	4176	1
9765	7789	1
2669	3383	1
6373	1612	1
6720	6055	1
6365	8222	1
4176	4193	1
5212	3380	1
6720	2536	1
4810	5314	1
3085	6289	1
8222	8680	1
3849	3854	1
1618	1564	1
11772	11772	1
2297	1897	1
8177	6449	1
11767	5924	1
5497	5498	1
11773	11416	1
10739	7022	1
4947	8959	1
5715	2343	1
6720	2343	1
5876	11199	1
185	8258	1
6414	1897	1
5715	4561	1
3383	2669	1
3834	2371	1
4538	777	1
4735	5313	1
10737	9069	1
4437	6468	1
7433	7432	1
1972	4199	1
9251	10389	1
11719	8614	1
5526	4221	1
3730	8614	1
11576	144	1
5922	5	1
5214	5214	1
10856	8506	1
3383	1830	1
1064	8614	1
3353	3183	1
1797	3779	1
9702	9733	1
6752	2125	1
7029	986	1
8830	226	1
5979	9966	1
4459	4459	1
4828	855	1
4377	5145	1
5522	5664	1
5353	5234	1
987	902	1
5353	5228	1
6055	5869	1
7318	7319	1
11774	11774	1
1272	2863	1
10273	2102	1
3864	2049	1
3211	4905	1
2101	2049	1
8222	6365	1
4360	5353	1
8609	5353	1
5234	5027	1
2801	2609	1
6837	5353	1
2102	10273	1
8192	5353	1
4802	6365	1
5234	5353	1
5353	3965	1
3965	5353	1
6840	3426	1
5869	6055	1
6724	6723	1
5522	4515	1
5212	4025	1
7236	6977	1
9314	4409	1
6720	7604	1
2339	1919	1
9863	9897	1
3950	4409	1
3743	5791	1
553	11105	1
9825	9825	1
221	7214	1
1851	3169	1
7214	221	1
1199	4696	1
11182	4418	1
5027	5234	1
5709	9394	1
2794	3048	1
3711	3240	1
8694	3240	1
8217	8014	1
6466	11775	1
441	261	1
5715	5877	1
5009	5504	1
3711	4965	1
5353	5888	1
4430	6270	1
9672	4038	1
5353	4779	1
4409	3950	1
6977	7236	1
5188	5227	1
1810	4147	1
8705	5228	1
5693	11734	1
3229	395	1
2052	1483	1
47	3776	1
3456	2457	1
9966	8975	1
5	5922	1
328	3826	1
6897	4020	1
1037	6647	1
5353	5027	1
11776	5142	1
777	2749	1
4147	1810	1
11767	10706	1
11163	6868	1
1134	10706	1
6923	8803	1
4020	6897	1
3182	4640	1
1069	6897	1
7444	7786	1
1517	3092	1
4346	4602	1
3849	5838	1
7223	226	1
5506	11382	1
9719	6230	1
4548	4057	1
3686	6286	1
11777	9127	1
8803	6923	1
6438	7370	1
11730	9717	1
3017	2722	1
6771	10687	1
5549	1069	1
9009	1662	1
3965	6059	1
328	6046	1
5791	3743	1
6723	6724	1
9897	9863	1
10432	5444	1
8959	4947	1
5214	3815	1
1662	9009	1
6649	5444	1
5353	6059	1
7319	7318	1
10571	1407	1
5353	6270	1
8975	9966	1
8247	10687	1
3854	3849	1
8501	2879	1
5838	3849	1
4666	3849	1
2778	11778	1
5266	4561	1
4864	3248	1
9105	2433	1
11617	7045	1
9402	9452	1
11726	11727	1
2722	3017	1
10345	10346	1
3528	11618	1
10877	6286	1
3383	1126	1
10706	11767	1
6729	7128	1
6062	8364	1
5981	11767	1
1146	768	1
11779	11779	1
7114	11780	1
9717	10118	1
4589	6513	1
1247	5387	1
5027	5353	1
9773	10568	1
7108	3545	1
7158	5849	1
2677	6052	1
490	5494	1
6270	5353	1
10248	3077	1
5230	3951	1
1820	5236	1
5353	5043	1
5043	5353	1
10667	11781	1
3686	6167	1
7013	6206	1
1563	8921	1
4084	6206	1
953	7267	1
10922	3105	1
3950	6782	1
11781	10667	1
5357	5357	1
6729	7988	1
5214	2779	1
3092	1517	1
4458	2234	1
7370	895	1
11782	11782	1
7128	6729	1
7597	7032	1
11715	7254	1
1791	5130	1
1126	3383	1
564	4457	1
10140	5984	1
5482	10506	1
11605	11605	1
4981	7988	1
5715	2017	1
3333	3545	1
511	1572	1
4241	4133	1
3670	4035	1
1884	9824	1
6720	6136	1
7988	4981	1
543	1022	1
9306	9307	1
5544	5522	1
7267	953	1
6513	8876	1
9136	8399	1
5694	11485	1
7045	11783	1
2879	8501	1
7616	4281	1
4660	3545	1
10123	9456	1
1420	1022	1
11784	11785	1
3211	6481	1
11759	10409	1
5504	5009	1
10145	9410	1
3711	717	1
1176	1022	1
6086	10574	1
981	1009	1
3310	1599	1
7211	11442	1
3951	5230	1
4757	3763	1
5132	4769	1
3426	6840	1
205	395	1
4432	6022	1
912	1599	1
9452	5888	1
6455	6992	1
9456	10123	1
3545	3333	1
10568	9773	1
7810	4346	1
2237	5069	1
8031	6448	1
4303	4556	1
240	438	1
4220	4221	1
10411	11351	1
7813	5090	1
4163	1022	1
9930	11786	1
835	11786	1
11419	3004	1
6052	2677	1
6748	8172	1
9807	9695	1
755	2126	1
5849	7158	1
11787	11765	1
5860	6448	1
5715	5783	1
3460	10220	1
2237	5137	1
2465	3634	1
5648	9281	1
328	514	1
4757	3124	1
10022	8854	1
4548	3401	1
4556	4303	1
4346	7810	1
4525	10574	1
3849	4915	1
6080	5161	1
2283	7532	1
1837	3397	1
8854	10022	1
11382	5506	1
10506	4113	1
5353	4113	1
3022	2248	1
5984	8836	1
11788	11730	1
9281	5648	1
9717	11730	1
5353	10506	1
7019	4720	1
2734	3186	1
9067	10507	1
9127	11777	1
4045	3426	1
2270	173	1
1096	10531	1
689	2113	1
3711	4140	1
4113	10506	1
3480	10120	1
3967	6571	1
11727	11726	1
261	2712	1
1523	1338	1
5393	2712	1
1289	426	1
10769	4581	1
4581	10769	1
6640	5388	1
6904	5388	1
3087	4913	1
4376	1040	1
2891	5388	1
4771	5388	1
3545	7108	1
9452	6911	1
5065	5388	1
8830	4038	1
11724	5248	1
2017	824	1
4548	1401	1
5388	6640	1
7040	11223	1
8788	2248	1
4258	4187	1
1229	3568	1
11789	11051	1
3568	1229	1
745	47	1
607	47	1
9727	4038	1
8219	5607	1
4604	7961	1
10313	6866	1
395	3229	1
2237	4668	1
1338	1523	1
11182	8051	1
6546	2712	1
3211	4668	1
6624	9575	1
5353	5191	1
9966	10319	1
2776	928	1
4924	2915	1
4167	10550	1
8975	10319	1
11704	6621	1
1837	2712	1
8399	9136	1
1005	2523	1
8830	3853	1
10677	10879	1
328	9385	1
10319	9966	1
4384	5107	1
635	3121	1
10609	8785	1
271	272	1
774	5884	1
3397	1837	1
10836	11767	1
4073	2852	1
6128	10784	1
5884	774	1
4176	5100	1
10617	8128	1
11499	7078	1
5205	5204	1
5191	5353	1
6752	2552	1
10506	5353	1
6930	6930	1
5204	5205	1
4113	5353	1
173	2270	1
779	1799	1
1142	71	1
1897	3949	1
3121	635	1
5136	11487	1
620	4377	1
3211	2827	1
47	2380	1
5753	7083	1
1599	912	1
7764	3298	1
6782	3950	1
797	3343	1
3400	3931	1
5522	3943	1
2889	3900	1
11790	7158	1
4241	3712	1
2330	7158	1
11791	7158	1
5353	8774	1
9138	6035	1
8092	6246	1
3567	944	1
2852	4073	1
11767	10836	1
8774	5353	1
5353	11121	1
331	332	1
10506	2308	1
11121	5353	1
4864	4863	1
5813	5750	1
1651	11121	1
6642	4426	1
8257	8257	1
1069	11433	1
10101	10075	1
23	2109	1
9819	7423	1
10273	11730	1
3211	10075	1
2308	10506	1
8876	6513	1
11730	10273	1
5100	4176	1
8724	6086	1
6086	8724	1
3330	2891	1
10762	10765	1
8929	918	1
2380	47	1
6992	6455	1
2891	3330	1
6866	11736	1
6814	8846	1
564	5774	1
5353	10464	1
3923	10376	1
4176	4977	1
10982	10376	1
3711	1740	1
5142	11776	1
5266	5720	1
9541	6836	1
6997	2106	1
5802	11586	1
11792	3975	1
3217	6188	1
