7128	6729	1
7181	7515	1
4341	8891	1
6146	7120	1
5802	858	1
4753	3214	1
5100	4193	1
7556	858	1
5234	5027	1
4193	5100	1
8803	7291	1
4981	9022	1
6795	3776	1
3989	1284	1
1199	1200	1
3066	2107	1
6874	5874	1
9230	7154	1
5	27	1
8222	4060	1
1599	8891	1
7961	4604	1
11679	11680	1
9100	11330	1
7154	9230	1
6795	9811	1
271	272	1
3214	4753	1
3528	1635	1
6306	7396	1
1635	3528	1
3825	1062	1
4226	11681	1
2912	4250	1
17	8936	1
9198	9198	1
4250	2912	1
6185	5576	1
7961	4318	1
5468	5926	1
5693	7141	1
1112	2204	1
5009	1535	1
5642	3561	1
11012	5872	1
6134	6709	1
11540	9213	1
7660	816	1
4828	1408	1
2545	1599	1
3287	3489	1
5694	9470	1
10814	8903	1
8891	1599	1
7520	5705	1
11642	8392	1
231	7088	1
875	10762	1
11682	7854	1
8451	10762	1
5561	6654	1
46	1832	1
10968	2801	1
7961	1269	1
7714	10807	1
6845	2801	1
3088	7543	1
3983	2148	1
3520	4563	1
4668	6034	1
11630	4260	1
11233	4260	1
1832	46	1
4724	8492	1
3333	4555	1
6197	5860	1
2941	8392	1
8573	321	1
485	937	1
9470	11485	1
11048	11485	1
3083	5297	1
4029	6034	1
9198	9178	1
11142	6034	1
7961	8177	1
399	3179	1
5297	3083	1
4603	4384	1
6306	9924	1
7961	9924	1
6070	5355	1
6622	10083	1
6930	10083	1
10968	10379	1
3471	4704	1
6591	4704	1
745	9888	1
4704	3471	1
5266	5733	1
8903	10814	1
10043	9973	1
11664	11472	1
9857	11537	1
4274	7282	1
5612	11247	1
8492	4724	1
10844	1716	1
2043	5778	1
906	2371	1
4499	10180	1
5872	11012	1
9470	2776	1
6327	8233	1
6190	6448	1
3297	11455	1
7370	895	1
4968	205	1
8856	604	1
1069	11433	1
937	485	1
4464	4464	1
5611	4655	1
11372	6898	1
5949	1618	1
10180	4499	1
4180	400	1
11641	11641	1
5611	5281	1
1420	5717	1
8140	11157	1
5205	5204	1
8262	4039	1
7853	9580	1
11010	10695	1
6897	4020	1
11661	6365	1
6686	6650	1
4882	92	1
6007	6008	1
5977	2228	1
6686	6506	1
705	1243	1
10603	7143	1
2424	777	1
1847	4607	1
11397	5892	1
997	6530	1
11683	7163	1
6306	4830	1
342	8919	1
4260	11630	1
2907	5974	1
5320	9613	1
5889	5506	1
2163	1099	1
2749	3169	1
10406	3840	1
8936	17	1
855	670	1
11684	2024	1
7103	4184	1
5650	8243	1
4047	2677	1
3605	9550	1
4664	2677	1
6155	5981	1
6899	271	1
3088	3450	1
3022	2248	1
8336	7789	1
5733	5266	1
7158	813	1
705	3070	1
11674	5345	1
28	5622	1
9065	4853	1
3895	9990	1
6264	6142	1
8243	5650	1
3389	3389	1
2847	130	1
6433	5411	1
1069	5549	1
4362	6447	1
10473	2484	1
2776	9470	1
6530	997	1
1002	5411	1
8919	342	1
10762	875	1
645	3241	1
10406	8570	1
5423	8515	1
5204	5205	1
5280	5107	1
9279	6303	1
4852	4853	1
4346	4345	1
3297	7042	1
11455	7042	1
130	2847	1
3355	1812	1
271	6899	1
9798	6624	1
7143	10603	1
8011	10064	1
4602	1697	1
1016	7204	1
4657	4885	1
10330	7204	1
7325	8762	1
3017	9300	1
7786	11372	1
11031	6985	1
6686	6299	1
5143	2014	1
4422	990	1
11513	9377	1
10025	2793	1
2014	5143	1
3392	3561	1
1081	2855	1
1517	2855	1
2436	2435	1
2435	7855	1
11652	3010	1
1099	1100	1
6686	2441	1
7257	5922	1
4853	4852	1
11519	6107	1
7132	6107	1
1746	1390	1
9550	3605	1
1062	6133	1
10531	1096	1
1100	1099	1
11685	3394	1
1184	387	1
10309	7729	1
10444	10153	1
5287	4983	1
1035	426	1
6867	5793	1
3323	2212	1
5517	5229	1
4983	5287	1
8428	9826	1
9826	6364	1
4389	4856	1
11661	1893	1
7961	3455	1
1289	1254	1
1618	6066	1
10476	9418	1
6547	5345	1
4060	8222	1
745	1860	1
10118	5438	1
1524	5618	1
1074	1075	1
4607	1847	1
604	8856	1
3450	3088	1
7714	6414	1
2193	2349	1
7790	2708	1
9418	10476	1
11157	8140	1
2051	1558	1
11426	10070	1
6034	4029	1
9300	3017	1
2855	1081	1
634	653	1
7829	3017	1
11537	9857	1
4184	7103	1
5188	9230	1
4607	6505	1
1268	2688	1
10133	11686	1
10536	8420	1
6898	11485	1
1729	8420	1
5184	6438	1
143	3566	1
2672	6034	1
8194	11330	1
5598	6648	1
11550	1556	1
2710	3380	1
3834	2371	1
3669	6505	1
27	5	1
6066	6348	1
4602	4345	1
1996	2457	1
109	808	1
6489	3366	1
1791	4288	1
1556	11550	1
745	8007	1
8392	2941	1
3241	645	1
4019	3567	1
9880	5427	1
4931	2234	1
5922	27	1
4267	4268	1
7789	8336	1
11605	7142	1
5084	5084	1
6521	4577	1
1436	2457	1
5427	9880	1
1016	875	1
387	1184	1
4432	4433	1
6107	7132	1
9807	9695	1
2204	1112	1
1338	1523	1
6066	1618	1
6540	7597	1
1390	1746	1
6874	4538	1
9022	4981	1
11676	7625	1
11687	9824	1
6107	4021	1
7078	7079	1
5981	6155	1
6686	1635	1
4574	5376	1
4101	9863	1
11678	11677	1
7961	1237	1
11538	10907	1
9213	11540	1
7741	5800	1
9695	9807	1
5611	1200	1
4345	4346	1
10506	7337	1
25	26	1
4176	4732	1
11538	11538	1
7906	5822	1
11199	5876	1
6650	6686	1
7597	6540	1
1607	2047	1
5974	2907	1
6506	6686	1
4828	855	1
10389	6564	1
7082	1378	1
3139	2278	1
11018	11688	1
6299	6686	1
875	1016	1
1500	11641	1
2052	5485	1
1635	6686	1
1636	1637	1
9990	3895	1
3353	7645	1
7303	6022	1
653	634	1
4436	4436	1
6306	6475	1
6306	5852	1
2037	9996	1
7451	8911	1
9320	9321	1
5667	2423	1
2403	2423	1
6729	7988	1
6779	643	1
2051	4868	1
1855	5830	1
5234	4939	1
7079	7078	1
1199	1812	1
2339	1919	1
6734	9331	1
8989	8443	1
11689	4939	1
1149	1654	1
11419	3004	1
11690	3696	1
5485	2052	1
10343	7128	1
6729	7128	1
9402	4778	1
1535	5009	1
3667	3869	1
5443	5444	1
2793	10025	1
7318	8331	1
11372	7786	1
4433	4432	1
1860	745	1
8007	745	1
4538	6874	1
2420	1009	1
3004	11419	1
9733	9702	1
745	758	1
7128	9966	1
10319	10173	1
11530	11691	1
758	745	1
8819	10742	1
8697	9804	1
9966	7128	1
9580	7853	1
2832	2843	1
10376	9389	1
5125	3978	1
905	8457	1
6107	11519	1
1509	1009	1
1550	1270	1
11689	7258	1
7258	11689	1
7988	6729	1
4868	2051	1
5382	5382	1
5230	3951	1
9013	10442	1
10442	9013	1
5993	5993	1
11692	11692	1
760	11537	1
6111	664	1
10777	10777	1
3476	130	1
10531	5411	1
11425	7158	1
11308	11250	1
745	5419	1
11249	11250	1
3183	9195	1
11693	9195	1
7645	3353	1
4039	8262	1
4208	8397	1
11694	54	1
6183	9486	1
11485	3306	1
5043	6270	1
7609	9365	1
252	6022	1
11695	11563	1
5411	10531	1
2677	6052	1
4679	6872	1
11689	7916	1
4940	6006	1
4303	7791	1
1673	5920	1
9234	9488	1
1404	7887	1
10957	11696	1
6686	8207	1
9173	9414	1
4574	4575	1
7916	11689	1
3187	11347	1
11144	11630	1
2646	3944	1
10506	4113	1
4407	2005	1
4832	4812	1
6006	4940	1
594	13	1
8453	8452	1
5266	1619	1
2194	11697	1
5027	5234	1
731	5314	1
3215	9704	1
6489	3855	1
541	2078	1
9777	5133	1
9178	7469	1
5611	2270	1
9248	7916	1
634	1077	1
9356	5047	1
2677	4047	1
10411	11351	1
1099	2163	1
9486	6183	1
7884	7791	1
6686	2669	1
5047	9356	1
484	6024	1
10206	130	1
11272	9300	1
4662	3828	1
7791	4303	1
10666	4981	1
5133	9777	1
5684	3569	1
9825	2985	1
1884	8412	1
4939	5234	1
1607	6059	1
10522	10522	1
2264	4209	1
368	3432	1
7729	10309	1
1243	705	1
7887	1404	1
4812	4832	1
3855	6489	1
4334	344	1
1619	5266	1
7544	1746	1
5306	222	1
4575	4574	1
5611	4333	1
6348	6066	1
7162	7501	1
34	2294	1
7128	10343	1
5845	7408	1
2078	541	1
11698	5466	1
2672	8487	1
2423	2403	1
8015	5647	1
344	4334	1
5683	3213	1
9715	11241	1
11699	11699	1
3569	5684	1
10895	9479	1
3722	3397	1
5845	5845	1
5419	745	1
7128	7988	1
7988	7128	1
3738	4327	1
2364	5202	1
6034	5876	1
9386	9386	1
2446	11630	1
11630	2446	1
6922	5861	1
9966	10319	1
5047	11124	1
5107	5280	1
7337	10506	1
8364	11074	1
5861	6922	1
425	7480	1
11700	10506	1
8886	10701	1
7902	11009	1
8457	905	1
2433	6466	1
11630	11630	1
3108	1232	1
8412	1884	1
11205	9026	1
7260	7853	1
5234	7916	1
7060	9589	1
7853	7260	1
6788	7916	1
6270	5043	1
689	2113	1
1837	1838	1
8207	6686	1
11455	3297	1
10506	10537	1
8044	1709	1
2669	6686	1
8676	8333	1
11009	7902	1
10537	10506	1
7368	4657	1
11499	7078	1
7780	7145	1
1876	2433	1
9804	8697	1
6741	7195	1
4020	3950	1
8017	64	1
7862	7731	1
7731	7862	1
4525	10886	1
3636	4732	1
7002	6377	1
9368	9368	1
2047	1607	1
9368	8490	1
3730	2616	1
1220	985	1
5	5922	1
11201	5922	1
2616	5458	1
2726	3881	1
3567	4019	1
6306	7216	1
370	515	1
11631	4926	1
9155	9154	1
8273	6265	1
5757	5503	1
425	466	1
2496	4034	1
7625	11676	1
6649	7120	1
3951	5230	1
11324	2371	1
4034	2496	1
4730	7452	1
5390	10208	1
10797	3483	1
3840	10406	1
7375	7375	1
5133	7916	1
10537	7452	1
10285	6906	1
7916	5133	1
3229	5604	1
1662	9615	1
4832	11701	1
11479	4332	1
1666	3949	1
11657	10208	1
885	885	1
11702	490	1
8331	7318	1
6070	4781	1
490	11702	1
11689	9248	1
9248	11689	1
130	3476	1
7791	7884	1
7452	10537	1
1043	2004	1
4755	1064	1
4755	8146	1
4284	4980	1
11676	9373	1
4084	5100	1
9615	1662	1
5100	5531	1
