3881	2726	1
7532	8421	1
5845	3450	1
2653	2479	1
4334	8666	1
550	261	1
3068	5935	1
9819	7423	1
8222	4060	1
3210	613	1
8473	9417	1
4660	4605	1
3389	5815	1
8051	11182	1
6706	7796	1
10967	10769	1
4251	3944	1
9727	10634	1
4409	8802	1
11707	252	1
3426	9649	1
261	550	1
11679	11680	1
5519	7893	1
9966	5979	1
5787	6046	1
8802	9966	1
5979	9966	1
1611	2109	1
2751	11618	1
2616	1925	1
10067	10379	1
1925	2616	1
11302	11302	1
2004	1043	1
11724	5248	1
1338	1523	1
1117	1523	1
10934	3690	1
11742	3308	1
6760	8359	1
241	636	1
1523	1117	1
8049	8152	1
3287	3489	1
8359	6760	1
11743	11216	1
5729	4219	1
3316	1854	1
10506	7767	1
4994	1545	1
10820	10820	1
3450	5845	1
7154	9230	1
11744	9197	1
7532	6243	1
2894	3487	1
7859	6270	1
4369	2578	1
3138	5581	1
745	957	1
8247	11687	1
902	987	1
2936	2558	1
11583	5657	1
7444	3607	1
11709	11709	1
4164	1638	1
7502	3380	1
7714	10807	1
6788	3335	1
8366	9742	1
6844	6758	1
4603	4384	1
737	1081	1
4457	564	1
2151	2813	1
9417	8473	1
9013	5935	1
5323	420	1
1774	4692	1
6822	623	1
420	2585	1
11635	6544	1
2578	4369	1
10967	6544	1
3967	1709	1
9356	11058	1
2813	2151	1
8657	7660	1
10133	11686	1
3389	2564	1
1081	737	1
3389	1384	1
9493	7119	1
2532	1229	1
3077	10248	1
957	745	1
4900	4888	1
5154	4888	1
3768	3944	1
3248	4864	1
4747	4555	1
9230	7154	1
7532	10379	1
11745	8139	1
705	1243	1
5693	10904	1
2804	1135	1
11182	8051	1
4910	4812	1
5612	8235	1
9391	8680	1
9281	5648	1
3229	395	1
2836	2049	1
10687	6771	1
6260	4282	1
9152	8300	1
9487	9488	1
3389	3707	1
3389	1126	1
11746	11746	1
8885	2390	1
9966	8975	1
3452	3037	1
10778	252	1
10473	1163	1
1421	2420	1
3026	2420	1
3545	3333	1
2420	1708	1
11058	9356	1
2397	3333	1
11513	6625	1
1618	1687	1
3098	2842	1
9586	6625	1
11382	5506	1
2296	1279	1
912	2420	1
8880	11730	1
7532	7598	1
1855	1485	1
2390	8885	1
3515	3230	1
9251	10389	1
11729	11730	1
7893	5519	1
5581	3138	1
2135	1338	1
3368	4010	1
5047	3450	1
3450	5047	1
4727	4605	1
4809	92	1
5256	694	1
6559	6547	1
1166	1166	1
8150	7258	1
4939	9749	1
9813	6854	1
8935	6982	1
7654	5906	1
10309	7729	1
3549	185	1
7532	8027	1
8258	185	1
8333	8676	1
5258	5684	1
7258	8150	1
855	5682	1
4282	6260	1
10319	8975	1
7532	6840	1
7158	3870	1
8222	1897	1
3426	6840	1
3389	3212	1
181	1022	1
5880	6155	1
10531	1096	1
1338	2135	1
2898	2602	1
11730	8880	1
2793	10025	1
2894	5130	1
3950	6782	1
6339	3826	1
3512	4034	1
11747	11747	1
7318	7319	1
3121	635	1
10907	10907	1
5065	6246	1
4368	4980	1
3098	8068	1
252	10778	1
5657	11583	1
6982	8935	1
7729	10309	1
11741	11740	1
6788	2343	1
4938	5769	1
4113	9962	1
10967	1552	1
2308	9962	1
7916	11689	1
855	670	1
11225	11226	1
6922	5861	1
6034	11142	1
3389	1466	1
1820	8964	1
9735	9253	1
6771	10687	1
5922	5	1
1421	4290	1
11748	377	1
5423	9223	1
3389	8292	1
6758	6844	1
2420	1009	1
7000	10464	1
11686	10133	1
3077	6390	1
3389	2478	1
11749	11750	1
2691	3240	1
8523	3340	1
511	1572	1
7532	4956	1
1451	730	1
3870	7158	1
11730	11729	1
1619	4251	1
1638	4164	1
1142	71	1
6866	11736	1
3547	1996	1
2898	71	1
3983	8826	1
1791	1930	1
4983	4561	1
5287	4561	1
5489	1401	1
922	976	1
4457	4119	1
3353	3183	1
3017	425	1
10464	7000	1
4237	3183	1
3738	4209	1
11719	6544	1
524	816	1
1997	76	1
2076	4431	1
4939	10415	1
4629	110	1
11751	8336	1
7000	10415	1
6544	11719	1
6046	5787	1
8246	2590	1
6155	5880	1
3098	1439	1
1133	5531	1
3037	3452	1
10379	10067	1
1838	4525	1
11752	5090	1
3366	8195	1
8724	4525	1
6729	7988	1
2049	2836	1
5305	4111	1
5423	9952	1
694	5256	1
7452	7988	1
7645	3353	1
3098	4095	1
7012	5164	1
1572	511	1
614	11569	1
1281	3497	1
4316	3497	1
1523	1338	1
5087	5086	1
7225	650	1
11689	7916	1
1022	181	1
10687	8247	1
10415	4939	1
4499	10180	1
6245	6083	1
3026	10811	1
8977	8247	1
4431	2076	1
9386	9386	1
1398	1399	1
512	363	1
1997	2931	1
8125	7854	1
8975	10319	1
9966	10319	1
855	605	1
4888	5154	1
6321	9772	1
9773	10639	1
3088	3088	1
9581	6094	1
6544	11635	1
5005	4921	1
4180	400	1
11753	11753	1
5085	1418	1
1491	1135	1
420	5323	1
71	1142	1
10458	4174	1
6635	8707	1
10174	10174	1
6513	5441	1
5922	11201	1
8876	6513	1
5164	7012	1
433	4009	1
7532	7484	1
8164	1408	1
11754	11754	1
11755	11755	1
185	8258	1
1666	3723	1
4931	944	1
5	27	1
10415	7000	1
9539	889	1
6887	11164	1
9962	10506	1
7319	7318	1
11201	5922	1
6083	6245	1
7609	9365	1
1077	889	1
9819	5835	1
10286	10286	1
2749	5831	1
4293	6897	1
11417	11416	1
27	5	1
4113	10506	1
4020	6897	1
6868	9009	1
11756	11757	1
3229	1572	1
5423	2248	1
3161	2276	1
7532	6786	1
928	929	1
1469	3949	1
3333	6444	1
3489	3287	1
1673	5920	1
4635	4983	1
1564	5922	1
3996	1338	1
4322	1702	1
1918	1967	1
6415	4690	1
1897	8222	1
5613	7495	1
1550	1550	1
5133	4857	1
1146	768	1
88	4471	1
5376	4009	1
4566	1099	1
5539	2204	1
8924	8925	1
1215	1862	1
2678	130	1
243	6161	1
9772	6321	1
5943	4948	1
2636	6161	1
7673	2569	1
10724	2550	1
1163	10473	1
5965	8454	1
5836	4592	1
1700	5923	1
3824	2454	1
6782	3950	1
2550	10724	1
9230	9772	1
7325	8762	1
1996	2457	1
5871	2341	1
9213	5090	1
11758	6243	1
4350	11189	1
11740	11741	1
8975	9966	1
10319	9966	1
9586	8702	1
3098	2185	1
1069	11552	1
2801	2609	1
10139	11321	1
5086	5087	1
400	4180	1
9973	2192	1
2101	2194	1
4592	5836	1
3186	2696	1
10389	9251	1
5750	2399	1
2399	5750	1
5840	3561	1
2677	4664	1
5762	4106	1
490	5494	1
2192	9973	1
8282	6274	1
7061	8799	1
3996	395	1
11759	8421	1
5423	4810	1
5684	5258	1
6520	3736	1
4147	1810	1
1338	395	1
205	395	1
9335	227	1
4174	10458	1
6897	4293	1
6751	8685	1
2562	4504	1
395	1338	1
2454	3824	1
8756	9018	1
4548	4566	1
4692	9031	1
3196	11608	1
9742	329	1
10506	4113	1
5130	2894	1
7128	10343	1
3965	8609	1
9962	4113	1
2019	395	1
252	2188	1
3767	5217	1
2696	3186	1
4810	11713	1
2017	824	1
9550	9165	1
3965	6059	1
4810	9244	1
4409	3950	1
9244	4810	1
4939	11689	1
1903	2883	1
11689	4939	1
10343	7128	1
10507	9067	1
2894	3343	1
5205	5204	1
5843	4939	1
1599	8891	1
2569	7673	1
3343	2894	1
9962	2308	1
4111	5305	1
559	9655	1
7000	9138	1
5423	8515	1
6723	6724	1
10681	5755	1
395	2019	1
9321	9320	1
5979	10538	1
9966	10538	1
4193	4194	1
10538	5979	1
5027	5234	1
4194	4193	1
9138	7000	1
7432	7433	1
3840	3840	1
4852	11016	1
10415	10464	1
10506	4114	1
3950	4409	1
6168	5588	1
10464	10415	1
1935	3840	1
10574	4525	1
8264	9821	1
8924	8924	1
5504	5009	1
10886	4525	1
8925	8924	1
2845	2844	1
2188	252	1
10689	4525	1
8152	9009	1
4445	4027	1
6146	7120	1
6783	10368	1
3370	3692	1
7916	5691	1
5423	3366	1
1599	11760	1
8803	6923	1
11753	1599	1
2941	2276	1
6274	8282	1
8891	1599	1
1202	3692	1
9718	10183	1
3176	847	1
2429	6523	1
9069	10737	1
8609	3965	1
11761	11761	1
4241	6848	1
8929	918	1
5301	10313	1
6923	8803	1
8823	10957	1
9393	9394	1
10183	9718	1
9009	6868	1
10538	9966	1
11581	2827	1
9009	8152	1
7789	5090	1
3098	3685	1
9138	7542	1
2891	3330	1
1099	2585	1
6315	4318	1
4926	11631	1
1421	1232	1
3098	1232	1
1067	791	1
4989	1910	1
3077	1921	1
2585	1099	1
3950	9314	1
11233	4260	1
9819	2211	1
4409	9314	1
7179	7731	1
8222	6365	1
7731	7179	1
7465	4525	1
5423	6409	1
11556	10464	1
4525	8724	1
9018	8756	1
5662	750	1
5266	1619	1
6576	6513	1
4548	296	1
10220	3460	1
8405	9178	1
4668	6034	1
2237	5532	1
10405	5316	1
6860	10464	1
6364	8756	1
9579	8756	1
3211	616	1
1930	1791	1
5204	5205	1
9067	8549	1
7260	515	1
1039	304	1
1619	5266	1
2237	8600	1
