929	11372	1
564	4119	1
3628	467	1
10971	10970	1
6989	11584	1
8426	4497	1
9782	11572	1
6113	8880	1
6310	6310	1
6460	4482	1
5382	2483	1
7128	6729	1
11585	11585	1
3037	3452	1
10083	6622	1
23	3602	1
5845	7331	1
98	1426	1
2483	5382	1
7331	5845	1
6898	11485	1
6045	6643	1
9973	2192	1
3605	3542	1
6624	11485	1
11048	11485	1
6414	10807	1
7028	11485	1
8802	5888	1
10807	6414	1
5402	11485	1
6921	5588	1
3877	2347	1
10682	6309	1
11586	5802	1
9152	8929	1
5598	10478	1
5689	7441	1
764	3187	1
7906	5822	1
7373	7373	1
10506	4113	1
6165	6034	1
2646	6507	1
11587	299	1
998	835	1
4977	5511	1
1039	304	1
6690	2427	1
8975	9966	1
10713	7831	1
4464	5676	1
8802	8975	1
5072	5662	1
9105	5047	1
5047	9105	1
2150	1833	1
11426	4956	1
8149	1777	1
10171	10769	1
5423	8515	1
8687	9105	1
4482	6460	1
8452	4384	1
4003	5168	1
653	718	1
3478	764	1
11201	5922	1
9772	9949	1
3892	5920	1
7216	9924	1
9628	7543	1
9013	10442	1
11588	10442	1
10506	5027	1
9105	8687	1
10471	11294	1
10442	11588	1
1462	3816	1
10970	10971	1
4903	3432	1
11372	929	1
2192	9973	1
9207	930	1
3082	2613	1
8929	9152	1
930	9207	1
6183	5690	1
3605	5006	1
9441	6540	1
3493	3819	1
7597	6540	1
3353	7645	1
1064	4755	1
1432	5627	1
11583	7930	1
6846	6847	1
4603	7930	1
1126	11382	1
569	4730	1
4706	4707	1
2573	2571	1
3043	4872	1
5783	4830	1
426	1289	1
9321	1232	1
4359	1806	1
998	1835	1
1043	2004	1
6642	4426	1
7741	7031	1
4674	7308	1
6690	7308	1
2229	2411	1
2134	801	1
10724	2550	1
979	5314	1
10562	4258	1
6658	7854	1
1149	2083	1
2652	6321	1
3605	1249	1
8484	5503	1
11068	3992	1
4355	2383	1
998	1476	1
4113	10506	1
5027	10506	1
5025	1526	1
9271	3985	1
5072	4024	1
3605	9204	1
5188	7308	1
7331	7308	1
7308	5188	1
5411	7680	1
3824	2454	1
5556	8547	1
2520	7651	1
9488	9234	1
4194	4503	1
6624	11372	1
4988	5175	1
3794	5608	1
11589	11589	1
8501	5640	1
2011	1725	1
2934	1612	1
11502	1612	1
9966	8975	1
5802	11586	1
5860	6197	1
1487	1612	1
6352	4692	1
7831	10713	1
5149	2083	1
1608	1607	1
8857	9997	1
7415	7416	1
9267	9280	1
9280	9267	1
11590	11590	1
8819	6066	1
5072	705	1
11591	539	1
4184	3793	1
9133	10713	1
1826	4721	1
1338	2894	1
11194	7215	1
3454	2241	1
1074	1075	1
5671	705	1
2297	6414	1
1072	186	1
4726	7947	1
3017	1009	1
205	4968	1
3649	11501	1
11592	11501	1
10330	7204	1
3793	4184	1
3452	3037	1
4977	2777	1
9271	9391	1
6034	6165	1
9479	9001	1
5437	5340	1
10278	9001	1
334	2371	1
1831	5409	1
9074	5648	1
2323	11593	1
7502	11432	1
10335	11514	1
3816	1462	1
4511	13	1
11228	11594	1
271	272	1
9021	9010	1
777	11595	1
4959	4959	1
3187	1690	1
5234	5027	1
4485	5877	1
6489	1690	1
2721	3166	1
6251	5107	1
664	3166	1
10276	5427	1
8339	1816	1
6646	3450	1
3605	2478	1
705	1243	1
13	16	1
1725	2011	1
1816	8339	1
2466	2191	1
605	605	1
7680	5411	1
6637	4444	1
4343	3105	1
7147	770	1
5640	8501	1
9234	9488	1
5072	7366	1
7215	11194	1
7316	7366	1
3451	5928	1
1161	75	1
8333	8676	1
7128	10343	1
7645	3353	1
5928	3451	1
5423	10874	1
7318	7319	1
10706	8676	1
4184	4617	1
808	1503	1
4983	4561	1
7798	8280	1
5072	2725	1
8802	8803	1
998	2167	1
6183	7308	1
2347	3877	1
4518	485	1
5715	4561	1
11501	11592	1
4437	6468	1
6632	3091	1
2466	2194	1
705	5671	1
998	5991	1
8676	8333	1
4613	6513	1
16	1142	1
11596	624	1
7308	4781	1
9213	11540	1
11372	9575	1
4184	689	1
1517	6506	1
4113	2454	1
3855	2454	1
3479	11031	1
904	2083	1
5640	5700	1
4184	484	1
1523	437	1
1149	1149	1
559	7947	1
1077	1985	1
998	3633	1
285	232	1
8260	8903	1
1149	7444	1
11597	11597	1
5676	4464	1
3479	5326	1
4444	173	1
8721	10084	1
4597	515	1
5546	4174	1
2892	3742	1
2454	3855	1
11513	6625	1
5047	3450	1
4083	515	1
1321	2901	1
11598	6182	1
6646	5090	1
7930	5090	1
6490	4320	1
8936	17	1
484	4184	1
2934	2492	1
5823	7764	1
5327	3235	1
5043	5191	1
5826	11599	1
3354	8959	1
5072	1483	1
9575	11372	1
3695	1662	1
5840	9233	1
1229	173	1
6294	2604	1
6197	5860	1
10219	7204	1
11478	8014	1
7308	4674	1
11062	11062	1
6798	6702	1
3433	5778	1
2331	8014	1
3635	2186	1
6127	6702	1
842	1135	1
2934	4886	1
7136	2083	1
3518	3642	1
2499	2083	1
5988	3576	1
5437	1810	1
5175	4988	1
4299	2298	1
10814	8903	1
1243	705	1
2322	9234	1
2662	2116	1
10021	8600	1
173	4444	1
3605	7797	1
7866	3673	1
2411	2229	1
5705	3673	1
7014	3183	1
998	1946	1
5977	2228	1
4174	5546	1
9573	10099	1
2901	1321	1
10320	6328	1
11600	9416	1
7639	6901	1
9733	6901	1
844	843	1
3248	8985	1
4674	4674	1
6045	10095	1
4532	4533	1
5778	3433	1
5365	5640	1
9233	5840	1
5796	4876	1
11455	5318	1
4111	5318	1
11601	1166	1
11596	11602	1
1607	1608	1
2347	1859	1
9163	9163	1
11603	9163	1
6765	7899	1
3187	1407	1
3605	5227	1
2422	5185	1
7274	3647	1
5662	750	1
10839	10761	1
4251	6507	1
6797	4425	1
7610	7611	1
8024	8025	1
7611	7611	1
4495	1408	1
11604	4282	1
3605	11009	1
2550	10724	1
10319	8975	1
3450	5047	1
11593	2323	1
9511	3079	1
8280	7798	1
10761	10839	1
6113	5758	1
4724	8492	1
3480	10120	1
8336	7789	1
1996	3547	1
186	2019	1
3547	1996	1
2877	6514	1
2150	8957	1
2442	2204	1
2607	3526	1
6540	7597	1
10374	8430	1
8985	3248	1
8492	4724	1
3397	3722	1
4217	4765	1
1038	95	1
11605	4481	1
2934	6646	1
10343	7128	1
8802	7128	1
9048	2973	1
4481	11605	1
998	3094	1
166	167	1
218	167	1
11556	9138	1
7548	1997	1
9074	3449	1
3817	8214	1
2613	3082	1
5133	4857	1
6513	4613	1
7128	8802	1
7031	7741	1
5443	9381	1
8903	5089	1
10713	9133	1
1859	2347	1
4167	6372	1
5857	5824	1
4947	8959	1
11606	11606	1
2653	1586	1
5318	11455	1
6901	7639	1
2009	1810	1
1997	7548	1
614	210	1
4141	8681	1
2616	1017	1
629	1506	1
250	9782	1
5922	11201	1
3605	3438	1
2264	4209	1
10761	10761	1
3578	6700	1
1611	10911	1
645	4410	1
1446	10357	1
8430	10374	1
9485	6319	1
4360	5353	1
10769	4581	1
6901	9733	1
8903	8260	1
8364	3160	1
9863	4101	1
4689	7267	1
5170	5068	1
441	6227	1
5437	7320	1
4830	5783	1
1149	8115	1
3569	3160	1
4101	9863	1
8903	10814	1
998	5263	1
8115	10232	1
3487	10232	1
8676	10706	1
998	1381	1
4414	5035	1
8469	5602	1
3179	399	1
4533	4532	1
10232	3487	1
6622	10083	1
9271	9400	1
5353	4360	1
998	6005	1
7083	5374	1
5904	5374	1
6539	7125	1
6646	7125	1
1135	842	1
9271	7119	1
5014	11353	1
3605	2735	1
2283	1854	1
4100	5419	1
3433	2863	1
7308	6183	1
11189	3675	1
5690	6183	1
3742	2892	1
8681	4141	1
4029	5100	1
998	3322	1
3088	5355	1
8024	1854	1
8599	7326	1
4073	7566	1
7267	4689	1
9949	9772	1
998	3211	1
4258	10562	1
7308	7375	1
5419	4100	1
387	1184	1
4503	4194	1
7789	8336	1
7980	6193	1
4293	8616	1
3296	141	1
9798	6624	1
1204	141	1
6379	6700	1
7847	7847	1
8975	10319	1
2308	10506	1
9962	10506	1
5197	6344	1
7319	7318	1
8802	9966	1
6181	5513	1
8820	6193	1
3088	7543	1
9207	7644	1
11607	6409	1
4574	4461	1
3736	2973	1
998	2935	1
10562	227	1
10982	9863	1
6409	11607	1
10335	9966	1
2779	1853	1
3647	4176	1
5188	8647	1
7654	9300	1
6213	1599	1
9966	8802	1
200	870	1
9863	10982	1
3605	4206	1
10801	10801	1
9966	10335	1
2398	5952	1
2283	7683	1
5072	1269	1
8647	5188	1
9897	10982	1
7098	5642	1
10083	6930	1
11514	10335	1
5988	822	1
9321	5386	1
4078	10960	1
11530	9394	1
296	649	1
6646	7153	1
8959	4947	1
5089	8903	1
6444	8781	1
4273	3850	1
4461	4574	1
3631	2017	1
4949	9150	1
5195	5196	1
2454	4113	1
10319	8781	1
5257	1109	1
3125	1301	1
11540	9213	1
4612	5523	1
875	2886	1
6372	6059	1
3850	4273	1
5758	6113	1
6227	441	1
7785	317	1
11608	6135	1
6727	6040	1
9735	10582	1
4581	10769	1
6414	2297	1
6819	1212	1
863	6451	1
930	831	1
1005	8297	1
4176	3647	1
9742	329	1
11608	10677	1
6717	11091	1
5481	4980	1
5047	7543	1
9357	6035	1
5257	1104	1
11608	7901	1
11609	7283	1
2019	186	1
3605	1099	1
2289	2290	1
4313	2607	1
3855	10677	1
3200	3201	1
7569	3561	1
649	296	1
7291	8803	1
5642	3561	1
8901	3226	1
6193	7980	1
4184	2954	1
3201	3200	1
1523	3194	1
1506	629	1
874	3194	1
7894	10374	1
11600	7563	1
3605	5307	1
10095	6045	1
1166	11601	1
11201	6066	1
1301	3125	1
7906	173	1
3635	8294	1
10975	11000	1
6650	8228	1
7367	3561	1
8609	8885	1
8297	8297	1
2184	4369	1
395	3194	1
11407	11244	1
782	781	1
10376	10982	1
11610	11610	1
8228	6650	1
3635	2094	1
11610	9076	1
10508	7128	1
1727	6358	1
1017	2616	1
9300	7654	1
8271	8411	1
5778	3868	1
3990	601	1
8261	7262	1
11611	11611	1
2384	6458	1
11612	11613	1
7764	2738	1
4654	5051	1
11447	1810	1
1810	11447	1
5513	6181	1
4267	4267	1
5318	4111	1
3824	10487	1
5100	4029	1
2270	5822	1
2636	6161	1
3996	1338	1
1740	7866	1
8791	7718	1
2804	1135	1
1135	2804	1
241	242	1
998	760	1
4084	8618	1
2454	3824	1
10953	9649	1
11614	11614	1
3647	7274	1
3353	905	1
7423	5090	1
6372	5353	1
402	3767	1
6813	7481	1
4954	5542	1
9128	7481	1
2258	7481	1
5979	905	1
1299	5627	1
5497	5498	1
1215	1862	1
7566	4073	1
242	241	1
11530	6190	1
243	6161	1
6922	5861	1
10462	10462	1
7866	3886	1
10677	3855	1
9876	11300	1
395	186	1
10537	8654	1
6066	8819	1
