1037	2616	1
8050	3024	1
9797	11670	1
11377	4668	1
3585	3744	1
6552	8037	1
2801	2609	1
475	11300	1
8339	10621	1
6448	2463	1
1967	1918	1
2569	7673	1
7062	6840	1
2609	2801	1
5202	2364	1
7325	235	1
7673	2569	1
3849	5719	1
2364	5202	1
11485	11372	1
155	156	1
1050	1175	1
1022	3940	1
2031	5885	1
6055	5869	1
10621	8339	1
1037	1556	1
9138	4662	1
9317	11762	1
3024	8050	1
7469	9178	1
3744	2529	1
3426	6840	1
11742	5181	1
1215	334	1
1827	1828	1
9317	1406	1
6613	6286	1
10273	2102	1
7829	6056	1
1064	3352	1
50	4309	1
4662	9138	1
8785	6687	1
6039	8177	1
8830	8583	1
8763	6729	1
3545	4660	1
8282	6274	1
6304	9717	1
5027	10464	1
7000	10464	1
4577	5059	1
10464	5027	1
11121	10464	1
3744	889	1
5706	9230	1
7829	889	1
9772	9230	1
11414	11271	1
3210	6700	1
3125	3105	1
4281	7616	1
5869	6055	1
2562	344	1
11820	9717	1
6254	9717	1
9517	8756	1
11379	8044	1
6304	6052	1
11817	11816	1
3738	2568	1
6185	5576	1
7785	317	1
7078	7079	1
3210	613	1
6765	5916	1
7829	1926	1
11147	11813	1
645	1848	1
2801	5240	1
4226	11033	1
3352	1064	1
4380	8669	1
2907	3560	1
6286	6613	1
2807	11728	1
3989	8100	1
5650	8243	1
7501	11821	1
9985	11822	1
6845	2801	1
5758	8846	1
7465	7465	1
9195	9104	1
4406	304	1
628	905	1
861	905	1
8451	8867	1
3210	8018	1
3088	5355	1
23	2109	1
7829	2645	1
1087	864	1
1918	1967	1
3297	11455	1
1321	1321	1
11733	689	1
10343	10491	1
9956	923	1
6146	7323	1
3514	923	1
3210	7680	1
5917	7254	1
3450	5090	1
4200	4201	1
3514	9945	1
5316	2142	1
4201	4200	1
2842	1582	1
136	10402	1
5801	8235	1
5716	6560	1
9777	7508	1
4240	6535	1
3748	1353	1
2843	2832	1
11565	4946	1
7266	4946	1
6066	6348	1
2465	11802	1
221	7214	1
3514	1195	1
3769	1781	1
4696	1199	1
3748	5048	1
192	1195	1
2832	2843	1
4924	3462	1
5841	4622	1
10829	3239	1
9956	4087	1
4025	2666	1
9506	7165	1
7609	5835	1
9032	9032	1
3514	508	1
7446	9013	1
2031	696	1
1046	5243	1
9825	2985	1
9430	5068	1
7597	7032	1
10021	4045	1
6007	6008	1
1067	1068	1
1572	1068	1
5716	11823	1
11204	6472	1
8451	875	1
1068	1572	1
334	10175	1
8258	185	1
6559	8959	1
3514	1240	1
3970	3969	1
2894	11824	1
879	3056	1
5801	9726	1
11308	11250	1
2478	3217	1
7209	5354	1
3514	1339	1
2801	6845	1
2106	2506	1
1272	6668	1
1219	1097	1
3068	6836	1
9807	9695	1
3210	1512	1
9794	5760	1
8243	5650	1
10220	3460	1
5801	8660	1
2539	6798	1
11825	11131	1
1810	11447	1
4347	1146	1
3642	3518	1
3497	1281	1
5032	380	1
5206	5796	1
4994	1545	1
6779	2349	1
7465	4525	1
3560	3058	1
564	4457	1
9356	11077	1
4337	3239	1
4457	564	1
2561	11795	1
8880	11729	1
5719	3849	1
8364	6062	1
8843	7367	1
3549	185	1
5801	4956	1
6213	1599	1
5693	7813	1
266	3350	1
3483	7176	1
11485	5694	1
905	628	1
8452	11655	1
3817	3818	1
3210	3322	1
9532	11655	1
7532	11655	1
7829	3542	1
4296	4297	1
222	901	1
931	4920	1
4796	4126	1
5801	11247	1
5579	2358	1
1289	1254	1
3769	4126	1
3210	2827	1
11655	3358	1
160	3739	1
6433	9949	1
9772	9949	1
905	3183	1
7651	2520	1
1146	768	1
3168	3167	1
3353	3183	1
7271	2722	1
7953	5324	1
10546	9788	1
9973	10043	1
8391	9939	1
2651	9939	1
5252	2677	1
10043	9973	1
7508	7508	1
5252	1506	1
9558	11826	1
3210	875	1
11555	814	1
1175	428	1
11455	3297	1
11077	11077	1
5280	4384	1
3330	3330	1
3825	7746	1
242	241	1
7025	4384	1
5318	3826	1
1643	1653	1
7829	8992	1
4025	4920	1
1865	314	1
6303	4496	1
3514	3739	1
1619	5266	1
7330	2631	1
241	242	1
3514	800	1
5	5922	1
8140	11157	1
5516	8093	1
5922	5	1
2380	2017	1
7484	8093	1
2541	2756	1
7165	1305	1
3237	3325	1
5047	4608	1
2946	323	1
10120	3480	1
3210	976	1
8093	7484	1
1599	11760	1
3826	328	1
9600	10230	1
1930	1791	1
323	2946	1
2885	9300	1
7370	6438	1
3775	4250	1
9550	4580	1
9989	3826	1
9213	11540	1
3879	3537	1
4250	3775	1
10464	11121	1
4939	5843	1
11753	11760	1
7866	3240	1
5306	222	1
5683	3213	1
11824	2894	1
3186	9537	1
10266	2478	1
1199	4696	1
5312	4990	1
185	8258	1
11827	11559	1
1836	10686	1
5463	4657	1
3183	3353	1
8903	10814	1
5843	4939	1
3748	3553	1
10730	8726	1
5693	11734	1
2116	9541	1
3514	2505	1
5243	1046	1
10537	11411	1
11734	5693	1
4580	9550	1
4945	5428	1
6899	271	1
11828	11828	1
5932	9727	1
11829	10968	1
9516	5113	1
4038	9727	1
3356	3357	1
241	3538	1
6438	7370	1
9248	8150	1
2721	5796	1
3744	4217	1
11077	9356	1
3748	768	1
3855	4969	1
4423	4217	1
5252	110	1
11189	11189	1
4765	4217	1
3748	3355	1
905	3353	1
7645	3353	1
9794	5684	1
8653	9687	1
4969	3855	1
7508	9777	1
10389	9251	1
3538	241	1
8541	7535	1
11830	11830	1
2127	371	1
1774	3855	1
5045	10244	1
3921	1517	1
8506	10856	1
3136	11132	1
3353	7645	1
2385	2386	1
1887	2360	1
3818	3817	1
1599	11830	1
7367	3561	1
3879	2218	1
8958	2218	1
9031	4692	1
1774	4692	1
4679	5502	1
5437	9689	1
10368	6783	1
9718	8641	1
7829	2801	1
6141	953	1
9009	1662	1
11479	3137	1
9098	7688	1
5402	11344	1
8852	2578	1
6798	6702	1
8641	9718	1
10459	7688	1
10464	7000	1
6070	5355	1
4369	2578	1
5177	4170	1
11785	11784	1
5351	5041	1
5452	5934	1
1504	8781	1
5694	11485	1
5516	6485	1
5252	1750	1
8125	4573	1
5801	5280	1
3514	7561	1
5497	5498	1
4384	5280	1
3210	3211	1
5086	5087	1
7379	10094	1
594	9753	1
1401	543	1
9217	8666	1
9753	594	1
11831	6243	1
11742	5180	1
3034	3033	1
8254	11421	1
5849	2727	1
3514	1135	1
453	912	1
5068	9430	1
7592	11832	1
6341	6334	1
1142	16	1
912	453	1
1849	4435	1
11833	8336	1
10411	11351	1
4164	1638	1
4657	5463	1
11834	11834	1
9251	10389	1
5524	10754	1
10230	9600	1
5513	5897	1
8644	9600	1
9138	6035	1
5041	5351	1
3316	2228	1
5801	5613	1
5796	6467	1
8929	918	1
11835	7109	1
3004	11419	1
4176	5100	1
9966	5097	1
8093	5516	1
1269	2248	1
1669	3323	1
5546	4174	1
953	6141	1
4281	9600	1
11812	10433	1
7988	7128	1
11779	7514	1
8153	8152	1
6782	3950	1
11831	11836	1
3568	6270	1
7829	2479	1
4409	3950	1
3969	3970	1
3950	4409	1
11837	11837	1
8976	7128	1
6304	4671	1
5288	4490	1
11014	10259	1
4801	8711	1
4490	5288	1
4235	3948	1
9207	7644	1
328	3826	1
8903	5089	1
11551	10717	1
3068	1294	1
6334	6341	1
5316	8549	1
4274	4256	1
6348	6066	1
271	328	1
11201	6066	1
1229	5185	1
9717	5892	1
4790	4790	1
4256	4274	1
8711	4801	1
10626	7032	1
3748	769	1
5893	2284	1
10473	2914	1
4525	10886	1
2736	2737	1
659	2294	1
9425	9953	1
7079	7078	1
3310	7616	1
8891	7616	1
5618	7616	1
8739	9425	1
8575	8750	1
3826	5318	1
5252	3295	1
11838	177	1
7423	5956	1
5791	3743	1
4383	7317	1
8481	8283	1
5718	5720	1
7214	956	1
5230	3951	1
328	271	1
3347	8141	1
3545	3333	1
9138	10415	1
7616	3310	1
1599	3310	1
11724	4207	1
11132	3136	1
7128	7988	1
2907	5974	1
5248	11724	1
7452	7988	1
9281	10651	1
4608	5047	1
5312	662	1
6843	2199	1
11242	11552	1
7688	10459	1
1936	2110	1
5351	877	1
10415	7000	1
7000	10415	1
3951	5230	1
1729	8421	1
10856	8506	1
4346	2019	1
9138	7000	1
11419	3004	1
7829	2855	1
10651	9281	1
7988	6729	1
8177	6039	1
6688	2776	1
5026	5027	1
6729	7988	1
4250	7588	1
7616	8891	1
11726	11727	1
7534	7535	1
9777	5133	1
5620	7367	1
3893	6689	1
5097	9966	1
11727	11726	1
9317	8968	1
5084	3985	1
5	11201	1
9230	7154	1
8655	2419	1
4222	3341	1
11728	9772	1
11796	11796	1
877	5351	1
6070	1439	1
10276	6977	1
5087	5086	1
5897	5513	1
11635	11719	1
9772	11728	1
5382	877	1
1096	11728	1
10483	1752	1
9949	9772	1
3629	9772	1
11839	3043	1
5428	4945	1
4689	6270	1
6035	9138	1
10415	9138	1
7000	9138	1
11840	7030	1
9794	10615	1
1799	779	1
7847	9772	1
8750	8575	1
5943	4948	1
4948	5943	1
5607	8219	1
10729	9672	1
1439	6070	1
956	7214	1
11841	11841	1
8412	6415	1
731	8101	1
5455	9705	1
4193	1910	1
222	5306	1
1215	2832	1
7829	4437	1
10886	4525	1
2102	10273	1
11162	10535	1
7514	11779	1
4281	11779	1
5210	4741	1
3761	9772	1
8676	8333	1
11842	1910	1
6409	9331	1
6316	6329	1
2985	11144	1
21	1512	1
7254	5917	1
1146	3826	1
8219	5607	1
731	5314	1
8101	731	1
5572	1408	1
3480	10120	1
5324	7953	1
429	10834	1
2110	1936	1
10464	11556	1
10319	8975	1
4796	3725	1
10235	1647	1
4983	4561	1
1110	5885	1
328	514	1
9138	11556	1
7688	9098	1
11777	11553	1
10535	11162	1
3140	8076	1
11843	11844	1
1051	4484	1
514	328	1
6035	9357	1
9718	10183	1
3452	3037	1
4433	4432	1
3826	4597	1
5506	98	1
11372	11011	1
10968	11829	1
5086	2381	1
6304	5722	1
8152	9009	1
1740	3674	1
323	98	1
5377	8049	1
8222	10570	1
5059	4577	1
11845	4481	1
2125	6836	1
4726	2017	1
2381	5086	1
6869	6849	1
177	11838	1
1055	4171	1
586	7592	1
4741	5210	1
9138	5691	1
11846	4549	1
4549	11846	1
11766	11431	1
6866	11736	1
8788	2248	1
8357	6036	1
371	2127	1
6729	8763	1
11540	9213	1
11060	8854	1
3341	4222	1
7616	5618	1
11502	1612	1
11556	9138	1
7586	10731	1
6729	5356	1
6141	4047	1
7452	7109	1
10731	7586	1
6783	2756	1
11011	11372	1
8846	5758	1
4171	1055	1
3210	1094	1
3210	616	1
8339	11479	1
7764	11807	1
1828	2043	1
797	3343	1
4174	5546	1
1338	3996	1
11556	10464	1
1468	321	1
1135	5019	1
380	1558	1
8049	5377	1
1512	21	1
3323	1669	1
3137	11479	1
1548	9331	1
7128	10343	1
5357	7783	1
1791	1930	1
5252	4798	1
9727	4038	1
1635	1938	1
11621	11622	1
