4980	5481	1
4433	4432	1
11615	9269	1
11616	7547	1
10572	2623	1
6578	7654	1
7660	816	1
9917	816	1
2804	1135	1
6847	6846	1
10219	7204	1
10911	1611	1
5257	2875	1
5542	4954	1
4800	2076	1
6320	2727	1
372	3993	1
11031	10478	1
2958	2958	1
2484	4871	1
4954	5542	1
905	5979	1
2673	5503	1
5257	5506	1
7045	11617	1
11618	11618	1
2604	6294	1
3479	5326	1
7542	9138	1
2696	3673	1
3950	9314	1
10762	875	1
1030	1058	1
2297	6414	1
6414	2297	1
7569	3561	1
1058	355	1
1072	186	1
11619	7854	1
5257	2100	1
3647	4176	1
5257	8384	1
4803	4804	1
5582	9684	1
9138	6788	1
6658	7854	1
4956	11426	1
5481	4980	1
11620	11620	1
8830	7854	1
7909	2065	1
4863	4864	1
3006	1784	1
9966	9763	1
7909	6056	1
241	242	1
2750	1269	1
241	2879	1
2879	241	1
6165	6034	1
6788	9138	1
271	272	1
8301	9639	1
7909	8839	1
5168	4003	1
5939	6105	1
11621	11622	1
167	166	1
5627	899	1
5257	3094	1
11540	9213	1
11623	11622	1
6860	10464	1
11622	11623	1
10120	3480	1
7654	6578	1
8204	2616	1
3480	10120	1
8710	8710	1
4333	4333	1
5045	10244	1
6309	10682	1
4143	2596	1
6264	6023	1
11034	11033	1
3017	3584	1
11613	11612	1
4547	3584	1
1674	3584	1
8992	3584	1
3016	3584	1
3636	6509	1
8217	8014	1
8803	7291	1
4532	4533	1
2954	4184	1
9772	9949	1
7265	1482	1
1132	4196	1
5257	2543	1
3636	6034	1
628	627	1
6556	1175	1
5822	2270	1
5481	9689	1
10379	10968	1
8469	4147	1
2276	3558	1
2673	3558	1
601	3990	1
10713	9133	1
1564	11201	1
3992	11068	1
2738	7764	1
186	1072	1
2673	1389	1
3125	3105	1
1072	2634	1
3738	4209	1
2832	2843	1
11265	5000	1
3660	9385	1
8599	7326	1
2673	2634	1
2776	6624	1
11624	9234	1
5227	8603	1
8297	860	1
10761	10839	1
11610	11610	1
6897	4020	1
9488	9234	1
6023	6264	1
11610	9076	1
11595	777	1
1389	2673	1
2505	1339	1
5257	3857	1
9076	11610	1
6184	6171	1
6514	2877	1
2776	9470	1
6513	4589	1
11625	9112	1
2873	4930	1
4184	2058	1
2673	1625	1
10179	7544	1
9425	11536	1
3214	930	1
831	930	1
9207	930	1
1289	1254	1
11618	1051	1
905	3353	1
960	8776	1
124	508	1
6007	6008	1
5257	657	1
2673	2276	1
960	82	1
2673	395	1
7345	6182	1
7909	4408	1
2285	2286	1
7830	953	1
2843	2832	1
6045	6643	1
11502	1612	1
7909	2102	1
11626	11627	1
2051	1558	1
5257	8204	1
5257	7680	1
10284	11628	1
172	150	1
10839	10761	1
4828	1408	1
10739	7022	1
1625	2673	1
9684	5582	1
8791	7247	1
960	489	1
2276	2673	1
10724	2550	1
10932	10933	1
2673	5663	1
395	2673	1
4134	2686	1
11432	7502	1
5257	616	1
4872	3043	1
2877	6514	1
5081	5340	1
3832	6711	1
5663	2673	1
6887	11164	1
1420	5717	1
2505	3514	1
107	1919	1
10582	4090	1
7375	7308	1
9234	11624	1
11618	2091	1
9966	10335	1
11156	7204	1
4624	5622	1
10095	6045	1
6647	1037	1
2673	143	1
2673	71	1
5802	11586	1
4184	7103	1
5257	2934	1
7103	4184	1
7855	2435	1
185	3549	1
5783	4830	1
2505	800	1
4408	4724	1
5221	681	1
627	628	1
4356	2590	1
2673	1998	1
4341	8891	1
7421	5477	1
3105	4343	1
1461	623	1
3937	3542	1
7548	1997	1
3832	791	1
124	213	1
944	3567	1
5110	940	1
23	424	1
1103	3567	1
692	3567	1
2505	3331	1
5257	1512	1
8018	7543	1
867	6439	1
4113	2454	1
11189	777	1
2931	1997	1
29	23	1
6190	11530	1
10663	2941	1
7967	7968	1
6128	7968	1
71	1142	1
8150	7258	1
4726	4676	1
1599	6213	1
4084	8618	1
4977	3453	1
2607	4313	1
1051	11618	1
10786	7635	1
2506	9234	1
7909	4666	1
4589	6513	1
5353	10464	1
777	11189	1
1314	2052	1
11556	10464	1
23	29	1
539	11591	1
3549	2800	1
3177	6309	1
623	371	1
3636	9567	1
6539	2004	1
11629	8096	1
628	2916	1
1142	71	1
9470	2776	1
4755	4755	1
2543	2543	1
8885	8609	1
11630	2446	1
182	9405	1
2517	2028	1
5167	2028	1
11588	10442	1
9213	11540	1
5257	5411	1
8856	604	1
6035	9357	1
6146	7120	1
124	3785	1
2052	1314	1
8261	7262	1
5411	7680	1
4724	8492	1
5570	6329	1
9320	8261	1
2003	564	1
2696	6332	1
11631	5402	1
6213	1599	1
9300	6637	1
11426	4956	1
6332	2696	1
2587	2670	1
7367	3561	1
6452	6637	1
875	10762	1
4444	6637	1
2931	1782	1
8018	5411	1
5353	11121	1
451	2163	1
6128	5438	1
8492	4724	1
10855	770	1
3063	6502	1
5237	10574	1
1503	882	1
5216	1636	1
2565	3401	1
371	623	1
2276	10484	1
8603	5227	1
1112	4721	1
11513	11632	1
5642	9087	1
879	878	1
1002	5411	1
9013	10442	1
9381	5443	1
5327	882	1
10442	9013	1
5257	3212	1
3353	7645	1
1599	9013	1
6637	9300	1
5257	1612	1
5533	304	1
1146	185	1
1677	3017	1
944	3017	1
6216	3017	1
3567	1612	1
6458	592	1
860	8297	1
4343	3105	1
4551	7076	1
3229	5604	1
5257	6646	1
7367	5536	1
6721	6649	1
2673	186	1
9202	5472	1
7279	3673	1
814	9542	1
115	6684	1
9735	9253	1
5536	7367	1
592	6458	1
1305	7165	1
7796	11124	1
5088	579	1
3832	906	1
11618	6325	1
7279	5259	1
5257	2446	1
2673	2941	1
3088	5355	1
1439	5355	1
5537	5536	1
906	2371	1
5257	6287	1
3088	7543	1
689	2113	1
9393	11530	1
8399	2371	1
9013	1599	1
2941	2673	1
3636	5888	1
7165	1305	1
11633	11628	1
9067	8549	1
9234	2506	1
7909	5382	1
124	431	1
1163	2914	1
10095	5876	1
7597	6540	1
11634	11634	1
8891	4341	1
2009	2008	1
6045	10095	1
6637	4444	1
5604	3229	1
5876	10095	1
1058	1030	1
11625	11625	1
5257	3136	1
9234	9488	1
7258	8150	1
6622	10083	1
7830	6831	1
1903	1985	1
1005	906	1
229	229	1
1077	1985	1
29	424	1
1289	2962	1
1985	1077	1
6458	2384	1
10506	5924	1
3567	4019	1
930	9207	1
5257	3068	1
1242	226	1
11635	3840	1
2237	2517	1
11536	5047	1
2384	6458	1
8903	5089	1
124	123	1
4947	8959	1
8412	1910	1
906	906	1
6052	2677	1
10145	9410	1
484	6024	1
6788	9880	1
4830	5783	1
2673	8232	1
9280	4549	1
11608	8082	1
2673	1022	1
27	5	1
5427	9880	1
4851	6301	1
5197	6344	1
2200	3345	1
9488	3297	1
2505	2498	1
11618	8806	1
518	3171	1
3303	3171	1
8333	8676	1
4796	4032	1
7279	5956	1
1903	2691	1
6637	6452	1
2677	6052	1
11606	8958	1
3636	5691	1
3297	9488	1
11622	11135	1
8772	8772	1
7597	7283	1
6702	6798	1
5435	4032	1
2673	1072	1
508	124	1
213	124	1
3785	124	1
5411	8018	1
2446	11630	1
678	6458	1
10343	7128	1
3855	10677	1
3066	3826	1
3990	601	1
5511	4977	1
1586	2653	1
8214	3817	1
1093	7162	1
431	124	1
10083	6930	1
6540	7597	1
6251	4930	1
3453	4977	1
123	124	1
6684	115	1
3839	4558	1
5257	760	1
1289	760	1
3567	692	1
1930	4288	1
11536	9425	1
1848	645	1
10374	7894	1
2505	1195	1
8364	3817	1
9488	11624	1
4029	5100	1
10232	3487	1
10464	5353	1
8335	2169	1
9763	9966	1
10083	6622	1
10335	9966	1
11121	5353	1
7988	3602	1
5561	4534	1
3817	8364	1
8222	10173	1
1289	4179	1
1179	1810	1
3636	6270	1
2283	889	1
427	8465	1
11636	11636	1
930	3214	1
6212	5924	1
10687	6771	1
8243	5650	1
7291	8803	1
5582	3245	1
6625	11513	1
8785	5084	1
1509	6287	1
2966	514	1
640	5690	1
5110	5818	1
3166	664	1
11057	9105	1
3636	4662	1
3017	3017	1
7909	1108	1
4660	3545	1
1043	5084	1
5191	4689	1
5604	5604	1
514	2966	1
11624	9488	1
11189	11189	1
8154	4171	1
118	4309	1
5257	2869	1
328	2966	1
9880	5427	1
9880	6788	1
8214	8967	1
3183	9195	1
604	8856	1
6468	4437	1
5043	4797	1
11637	11638	1
10002	4363	1
906	11324	1
5257	2915	1
7502	11432	1
3345	2200	1
5353	6372	1
3413	4788	1
5	27	1
11135	11622	1
10442	11588	1
5374	5904	1
687	698	1
10756	7044	1
10272	793	1
10947	7044	1
11639	4481	1
4047	2677	1
8558	11611	1
2483	5382	1
8544	8360	1
9410	10145	1
9138	7542	1
5257	676	1
2673	1558	1
5443	9381	1
7682	162	1
2673	1690	1
11610	3960	1
124	1434	1
8096	11629	1
10651	10651	1
11612	11613	1
629	630	1
6319	11640	1
10713	7831	1
1997	7548	1
1037	6647	1
3636	4193	1
6552	8037	1
7318	7319	1
5414	4789	1
7319	7318	1
5257	1188	1
5257	7480	1
3048	7015	1
5257	4422	1
760	2712	1
10494	5343	1
192	7371	1
1072	2673	1
6402	8128	1
321	8573	1
9133	10713	1
5087	5086	1
7044	10947	1
7831	10713	1
10442	10442	1
625	3005	1
11641	11641	1
1599	2545	1
2672	6034	1
843	844	1
11353	5014	1
1859	2347	1
6309	4487	1
4689	7267	1
4534	5561	1
9772	4487	1
5972	972	1
11642	8392	1
645	1848	1
10330	7204	1
5100	4029	1
2966	328	1
11643	6385	1
5526	4221	1
11623	5952	1
11257	3182	1
8582	9085	1
5952	11623	1
11644	10658	1
3960	11610	1
768	2250	1
4007	10947	1
11501	3649	1
9217	10250	1
7163	9772	1
1690	2673	1
4227	3949	1
7316	9326	1
623	1461	1
6547	5345	1
5694	11485	1
7267	4689	1
7143	7968	1
11413	7901	1
7789	7789	1
10677	3855	1
8280	7798	1
2807	9772	1
11189	8722	1
6843	3182	1
2829	7204	1
4363	10002	1
2565	7932	1
5345	6547	1
10574	5237	1
4769	6454	1
6379	6700	1
2651	11645	1
2415	4952	1
3017	692	1
5440	8377	1
8377	5440	1
3567	466	1
5667	2423	1
692	466	1
1908	5013	1
3636	3647	1
1517	2855	1
9966	10319	1
4945	1725	1
3245	5582	1
6649	6721	1
9170	11646	1
7015	3048	1
4977	4431	1
9539	2245	1
4788	3413	1
8791	6222	1
9962	3855	1
9202	6222	1
10319	9966	1
11372	11485	1
5196	5195	1
6107	11519	1
5084	8785	1
9087	3573	1
6454	4769	1
4113	10506	1
5393	1837	1
3660	3287	1
5581	4293	1
7671	7042	1
3855	5026	1
10074	1746	1
9360	7484	1
6372	5353	1
9605	9881	1
3855	9962	1
4949	5161	1
9966	8802	1
11499	7078	1
11031	6507	1
5889	5506	1
11387	6507	1
6024	484	1
2479	1567	1
4032	6680	1
8802	9966	1
10506	9962	1
1567	2479	1
3573	3408	1
3623	2875	1
1356	484	1
9772	2807	1
2613	7046	1
3993	372	1
7128	10343	1
4431	4977	1
5343	10494	1
7966	7042	1
2673	382	1
2941	10663	1
9178	9198	1
5904	5374	1
11571	10379	1
7031	7741	1
5014	11353	1
3660	11647	1
7484	9360	1
7589	7807	1
6650	8228	1
3284	7807	1
11648	11648	1
11608	8301	1
8785	10609	1
5386	10982	1
1725	4945	1
2898	452	1
11649	7687	1
3452	3037	1
9269	11615	1
2321	1983	1
5411	1002	1
9735	10582	1
4724	4408	1
5257	4886	1
9962	10506	1
10032	10032	1
813	7158	1
7305	1414	1
8228	6650	1
6034	2672	1
5800	7741	1
2673	3125	1
1535	5009	1
8287	7049	1
6107	7132	1
630	629	1
9044	2200	1
3234	4725	1
1339	2505	1
9204	11650	1
7158	813	1
3514	2505	1
653	718	1
800	2505	1
3331	2505	1
2498	2505	1
6948	1825	1
4288	1284	1
7597	7032	1
531	2292	1
7128	8763	1
4977	10699	1
8763	7128	1
3985	10755	1
2423	5667	1
2757	349	1
5084	1043	1
2047	6059	1
2931	2835	1
1407	10571	1
8976	8763	1
5257	6245	1
3584	8992	1
7143	3756	1
10420	4836	1
3027	1769	1
7083	8354	1
10319	8975	1
3791	5796	1
4981	10666	1
424	29	1
2721	6784	1
10651	9281	1
10699	4977	1
5441	6513	1
4689	5191	1
4030	4257	1
8763	8976	1
5796	6784	1
6286	2198	1
7082	2198	1
6613	2198	1
2004	6539	1
9289	2198	1
7539	2198	1
11485	11372	1
1725	2260	1
3433	2863	1
11617	6515	1
5026	3855	1
5257	2492	1
2855	1081	1
6444	8781	1
9840	10314	1
8896	7718	1
2646	3944	1
11651	10547	1
7032	7597	1
9128	7481	1
6813	7481	1
7560	261	1
7267	6893	1
5382	2483	1
7764	3298	1
6258	5086	1
1062	3825	1
4977	6120	1
692	3017	1
1016	3825	1
2384	8947	1
5861	6922	1
4828	670	1
441	875	1
2481	3786	1
32	1687	1
6922	5861	1
6992	6455	1
4802	7481	1
6860	4939	1
9195	11599	1
4939	6860	1
3323	3323	1
2423	2403	1
5481	9957	1
7718	8014	1
6642	6642	1
634	1077	1
6385	11643	1
3825	1062	1
6642	6643	1
9881	8208	1
2973	3736	1
920	6458	1
