9518	8616	1
8676	8333	1
11035	10938	1
10319	7481	1
3767	402	1
8049	8702	1
5089	8903	1
9862	7446	1
2264	4209	1
5382	2483	1
3623	2875	1
7128	10343	1
10343	7128	1
1077	3212	1
5690	4563	1
3215	9704	1
1687	32	1
7089	7089	1
3520	4563	1
490	10788	1
2545	3212	1
1393	3212	1
2673	4167	1
2978	3212	1
3182	6843	1
2422	5185	1
527	3960	1
3413	4788	1
8412	1910	1
623	371	1
7022	705	1
8492	4445	1
5650	8243	1
1439	2596	1
11650	9204	1
6729	7128	1
11642	8700	1
11652	3010	1
6559	7897	1
11653	7395	1
10788	490	1
8243	5650	1
7128	6729	1
7645	2067	1
2488	4102	1
990	4422	1
9709	10982	1
4689	5191	1
2403	3931	1
5481	3450	1
5386	10982	1
5516	11275	1
10663	2941	1
10376	10982	1
5818	1508	1
878	879	1
6784	2721	1
6365	7481	1
6264	6142	1
5068	9749	1
10609	2	1
261	7560	1
32	1687	1
4334	7695	1
271	272	1
3781	3781	1
10464	11556	1
3333	4555	1
3212	75	1
11654	9014	1
7235	4555	1
7487	5897	1
3187	11347	1
9013	10442	1
11655	3358	1
7309	9790	1
3453	6205	1
9237	3358	1
6039	8177	1
11281	11656	1
11657	10208	1
31	32	1
5897	7487	1
2545	1599	1
1667	5823	1
5481	1188	1
2997	3561	1
5481	1094	1
5642	3561	1
1085	1084	1
5481	4980	1
3447	4233	1
9202	5662	1
3983	6020	1
2260	11658	1
1490	822	1
2609	2801	1
9470	11485	1
2696	3673	1
781	782	1
9412	564	1
2801	2609	1
9766	11217	1
3480	10120	1
11485	9470	1
5481	835	1
5847	11579	1
980	1077	1
5481	3210	1
5898	5897	1
10560	5932	1
2161	3673	1
9158	5710	1
449	1437	1
384	6846	1
4437	4980	1
6513	2914	1
3568	2914	1
5481	9930	1
2609	6845	1
3237	3325	1
10989	10945	1
972	5972	1
5826	2727	1
3804	1879	1
4135	5904	1
8721	1840	1
6795	1345	1
1461	623	1
3321	3037	1
2672	6034	1
996	1428	1
3739	3739	1
6165	6034	1
9014	11654	1
8570	10406	1
11347	3187	1
242	241	1
11659	11659	1
6624	9798	1
9412	11355	1
3825	1016	1
4603	4384	1
4503	4194	1
10616	10552	1
3017	1175	1
1085	6183	1
5043	4797	1
5345	6547	1
6622	10083	1
7714	8748	1
5582	3245	1
10464	11121	1
4384	4603	1
6846	384	1
9798	6624	1
6650	8228	1
5227	8603	1
3832	3832	1
3251	5242	1
3212	7912	1
11372	6898	1
11485	6898	1
2322	9234	1
5481	7680	1
11650	7932	1
1016	7204	1
9204	11650	1
10616	770	1
2071	4263	1
2043	5778	1
41	42	1
5561	4534	1
5047	11536	1
1983	2321	1
10547	11651	1
4167	2673	1
6185	5576	1
3658	2605	1
3037	3321	1
11610	9076	1
3245	5582	1
8748	7714	1
1837	5393	1
3528	107	1
9076	11610	1
8228	6650	1
3333	3079	1
328	2966	1
2306	10531	1
6327	7469	1
5904	4135	1
7741	5800	1
6039	5635	1
8903	10814	1
11536	5047	1
8492	5941	1
5981	6155	1
75	3212	1
11660	6128	1
3960	527	1
4031	4594	1
875	441	1
8739	7796	1
6317	257	1
2140	3384	1
5481	3088	1
3528	2939	1
7796	8739	1
4549	9280	1
3212	4815	1
4695	3222	1
186	2019	1
4952	2415	1
6155	5981	1
2725	5881	1
2085	5881	1
5100	6040	1
1085	2933	1
5481	8233	1
2321	1983	1
3117	3601	1
5623	6222	1
11580	4863	1
5481	1854	1
5481	7308	1
10609	8785	1
9966	10335	1
2164	2072	1
2052	1314	1
352	3232	1
441	875	1
2435	7855	1
4408	4724	1
6554	7855	1
6286	7855	1
4490	5288	1
2228	5977	1
3396	3786	1
10083	6622	1
384	2182	1
1142	71	1
5288	4490	1
3105	4343	1
1434	124	1
8491	5977	1
1860	4226	1
3488	1268	1
2292	531	1
8273	9541	1
4983	2343	1
7653	7432	1
10333	4274	1
4256	4274	1
6784	5796	1
782	781	1
11661	6365	1
11641	6365	1
6034	6165	1
4194	4503	1
3454	11501	1
4207	8738	1
7282	4274	1
6365	11641	1
5258	5773	1
2757	349	1
11613	11612	1
2855	1517	1
2019	186	1
5974	2907	1
1800	5708	1
2112	2113	1
8280	6341	1
11552	1069	1
3055	10602	1
4267	4268	1
11629	8096	1
1175	3017	1
2071	4721	1
1069	11552	1
5481	7492	1
8693	8693	1
7597	6540	1
3462	11630	1
5013	1908	1
2151	208	1
11201	6066	1
11485	5694	1
9470	5694	1
8739	6706	1
6066	11201	1
1512	21	1
4036	8738	1
4580	9550	1
3607	8173	1
7401	8618	1
4689	7267	1
7375	7308	1
6183	7308	1
6127	10239	1
10239	6127	1
4863	11580	1
4458	9550	1
11662	11662	1
5813	5185	1
3549	185	1
5481	3895	1
11663	11663	1
730	11610	1
107	3528	1
634	1077	1
2939	3528	1
2182	384	1
3027	3028	1
3545	3333	1
5618	4481	1
10941	4481	1
5343	10494	1
5690	8509	1
257	6317	1
10844	1716	1
3383	6103	1
3912	2941	1
2596	1439	1
6007	6008	1
6706	8739	1
9195	3183	1
5481	5047	1
2939	3471	1
4956	11426	1
6779	643	1
9021	4196	1
6007	6007	1
3488	2737	1
11655	8452	1
11612	11613	1
5715	4561	1
3967	1709	1
71	1142	1
4674	7308	1
210	8255	1
5413	1388	1
788	21	1
3088	7543	1
2051	1558	1
3651	3190	1
6458	592	1
924	7853	1
11624	9234	1
4171	8154	1
2331	8014	1
3629	1709	1
8570	1709	1
8451	8867	1
3022	2248	1
5167	2028	1
11664	11472	1
3488	1494	1
6540	7597	1
10406	8570	1
3998	10173	1
6433	5411	1
11426	4956	1
8360	8544	1
5149	2083	1
4724	4408	1
5481	4930	1
1742	2083	1
11655	9545	1
10755	3985	1
3231	2083	1
5257	1935	1
937	485	1
7755	2083	1
9545	9545	1
11618	1935	1
8469	8164	1
2200	3345	1
5506	5889	1
11665	11665	1
6898	11372	1
7143	7968	1
737	1081	1
10570	8222	1
5086	5087	1
10330	7204	1
4836	10420	1
10083	6930	1
6795	5601	1
6638	5812	1
5710	9158	1
7371	4606	1
3488	2641	1
9704	3215	1
6458	678	1
1081	737	1
8076	5812	1
6866	7360	1
7100	8164	1
11485	11372	1
4345	4346	1
11189	777	1
1690	10858	1
5876	10095	1
11630	10889	1
2071	9942	1
5353	6372	1
3354	8959	1
6043	6044	1
541	2078	1
11579	5847	1
1930	1791	1
2562	2338	1
2137	2585	1
3488	1998	1
1060	3587	1
5922	5	1
3333	3545	1
6120	4977	1
8975	8802	1
1005	6458	1
4390	4525	1
3985	10755	1
6547	5345	1
5667	2423	1
6788	6564	1
6564	6788	1
8806	11666	1
9876	7686	1
11622	11623	1
5481	9689	1
2047	1607	1
3476	1744	1
10043	9973	1
4422	990	1
705	7022	1
6845	2609	1
11513	9377	1
317	7785	1
8037	9327	1
3234	4725	1
8802	8975	1
2483	5382	1
7785	317	1
5481	4422	1
11556	7000	1
11536	8261	1
6379	6700	1
4102	1482	1
8177	6039	1
4481	10941	1
5635	6039	1
3368	484	1
1618	5949	1
6245	5355	1
3022	10295	1
745	8007	1
10506	4113	1
7120	6146	1
6649	6146	1
5419	8007	1
11530	9393	1
847	3176	1
7855	2435	1
10520	8064	1
2399	5750	1
5000	11265	1
5812	6638	1
7000	11556	1
3176	847	1
8976	8763	1
8179	5453	1
10582	10715	1
9966	8975	1
4640	5982	1
9207	930	1
2423	5667	1
3488	2276	1
11121	4029	1
1900	4029	1
7319	7318	1
5750	2399	1
11667	11667	1
6851	1241	1
5796	6784	1
6425	1210	1
9863	4101	1
6982	5988	1
2	10609	1
8785	10609	1
4602	4346	1
1607	2047	1
8037	6552	1
10406	3840	1
6806	285	1
11472	11664	1
10582	4090	1
11121	10464	1
755	6564	1
1619	5266	1
6564	755	1
3869	3667	1
1210	6425	1
9175	9175	1
1599	2545	1
3383	1126	1
4370	285	1
5857	5824	1
5133	4857	1
295	2446	1
4356	5090	1
11610	730	1
2649	8181	1
1284	4288	1
8947	2384	1
6458	2384	1
3031	11668	1
5778	2043	1
1085	5090	1
3098	2842	1
11669	11669	1
1420	5717	1
5027	5026	1
9550	3605	1
9198	9178	1
1884	9824	1
11268	10783	1
5026	5027	1
8452	8453	1
11265	5000	1
3190	3651	1
8007	745	1
2708	2627	1
2269	4414	1
6365	11661	1
3826	3066	1
3768	7764	1
7469	9178	1
7407	3924	1
10095	5876	1
1103	1857	1
3924	7407	1
4288	1791	1
5266	1619	1
8064	10520	1
2802	4525	1
285	4370	1
4730	7988	1
519	2065	1
4654	5051	1
4968	395	1
205	395	1
8959	3354	1
7796	11124	1
5481	2228	1
9022	4981	1
6128	11660	1
4032	4796	1
1134	8676	1
8208	9881	1
11552	11552	1
2436	5728	1
7764	3298	1
11661	9790	1
1085	737	1
9178	9198	1
8392	11642	1
2078	541	1
8700	11642	1
8261	11536	1
3488	382	1
10889	11630	1
634	518	1
4036	5248	1
3066	3826	1
7012	5684	1
9173	9414	1
5897	5898	1
11630	3462	1
5481	3020	1
929	928	1
224	224	1
4981	9022	1
4796	4032	1
8975	9966	1
2198	7082	1
6286	7082	1
5032	84	1
6654	5561	1
1919	2339	1
5230	3951	1
7662	5234	1
5	27	1
11655	9532	1
7902	11009	1
2151	7451	1
4029	1900	1
6788	9880	1
4727	8160	1
5202	2364	1
5585	5586	1
6146	6649	1
11540	9213	1
4293	5581	1
1900	11121	1
9070	9071	1
8763	3985	1
2627	2708	1
9279	8618	1
11451	11451	1
855	670	1
4075	11537	1
4651	714	1
5812	8076	1
2885	9300	1
6341	8280	1
5481	2827	1
1987	9371	1
5481	11045	1
9753	594	1
10494	5343	1
11670	11670	1
3682	11671	1
3924	3924	1
11182	8051	1
11655	7532	1
1098	1098	1
5581	4293	1
2269	1954	1
395	205	1
11205	9026	1
9414	9173	1
5411	6433	1
745	5419	1
8007	5419	1
10032	10032	1
5802	11586	1
5419	745	1
1289	426	1
7789	8336	1
3392	3561	1
4346	4602	1
4408	4408	1
8975	7128	1
4251	6507	1
9213	11540	1
2496	6507	1
10832	7763	1
8222	10570	1
4657	4885	1
3985	8763	1
6107	4021	1
4660	4605	1
10508	7128	1
5060	10570	1
11623	11622	1
11470	9888	1
6205	10647	1
5733	5266	1
7141	5693	1
705	1243	1
1243	705	1
5266	5733	1
11672	7373	1
27	5	1
7267	4689	1
5586	5585	1
426	1289	1
2793	10025	1
11587	11673	1
2565	5970	1
7654	9300	1
6328	8291	1
4113	10506	1
10406	7974	1
8412	1884	1
3951	5230	1
10319	10173	1
395	4968	1
7451	2151	1
5345	11674	1
402	3767	1
2677	4047	1
7805	9538	1
2065	519	1
6899	271	1
5847	5022	1
6898	9798	1
5481	1002	1
5411	1002	1
271	6899	1
21	788	1
2399	3931	1
2269	2338	1
10647	6205	1
1175	428	1
3450	11675	1
812	5022	1
6081	6063	1
1063	6902	1
4856	4389	1
4158	9416	1
9412	709	1
2698	4718	1
7791	7884	1
7884	7791	1
4193	5100	1
341	344	1
7128	10491	1
8014	7718	1
9393	11530	1
3471	2939	1
7040	6139	1
344	341	1
5100	4193	1
11600	9416	1
3488	4404	1
5481	3316	1
1690	6489	1
813	7158	1
7791	4303	1
11676	7625	1
4303	7791	1
8903	11031	1
10486	1734	1
1716	10844	1
5694	11485	1
190	95	1
10884	7681	1
9550	4580	1
9966	7128	1
5234	7662	1
8492	4724	1
7181	7515	1
5481	3322	1
10858	1690	1
9973	10043	1
11556	6788	1
6321	2652	1
10139	11321	1
8174	11661	1
7501	7162	1
1390	1746	1
9758	17	1
1746	1390	1
2587	425	1
7279	3673	1
7974	10406	1
251	252	1
8924	8925	1
1062	3825	1
4092	9888	1
6552	8037	1
3840	10406	1
9198	9198	1
3488	205	1
11677	11678	1
