1635	3528	1
7128	10343	1
9321	9320	1
10343	7128	1
6467	5796	1
11702	261	1
7764	3768	1
10886	4525	1
7318	8331	1
10130	3767	1
8331	7318	1
11426	4956	1
7446	8951	1
3768	7764	1
2843	2832	1
6582	11703	1
5922	5	1
8911	6769	1
6063	6081	1
271	272	1
745	957	1
2496	6507	1
8222	4060	1
5611	5920	1
7847	10217	1
1005	10000	1
6784	1651	1
6565	6092	1
7789	8336	1
11704	11300	1
6729	5356	1
7502	4788	1
5297	5774	1
7961	8428	1
3692	3370	1
11630	11144	1
2163	1099	1
5345	6547	1
11650	9204	1
6136	7318	1
6227	7204	1
4910	4812	1
8243	5650	1
11012	5872	1
1925	2616	1
5	27	1
11705	4092	1
11706	10914	1
10085	10075	1
5470	1641	1
4185	1641	1
11707	252	1
4755	6160	1
3489	3287	1
990	1926	1
2004	1043	1
8530	8531	1
7469	9178	1
4154	1936	1
11708	9178	1
10836	9924	1
7082	2198	1
6661	1035	1
2306	7164	1
4755	2882	1
6327	5386	1
3471	4704	1
3082	5282	1
5299	5793	1
9178	7469	1
4956	11426	1
11537	760	1
3068	5935	1
4368	4980	1
3004	5817	1
3605	9550	1
1099	2163	1
10182	8880	1
3234	3234	1
5281	5188	1
1780	425	1
3487	10232	1
11370	11217	1
1160	6881	1
5468	5783	1
11357	8929	1
653	718	1
8017	4640	1
1926	990	1
4755	2564	1
1462	3816	1
9704	3215	1
5463	4657	1
10982	4930	1
10537	7452	1
6906	10285	1
4755	5855	1
10957	11696	1
10025	2793	1
7044	10756	1
6447	4362	1
5872	11012	1
1523	1338	1
4640	3182	1
3234	5874	1
10476	9418	1
11485	6898	1
5323	420	1
2322	9234	1
285	232	1
420	5323	1
11372	6898	1
957	745	1
1499	1499	1
2322	1782	1
8925	8924	1
4755	6183	1
1004	6987	1
1812	1199	1
9470	5694	1
11485	5694	1
4525	4390	1
11709	11709	1
3234	3004	1
4597	3826	1
5757	5503	1
232	285	1
5100	4084	1
5047	9356	1
3297	11455	1
9335	9334	1
4525	10886	1
11455	3297	1
3443	1184	1
6364	5520	1
4601	3348	1
4755	8141	1
197	853	1
7855	2435	1
9521	323	1
1069	5549	1
6898	11372	1
1096	8141	1
9470	9262	1
1791	1930	1
10541	1759	1
9356	5047	1
3722	3232	1
1619	5266	1
2832	900	1
5266	1619	1
1838	1837	1
5608	3912	1
959	8776	1
8125	7854	1
1936	1935	1
7282	4274	1
3389	3383	1
5841	4622	1
1043	2004	1
1108	2065	1
737	1081	1
4393	4393	1
4622	5841	1
3186	2004	1
1081	737	1
1199	3740	1
3950	4020	1
4020	6897	1
11370	11000	1
1855	5830	1
9365	7609	1
604	8856	1
1361	9270	1
2931	1997	1
6039	8177	1
5608	768	1
8254	966	1
4325	8291	1
5197	6344	1
3543	5459	1
7082	6613	1
2198	6613	1
10572	6613	1
9451	4102	1
6327	11710	1
28	4753	1
4199	3769	1
1179	1408	1
3287	3489	1
5316	10405	1
737	4040	1
7736	10524	1
10869	6983	1
10248	3077	1
8599	9069	1
1011	1012	1
4384	4603	1
4574	4575	1
2045	2044	1
3088	3450	1
6901	9733	1
8856	604	1
9426	2360	1
6268	2496	1
11499	7079	1
2065	1108	1
7718	8896	1
2543	2543	1
5459	3543	1
5248	4036	1
3826	4597	1
7022	10739	1
4355	2383	1
4196	9021	1
9165	9550	1
6327	6453	1
1035	3482	1
10309	7042	1
11711	11712	1
4755	9167	1
5949	1254	1
11643	6385	1
9924	10836	1
8177	6449	1
223	544	1
3702	544	1
6122	6456	1
232	708	1
3368	4010	1
7082	6286	1
6613	6286	1
6286	6613	1
8375	6613	1
3794	4257	1
285	708	1
8891	1599	1
7120	6649	1
5296	1517	1
6327	5934	1
9469	777	1
11713	4810	1
9541	6265	1
6449	8177	1
27	5	1
6729	4666	1
6729	4445	1
6983	10869	1
222	5306	1
4724	8492	1
5188	5281	1
4444	173	1
4457	5774	1
1865	692	1
2691	3240	1
8397	4208	1
7644	9207	1
1840	8721	1
1666	3949	1
7602	2297	1
6327	8570	1
4258	4187	1
8083	8083	1
8405	9178	1
606	4635	1
3967	1709	1
1366	2904	1
8983	1708	1
3518	3642	1
6729	6887	1
2506	2106	1
846	1371	1
10713	7831	1
6176	6176	1
5143	2014	1
3389	3816	1
173	4444	1
10623	7672	1
9702	9733	1
2322	2741	1
7900	2000	1
209	614	1
425	1780	1
6264	5718	1
8707	7308	1
7154	9230	1
10739	7022	1
4334	344	1
4980	4368	1
2106	2506	1
10198	6281	1
10506	7337	1
6321	10327	1
9402	5888	1
1154	133	1
1837	1838	1
10948	2371	1
1746	4838	1
3692	1202	1
1832	46	1
940	940	1
2912	4250	1
3568	1229	1
3834	2371	1
7128	6729	1
4250	2912	1
6547	6559	1
3297	7042	1
6559	6559	1
9213	11540	1
7741	5800	1
3374	3092	1
5411	6433	1
7922	8336	1
10506	5043	1
5876	11199	1
11199	5876	1
3989	492	1
9230	7154	1
1037	921	1
2399	5750	1
1314	1483	1
4060	8222	1
11540	9213	1
2052	1483	1
1399	1398	1
5356	1483	1
8247	8977	1
6204	8014	1
8977	8247	1
5104	6902	1
4980	4284	1
9152	8300	1
5306	222	1
10206	10207	1
6729	10413	1
11569	614	1
11714	11714	1
6414	10807	1
1517	5296	1
1404	7887	1
2108	3005	1
6433	5411	1
3215	9704	1
11715	9418	1
130	10206	1
1872	3512	1
9320	9321	1
1599	6213	1
11272	9300	1
2322	4225	1
4838	1746	1
8153	8152	1
11497	11497	1
8487	2672	1
7492	6752	1
3444	387	1
76	1997	1
6264	6564	1
10807	6414	1
4950	4836	1
11563	5090	1
11033	11034	1
10319	9966	1
7291	8803	1
2247	475	1
5750	2399	1
8837	4019	1
4868	1558	1
2043	2863	1
8152	8153	1
4812	4910	1
8830	226	1
6264	1284	1
4704	3471	1
1594	1077	1
2842	3098	1
585	7902	1
11530	9393	1
3547	2457	1
10506	5353	1
7145	7780	1
11715	7561	1
11686	10133	1
395	2019	1
6259	5217	1
4836	4950	1
11687	1884	1
6458	1023	1
922	976	1
10206	130	1
10506	5051	1
6327	6299	1
133	1154	1
2801	5280	1
6648	5598	1
6264	6142	1
6203	6203	1
7831	10713	1
3769	4199	1
6874	4538	1
8492	4724	1
3460	10220	1
6034	11142	1
11716	11716	1
3692	3010	1
6922	5861	1
8903	10814	1
4084	5100	1
4802	9790	1
8392	2941	1
4668	6034	1
4346	2019	1
11142	6034	1
7862	10797	1
3936	1444	1
4126	2941	1
689	2113	1
2019	4346	1
3636	4732	1
11144	11630	1
11370	3736	1
9105	2433	1
10075	10085	1
186	2019	1
8722	8722	1
1112	417	1
6729	7988	1
7334	6206	1
428	1175	1
6316	6206	1
9477	7049	1
8193	4603	1
8333	9477	1
9393	11530	1
6327	5452	1
2691	1428	1
1702	4322	1
11676	7625	1
9248	8150	1
5043	10506	1
11127	9798	1
5217	6259	1
5353	10506	1
5051	10506	1
10405	5316	1
5353	8609	1
4704	6591	1
3397	3722	1
10814	10065	1
7796	6706	1
6210	6706	1
6327	10208	1
6674	11717	1
8739	6706	1
2976	11148	1
5694	9470	1
950	483	1
7309	9790	1
387	3444	1
4921	2654	1
10042	10042	1
4019	8837	1
2829	9300	1
10065	10814	1
11615	9269	1
9234	2322	1
1782	2322	1
4225	2322	1
7916	5133	1
2741	2322	1
4778	9402	1
2192	9973	1
9973	2192	1
647	5783	1
9270	1372	1
5884	7628	1
6706	7796	1
1933	1266	1
10506	7767	1
1746	7544	1
10524	7736	1
2209	2210	1
6729	7128	1
11718	11718	1
10517	11221	1
7318	6136	1
3177	6309	1
7767	10506	1
8124	7514	1
8141	1096	1
6564	7367	1
4187	4258	1
4036	5670	1
9356	11058	1
11656	11281	1
483	950	1
9330	6513	1
7002	3671	1
10664	10664	1
6264	6023	1
11719	6544	1
3671	7002	1
5377	10818	1
10506	5482	1
10130	5282	1
10276	5482	1
4424	10139	1
1232	3108	1
11370	7953	1
10139	4424	1
7714	10807	1
5411	6168	1
6860	11135	1
3985	10755	1
7595	7592	1
3924	10139	1
7714	6414	1
7544	10179	1
5585	5586	1
460	7592	1
10259	10259	1
5482	10506	1
10139	3924	1
9974	4447	1
10797	7862	1
5962	5331	1
11281	11656	1
7764	3298	1
7508	9777	1
