7128	10343	1
10087	2727	1
10343	7128	1
6385	11643	1
6185	5576	1
6635	6700	1
5411	6433	1
4047	4106	1
4409	3950	1
5762	4106	1
3950	4409	1
4020	3950	1
6898	11372	1
4251	3944	1
4485	5877	1
6168	4250	1
4640	5982	1
8213	7495	1
9381	5607	1
4250	2912	1
11702	490	1
4505	4506	1
4872	3010	1
4250	6168	1
8733	1622	1
10085	10075	1
2912	4250	1
8213	5688	1
1780	425	1
4578	10933	1
11370	10311	1
2855	1081	1
1037	6646	1
10653	10653	1
4950	4836	1
7862	10797	1
10626	547	1
758	1379	1
737	1081	1
11720	8728	1
8619	2364	1
2179	2837	1
4106	5762	1
7988	6729	1
490	11702	1
5133	7916	1
3287	3489	1
1081	737	1
6635	6636	1
3240	2691	1
4251	6507	1
8222	4060	1
8213	8451	1
9287	5690	1
6729	6730	1
5280	2801	1
209	1029	1
2569	7673	1
3707	1384	1
11721	10961	1
5376	4009	1
10232	3487	1
10968	2801	1
10379	2801	1
6845	2801	1
4368	4980	1
4284	4980	1
1725	2801	1
5650	8243	1
2668	2801	1
1707	2801	1
3852	2620	1
3334	2801	1
5897	3621	1
11722	5029	1
9470	5694	1
3983	6020	1
964	1378	1
11637	11637	1
2721	6784	1
4279	11723	1
7424	7708	1
1039	304	1
10626	1094	1
4879	5846	1
986	7029	1
1462	2520	1
2801	10379	1
7651	2520	1
10603	7143	1
163	4148	1
11362	11362	1
1372	9270	1
5689	875	1
9178	8405	1
2138	875	1
5248	11724	1
5497	5908	1
2192	9973	1
10869	8815	1
5331	5962	1
7367	6564	1
5100	4084	1
9863	4101	1
6552	8037	1
2520	7651	1
8516	11725	1
10626	2618	1
4755	2446	1
8150	5096	1
6635	6969	1
1786	6139	1
3990	601	1
5586	5585	1
5607	9381	1
41	1572	1
8913	11677	1
8988	7239	1
9939	8391	1
10462	10462	1
11709	11709	1
4560	5303	1
5608	3794	1
2005	4407	1
7645	3353	1
3108	1232	1
2135	1338	1
1523	1338	1
5377	7370	1
4101	9863	1
6243	8421	1
11303	11046	1
4939	5234	1
8935	4938	1
905	3353	1
3950	4027	1
7427	8522	1
705	1243	1
8733	4775	1
10818	5377	1
8404	6056	1
355	1058	1
6635	5693	1
5908	5497	1
3621	5897	1
6081	4662	1
490	5494	1
10755	3985	1
9402	4778	1
2019	186	1
363	512	1
4809	92	1
5494	490	1
11726	11727	1
5217	6259	1
6197	11016	1
7708	7424	1
5468	5926	1
6513	9330	1
8820	5830	1
1997	76	1
4940	8359	1
5051	3931	1
8243	5650	1
5234	4939	1
11727	11726	1
8153	8152	1
124	1434	1
6007	380	1
1997	259	1
4009	5376	1
8820	4107	1
7741	7031	1
11728	11537	1
4334	8666	1
344	8666	1
8213	9300	1
10065	10814	1
5676	1374	1
5045	6854	1
7963	6139	1
2138	4074	1
5086	5087	1
813	7158	1
92	4809	1
5904	5190	1
9198	9198	1
1936	4154	1
8988	5344	1
8660	8660	1
6667	2543	1
6635	6246	1
10626	6246	1
1687	1618	1
4560	2313	1
11663	11663	1
4504	4122	1
9239	6251	1
8820	5384	1
10309	7042	1
8921	5686	1
4560	1195	1
8225	7432	1
10506	5482	1
4679	3051	1
7502	3380	1
5087	5086	1
5	5922	1
5482	10506	1
5648	5647	1
252	2018	1
5570	2018	1
4060	8222	1
2681	1662	1
8359	4940	1
4444	173	1
11502	2869	1
2883	425	1
564	4457	1
6128	7968	1
4833	889	1
2898	9273	1
4457	564	1
11679	11679	1
2873	4930	1
5522	4909	1
10626	2616	1
274	2534	1
5026	5027	1
16	1142	1
11680	11679	1
11661	6934	1
1338	3996	1
11720	10230	1
10327	6321	1
8840	3298	1
6635	5107	1
8017	4569	1
7228	5642	1
4657	5463	1
2420	1009	1
4938	8935	1
10333	4274	1
21	4930	1
185	3549	1
6729	7988	1
7282	4274	1
8549	9067	1
9649	3426	1
9109	9345	1
11526	11526	1
11507	8756	1
11729	8880	1
7791	7884	1
10506	7859	1
6559	6559	1
8880	11730	1
1199	1812	1
6782	3950	1
11731	6930	1
6415	8247	1
1007	1007	1
1142	16	1
259	1997	1
76	1997	1
1243	705	1
5662	705	1
10531	1096	1
6628	1096	1
7031	7741	1
6268	4555	1
3017	3017	1
6758	6844	1
2018	252	1
11016	6197	1
7831	10713	1
10506	5043	1
6415	5849	1
11618	2751	1
2420	3017	1
3353	905	1
3716	6328	1
10869	6983	1
492	3989	1
11730	8880	1
9381	7535	1
6930	11731	1
6289	3085	1
3722	1231	1
11701	4832	1
1199	4696	1
2681	7540	1
2043	2863	1
5926	5468	1
10230	10715	1
8820	3160	1
5133	4857	1
1314	1483	1
11052	6237	1
7714	10807	1
2837	2179	1
3017	889	1
4345	4346	1
6635	7332	1
3085	6289	1
1096	10531	1
3183	4237	1
11732	6247	1
11733	2338	1
11733	689	1
6233	8591	1
8820	7060	1
4376	2641	1
4812	4910	1
8213	5613	1
6552	10345	1
8903	10814	1
5423	8515	1
8150	7258	1
3287	3660	1
5846	4879	1
987	902	1
9758	8936	1
10582	9735	1
9253	9735	1
2138	4753	1
6007	6008	1
4877	11425	1
5845	3450	1
6845	10968	1
8619	5519	1
5694	9470	1
7258	8150	1
8820	8609	1
5905	8526	1
10706	1134	1
11058	9356	1
6415	7334	1
9393	11530	1
4560	6380	1
3450	5845	1
8515	5423	1
6515	11617	1
4560	4485	1
7120	6146	1
6301	7631	1
2433	2434	1
1058	355	1
976	922	1
11605	11605	1
3183	3353	1
6146	7120	1
11734	11734	1
6420	3353	1
334	2371	1
3497	1281	1
5047	11124	1
3353	7645	1
9345	9109	1
9742	8366	1
2646	3944	1
8017	6297	1
9441	8366	1
9966	5979	1
11735	4578	1
6094	9581	1
4468	2334	1
6419	6385	1
1338	2135	1
7631	6301	1
7714	6414	1
6866	11736	1
8733	1034	1
4036	5248	1
5670	5248	1
4207	5248	1
6297	8017	1
11617	6515	1
395	3996	1
1746	2371	1
11737	3860	1
10634	9727	1
11738	10886	1
6788	2343	1
4980	4368	1
9819	7518	1
6146	6649	1
2843	2832	1
11177	11177	1
9939	2651	1
5234	6788	1
7577	8645	1
10346	10345	1
5707	7012	1
2934	3987	1
10295	3022	1
2681	7143	1
4468	5895	1
10098	7543	1
5676	150	1
11530	9393	1
6247	11732	1
6635	3578	1
8756	8756	1
4284	296	1
9477	7049	1
3489	3287	1
3660	3287	1
824	2017	1
5683	3213	1
242	241	1
11739	11739	1
6983	10869	1
7609	9365	1
11740	11741	1
5506	11382	1
5474	5490	1
4560	858	1
7518	9819	1
1820	3815	1
9144	11244	1
4560	5783	1
241	242	1
8049	8365	1
6197	5860	1
8365	8049	1
5860	6197	1
6635	4862	1
8152	8049	1
6544	11719	1
11682	7854	1
7654	9300	1
3818	3817	1
4244	1974	1
7796	6706	1
6415	7213	1
4747	9511	1
3109	5374	1
10411	11351	1
9365	7609	1
7495	5613	1
6635	4592	1
4296	4297	1
8247	8977	1
8247	10687	1
5979	9966	1
5923	1700	1
6771	10687	1
11661	1893	1
8213	7622	1
948	3645	1
11403	11387	1
