2604	6294	1
4169	5873	1
6253	9277	1
364	1742	1
8141	4755	1
3912	2941	1
5377	8049	1
6564	755	1
8739	7796	1
7859	6264	1
1926	11382	1
1340	573	1
9277	6253	1
2019	186	1
5411	5047	1
9845	4167	1
11945	8772	1
5506	11382	1
2997	3561	1
1784	2077	1
3730	11618	1
8824	6448	1
3975	9550	1
5745	3561	1
10634	9727	1
7825	9687	1
4718	7291	1
7089	9687	1
11556	7000	1
271	272	1
5485	5642	1
7126	2260	1
6788	7000	1
11831	6243	1
9687	7089	1
1268	9264	1
11630	4260	1
186	2019	1
6213	1599	1
4894	1669	1
5203	6312	1
4260	11630	1
7553	5868	1
3923	10376	1
3109	5904	1
5868	7553	1
3020	10226	1
10376	3923	1
11196	7291	1
7595	7592	1
1599	6213	1
5217	3767	1
1039	304	1
5219	8600	1
7566	4073	1
6039	8177	1
944	3623	1
3397	2712	1
3719	4250	1
3623	944	1
10251	11891	1
4073	7566	1
10327	7501	1
5602	1408	1
3287	3489	1
11382	5506	1
2916	10023	1
4580	3975	1
3444	1184	1
4288	1791	1
11791	813	1
3438	10226	1
3109	7836	1
634	1077	1
644	3091	1
3497	2190	1
5536	5559	1
3719	8018	1
3489	3287	1
221	3091	1
11946	9717	1
8788	4810	1
2691	1428	1
4968	2718	1
7153	9767	1
11348	7125	1
9727	10634	1
11947	7141	1
5939	5783	1
979	9714	1
11045	4930	1
3043	4930	1
2808	2973	1
3719	4930	1
1647	10900	1
10900	1647	1
4406	304	1
669	669	1
3738	5128	1
906	4155	1
4968	395	1
7008	7009	1
186	395	1
1854	8405	1
4968	205	1
6120	6121	1
3081	1356	1
5684	3569	1
10259	10259	1
5536	3463	1
2228	4946	1
11445	4946	1
8115	770	1
3081	776	1
5261	5260	1
4405	6525	1
158	768	1
3642	259	1
9291	9291	1
676	922	1
3497	2048	1
3753	8681	1
6284	4810	1
9717	6254	1
5260	5261	1
2204	2813	1
2467	3792	1
2616	5458	1
7822	9105	1
1208	1424	1
2192	6087	1
4838	422	1
11157	8140	1
3719	4362	1
1030	1089	1
4968	5048	1
7592	11868	1
4528	2735	1
8115	1149	1
8809	2735	1
11948	11948	1
11870	6430	1
8160	3449	1
8254	966	1
4968	5078	1
6430	11870	1
321	1468	1
2382	1752	1
8115	886	1
5224	5223	1
9105	7822	1
3719	6062	1
3719	2543	1
7796	8739	1
1567	3445	1
1184	3444	1
1422	6290	1
3719	7308	1
9264	2863	1
1638	4164	1
791	2392	1
2216	2392	1
3056	8173	1
9252	9342	1
1208	1218	1
3719	6177	1
3642	1997	1
4968	3232	1
3837	3838	1
3719	6921	1
7020	9342	1
2737	2736	1
11610	9076	1
5536	7367	1
1636	1697	1
5783	5939	1
1000	2716	1
1055	4936	1
10273	11730	1
6417	5929	1
3633	8642	1
4666	6037	1
588	673	1
7291	4718	1
6417	1379	1
5898	5897	1
6115	8650	1
8243	5650	1
1358	6494	1
3055	10602	1
3719	4905	1
5411	4905	1
10660	10661	1
9767	7153	1
2616	8204	1
158	4012	1
691	564	1
2735	4528	1
5526	4221	1
5357	7715	1
11853	11279	1
2023	1886	1
905	564	1
5546	4174	1
1022	1869	1
867	6439	1
9758	8936	1
1933	1266	1
6564	7274	1
6613	7082	1
1000	3514	1
58	564	1
10991	10992	1
7804	7082	1
7082	6613	1
4432	6022	1
2651	2652	1
4946	11445	1
11949	7282	1
4894	1573	1
2652	2651	1
4274	7282	1
4968	4868	1
395	186	1
2813	5990	1
4706	4707	1
3895	9990	1
3153	7308	1
3719	1512	1
6290	1422	1
6776	6776	1
158	3508	1
9714	979	1
8148	8148	1
8404	4883	1
3824	2454	1
10357	1446	1
744	7452	1
130	173	1
5248	11724	1
6055	7450	1
6613	6286	1
4482	4482	1
10682	6309	1
3450	5090	1
10319	9966	1
208	2380	1
5047	3450	1
3324	3325	1
1829	871	1
3947	2501	1
1859	896	1
4983	4561	1
4640	6156	1
3736	329	1
5650	8243	1
4390	4525	1
6303	4496	1
8525	8526	1
3397	1837	1
6589	9312	1
6160	6160	1
3719	5856	1
7265	11883	1
3107	4234	1
5835	1617	1
158	221	1
662	4389	1
6045	10095	1
1000	6001	1
3353	7645	1
5549	2052	1
9253	11513	1
3520	4563	1
2736	2737	1
3497	1281	1
3081	3047	1
3719	2958	1
1208	1388	1
7162	1093	1
7282	11949	1
1056	3978	1
3020	11058	1
4158	6127	1
5719	4317	1
4657	4885	1
11628	7130	1
6146	6649	1
564	905	1
6721	6649	1
996	1406	1
4770	254	1
3719	613	1
5536	5537	1
11011	11372	1
11485	6898	1
4025	4061	1
5468	5287	1
11372	6898	1
1406	996	1
964	2686	1
6272	11740	1
10695	11010	1
3833	3833	1
588	2209	1
6613	6613	1
2239	9056	1
4170	2194	1
3450	5047	1
588	6992	1
4755	6160	1
9356	5047	1
4061	4025	1
4414	10562	1
208	11950	1
4258	10562	1
4603	9767	1
4936	1055	1
6898	11372	1
5929	6417	1
4167	3558	1
4968	3262	1
11951	11433	1
1837	2712	1
11639	4481	1
1659	1499	1
5635	6039	1
871	1829	1
5039	2228	1
10941	4481	1
6494	1358	1
5545	1886	1
7961	11952	1
9424	1499	1
1056	1932	1
5257	453	1
9614	9127	1
5047	9356	1
3177	6309	1
8717	6309	1
6039	5635	1
7082	6793	1
10319	8975	1
9727	7057	1
10551	6986	1
7000	6788	1
8903	10814	1
9966	8975	1
3479	5326	1
10259	6868	1
8975	9966	1
760	10811	1
6788	2343	1
1499	1659	1
11831	11836	1
8177	6039	1
6127	4158	1
10968	2609	1
4796	173	1
5683	3213	1
1310	2488	1
2228	5039	1
4481	10941	1
6107	4320	1
7303	6021	1
1237	7949	1
6193	7980	1
7645	3353	1
6243	11831	1
11094	9876	1
4905	5411	1
691	4517	1
9335	344	1
3975	4580	1
7980	6193	1
6910	2813	1
7630	7993	1
2935	835	1
221	294	1
9248	11953	1
9717	11946	1
7836	3109	1
380	1558	1
2894	186	1
5904	3109	1
835	2935	1
2392	2216	1
10956	277	1
10339	10339	1
11727	8654	1
4198	4814	1
7863	2727	1
28	5622	1
3792	2467	1
4755	8141	1
11954	11954	1
2051	4868	1
11955	5469	1
3829	8222	1
4292	11724	1
3767	5217	1
2913	8222	1
6986	10551	1
2102	10273	1
11730	10273	1
7291	11196	1
400	4180	1
4257	5301	1
11912	5282	1
467	10266	1
2813	6910	1
2192	11956	1
2842	5750	1
2578	8852	1
4968	5691	1
7949	1237	1
11918	8049	1
2330	8488	1
7128	8763	1
158	477	1
8222	3829	1
6417	3480	1
564	4457	1
158	1108	1
786	1079	1
11479	3137	1
5381	10387	1
1093	7162	1
627	905	1
3569	5684	1
3719	8587	1
8222	2913	1
7570	7570	1
1289	426	1
10120	3480	1
9669	10163	1
10231	8680	1
8050	3024	1
7521	11344	1
4113	5482	1
10537	6273	1
7457	10634	1
11156	6010	1
8756	11957	1
7509	8528	1
11955	11842	1
5630	6903	1
6273	10537	1
11768	11768	1
5660	4537	1
11958	11958	1
3499	3743	1
1820	3815	1
1742	2083	1
4780	11751	1
691	8819	1
2813	2204	1
8204	2616	1
4968	2355	1
1374	2355	1
3393	3287	1
4810	9223	1
10232	3487	1
11959	11960	1
920	6458	1
7597	7642	1
7764	2738	1
4234	3107	1
11961	11618	1
2653	9628	1
4193	4977	1
4172	4386	1
4592	9628	1
4977	4193	1
4660	3545	1
11962	11962	1
7325	8762	1
8889	11963	1
3190	8676	1
5836	9628	1
11964	11964	1
2364	10738	1
9923	11963	1
8333	8676	1
6284	9200	1
6868	10259	1
518	1241	1
3481	140	1
6284	9223	1
9949	6433	1
5750	2842	1
1418	5085	1
5210	4741	1
1617	5835	1
8676	3190	1
8852	2578	1
11965	750	1
11536	9425	1
5897	5898	1
6097	6458	1
3719	6481	1
11966	1659	1
88	13	1
750	11965	1
9587	8545	1
2641	4376	1
4164	1638	1
2023	1934	1
344	9335	1
964	8092	1
2706	5145	1
625	5062	1
3719	1442	1
1726	4594	1
11953	9248	1
7993	7630	1
5840	3561	1
3545	4660	1
9207	7644	1
875	7204	1
543	7550	1
5656	5656	1
3137	11479	1
8022	8022	1
8818	3561	1
3081	2830	1
5086	5087	1
1056	1769	1
4376	2641	1
4386	4172	1
3626	5796	1
11967	7425	1
7982	7982	1
10506	2308	1
3087	4913	1
1481	5087	1
5796	3626	1
9127	9614	1
1388	1208	1
4383	3825	1
9425	11536	1
5475	9479	1
9281	5648	1
3959	4945	1
1930	1791	1
11841	11841	1
4418	11182	1
3480	10120	1
7235	3333	1
1499	9424	1
3081	4184	1
11372	11485	1
1175	428	1
10376	10982	1
6270	4689	1
9519	3105	1
2052	1483	1
3688	10984	1
3081	5376	1
1940	10228	1
10984	3688	1
6348	7938	1
2192	1166	1
9628	5836	1
158	834	1
7642	7283	1
4205	11675	1
7836	3430	1
8835	9731	1
4868	2051	1
2420	1009	1
11182	4418	1
6354	6786	1
6055	4135	1
5835	6786	1
7274	6564	1
6433	9949	1
3091	644	1
3079	3333	1
10411	11351	1
6301	11817	1
6037	9888	1
4313	2607	1
803	1654	1
11724	5248	1
1285	4265	1
4444	173	1
9798	6624	1
2706	5369	1
6273	7335	1
371	2127	1
7466	11598	1
4035	2031	1
9388	10982	1
10464	2343	1
5715	4983	1
3081	2737	1
9591	9591	1
6624	9798	1
728	5532	1
5	27	1
6268	7061	1
8545	9587	1
7340	10982	1
5087	1481	1
2421	5722	1
11485	11372	1
3333	3079	1
6962	10226	1
11704	9876	1
11060	8854	1
8338	11598	1
4077	188	1
4265	1285	1
11779	4281	1
9237	3401	1
7325	7324	1
7813	7866	1
4689	6270	1
1742	364	1
11842	11955	1
3452	3037	1
5469	11955	1
27	5	1
1268	3566	1
4626	6270	1
2650	2650	1
224	224	1
8528	7509	1
3333	7235	1
3096	10375	1
697	9204	1
11817	6301	1
4968	2051	1
4668	6034	1
10738	2364	1
1599	9525	1
2609	6845	1
8609	5461	1
2308	10506	1
8854	11060	1
6119	5294	1
428	1175	1
11767	4676	1
697	696	1
4810	8788	1
7501	10327	1
7324	7325	1
1752	2382	1
10518	10333	1
9876	11704	1
5482	4113	1
7819	10770	1
1056	3190	1
8975	10319	1
1108	3645	1
5039	5122	1
9552	11734	1
9600	10449	1
11324	1268	1
7157	7128	1
259	3642	1
75	3642	1
10449	9600	1
9069	10737	1
7061	6268	1
11387	11403	1
10769	4581	1
7715	5357	1
6309	3177	1
4056	6927	1
9223	10192	1
4676	11767	1
4457	564	1
10737	9069	1
6062	8364	1
277	10956	1
10755	6614	1
6185	5576	1
6622	7956	1
4726	2017	1
3260	6649	1
7956	6622	1
10273	2102	1
11551	7337	1
3647	4176	1
4983	5715	1
4115	10685	1
5870	10928	1
645	573	1
5897	7487	1
7259	4170	1
329	3736	1
4317	5719	1
271	6899	1
4135	6055	1
6034	4029	1
8976	8763	1
6619	692	1
3081	2795	1
10541	3176	1
11031	6985	1
1791	1930	1
8139	11745	1
2759	11968	1
5586	3058	1
6316	7334	1
6985	11031	1
9586	10903	1
11791	7158	1
9628	4592	1
5059	10379	1
1838	657	1
10903	9586	1
6649	3260	1
4167	10550	1
4581	10769	1
8763	7128	1
573	645	1
7858	7019	1
328	272	1
243	6161	1
1176	4468	1
3514	800	1
10415	5234	1
2616	1064	1
1064	2616	1
7625	7215	1
5536	11069	1
1925	2616	1
6034	4668	1
5087	5086	1
6270	4626	1
4695	5783	1
611	5295	1
1022	6161	1
8364	6062	1
9990	3895	1
3178	313	1
9628	2653	1
9876	11094	1
9568	9816	1
3719	7767	1
2609	10968	1
1043	3985	1
10728	11074	1
2091	2529	1
3297	9488	1
6141	1360	1
10755	3985	1
11201	6066	1
8817	3353	1
3817	8214	1
7592	7595	1
11093	11093	1
5297	5774	1
5000	4901	1
294	221	1
3738	4209	1
4012	1746	1
10941	10941	1
9138	7000	1
8619	5217	1
7000	9138	1
8333	5678	1
1361	1360	1
