5009	9314	1
6319	9314	1
2137	1926	1
7340	10935	1
1943	3944	1
4528	2735	1
9314	5009	1
9314	9314	1
9927	4465	1
9966	10319	1
7983	7983	1
7983	6038	1
10935	7340	1
10379	2801	1
7451	8911	1
7654	9300	1
6038	7983	1
2735	2735	1
5922	11201	1
9508	1828	1
10624	3187	1
10259	10259	1
6365	8222	1
11925	11925	1
8222	6365	1
49	50	1
9695	9807	1
3767	5217	1
7079	3017	1
6642	4426	1
3287	3489	1
7082	1378	1
11060	8854	1
905	564	1
11417	11416	1
7624	7625	1
11058	3020	1
5460	7452	1
9133	10713	1
2958	3020	1
5868	5868	1
4158	11821	1
2958	5411	1
8488	2330	1
11831	11836	1
1420	5717	1
7078	11499	1
10713	9133	1
3497	2190	1
441	6227	1
635	3121	1
10285	5598	1
529	7560	1
5301	5902	1
9300	7654	1
9281	5648	1
1081	9409	1
7983	11094	1
5847	5022	1
4368	10889	1
2958	5797	1
3662	4220	1
902	706	1
1352	380	1
1208	5695	1
8339	10621	1
1162	1516	1
9876	3555	1
706	902	1
4409	10829	1
5047	5797	1
5797	5047	1
3768	6612	1
11348	7125	1
1077	1263	1
10265	10265	1
11014	10259	1
3555	9876	1
8854	11060	1
11926	9133	1
2542	5588	1
221	222	1
11751	4780	1
6039	8177	1
3447	4233	1
5990	2813	1
11745	8139	1
3497	3139	1
1105	6113	1
11918	11927	1
371	515	1
5027	5026	1
1208	9	1
1180	10435	1
2912	4250	1
8177	6039	1
2958	8674	1
10333	10518	1
8071	10738	1
5648	9281	1
8619	5217	1
5598	10285	1
7735	10738	1
7128	8763	1
3497	1690	1
3452	3037	1
1516	1162	1
11031	6507	1
10829	4409	1
7433	7432	1
3497	4701	1
7960	8291	1
8214	3817	1
6122	3088	1
441	7204	1
3020	3088	1
2958	8159	1
5607	8219	1
11539	6190	1
2008	2009	1
7708	7424	1
1338	5660	1
441	261	1
10273	7370	1
1432	2084	1
11324	3566	1
45	2077	1
11701	4812	1
7662	7791	1
9217	1134	1
1184	3444	1
4279	11894	1
1567	3445	1
10330	7204	1
9752	11928	1
5802	11586	1
441	4140	1
1469	3723	1
2051	4868	1
11866	11887	1
634	1077	1
7231	11403	1
2958	5047	1
6858	9843	1
441	2829	1
8051	11182	1
11929	11929	1
4868	2051	1
5542	9712	1
9156	4346	1
11874	11873	1
9587	9718	1
5130	1930	1
10778	5027	1
5026	5027	1
4084	6206	1
10738	8071	1
9178	7469	1
9239	7469	1
11926	6982	1
2051	1558	1
266	3350	1
6982	11926	1
7280	3544	1
425	76	1
11616	4352	1
3017	7079	1
2735	4528	1
7989	5215	1
11930	11857	1
11730	11729	1
9587	8545	1
3849	5859	1
1394	2734	1
5354	7209	1
9519	3105	1
3450	5047	1
441	550	1
7929	3078	1
11479	3137	1
5411	5047	1
3497	3607	1
6322	8472	1
10240	5307	1
4482	7616	1
8788	9223	1
7592	460	1
2874	11244	1
3088	464	1
11931	4781	1
786	1079	1
737	1094	1
4193	4176	1
8213	11817	1
5469	11817	1
8609	6059	1
11932	11932	1
930	3711	1
4713	3959	1
7469	9178	1
3240	3711	1
4965	3711	1
1780	889	1
717	3711	1
4140	3711	1
1740	3711	1
8527	8573	1
2604	6294	1
8140	11157	1
3109	5374	1
10163	9669	1
5904	5374	1
7452	5460	1
7034	871	1
76	425	1
7082	6793	1
5167	2119	1
1780	7480	1
10956	277	1
8321	277	1
7128	8975	1
7469	9239	1
1077	634	1
2392	791	1
2004	6201	1
2958	613	1
4422	889	1
3426	3426	1
753	1207	1
4946	2228	1
4341	3897	1
944	889	1
8802	8975	1
7424	7708	1
897	889	1
4176	4193	1
8705	5228	1
4352	11616	1
428	1175	1
5047	5411	1
10021	8600	1
3121	635	1
7597	7423	1
3445	1567	1
7791	7662	1
5572	1408	1
11933	11933	1
7274	6564	1
3404	9067	1
4313	2607	1
1851	2607	1
1093	7262	1
7308	7262	1
5565	5630	1
9223	8788	1
9714	979	1
5869	5326	1
4346	9156	1
7442	7443	1
45	6359	1
11817	5469	1
9733	9702	1
3137	11479	1
5981	6155	1
8619	2364	1
1208	2366	1
7624	3335	1
7645	3353	1
6039	5635	1
2958	7435	1
7126	5057	1
441	2102	1
11162	11162	1
10535	11162	1
1742	2083	1
1229	5387	1
2669	6183	1
6254	9717	1
10118	9717	1
2420	5411	1
3489	3287	1
9431	11803	1
5411	2420	1
5398	4627	1
6872	4679	1
10192	9223	1
9703	11934	1
1208	1209	1
11094	7983	1
9731	4862	1
11441	11441	1
11935	11935	1
3768	7764	1
6380	6234	1
4905	5411	1
8141	3886	1
2019	186	1
5474	7181	1
8049	5377	1
460	7592	1
625	5062	1
8508	8835	1
9731	8835	1
4390	4525	1
186	2019	1
2738	7764	1
2289	1481	1
5922	5	1
9335	344	1
10241	44	1
1208	3078	1
5009	6135	1
10900	10900	1
5027	10778	1
8661	955	1
344	9335	1
8650	6115	1
2392	2216	1
2017	4726	1
3512	6804	1
5260	5261	1
6234	6380	1
4265	1285	1
593	11934	1
5506	11382	1
7370	10273	1
11928	7480	1
2242	7152	1
1126	11382	1
1780	425	1
2643	11382	1
2084	1432	1
4580	11936	1
8269	5467	1
1108	2065	1
11702	490	1
11936	4580	1
11382	5506	1
2958	3450	1
5047	3450	1
9264	1268	1
9356	3020	1
9733	11401	1
4032	9460	1
6460	1130	1
4212	5506	1
49	4918	1
5889	5506	1
4696	1432	1
6965	3181	1
2420	944	1
735	264	1
5623	5783	1
2894	2019	1
1352	3574	1
464	3088	1
5377	8049	1
936	6374	1
1780	75	1
6192	7004	1
3642	75	1
11403	7231	1
5215	7989	1
1714	6961	1
2289	10634	1
10889	4368	1
2958	5457	1
1611	5415	1
5	5922	1
9694	9694	1
9733	7780	1
1791	4346	1
2973	2808	1
612	6020	1
10415	7000	1
11031	4726	1
5565	2390	1
7000	10415	1
5469	5469	1
6788	2343	1
8975	7128	1
5062	625	1
6115	8650	1
8647	7074	1
8611	5096	1
10878	2427	1
4346	1791	1
4355	2383	1
3176	1759	1
944	3017	1
3017	944	1
1134	8676	1
5541	5542	1
3719	8587	1
3240	3674	1
6898	11485	1
44	10241	1
11937	7902	1
1208	97	1
11938	11938	1
9264	2863	1
7108	3545	1
8222	2913	1
3545	7108	1
11074	4816	1
8492	4605	1
9410	10145	1
3449	8160	1
5811	4021	1
7764	3298	1
6010	11156	1
5231	4070	1
11939	9300	1
3068	6836	1
6460	5107	1
11182	8051	1
9300	11939	1
8891	1599	1
6479	6299	1
9240	4577	1
7000	5326	1
10624	3868	1
10624	7371	1
5468	5287	1
944	2420	1
6253	134	1
6135	5009	1
2317	4840	1
964	3038	1
7108	3315	1
1740	5411	1
2958	2864	1
3310	1599	1
9733	7884	1
3315	7108	1
912	1599	1
10475	5161	1
5057	7126	1
1599	8891	1
8587	3719	1
7625	7624	1
2260	7126	1
2023	3498	1
1220	2712	1
11753	1599	1
8763	7128	1
9544	829	1
5536	5721	1
7859	6264	1
2119	5167	1
1933	1266	1
3397	2712	1
11940	4533	1
4603	6246	1
1780	5013	1
4580	9550	1
868	1266	1
5227	2478	1
9533	614	1
2958	616	1
4666	6037	1
6294	2604	1
5943	6037	1
8975	10319	1
2607	4313	1
4816	11074	1
11382	3401	1
2102	10273	1
6264	7859	1
7418	7417	1
9104	11196	1
6489	9962	1
3738	5128	1
7291	11196	1
2698	11196	1
11927	11918	1
9237	3401	1
2913	8222	1
4094	10755	1
11182	4418	1
11941	7204	1
6564	7274	1
8545	9587	1
4376	2641	1
1432	4696	1
277	10956	1
5461	9567	1
6037	5943	1
10095	6045	1
11031	6034	1
2569	7673	1
11628	7130	1
9550	4580	1
11586	5802	1
2736	2737	1
6899	271	1
11547	9070	1
9089	6059	1
2958	6433	1
2883	3401	1
441	1307	1
8492	4724	1
4657	11909	1
4020	6897	1
3526	3526	1
4724	8492	1
3838	3837	1
2802	6883	1
3020	9356	1
3815	1820	1
691	357	1
5365	4647	1
11270	4840	1
11942	7018	1
7624	11676	1
10273	2102	1
3699	447	1
5282	11912	1
4936	1055	1
5236	1820	1
10799	11943	1
7000	11556	1
11031	6985	1
3105	9519	1
5932	9727	1
2000	7900	1
4029	1900	1
5374	3109	1
6007	380	1
6299	6479	1
11835	7109	1
5904	3109	1
1599	3310	1
7533	6479	1
4840	11270	1
6460	3432	1
7577	2733	1
11279	11853	1
7836	3109	1
2958	7680	1
3719	90	1
5297	5774	1
5234	10464	1
5885	4821	1
231	1656	1
477	4785	1
2478	5227	1
10464	5234	1
2454	3824	1
5783	4695	1
6706	8739	1
8739	7796	1
10007	10007	1
10738	2364	1
4994	1545	1
7796	8739	1
2894	186	1
8619	3767	1
9511	9511	1
7983	9876	1
11810	11333	1
9807	9695	1
395	186	1
6037	4666	1
3183	11944	1
11836	11831	1
11944	3183	1
4200	3630	1
