7544	4835	1
5871	3640	1
3024	3023	1
9777	7508	1
5880	5382	1
10839	5757	1
5047	6269	1
12132	12133	1
964	889	1
3651	3325	1
4334	8666	1
7813	3186	1
5068	7158	1
2283	2284	1
7813	7866	1
8031	6448	1
9687	2489	1
2870	2969	1
8763	12134	1
7318	4857	1
8724	10886	1
6245	8290	1
4525	10886	1
8172	7359	1
10324	10753	1
11738	10886	1
7614	8162	1
3109	12117	1
11704	11300	1
7291	8617	1
6697	7359	1
2051	1558	1
323	98	1
12135	2978	1
17	98	1
12117	8501	1
6236	12134	1
9239	5227	1
1399	5660	1
2735	4535	1
8501	12117	1
662	2159	1
10907	3542	1
8854	11060	1
5586	5585	1
9867	7452	1
11470	5562	1
10570	8222	1
5437	1810	1
11021	10460	1
3144	4980	1
10886	8724	1
7202	10094	1
1524	8067	1
4474	10333	1
10518	10333	1
2439	3905	1
6788	2343	1
8377	5774	1
11502	2427	1
10634	11094	1
6840	3426	1
1059	1957	1
5587	380	1
5297	5774	1
5904	5374	1
11597	11597	1
17	8936	1
8204	12136	1
1059	4457	1
2229	816	1
451	1835	1
2427	11502	1
4468	2334	1
4657	4885	1
8171	816	1
2439	6265	1
12117	3109	1
6515	1086	1
8243	5650	1
9482	1009	1
12068	12067	1
2420	1009	1
12132	2572	1
2334	4468	1
7836	3109	1
2572	3401	1
7373	7373	1
12137	12137	1
420	1009	1
3881	7027	1
6039	8177	1
10884	582	1
8916	3401	1
8247	3109	1
451	7446	1
11536	8358	1
11094	10634	1
3109	8247	1
4457	5774	1
8891	1599	1
1059	5774	1
9021	10455	1
4501	868	1
10260	10260	1
12138	12138	1
2552	371	1
6188	371	1
1096	371	1
6513	4589	1
6256	12011	1
5216	12011	1
1232	4051	1
1936	3426	1
8799	3183	1
1361	1360	1
7128	6729	1
8976	6729	1
3545	4660	1
98	17	1
8936	17	1
5065	5388	1
451	2260	1
3020	3088	1
3568	1229	1
5188	5351	1
986	7029	1
8722	385	1
10881	10881	1
319	3262	1
98	1104	1
12011	5216	1
9754	9474	1
12120	2454	1
8836	5984	1
5125	3978	1
8722	6377	1
1810	2009	1
12139	768	1
4501	1675	1
1996	2457	1
3906	2616	1
8369	2616	1
9829	3581	1
185	1146	1
1432	72	1
2847	12140	1
7013	6206	1
6325	6700	1
8369	3744	1
5107	8605	1
12080	12080	1
283	680	1
11455	3581	1
5216	9945	1
12141	2651	1
3900	4721	1
2833	2832	1
3088	3020	1
6226	7152	1
6457	4721	1
7502	3380	1
10695	11010	1
451	2855	1
16	1142	1
10240	9145	1
9945	5216	1
9770	9145	1
2607	2606	1
2749	5831	1
4578	10933	1
5472	6222	1
768	1146	1
12009	11472	1
451	1517	1
6490	4320	1
7128	10343	1
4948	5514	1
2833	4936	1
2489	9687	1
8204	2616	1
2847	1108	1
1045	2501	1
11472	12009	1
2646	5240	1
1142	16	1
5296	1517	1
4259	5633	1
5481	3043	1
4575	6222	1
12006	11416	1
1810	2008	1
11715	9418	1
12141	3462	1
5974	2907	1
5861	6922	1
5353	8609	1
7936	4634	1
6322	7154	1
10007	9200	1
5216	12142	1
5176	5977	1
12095	7484	1
2847	6846	1
9300	6637	1
4444	6637	1
3508	455	1
2268	770	1
7163	12143	1
5514	4948	1
3166	5796	1
3068	6836	1
6649	6146	1
949	4913	1
3144	3017	1
12144	3017	1
4501	4200	1
16	79	1
5000	1112	1
519	2065	1
10325	11583	1
6922	5861	1
7282	4274	1
1280	2673	1
10886	4525	1
4256	4274	1
3450	3088	1
7813	5693	1
8283	10187	1
10634	8876	1
2847	395	1
9683	1379	1
7071	5693	1
2019	3818	1
2454	12120	1
1099	1609	1
1473	2349	1
2194	1468	1
3068	7543	1
3978	5125	1
2847	4796	1
8722	446	1
867	6439	1
3144	2479	1
7836	3430	1
3326	3587	1
3849	3854	1
1112	5000	1
3144	6757	1
4602	1697	1
6481	7767	1
4006	3503	1
1957	1059	1
9136	5671	1
98	323	1
8876	10634	1
12116	936	1
3153	7308	1
12145	1869	1
8369	8204	1
3138	5581	1
451	3240	1
10725	3240	1
7764	5581	1
5934	922	1
4967	243	1
922	5934	1
2439	6716	1
7164	3895	1
4523	328	1
5382	2483	1
502	4496	1
2483	5382	1
451	6716	1
7121	940	1
979	2963	1
12146	7216	1
12147	5922	1
6637	4444	1
4376	1194	1
11151	11405	1
12141	467	1
12148	6005	1
2894	10232	1
3752	707	1
6635	4051	1
1784	3553	1
1547	8181	1
6322	4051	1
5783	5468	1
6802	4051	1
6309	4051	1
1086	6515	1
7061	5822	1
7027	3881	1
10187	8283	1
9945	3514	1
7645	3353	1
3906	6379	1
5216	2269	1
1045	3397	1
7314	492	1
526	573	1
5382	5880	1
6023	6264	1
453	371	1
2467	4721	1
4333	1509	1
150	342	1
707	3752	1
9273	3617	1
692	466	1
451	2224	1
5783	2484	1
7114	7115	1
11032	12121	1
10865	4414	1
9188	7115	1
6637	6452	1
7789	6211	1
2439	2440	1
2269	5216	1
2847	602	1
8369	4157	1
4431	3665	1
5248	11724	1
2776	9575	1
451	4865	1
4956	4956	1
12149	12150	1
1210	5890	1
11416	12006	1
11517	145	1
2847	2182	1
5068	3870	1
5818	8880	1
10695	5227	1
12151	12151	1
1897	3065	1
12152	12152	1
11259	1620	1
8217	8014	1
3144	2653	1
2439	3013	1
11957	12124	1
6211	7789	1
6264	6023	1
2100	1612	1
7158	5068	1
10695	12153	1
3870	5068	1
6481	6921	1
2873	4930	1
371	453	1
6637	9300	1
5657	12154	1
2883	4821	1
4666	9888	1
12155	7484	1
7741	5800	1
7031	5800	1
2847	4400	1
3088	5355	1
10615	1395	1
12156	9113	1
10865	3246	1
6638	5812	1
1045	786	1
1810	5437	1
5203	3799	1
2439	9404	1
5130	3343	1
4501	1395	1
12141	2478	1
10753	10324	1
2065	519	1
7154	6322	1
9079	11886	1
2646	6507	1
6197	11016	1
5812	6638	1
451	1241	1
10695	2735	1
6402	8128	1
5468	5783	1
3990	2517	1
3777	1218	1
2110	4757	1
455	3508	1
8903	10814	1
9009	8153	1
2484	5783	1
8153	9009	1
8346	4760	1
5693	7071	1
4092	1255	1
1395	10615	1
6765	4757	1
451	2420	1
9687	7825	1
9613	3499	1
4808	4807	1
3617	9273	1
1415	1415	1
4939	9749	1
7216	12146	1
8880	5818	1
2673	1280	1
4303	6788	1
437	861	1
12095	8093	1
3909	1612	1
4409	3950	1
10319	9966	1
10355	1407	1
4569	10023	1
1620	11259	1
2894	186	1
1468	1088	1
10232	186	1
9178	7469	1
10818	4852	1
1407	10355	1
4692	9769	1
1599	6530	1
3545	7108	1
4910	4812	1
7484	12095	1
2511	12157	1
9244	9223	1
29	424	1
2270	1200	1
2763	9877	1
4612	1200	1
2966	2966	1
12158	12158	1
21	4930	1
1208	40	1
9769	9031	1
5374	5904	1
6101	6222	1
11751	8336	1
4346	4345	1
1031	3103	1
3950	4409	1
6481	5993	1
4345	4346	1
730	1451	1
6765	3108	1
4763	5783	1
1609	1099	1
8049	8049	1
10319	8802	1
2847	4025	1
9066	11164	1
3144	1869	1
11060	8854	1
6929	9210	1
2935	5074	1
7690	11568	1
3144	296	1
3950	7862	1
8162	7614	1
5400	3828	1
7862	3950	1
5721	8081	1
371	2552	1
5	5922	1
11568	7690	1
1289	1254	1
8443	11472	1
382	1455	1
12159	12160	1
12134	6236	1
1848	4237	1
7008	3101	1
5074	2935	1
12111	1455	1
1031	1069	1
10412	12161	1
1886	689	1
12134	8763	1
8619	5217	1
1742	2083	1
11689	11689	1
11552	1069	1
3240	10725	1
1514	2083	1
1069	11552	1
4869	6424	1
6921	5850	1
371	6188	1
9113	12156	1
12162	12162	1
5463	3077	1
1858	2572	1
4418	11182	1
2976	11148	1
786	1045	1
3397	1045	1
2572	1858	1
8076	1455	1
3144	2116	1
8722	7002	1
6454	5415	1
1847	4607	1
1733	3155	1
10724	2550	1
5414	6268	1
4906	4608	1
3281	2902	1
10067	5021	1
3503	4006	1
1584	4789	1
2550	10724	1
936	12116	1
2768	1501	1
10319	8975	1
451	2163	1
12124	11957	1
4796	4983	1
3826	4597	1
1019	1160	1
8929	3939	1
4414	10865	1
10003	6316	1
7534	7535	1
3144	1305	1
5922	5	1
3906	1305	1
1615	3171	1
5796	6467	1
12144	1305	1
8081	5721	1
4207	5248	1
9223	9244	1
4217	3171	1
10814	8903	1
10389	9251	1
1930	139	1
12163	12163	1
3568	6270	1
7825	9687	1
6532	7535	1
11182	4418	1
944	2234	1
3954	2234	1
2734	3171	1
9299	9298	1
5581	3138	1
6467	5796	1
3297	7042	1
8785	11186	1
12119	4517	1
3077	5463	1
4478	4477	1
2420	889	1
10695	3330	1
7829	889	1
6005	12148	1
7082	2198	1
2939	4930	1
8033	8050	1
4230	2619	1
266	265	1
5388	3330	1
8521	3968	1
164	658	1
689	2113	1
3105	9519	1
8536	1396	1
7137	7223	1
7502	4788	1
12164	12164	1
7108	3545	1
11205	9026	1
6146	3260	1
9452	9402	1
11088	11088	1
10538	11258	1
7446	9687	1
8891	4341	1
1599	4341	1
5301	4857	1
6804	6316	1
12120	2627	1
7229	2642	1
3171	4217	1
9687	7446	1
3017	9474	1
1501	6613	1
2892	3742	1
4812	4910	1
12117	4647	1
12165	2623	1
9251	10389	1
4174	5546	1
5581	7764	1
6447	4362	1
6613	1501	1
12166	11257	1
9374	11142	1
11121	4029	1
5495	7048	1
4157	8369	1
10968	5240	1
5546	4174	1
9170	11646	1
2801	5240	1
266	3350	1
6066	12167	1
8204	8369	1
4251	3944	1
9962	3855	1
3951	5230	1
3744	8369	1
3004	11419	1
3343	5130	1
4477	4478	1
6465	7048	1
5650	8243	1
987	706	1
12168	12169	1
4589	6513	1
451	5697	1
12170	1229	1
5259	9365	1
1199	3740	1
11258	6930	1
1005	5160	1
3818	2019	1
7309	9790	1
3799	5203	1
7442	7443	1
2198	7082	1
5693	11734	1
4654	1229	1
4159	3875	1
4771	3261	1
11164	9066	1
12171	12171	1
2907	5974	1
2677	5786	1
1063	6902	1
12094	7688	1
6930	11258	1
11201	5922	1
10009	2228	1
5932	9727	1
569	7560	1
1468	2194	1
4453	3171	1
3521	1288	1
11553	11552	1
2817	1996	1
7741	10546	1
3968	8521	1
3447	4233	1
11382	1110	1
3202	8415	1
5813	1163	1
6788	4303	1
8609	5353	1
4251	2646	1
2439	6805	1
7452	9888	1
5533	304	1
9903	10082	1
5230	3951	1
4901	5293	1
1229	4654	1
4607	1847	1
5951	6783	1
2833	1023	1
1407	10571	1
12146	8879	1
2894	1389	1
7597	7642	1
380	3340	1
1163	5813	1
2935	8261	1
11405	11151	1
4389	4856	1
8159	5047	1
5047	8159	1
4235	4235	1
3875	4159	1
8722	134	1
7138	6316	1
12172	11013	1
1997	3642	1
692	6619	1
5602	10069	1
12173	4084	1
9970	9970	1
6316	7138	1
11087	6564	1
4578	9002	1
139	1930	1
12174	11918	1
6320	5142	1
1110	11382	1
3197	6269	1
6562	12175	1
9223	12015	1
6564	11087	1
12176	7927	1
6146	3754	1
11988	11128	1
3183	8799	1
4355	2383	1
4237	1848	1
8605	4873	1
5482	4113	1
9298	9299	1
2439	8291	1
8420	8421	1
11258	10538	1
12048	7223	1
6268	5414	1
6472	614	1
4778	3889	1
6141	4346	1
5065	6269	1
5642	3561	1
9031	9769	1
6046	4523	1
12015	9437	1
689	1886	1
3939	2616	1
7060	6193	1
5414	5581	1
6316	10003	1
5287	4561	1
8296	3812	1
6056	6057	1
7444	7786	1
8541	8191	1
5885	3401	1
9002	4578	1
8879	12146	1
1631	5581	1
1840	9785	1
5400	8654	1
5293	4901	1
8139	10667	1
4034	4034	1
2194	2758	1
5177	4170	1
11734	5693	1
3906	518	1
6792	7115	1
8858	12022	1
2817	2457	1
451	4368	1
12177	1980	1
11479	3137	1
8654	5400	1
4597	3826	1
8696	2686	1
1199	1812	1
10332	2758	1
2646	4251	1
3171	2734	1
6193	7711	1
12178	6804	1
5929	5951	1
7741	4087	1
4988	5175	1
2935	3316	1
10753	9456	1
11387	11403	1
7031	4087	1
5581	1631	1
702	3575	1
5984	8836	1
5555	4251	1
8261	2935	1
8049	8702	1
3316	2935	1
9587	8836	1
758	759	1
12179	10085	1
1762	1762	1
6897	4605	1
3761	1858	1
9279	8618	1
11016	6197	1
7927	12176	1
8204	3502	1
4029	11121	1
1487	1858	1
7162	7501	1
8644	9592	1
344	2562	1
4991	3152	1
7501	7162	1
9769	4692	1
7071	7071	1
1858	1487	1
4951	1116	1
1099	5006	1
7153	7125	1
3304	5006	1
2847	6680	1
4101	9863	1
6319	3950	1
1064	3502	1
10088	1311	1
1002	902	1
3820	5006	1
1245	2371	1
1100	5006	1
4159	5633	1
5191	4857	1
808	11517	1
3502	1064	1
9239	2801	1
2091	2091	1
5006	1099	1
7762	7762	1
5890	1210	1
4592	5836	1
1179	1408	1
8165	8165	1
8492	4724	1
9871	5598	1
5609	5314	1
9280	9656	1
731	5314	1
9122	5316	1
5266	1619	1
11057	6789	1
4445	4724	1
10968	2801	1
12011	6256	1
12141	10266	1
10379	2801	1
5354	7209	1
7884	12086	1
2276	6256	1
11485	9798	1
4035	11517	1
6267	1064	1
2627	12120	1
1954	6256	1
7223	12048	1
5683	3213	1
6165	6034	1
7969	5365	1
3824	12120	1
5175	4988	1
4586	5490	1
902	759	1
8191	8541	1
4788	7502	1
10069	5602	1
5175	5185	1
1162	9785	1
7692	299	1
6486	2284	1
8369	3502	1
4230	4017	1
8330	3817	1
5894	3817	1
