1338	395	1
3954	2227	1
11962	11506	1
11506	10153	1
2016	2228	1
7866	7813	1
7000	9138	1
8243	5650	1
3229	4184	1
1119	869	1
11676	7916	1
7128	10343	1
7916	11676	1
7680	2228	1
2609	2801	1
2749	5831	1
10301	10301	1
11996	9957	1
1898	5742	1
7673	2569	1
11193	11834	1
59	11969	1
7000	11556	1
11997	6700	1
2569	7673	1
8617	7291	1
9581	4657	1
5047	5935	1
2228	7680	1
996	1406	1
4352	11616	1
286	974	1
4133	4241	1
3088	464	1
2552	8548	1
3297	9488	1
7291	8617	1
5479	5633	1
2264	4209	1
3738	4209	1
1406	996	1
9066	9498	1
3520	4563	1
21	1512	1
2801	6845	1
5047	9930	1
5650	8243	1
6845	2801	1
10563	6424	1
4510	8405	1
8451	10762	1
5411	6433	1
1171	5481	1
10531	1096	1
11998	8014	1
4475	550	1
11810	11999	1
1121	1392	1
5047	6433	1
3447	4233	1
7333	7020	1
5000	4901	1
11099	9715	1
10434	7119	1
3567	3017	1
222	1693	1
634	11080	1
5047	5797	1
7473	10615	1
11975	4805	1
241	242	1
6678	4657	1
653	1236	1
7469	9178	1
9930	5047	1
6433	5047	1
5797	5047	1
5047	8358	1
8358	5047	1
1406	1294	1
875	7204	1
6185	5797	1
4657	6678	1
546	12000	1
1996	3547	1
8854	11060	1
1905	889	1
1609	1099	1
8007	6449	1
2552	371	1
7919	7919	1
28	19	1
2138	4074	1
5533	304	1
5481	7543	1
8736	8736	1
9550	9550	1
11080	634	1
634	1077	1
4193	4194	1
2039	11307	1
3235	786	1
4427	4428	1
359	7707	1
11204	7243	1
11899	11899	1
2209	6113	1
4170	2101	1
5047	4580	1
6931	11812	1
10118	7264	1
38	39	1
2360	1887	1
1069	3103	1
4437	9001	1
3480	10120	1
11099	7855	1
6	864	1
6373	2902	1
5742	8711	1
4167	1280	1
8763	11983	1
930	9207	1
1149	1654	1
1599	11760	1
5047	5176	1
9488	3297	1
395	1338	1
4822	6095	1
5047	7974	1
12001	5962	1
7680	616	1
4243	12002	1
543	616	1
7586	10731	1
7415	7416	1
6646	2228	1
3383	2435	1
3985	1043	1
4475	4569	1
1236	653	1
4415	3862	1
9488	9234	1
12003	12003	1
11994	11993	1
10259	10259	1
4726	4676	1
3138	5581	1
9375	5346	1
9607	6539	1
5411	7804	1
6317	257	1
4475	4295	1
9178	7469	1
5796	4876	1
8347	9973	1
11099	375	1
7566	4073	1
5047	3763	1
5551	5489	1
11549	11913	1
7153	4603	1
4475	2993	1
4580	5047	1
5176	5047	1
7974	5047	1
3214	875	1
5376	42	1
3763	5047	1
664	4554	1
1853	10624	1
5296	1517	1
4383	1584	1
3214	930	1
6466	6466	1
12004	3651	1
4341	6213	1
8891	6213	1
564	4119	1
4346	4602	1
10831	6439	1
4729	5869	1
5047	9356	1
4295	1108	1
6185	6038	1
8877	8931	1
2606	2607	1
8852	2578	1
1176	4468	1
11536	10154	1
9234	9488	1
9289	7082	1
5634	7885	1
3834	2371	1
10007	9200	1
1081	737	1
8127	4161	1
3068	7543	1
4863	4864	1
8772	8570	1
7927	5266	1
10406	8570	1
9973	5588	1
12005	1835	1
5047	5845	1
6185	3775	1
2383	4355	1
3229	5604	1
2997	3561	1
11251	8140	1
4295	3262	1
4682	3742	1
10273	2209	1
2646	5240	1
4154	4610	1
11831	6243	1
8534	12006	1
10833	12006	1
11157	8140	1
11773	12006	1
10457	12006	1
12007	12006	1
4475	564	1
11935	7282	1
6052	2677	1
12008	6845	1
3654	6763	1
12009	11472	1
3176	186	1
1255	4092	1
1011	1012	1
1280	4167	1
10724	2550	1
7282	11935	1
3938	4429	1
6301	11817	1
5047	3450	1
6185	3450	1
5047	8233	1
5047	3068	1
379	956	1
11472	12009	1
6185	3068	1
210	614	1
8570	10406	1
5047	5815	1
5047	6245	1
2051	4868	1
75	1997	1
10562	141	1
6247	5717	1
6169	690	1
906	4044	1
5506	1653	1
2779	4044	1
2578	8852	1
5870	7274	1
1837	1838	1
4703	477	1
5047	11124	1
3626	5142	1
7807	7589	1
4355	2383	1
11066	11066	1
868	4044	1
5266	1619	1
1740	5411	1
1416	4044	1
6433	5411	1
6878	4044	1
1619	5266	1
7804	5411	1
4187	4044	1
5047	5411	1
7233	1793	1
7645	3353	1
6185	5411	1
6843	7855	1
5513	432	1
2435	7855	1
6554	7855	1
186	3176	1
477	4703	1
11997	10171	1
7927	5845	1
4346	1793	1
6286	7855	1
432	5513	1
7666	4814	1
4428	4427	1
1746	262	1
6922	5861	1
11985	11286	1
1971	6187	1
10624	1853	1
9356	5047	1
11997	5070	1
5845	5047	1
1781	3176	1
3450	5047	1
8233	5047	1
3068	5047	1
5815	5047	1
6245	5047	1
5047	6646	1
5411	5047	1
4868	2051	1
4346	4345	1
5452	8181	1
2209	2210	1
4034	7130	1
6646	5047	1
3742	4682	1
4528	2735	1
1887	2360	1
2567	10531	1
1022	12010	1
80	9945	1
3304	3401	1
10977	8133	1
7811	8184	1
11923	6989	1
5934	3450	1
4796	4983	1
3109	5904	1
11617	6506	1
3315	6347	1
1418	10742	1
737	1081	1
1099	8772	1
8570	8772	1
8491	8772	1
11945	8772	1
1547	8181	1
3605	8772	1
7308	6183	1
5581	2496	1
4578	10933	1
11436	8772	1
7277	8772	1
7930	5090	1
1402	5674	1
9539	889	1
9588	8772	1
6185	2484	1
7282	11949	1
5390	8772	1
5674	1402	1
4295	6296	1
4157	8772	1
8379	7995	1
1793	4346	1
5170	1842	1
9704	3215	1
9728	216	1
2322	2321	1
10319	8975	1
705	1243	1
5411	4905	1
200	5775	1
10187	8283	1
2550	10724	1
3499	5321	1
1900	8975	1
11616	4352	1
8975	1900	1
6301	4217	1
23	426	1
5861	6922	1
2940	1401	1
3017	3567	1
1401	2940	1
564	5774	1
5524	6502	1
964	1221	1
11445	11405	1
605	3058	1
6653	492	1
492	6653	1
5230	3951	1
2101	6684	1
8021	3575	1
3795	5566	1
6185	2284	1
5047	2284	1
5893	2284	1
7855	2435	1
11996	7265	1
6210	4384	1
6183	7308	1
8803	6923	1
8361	4977	1
190	203	1
9863	4101	1
5162	766	1
8301	8197	1
6612	5086	1
6297	8017	1
8502	5355	1
905	12011	1
483	3613	1
6216	1096	1
5642	7508	1
12012	12012	1
3017	9474	1
3862	4415	1
4295	2355	1
7508	7508	1
10153	11506	1
3353	7645	1
11533	11506	1
883	883	1
572	7645	1
9777	7508	1
4905	5411	1
453	2420	1
1653	5506	1
1659	1499	1
3136	11132	1
11955	5469	1
3951	8591	1
6982	6915	1
5047	11536	1
5641	11991	1
254	4770	1
2308	10506	1
1807	7592	1
10096	11976	1
10216	4289	1
6115	9894	1
10928	5870	1
7274	5870	1
3743	5791	1
6985	3479	1
5506	11382	1
11466	5870	1
6915	12011	1
7508	9777	1
10411	11351	1
5791	3743	1
10464	11121	1
7895	11164	1
1669	410	1
3613	483	1
2666	4025	1
5722	9460	1
3121	1096	1
1199	1812	1
8194	11330	1
1491	1135	1
6923	8803	1
10389	9251	1
2479	3542	1
12009	1112	1
4475	6380	1
6784	8071	1
6211	11734	1
12013	12014	1
6270	4689	1
5047	6300	1
2797	1403	1
6185	6300	1
7645	572	1
412	1627	1
12014	12013	1
11132	3136	1
7969	5365	1
8140	11251	1
5719	4317	1
1742	2083	1
5897	5898	1
9945	80	1
3840	3170	1
2197	7372	1
12	12	1
7487	5898	1
869	1119	1
12015	6419	1
1414	7372	1
8244	4873	1
4475	519	1
71	7372	1
6419	12015	1
6437	8140	1
4258	7372	1
8358	965	1
4092	1255	1
4152	3183	1
12016	7372	1
5174	965	1
5870	11060	1
3649	2241	1
6613	1378	1
4856	4389	1
1627	412	1
12017	12017	1
3950	4409	1
9207	930	1
7451	8313	1
4025	2666	1
6185	5047	1
4409	3950	1
11536	5047	1
10531	2567	1
6300	5047	1
5365	7969	1
8420	8421	1
11425	4877	1
4939	5843	1
2654	4921	1
5047	6269	1
12012	12018	1
4167	1821	1
4988	2423	1
1149	773	1
11999	6187	1
5630	6367	1
10343	7128	1
732	731	1
11092	8789	1
3109	5374	1
4689	6270	1
12019	4135	1
1099	5006	1
12020	12020	1
2209	8712	1
12011	6915	1
4135	12019	1
4886	1170	1
9966	10319	1
6252	11382	1
7626	3800	1
5142	3626	1
3620	9700	1
4751	5683	1
7272	7272	1
295	107	1
3400	9219	1
5047	9425	1
2051	1558	1
9138	7000	1
12021	8728	1
10535	11162	1
3083	5297	1
9425	5047	1
628	627	1
6062	8364	1
8333	9477	1
3620	4846	1
5870	10928	1
9234	2107	1
1358	319	1
11579	7416	1
10171	11997	1
12022	8858	1
1358	1504	1
4532	4533	1
6343	4883	1
5047	6650	1
12023	2511	1
2562	4504	1
3214	4865	1
8858	12022	1
5047	6853	1
11060	8854	1
4846	3620	1
9219	3400	1
6309	2900	1
4218	6936	1
4729	7004	1
16	1142	1
9251	10389	1
11121	10464	1
10570	8222	1
5932	9727	1
228	7148	1
6650	5047	1
2665	4812	1
6367	5630	1
4431	3665	1
3479	6985	1
902	706	1
10164	1229	1
6107	4021	1
2122	1541	1
11953	9248	1
1420	5717	1
11121	4029	1
11997	1982	1
5047	8159	1
622	5665	1
11835	8938	1
4317	5719	1
4101	9863	1
4812	2665	1
7128	8763	1
11817	6301	1
1444	6902	1
8763	12024	1
11983	8763	1
8763	7128	1
12024	8763	1
5631	5632	1
1643	4370	1
6243	4930	1
11323	7607	1
5047	6246	1
12025	9590	1
21	4930	1
6084	6848	1
1077	3833	1
8676	10250	1
5898	7487	1
5883	3566	1
8159	5047	1
8719	4988	1
5943	4948	1
3741	1064	1
9388	10982	1
8283	10187	1
1681	3262	1
5904	5374	1
4216	4687	1
12026	12026	1
3951	5230	1
1504	1358	1
6243	11831	1
4029	11121	1
2483	5382	1
2496	5581	1
8938	11835	1
11010	10695	1
11286	11985	1
4676	4726	1
4047	5180	1
7858	10935	1
10970	10971	1
996	1380	1
2169	8335	1
3215	9704	1
1651	11121	1
8335	2169	1
3762	6135	1
7145	7780	1
6468	12027	1
34	2294	1
2386	3408	1
8140	11157	1
5202	5625	1
10677	6135	1
4662	4816	1
7561	2294	1
5356	6729	1
6135	10677	1
2420	1009	1
7614	8162	1
8208	2428	1
8261	7262	1
3444	387	1
9797	3149	1
387	3444	1
11944	3817	1
9380	6453	1
6768	899	1
10562	95	1
10319	9966	1
11556	9138	1
239	250	1
5043	899	1
9763	9966	1
3374	6237	1
3008	3008	1
8017	6297	1
2935	2874	1
11121	5234	1
2735	4528	1
3068	6836	1
11279	11853	1
4687	4216	1
2973	5137	1
1793	7233	1
36	36	1
5234	11121	1
4313	751	1
3985	10755	1
8545	9587	1
11536	10822	1
5921	5366	1
6100	6700	1
12028	10879	1
9477	8333	1
9587	8545	1
5366	5921	1
3682	4131	1
714	4651	1
2019	3818	1
4370	1643	1
8676	8333	1
8049	10347	1
5346	9375	1
11556	10464	1
1618	1687	1
2693	2663	1
3512	4034	1
319	1358	1
8283	8481	1
3967	1709	1
4176	5100	1
627	628	1
11164	7895	1
6650	11536	1
7855	6286	1
5180	5100	1
4144	4144	1
11536	6650	1
1687	1618	1
10935	7858	1
6264	6023	1
1459	2712	1
1058	12011	1
5180	4047	1
5181	4047	1
5706	7866	1
5411	11536	1
3950	9314	1
1380	996	1
4660	3545	1
7423	5090	1
5796	2343	1
3405	3404	1
5047	3020	1
6185	3020	1
4657	4885	1
3545	4660	1
10488	6843	1
2721	5796	1
8393	9229	1
9314	3950	1
10342	7042	1
2894	395	1
10811	9300	1
8212	3054	1
4431	4977	1
5843	4939	1
6962	6506	1
9299	7963	1
7508	5642	1
6188	1719	1
5374	3109	1
6866	6866	1
10464	12029	1
8465	12030	1
2102	10273	1
706	902	1
953	7267	1
12031	12031	1
9248	11953	1
2137	2585	1
12005	2427	1
3214	710	1
10912	10913	1
9480	5607	1
623	9707	1
1168	1708	1
200	1094	1
4087	2715	1
12029	10464	1
3850	4273	1
6744	7532	1
3413	4788	1
6185	4573	1
4574	4619	1
7532	6744	1
4049	11950	1
660	662	1
12032	12032	1
1741	4021	1
5066	6914	1
1064	10153	1
12028	5607	1
1425	10153	1
1149	6914	1
3833	1077	1
2296	3051	1
6374	1266	1
9331	6734	1
4023	190	1
11702	7734	1
4610	4154	1
10464	11556	1
10810	8139	1
6213	8891	1
11962	10153	1
10630	10630	1
10444	10153	1
11556	7000	1
4714	12024	1
4193	5100	1
3241	645	1
5047	2935	1
5706	8421	1
2874	2935	1
3111	2686	1
7734	11702	1
3766	3766	1
594	9753	1
9138	11556	1
11382	718	1
5885	1110	1
5870	11466	1
902	987	1
2420	889	1
5380	5504	1
8140	6437	1
706	987	1
987	902	1
7711	6193	1
5632	5631	1
