4408	5445	1
4204	12033	1
11405	11445	1
11556	9138	1
7000	9138	1
5650	8243	1
4117	4118	1
987	706	1
8243	5650	1
9138	7000	1
3710	3710	1
11988	9394	1
8929	10226	1
19	28	1
45	2077	1
5006	1099	1
3479	5326	1
11405	1740	1
5481	4980	1
1092	2719	1
5137	2973	1
437	2719	1
11536	5893	1
2452	12011	1
4616	10242	1
11635	11618	1
4475	702	1
10343	7128	1
4422	889	1
4366	4980	1
5742	4807	1
7267	953	1
944	889	1
4389	4856	1
1499	889	1
6039	8177	1
10163	9669	1
5047	2284	1
5893	2284	1
2735	4535	1
12034	12034	1
3304	3401	1
3017	889	1
677	1077	1
5943	4948	1
1838	1837	1
5469	4535	1
1619	5266	1
3154	3665	1
5845	5935	1
3088	3450	1
1055	4725	1
4273	3850	1
3068	7543	1
5481	7543	1
3351	5463	1
4977	4431	1
3017	2420	1
3665	4431	1
9152	8929	1
2420	3017	1
5008	8929	1
1687	1618	1
10313	4857	1
12035	12035	1
10968	2801	1
2484	4871	1
1837	1838	1
11357	8929	1
5411	1740	1
8141	1740	1
1669	410	1
11946	9717	1
9178	7469	1
3341	4048	1
4222	4048	1
6506	6962	1
6187	8929	1
905	564	1
10069	7526	1
5018	1828	1
8929	8929	1
918	8929	1
3939	8929	1
3396	8929	1
3520	4563	1
3545	4660	1
5898	5897	1
5764	5296	1
1517	5296	1
7469	9178	1
5481	1096	1
9431	8018	1
371	2552	1
5382	2483	1
4034	3512	1
3497	2190	1
2666	4025	1
10273	2102	1
6165	6034	1
1281	2190	1
3958	3977	1
3020	5047	1
2935	5047	1
6325	11618	1
3623	2572	1
5757	10839	1
371	1096	1
9550	9550	1
6374	1266	1
9704	3215	1
7228	7228	1
5481	1476	1
3008	2725	1
3008	6227	1
2416	7254	1
3708	4090	1
3008	387	1
5463	3351	1
5706	10024	1
6243	10024	1
4803	4804	1
10731	7586	1
2359	11105	1
11416	11417	1
262	1746	1
7318	4857	1
5797	6185	1
4118	4117	1
2479	9676	1
7601	7601	1
6038	6185	1
9717	2992	1
3326	2228	1
4366	6875	1
2980	1128	1
3775	6185	1
11734	6211	1
5693	6211	1
9470	2776	1
1229	3568	1
12011	3101	1
7254	2416	1
1109	3148	1
4318	9924	1
2264	4209	1
10024	8421	1
12036	2341	1
6585	1379	1
3450	6185	1
3068	6185	1
10928	5870	1
3349	3407	1
5411	6185	1
11466	5870	1
8420	8421	1
2484	6185	1
6300	6185	1
5047	6185	1
5706	6757	1
5481	3043	1
3020	6185	1
4573	6185	1
12037	4088	1
3088	6185	1
6585	6021	1
5296	1517	1
9339	1135	1
5054	4523	1
11485	6898	1
6898	11485	1
6211	5693	1
6185	4573	1
11618	2228	1
12011	1089	1
11116	7237	1
1005	5160	1
7128	10343	1
6185	3775	1
4366	3542	1
2359	3514	1
4036	8738	1
95	10562	1
1338	2894	1
5084	1358	1
3284	1358	1
7861	843	1
12038	4554	1
2169	8335	1
5411	6433	1
1307	2885	1
6023	6264	1
21	4930	1
993	7153	1
6845	12008	1
3818	2019	1
6962	6506	1
7370	6438	1
2359	5031	1
6264	6023	1
190	4023	1
10023	4569	1
9676	2479	1
677	3240	1
11079	3240	1
2547	391	1
9425	6853	1
10724	2550	1
4366	980	1
6437	8140	1
8891	6213	1
5706	10770	1
11969	59	1
8945	1499	1
5205	5204	1
11157	8140	1
5742	8711	1
6530	2902	1
12019	6037	1
7153	993	1
10024	6243	1
5904	4135	1
1135	3101	1
5541	6779	1
5445	4408	1
9300	10811	1
1446	10357	1
10811	9300	1
3623	2902	1
387	1184	1
6585	7274	1
1019	9012	1
9715	7274	1
7212	6286	1
6286	7082	1
677	10152	1
5706	6845	1
11500	380	1
6779	5541	1
4051	6309	1
7082	6286	1
12039	3670	1
2843	2832	1
2435	4821	1
10348	10998	1
4183	3528	1
1653	5506	1
2776	9470	1
11382	5506	1
6763	3654	1
9753	594	1
2270	3309	1
3170	3840	1
645	3241	1
7082	6127	1
4535	5469	1
7566	4073	1
9050	11103	1
4916	10624	1
11236	12040	1
1432	4696	1
1099	5006	1
5485	5642	1
11853	11279	1
3512	4034	1
5706	6243	1
1014	13	1
11416	10833	1
4729	5869	1
6490	4320	1
426	23	1
6127	6083	1
8018	9431	1
395	3996	1
12041	8535	1
3497	1891	1
1019	4115	1
2359	2505	1
1380	996	1
4589	6513	1
677	10327	1
1664	219	1
9752	1919	1
11618	11898	1
4959	6299	1
12042	12043	1
6185	5047	1
4334	4031	1
2710	3380	1
6185	6038	1
10179	5821	1
5706	7847	1
3976	1399	1
3042	5300	1
690	6169	1
6127	7082	1
7846	1181	1
12044	371	1
12045	12045	1
843	7861	1
5706	12000	1
5851	5852	1
4135	5904	1
11248	4308	1
737	1094	1
2935	2874	1
2306	10531	1
6613	7082	1
10153	11506	1
4216	4687	1
11533	11506	1
4366	5119	1
4366	652	1
10444	11506	1
7532	2874	1
6007	6008	1
7650	9142	1
11962	11506	1
11503	11506	1
6874	4538	1
10531	2306	1
5706	3287	1
6037	12019	1
6706	8739	1
2321	2322	1
4679	3051	1
2715	4087	1
3912	2941	1
4569	10023	1
6513	9330	1
3689	3332	1
4031	4334	1
4726	4676	1
11759	11984	1
5296	5764	1
4364	4365	1
4763	4983	1
4538	6874	1
1509	3940	1
4959	9569	1
271	2776	1
5170	1842	1
12046	1842	1
9870	12047	1
6136	837	1
7963	9299	1
9234	9488	1
6135	837	1
6585	10767	1
11618	6325	1
8975	5482	1
1031	1069	1
6083	6127	1
7401	6942	1
7282	11949	1
8903	8260	1
3528	4183	1
8301	8197	1
8127	4161	1
11485	3306	1
10342	7042	1
12048	7223	1
1072	186	1
4983	4763	1
278	3017	1
6097	6095	1
6309	4051	1
9330	6513	1
2976	6196	1
1779	6574	1
10833	11416	1
4034	7130	1
1853	10624	1
11417	11416	1
7658	3017	1
5367	5367	1
8244	1499	1
29	579	1
4500	12049	1
4366	3984	1
342	150	1
11898	11618	1
3985	1031	1
10535	11162	1
11162	11162	1
4366	2670	1
2322	2321	1
677	2670	1
4535	2735	1
23	426	1
219	1664	1
8803	6923	1
150	342	1
10140	5984	1
1983	2321	1
7502	3380	1
1031	3985	1
9914	16	1
7800	7017	1
6433	5411	1
8339	10621	1
4570	4571	1
1344	12050	1
3228	5604	1
1618	1687	1
837	6136	1
6923	8803	1
11536	5411	1
9669	10163	1
1740	5411	1
3642	1997	1
5099	605	1
5054	3826	1
6438	7370	1
5332	6146	1
837	6135	1
6169	690	1
6585	4857	1
8613	562	1
1476	5481	1
10169	7429	1
1096	5481	1
8050	3024	1
5693	5229	1
3043	5481	1
4980	2228	1
4355	2383	1
1019	285	1
3024	8050	1
9096	9683	1
867	6439	1
5377	7370	1
2969	2870	1
1511	8275	1
11016	12051	1
9924	4318	1
2383	4355	1
9880	4857	1
5329	4980	1
1541	2122	1
986	12052	1
8017	6297	1
1664	5131	1
2480	3333	1
6185	5576	1
1396	8536	1
8619	3767	1
7274	6564	1
6036	8357	1
11835	8938	1
8938	11835	1
5868	7553	1
7017	7800	1
11792	4580	1
562	8613	1
4580	11792	1
6136	5228	1
8705	5228	1
6100	6700	1
12053	10677	1
9550	4580	1
1740	11405	1
5497	5498	1
673	597	1
2786	4965	1
2321	1983	1
5482	8975	1
4407	4358	1
4597	3826	1
12054	4953	1
7212	11348	1
1070	4495	1
3017	912	1
3111	2686	1
837	4881	1
1574	8975	1
4965	2786	1
3447	4233	1
2786	4945	1
10216	6657	1
4295	5519	1
5086	5087	1
12022	8858	1
9299	7963	1
5984	10140	1
10389	9251	1
9550	11792	1
12055	12055	1
11910	2284	1
4358	4407	1
7212	7125	1
8938	7109	1
6185	2284	1
8492	4724	1
9418	11715	1
2861	5973	1
2894	1338	1
3950	9314	1
4287	10687	1
9488	9234	1
946	5499	1
4724	8492	1
6211	11734	1
2207	2207	1
4945	2786	1
243	1397	1
2980	2980	1
11516	10638	1
11421	8254	1
13	1014	1
8929	6187	1
2870	2969	1
9488	3297	1
12056	10376	1
6136	8331	1
5047	2935	1
2075	2076	1
1307	11800	1
8254	11421	1
6136	5043	1
4504	4122	1
2870	6281	1
5162	9496	1
6136	1504	1
3017	11979	1
7254	11715	1
3568	1229	1
7561	11715	1
8049	8365	1
5227	9239	1
3623	944	1
4075	944	1
12019	5266	1
10216	2492	1
4881	837	1
4931	944	1
9251	10389	1
4210	944	1
1401	2940	1
9239	5227	1
4610	944	1
2572	944	1
2883	944	1
8139	10810	1
6563	11111	1
2488	6875	1
1338	3996	1
8639	5722	1
3996	395	1
2205	12057	1
2228	4980	1
605	5099	1
5706	11043	1
7335	6273	1
5870	10928	1
8854	11060	1
4903	3152	1
11715	7561	1
8711	5742	1
4087	2715	1
5463	4657	1
8331	6136	1
8858	12022	1
5043	6136	1
1504	6136	1
10506	4114	1
12057	12057	1
1224	5742	1
3027	1769	1
10459	7688	1
7212	2768	1
5681	3399	1
6136	6135	1
8536	1396	1
4657	5463	1
4953	12054	1
5742	1224	1
583	6142	1
5131	1664	1
1456	4227	1
9966	10319	1
3166	5796	1
8696	2686	1
10216	9506	1
4872	3010	1
2137	2686	1
2665	11701	1
3017	278	1
5301	10313	1
5706	8707	1
140	140	1
7128	8763	1
3404	3405	1
5006	1100	1
3170	8707	1
12050	12050	1
4100	6056	1
1812	1199	1
8772	11945	1
6136	6777	1
9694	9694	1
677	3704	1
10405	5316	1
10964	7082	1
5706	6706	1
3722	2712	1
8975	1574	1
7082	10964	1
3950	4409	1
10327	9472	1
5493	2142	1
9717	11946	1
1914	4768	1
6281	2870	1
2764	2712	1
12058	11031	1
6135	6136	1
1740	3674	1
6777	6136	1
5722	8639	1
3260	1871	1
1184	387	1
92	4277	1
10333	4474	1
5504	5380	1
2940	1401	1
8763	7128	1
3259	1871	1
9299	7368	1
6673	6961	1
9356	11883	1
1281	2048	1
7082	6613	1
3996	1338	1
11070	5411	1
2642	10820	1
5266	12019	1
9229	8393	1
4468	5895	1
3333	2480	1
3098	4095	1
2435	2436	1
12059	11902	1
12053	5519	1
4983	4561	1
2048	1281	1
28	19	1
572	8575	1
3665	3154	1
1397	243	1
11995	12060	1
1839	6513	1
12061	8707	1
6646	5090	1
5316	10405	1
4640	64	1
1358	6494	1
6513	1839	1
6107	4320	1
12062	9351	1
8222	10570	1
2646	6507	1
5706	9230	1
3795	5566	1
4277	92	1
4948	5943	1
3400	9219	1
11556	7000	1
4188	5755	1
11211	5755	1
10810	8139	1
5431	5755	1
5293	4901	1
5681	5387	1
11702	7734	1
4881	9371	1
10473	2914	1
4319	6490	1
7128	10491	1
10839	5757	1
4409	3950	1
9314	3950	1
3950	7862	1
4640	5982	1
5607	9480	1
5715	2017	1
64	4640	1
4485	5877	1
12063	12064	1
6612	2914	1
9219	3400	1
3923	10376	1
1019	2534	1
6321	10576	1
1338	2135	1
11287	11433	1
10570	8222	1
10284	6864	1
2135	1338	1
6576	6513	1
395	1338	1
7862	3950	1
1181	7846	1
10276	7109	1
3315	6513	1
9683	9096	1
11968	5134	1
7785	317	1
1912	4287	1
10319	9966	1
2864	6696	1
2102	10273	1
11851	4633	1
7969	5365	1
2675	8124	1
6494	1358	1
8228	6309	1
3854	5496	1
5706	1855	1
10313	5301	1
8172	6748	1
7375	2588	1
10216	3914	1
5380	5504	1
3626	5796	1
4650	7775	1
5045	6854	1
6243	11831	1
5074	2935	1
8719	4988	1
2958	11910	1
3826	4597	1
8575	572	1
8404	5411	1
920	1005	1
3967	1709	1
