5301	4857	1
11831	6243	1
7215	7625	1
4729	5869	1
2646	6507	1
9717	11946	1
1930	1791	1
6245	6279	1
10958	6499	1
1105	6113	1
707	5459	1
1110	11382	1
7627	12084	1
12085	9015	1
3353	7645	1
3240	2691	1
6506	5806	1
3341	4048	1
4352	11616	1
2264	3738	1
6034	6509	1
12086	7884	1
6619	1452	1
8383	9442	1
3738	4327	1
6457	12075	1
2427	11502	1
1742	2083	1
3368	2113	1
3629	4453	1
7401	6942	1
10506	9556	1
8976	8763	1
4051	6309	1
2652	11888	1
6509	6034	1
12087	12088	1
8921	8411	1
11425	7158	1
7625	7215	1
12089	5873	1
5348	9010	1
9300	7560	1
7560	7152	1
3068	7543	1
1051	4484	1
457	457	1
6216	3020	1
3088	3020	1
9138	7000	1
5	5922	1
12082	2109	1
4026	1791	1
4980	8018	1
3183	3292	1
5806	6506	1
7000	9138	1
4696	10634	1
1005	6071	1
7536	9790	1
9021	10455	1
5671	9136	1
6337	7853	1
1629	6424	1
3937	3542	1
10624	4916	1
3091	3284	1
4771	5388	1
9939	11888	1
8525	8526	1
9861	9861	1
7961	9924	1
10535	11162	1
4460	4460	1
4657	4885	1
4657	4657	1
4757	2110	1
3088	623	1
3447	4233	1
572	11148	1
9267	8321	1
6898	7931	1
2347	3353	1
5897	5898	1
2086	3333	1
9015	12085	1
6216	5013	1
5604	3229	1
11888	2652	1
2347	4569	1
6637	9300	1
8322	9929	1
68	655	1
5898	5897	1
6216	2645	1
3629	2645	1
7862	3950	1
4220	4221	1
1635	4591	1
12090	12091	1
3463	4717	1
277	11950	1
3404	9892	1
2347	6034	1
3985	3103	1
4182	17	1
10886	4525	1
8322	7326	1
6079	11164	1
6216	1305	1
7612	9717	1
9093	11433	1
4293	12092	1
2765	8173	1
3553	1784	1
9929	8322	1
8323	8322	1
3553	7242	1
3861	1997	1
12092	4293	1
3263	9771	1
3732	5918	1
3650	9352	1
2385	7620	1
6814	1921	1
5134	11968	1
4051	6322	1
3918	8352	1
4418	11636	1
6127	1959	1
4445	4724	1
1715	8906	1
9550	7570	1
7452	11835	1
10699	8195	1
10990	2959	1
222	901	1
6113	8133	1
7452	4666	1
7690	1900	1
11968	5134	1
389	2371	1
522	3873	1
8152	8153	1
12093	12093	1
1039	5533	1
5455	9705	1
7437	7437	1
3088	6300	1
216	9728	1
3629	7164	1
7570	9550	1
4390	4525	1
9899	1810	1
4182	1512	1
2802	4525	1
3873	522	1
10473	2914	1
5660	4537	1
4763	4983	1
707	5229	1
8420	8421	1
3088	464	1
3629	9525	1
2931	1997	1
11864	11864	1
8130	6112	1
2051	1558	1
7908	11807	1
10341	11807	1
12070	511	1
7536	2364	1
12038	9700	1
8528	11807	1
4433	3988	1
3088	8940	1
4790	816	1
6216	2882	1
9917	816	1
9521	323	1
10431	5447	1
7452	8331	1
6079	11807	1
3463	9099	1
6216	3017	1
10791	1941	1
3950	4409	1
9539	889	1
7509	11807	1
7764	11807	1
11314	9722	1
5922	5	1
1149	8115	1
9246	1612	1
5827	4980	1
1761	238	1
3088	707	1
7560	9300	1
2898	452	1
12073	2663	1
238	1761	1
4182	2180	1
11812	6931	1
9674	8661	1
4047	8967	1
11980	11980	1
7452	7988	1
72	1432	1
9722	11314	1
4492	6545	1
4409	3950	1
10634	4696	1
3640	7924	1
2347	475	1
4435	3527	1
1200	4612	1
9700	12038	1
4362	6447	1
7536	4485	1
7767	6481	1
4280	11183	1
4034	3512	1
986	7029	1
3998	6196	1
6216	1096	1
6447	4362	1
8854	11060	1
11060	8854	1
3463	7367	1
8921	2534	1
10120	3480	1
1200	2270	1
5130	2894	1
5107	5934	1
11645	11888	1
3088	2137	1
2420	9300	1
11502	2427	1
5630	6367	1
5351	5041	1
8639	5722	1
3897	4341	1
4724	4445	1
9300	2420	1
12094	11716	1
8921	7583	1
2630	4183	1
11379	11816	1
7726	6635	1
2600	9945	1
3514	9945	1
3068	6836	1
4051	6635	1
21	1512	1
6322	7154	1
8619	10738	1
5474	2959	1
9314	3950	1
3629	8452	1
5041	5351	1
8492	4724	1
7282	4274	1
5893	2284	1
3017	7152	1
3854	3849	1
2242	7152	1
3629	4055	1
2663	2693	1
8365	8049	1
12073	2693	1
4724	8492	1
1504	6136	1
8071	10411	1
11716	12094	1
3463	5693	1
5773	7419	1
2027	2028	1
427	7560	1
987	579	1
6832	7109	1
6135	6136	1
11121	5353	1
2347	1859	1
6136	6135	1
10276	7109	1
12003	12003	1
12095	11537	1
9857	11537	1
8934	10924	1
3095	5897	1
8822	12096	1
11537	12095	1
6696	2864	1
11807	11807	1
4901	5293	1
6343	6251	1
7452	5282	1
7136	3889	1
905	3353	1
5307	10240	1
9136	5671	1
8921	5686	1
1900	7690	1
5061	1426	1
3629	1270	1
3088	2585	1
3088	6017	1
5524	7443	1
7442	7443	1
4205	12097	1
3333	2086	1
6918	1194	1
10538	5374	1
7145	7780	1
3480	10120	1
3463	6564	1
8153	8152	1
12096	8822	1
2585	6424	1
8333	9477	1
3689	2086	1
7308	3153	1
3818	2019	1
277	2265	1
4376	2641	1
2265	277	1
2516	3153	1
12098	12098	1
7071	11330	1
5897	3095	1
8204	2616	1
3017	6216	1
3775	6185	1
7029	986	1
2616	8204	1
6038	6185	1
12099	11348	1
9571	11348	1
3088	5047	1
1011	1012	1
3215	9704	1
3950	7862	1
11618	6287	1
4603	10208	1
4182	1667	1
11358	11544	1
10464	11556	1
7520	11487	1
7667	7854	1
3463	4857	1
9857	6309	1
6309	9857	1
1030	4677	1
11537	9857	1
11807	7509	1
3738	4209	1
6216	3450	1
3088	3450	1
9984	3455	1
11405	4946	1
7640	5922	1
2017	5462	1
7630	7993	1
3463	627	1
6942	7401	1
7620	2385	1
1959	6127	1
6367	5630	1
9550	9165	1
9165	9550	1
1774	5364	1
3463	5988	1
10389	9251	1
5100	5691	1
1859	2347	1
3088	6485	1
7785	317	1
3629	9772	1
7211	11442	1
5443	7535	1
3088	3149	1
3088	3068	1
5934	5107	1
7154	6322	1
1997	2931	1
4946	11405	1
6136	1504	1
11608	6135	1
9251	10389	1
4230	3401	1
1356	6024	1
12100	11044	1
11544	11358	1
9575	2776	1
10614	2211	1
7108	3545	1
2776	271	1
3353	905	1
4771	3261	1
564	905	1
1599	11760	1
8222	10570	1
4868	1558	1
11382	3401	1
11182	8051	1
3563	11051	1
10879	10677	1
3895	7164	1
6216	889	1
6216	1692	1
11382	2435	1
2351	10327	1
12101	12101	1
6433	5411	1
4581	10769	1
12102	6678	1
12094	7335	1
