2435	11382	1
6243	11831	1
1733	3155	1
9031	4692	1
1415	1835	1
7175	8290	1
1774	4692	1
3088	5411	1
6216	1232	1
4051	1232	1
2334	4468	1
12003	11408	1
10538	8803	1
5914	5914	1
2420	9300	1
4729	7004	1
2735	4535	1
9890	7708	1
1608	6750	1
12051	11016	1
3629	3038	1
9242	11031	1
3316	2935	1
5757	10839	1
1608	5748	1
12103	6424	1
10093	1028	1
8854	11060	1
10109	4922	1
11094	10634	1
6264	6023	1
3556	2228	1
10538	1900	1
4437	6468	1
9957	11996	1
7265	11996	1
979	5314	1
12089	12089	1
10538	5374	1
3978	5125	1
8401	8401	1
3316	3020	1
6987	6637	1
912	889	1
11818	12104	1
7836	5904	1
50	4309	1
6039	6351	1
10411	8071	1
8894	7031	1
7741	7031	1
905	564	1
1255	4092	1
3316	835	1
5131	10997	1
7401	6942	1
9697	10406	1
371	6188	1
1609	1099	1
1629	6544	1
5904	4135	1
3950	4409	1
2646	6507	1
11628	11633	1
4657	4885	1
4657	4657	1
9152	8929	1
6531	2260	1
3722	2718	1
7956	10083	1
3816	1126	1
11333	11810	1
11755	11810	1
1455	8076	1
8420	8421	1
12105	12105	1
277	11950	1
11807	7764	1
10924	8934	1
3950	7862	1
12106	9670	1
6942	7401	1
5721	5559	1
4988	5625	1
6185	3775	1
12107	625	1
218	4345	1
8605	10757	1
3240	10725	1
7264	10118	1
7314	3739	1
451	420	1
9541	9416	1
10455	9021	1
3812	8296	1
4922	10109	1
10820	3480	1
4293	12108	1
12109	1910	1
5791	3743	1
6079	11164	1
11060	8854	1
7335	12094	1
3463	4640	1
2239	2578	1
12108	4293	1
3651	5888	1
6268	4555	1
3316	2228	1
3978	5567	1
1738	1216	1
5125	3978	1
5567	3978	1
8605	6309	1
12110	12110	1
2179	1753	1
4409	3950	1
9966	8975	1
7862	3950	1
11807	6079	1
3316	3068	1
11164	6079	1
7924	3640	1
8929	9152	1
9429	9429	1
10024	8421	1
10232	2894	1
6343	4883	1
41	1268	1
5382	6037	1
9022	4981	1
7162	11140	1
3153	2516	1
11235	9480	1
1216	1738	1
6727	6040	1
5974	2907	1
3091	1031	1
8508	10681	1
4981	9022	1
11201	6066	1
1945	2321	1
5737	911	1
10082	6136	1
6135	6136	1
1504	6136	1
6136	10082	1
3284	3091	1
277	2265	1
186	2019	1
11826	4092	1
1031	3091	1
3978	1958	1
7229	2642	1
8903	10814	1
1455	12111	1
8139	10810	1
524	816	1
4345	4346	1
2843	2832	1
4250	2912	1
5750	2399	1
6979	2311	1
2652	11888	1
944	889	1
11633	11628	1
3513	10609	1
4778	9452	1
5293	4901	1
9402	9452	1
10538	7334	1
912	4211	1
4092	11826	1
12112	8628	1
4677	1030	1
8975	9966	1
5411	11536	1
12113	12113	1
1958	3978	1
2009	1810	1
2008	1810	1
2051	1558	1
3816	3401	1
707	3752	1
3751	4793	1
2211	4217	1
10614	8707	1
11536	5411	1
3651	3190	1
11996	9957	1
2489	9687	1
12114	12114	1
4414	10865	1
1099	6424	1
5721	9323	1
3816	3384	1
12112	4478	1
7314	160	1
1426	5061	1
10503	10503	1
11745	8139	1
11569	614	1
6256	4258	1
3057	965	1
6252	11382	1
3088	3020	1
3450	3088	1
3020	3088	1
9300	2420	1
4274	7282	1
11719	8771	1
9193	2107	1
1110	11382	1
9452	4778	1
3889	4778	1
10240	5307	1
7071	11330	1
8321	9267	1
1608	9997	1
5382	5830	1
8845	5830	1
5419	899	1
4034	3512	1
3651	5830	1
3512	4034	1
12115	12115	1
3339	4658	1
3480	10820	1
559	5972	1
9515	4157	1
936	6374	1
8018	9431	1
2879	857	1
2693	12073	1
8605	4603	1
737	1081	1
9672	4038	1
1081	737	1
4833	4211	1
10137	10137	1
6374	936	1
10997	5131	1
4511	13	1
12116	936	1
2873	4930	1
3162	475	1
4258	6256	1
6612	2914	1
5827	4873	1
8391	4873	1
9456	10753	1
8358	11536	1
2085	4090	1
5699	2912	1
9515	1249	1
11405	11151	1
6226	7152	1
6181	6355	1
1415	5532	1
11051	3563	1
5388	4771	1
6256	3497	1
3884	380	1
6402	7317	1
2283	3020	1
3562	3931	1
5972	559	1
10570	8222	1
3261	4771	1
7842	1207	1
3626	6784	1
2399	5750	1
11779	7514	1
9480	11235	1
12117	4647	1
10538	8938	1
1957	1059	1
9242	4950	1
2483	5382	1
5382	2483	1
8605	4873	1
4988	2423	1
4836	4950	1
4319	6281	1
6237	3374	1
4833	3938	1
3497	6256	1
4603	8605	1
6309	8605	1
10757	8605	1
5382	5381	1
1194	4376	1
3651	5382	1
11556	10464	1
5382	4666	1
3651	4666	1
12095	8093	1
1859	2347	1
1199	7663	1
7457	10634	1
7008	3101	1
3545	4660	1
4660	3545	1
4950	4836	1
5061	1426	1
3068	6836	1
8093	12095	1
511	1572	1
265	266	1
3889	2083	1
10810	8139	1
5364	12118	1
2763	9877	1
6185	2284	1
4517	12119	1
2125	6704	1
12118	5364	1
12120	2341	1
12006	11416	1
11934	593	1
6136	1504	1
2891	11949	1
6640	11949	1
10333	11949	1
4901	5000	1
8605	5107	1
11652	3010	1
4988	8711	1
5721	5536	1
4988	1200	1
7282	11949	1
1142	16	1
9431	8018	1
3881	858	1
12015	9223	1
6704	2125	1
4988	2381	1
12073	681	1
2205	12057	1
1059	1957	1
936	12116	1
5267	4250	1
5922	5	1
4988	5185	1
1031	2290	1
6245	8290	1
7785	317	1
8141	8404	1
5382	5880	1
7514	11779	1
12117	11779	1
2516	3153	1
11704	11300	1
6343	11044	1
6408	6408	1
4676	4726	1
5411	8404	1
452	1663	1
8404	5411	1
357	363	1
3023	3024	1
11032	12121	1
12122	7841	1
9251	10389	1
12123	6843	1
363	357	1
10677	10879	1
6843	12123	1
1455	382	1
4018	7305	1
8201	6515	1
1608	1607	1
12124	11957	1
1086	6515	1
10753	10324	1
2454	12120	1
10023	4569	1
9314	9314	1
8722	4918	1
1763	12125	1
4113	5482	1
2907	5974	1
12118	12118	1
10408	11542	1
2239	1624	1
11416	12006	1
10459	7688	1
4597	3826	1
3767	5217	1
4647	12117	1
11779	12117	1
5155	10835	1
4047	5180	1
6018	2523	1
3326	6963	1
6197	11016	1
7688	10459	1
10464	11121	1
6788	2343	1
8799	8799	1
8364	3817	1
8162	7614	1
12126	49	1
9138	7000	1
8521	3968	1
9330	6513	1
4316	2607	1
5660	1399	1
11016	6197	1
3817	8364	1
5051	4654	1
10082	9903	1
4445	8492	1
10609	3513	1
6540	9770	1
763	7956	1
2733	2694	1
4692	9031	1
1051	6325	1
7106	1269	1
4535	2735	1
5000	4901	1
10699	5952	1
6256	1954	1
3426	6840	1
4724	4445	1
506	10801	1
12102	12127	1
3200	3201	1
7000	9138	1
6957	11072	1
7611	12128	1
7126	5057	1
12128	7611	1
3088	3450	1
4671	8705	1
5205	5204	1
6268	10570	1
5100	5691	1
9242	7672	1
7145	7780	1
4464	140	1
1761	3666	1
7209	5354	1
11031	5691	1
3666	1761	1
1774	5364	1
1045	4666	1
7624	5691	1
2031	2031	1
1069	3103	1
10570	6268	1
1229	3568	1
11140	7162	1
9877	2763	1
12089	5873	1
2668	2031	1
5721	3546	1
6554	12129	1
6270	3568	1
9966	10319	1
4184	3229	1
3186	7813	1
5234	10415	1
9031	9769	1
10415	5234	1
2229	8020	1
2801	10379	1
2194	1468	1
11182	4418	1
2239	9056	1
6788	4303	1
6213	9004	1
4910	4812	1
10319	9966	1
7813	5693	1
4832	4812	1
9770	9145	1
7901	7901	1
5517	5693	1
5057	7126	1
5374	10538	1
8976	7128	1
6540	9145	1
7128	8976	1
6220	9145	1
5133	4857	1
7570	9550	1
10240	9145	1
4533	11940	1
8876	10634	1
8568	10685	1
5084	1358	1
4578	10933	1
3283	9145	1
3595	9145	1
9515	11113	1
1468	2194	1
10325	9145	1
6789	9145	1
2420	3005	1
12130	9145	1
2616	8204	1
1572	511	1
5984	8836	1
912	466	1
4580	11249	1
3203	466	1
5489	1096	1
11121	10464	1
11963	2161	1
10676	466	1
4931	466	1
628	4585	1
8492	4724	1
10319	8802	1
3968	8521	1
4445	4724	1
10312	466	1
6744	11244	1
419	466	1
4724	8492	1
10667	8139	1
11249	4580	1
1956	897	1
98	17	1
11044	6343	1
6190	11530	1
6251	6343	1
140	4464	1
11074	5191	1
3121	1270	1
5188	5351	1
12117	3109	1
4666	9888	1
7956	763	1
12131	12131	1
3201	3200	1
8153	9009	1
9165	9550	1
5625	4988	1
6062	4506	1
1913	466	1
10814	8903	1
5204	5205	1
5351	5188	1
11328	10325	1
7205	10325	1
3479	5326	1
8018	10325	1
7525	3239	1
11583	10325	1
2423	4988	1
9477	8333	1
6256	2276	1
8711	4988	1
1200	4988	1
2381	4988	1
7212	10325	1
8578	10325	1
7305	4018	1
4812	4910	1
2913	8680	1
3107	10325	1
9237	3358	1
8802	10319	1
8222	10570	1
4868	1558	1
9777	7508	1
2763	1563	1
2801	10968	1
11597	11597	1
4983	6329	1
12040	11236	1
5796	3166	1
372	372	1
1563	2763	1
