1512	28	1
4946	11445	1
4182	28	1
11817	5469	1
7452	7988	1
1666	3723	1
9441	8300	1
420	5323	1
11906	460	1
8339	10621	1
6562	11902	1
11842	7922	1
10666	4981	1
8331	11069	1
11907	2696	1
7754	11835	1
7120	6721	1
2935	835	1
737	1081	1
6977	4114	1
1081	737	1
277	10956	1
1884	9824	1
9505	9505	1
3177	6309	1
6364	5520	1
1816	8339	1
10925	5316	1
10621	8339	1
2696	11907	1
6007	380	1
7862	5009	1
3287	3489	1
8364	6062	1
6259	5217	1
7209	5354	1
11094	11908	1
2935	2874	1
9992	11909	1
6033	7162	1
11836	11831	1
9578	10830	1
6243	11831	1
5972	973	1
3216	11831	1
6845	2801	1
7988	7452	1
2801	6845	1
3767	8619	1
6899	271	1
7469	9178	1
3212	6246	1
4603	6246	1
5374	5904	1
3109	5904	1
7983	6038	1
5904	5374	1
7181	5474	1
10968	2801	1
7514	7465	1
9695	9807	1
3554	1426	1
7074	8647	1
4457	1059	1
8854	11060	1
239	250	1
8788	4810	1
6213	1599	1
3878	10762	1
28	1512	1
3017	2282	1
2611	2282	1
10762	3878	1
6108	7810	1
11403	7231	1
2076	4800	1
2296	1279	1
9178	7469	1
9188	5967	1
5078	4659	1
5967	9188	1
5641	2083	1
9234	4649	1
5078	628	1
11904	10257	1
10682	10682	1
380	6007	1
2961	3747	1
2801	10379	1
277	8321	1
5893	11536	1
3767	10738	1
4018	4504	1
5248	5670	1
3662	5526	1
8990	2115	1
2031	2031	1
10139	11321	1
11060	8854	1
1407	10355	1
9248	8150	1
11902	6562	1
5318	11455	1
7922	11842	1
3549	185	1
11831	6243	1
5463	4657	1
4939	5234	1
8975	10319	1
9785	1162	1
936	6374	1
9357	6035	1
11536	5893	1
5904	5190	1
1188	1428	1
9425	11536	1
1162	9785	1
2528	4961	1
11610	3960	1
7100	3723	1
5078	1508	1
7963	6139	1
9314	5009	1
11908	11094	1
9251	10389	1
1693	901	1
1714	3408	1
6976	2185	1
8336	11751	1
11182	4418	1
1693	222	1
4657	4885	1
2653	2973	1
3020	3088	1
464	3088	1
3088	3088	1
1599	11760	1
1043	3985	1
6760	8359	1
6506	5806	1
7645	3353	1
6675	10907	1
6752	2125	1
6661	1941	1
2253	3765	1
7100	10497	1
755	6564	1
5670	11724	1
9578	11884	1
1504	3449	1
10832	8441	1
5009	9314	1
2420	1009	1
9863	10423	1
6321	2252	1
7956	6622	1
11910	11910	1
11751	8336	1
6287	11618	1
4051	5408	1
3489	3287	1
4386	4172	1
7401	1687	1
1062	1059	1
6743	1069	1
1069	6743	1
3088	464	1
4418	11182	1
1687	7401	1
2874	2935	1
3088	3020	1
7766	7311	1
835	2935	1
11887	11866	1
3800	7626	1
2051	1558	1
5013	9519	1
1599	4341	1
7938	6348	1
11031	5691	1
4917	9519	1
7469	5227	1
10562	4414	1
11911	4482	1
5234	4939	1
11201	6066	1
3777	1218	1
9062	814	1
11479	1030	1
5027	5026	1
4362	6447	1
11743	11216	1
3985	1043	1
9587	10259	1
4304	4249	1
8800	8799	1
5843	4939	1
3512	6804	1
4532	4533	1
4172	4386	1
10273	2102	1
4409	3950	1
3950	4409	1
2047	4881	1
11444	4341	1
1508	2544	1
11912	5282	1
11536	5174	1
2043	1828	1
905	8457	1
628	905	1
1059	5774	1
564	905	1
7008	7009	1
8457	905	1
11829	11829	1
4346	7810	1
6506	10822	1
4881	2047	1
2544	1508	1
5316	10925	1
7082	6286	1
2102	10273	1
7919	5090	1
4235	3948	1
8756	10012	1
1207	753	1
3333	4555	1
11913	11913	1
7983	11094	1
3765	3232	1
11914	11358	1
11915	8282	1
1184	4233	1
1064	1420	1
3578	1420	1
1307	441	1
2829	441	1
11916	11916	1
11597	11597	1
9374	1055	1
10725	3240	1
6456	7663	1
5519	4899	1
3279	2083	1
5086	5087	1
5435	4032	1
10066	10988	1
11917	5392	1
8123	8252	1
11918	8049	1
5347	5282	1
11831	11836	1
6414	5782	1
4533	4532	1
9684	7931	1
4249	4304	1
4025	3194	1
5026	5027	1
6322	8472	1
1913	889	1
8071	10411	1
11536	9425	1
2604	6294	1
447	9927	1
11570	10955	1
3547	1996	1
9914	1254	1
6622	7956	1
7128	8975	1
11618	6287	1
5949	1254	1
5078	6559	1
1045	7854	1
7432	7433	1
6294	2604	1
11551	7337	1
7274	6564	1
10713	9133	1
2252	6321	1
10333	10518	1
98	5506	1
3861	3861	1
4279	11894	1
10285	5598	1
2900	6309	1
22	11900	1
10518	10333	1
5078	6509	1
10319	8975	1
4949	5161	1
6245	7262	1
5078	540	1
1181	11919	1
3497	9503	1
543	616	1
4726	2017	1
11920	11921	1
6374	936	1
1305	676	1
5854	5515	1
11922	11922	1
8763	7128	1
8975	7128	1
2242	7152	1
4047	6141	1
11812	4747	1
1752	10483	1
7979	6309	1
7810	4346	1
7423	7597	1
6989	11923	1
5932	9727	1
3087	4913	1
5648	9281	1
601	9980	1
7983	9876	1
6135	5009	1
5598	10285	1
11279	8484	1
5193	1134	1
11093	11093	1
11924	11924	1
8484	11279	1
447	3699	1
11724	5670	1
5670	5248	1
9896	5248	1
3088	6122	1
8139	11745	1
6038	7983	1
8472	6322	1
11094	7983	1
9876	7983	1
747	746	1
5646	7983	1
11908	7983	1
54	62	1
6448	8824	1
11372	6898	1
689	11733	1
10411	11351	1
9540	5469	1
4356	5469	1
4535	5469	1
11010	2735	1
8213	5469	1
4528	2735	1
7514	8826	1
7609	9876	1
3303	2735	1
3170	2735	1
1058	355	1
11182	8051	1
4418	8051	1
676	1305	1
2077	2083	1
6976	5148	1
1742	2083	1
11201	5922	1
2735	2735	1
9453	9456	1
9876	7609	1
3422	3642	1
3383	11091	1
3518	3642	1
1855	5830	1
8051	4418	1
10012	8756	1
2228	4946	1
6299	6479	1
10259	10259	1
7626	3800	1
5009	6135	1
7469	9239	1
2735	4528	1
2009	2008	1
4812	11701	1
8975	8802	1
6898	11372	1
9300	7654	1
97	1208	1
5859	3849	1
10738	8071	1
2227	3954	1
8222	6365	1
7340	10935	1
10935	7340	1
