11969	59	1
6037	9888	1
7726	6635	1
3968	8541	1
7000	9138	1
9554	10252	1
6301	4217	1
9453	9888	1
7128	10343	1
3323	5948	1
11955	1134	1
5699	2086	1
4217	6301	1
8243	5650	1
2706	2853	1
3985	1043	1
257	6317	1
13	88	1
7509	8528	1
3613	762	1
8704	10145	1
2019	186	1
6034	4668	1
10731	7586	1
4811	7668	1
9554	9480	1
3719	4668	1
5217	3767	1
2616	1925	1
8609	8885	1
10145	9790	1
4668	6034	1
8073	664	1
10333	10518	1
1837	2712	1
3501	6846	1
1310	6265	1
5411	1740	1
649	10153	1
11506	10153	1
2209	2210	1
2764	2712	1
6268	4555	1
6812	9511	1
5188	10153	1
1897	6863	1
10002	4018	1
6843	10488	1
7106	2750	1
6844	6758	1
435	435	1
3921	10153	1
1925	2616	1
9876	11300	1
11962	10153	1
3560	6863	1
5062	625	1
5898	5354	1
11955	5469	1
6863	1897	1
975	500	1
2169	8335	1
6320	4038	1
3968	3931	1
11970	5013	1
8160	4727	1
9755	10153	1
11058	3020	1
3037	3452	1
173	4444	1
5845	5047	1
5047	5845	1
7720	10153	1
4485	5142	1
3043	4930	1
21	4930	1
9876	11094	1
10444	10153	1
9772	2996	1
10685	4115	1
10327	7501	1
11971	11864	1
3545	4660	1
3968	5043	1
3491	4930	1
6845	2609	1
6243	4930	1
1208	40	1
1110	5885	1
10968	2609	1
6863	3560	1
2801	2609	1
3287	3489	1
4862	11935	1
8141	4930	1
88	13	1
6846	3501	1
1037	6647	1
6458	920	1
2127	371	1
7785	317	1
634	1077	1
10153	2645	1
10259	10259	1
10349	10634	1
6118	4876	1
2735	4535	1
3650	1084	1
3109	5374	1
5904	5374	1
1072	2634	1
2209	6113	1
2939	4930	1
2162	2162	1
8451	10762	1
8527	118	1
6066	11201	1
5922	11201	1
11201	5922	1
2913	3315	1
1726	7046	1
1632	778	1
10762	875	1
1199	4696	1
4167	4095	1
11972	9391	1
3968	7780	1
664	8073	1
7619	7838	1
4174	5546	1
1780	7480	1
3767	5217	1
11745	8139	1
2695	6913	1
3968	2379	1
40	1208	1
4167	2276	1
6113	2209	1
8358	965	1
7544	10060	1
1625	1280	1
5868	7553	1
5354	5898	1
1784	2232	1
426	1289	1
11372	6898	1
11205	9026	1
4444	173	1
1289	426	1
10343	7128	1
11815	9026	1
11344	7521	1
8763	7128	1
4383	1145	1
664	4554	1
2291	1232	1
6316	6206	1
342	4964	1
221	294	1
6160	6160	1
8335	2169	1
14	2454	1
4660	3545	1
10873	8729	1
5452	8181	1
1030	1089	1
1310	3108	1
14	5171	1
9845	477	1
4660	4408	1
11324	3566	1
786	1079	1
10982	7340	1
3852	4159	1
2695	6332	1
4540	5467	1
11935	4862	1
1321	1901	1
11851	3786	1
5204	5205	1
5546	4174	1
1726	2613	1
6317	257	1
11140	9816	1
4167	2673	1
9876	2645	1
5650	8243	1
874	5622	1
5500	1585	1
3260	6649	1
4679	5502	1
4408	4660	1
9876	2838	1
1643	1653	1
6249	8776	1
7726	8235	1
3521	8919	1
5	11201	1
208	1748	1
3938	4429	1
1761	3666	1
2695	2004	1
3735	489	1
11973	4755	1
10095	6045	1
7082	7804	1
11803	9431	1
9431	11160	1
28	5622	1
2695	11366	1
7274	2343	1
6045	10095	1
9356	3450	1
9178	7469	1
1051	9874	1
4383	4457	1
5047	6246	1
10153	11506	1
1585	5500	1
11962	11506	1
5479	5064	1
4696	1199	1
2646	5240	1
6776	11974	1
4938	8935	1
2209	4448	1
10762	8451	1
875	8451	1
5502	4679	1
5086	5087	1
4162	5550	1
5203	2113	1
8867	8451	1
5469	9540	1
2116	8451	1
9300	7654	1
9876	4432	1
1733	3155	1
11904	11904	1
7487	5897	1
7804	7082	1
5719	67	1
28	3218	1
4448	2209	1
4901	5000	1
8451	2116	1
7501	10327	1
11201	5	1
9522	2617	1
3136	11132	1
14	3804	1
4167	533	1
2420	944	1
7561	3514	1
800	3514	1
10421	3860	1
4936	1055	1
4316	1281	1
10660	10661	1
4810	6222	1
6637	9300	1
1517	5296	1
6195	12	1
3666	1761	1
1310	2651	1
3447	4233	1
5885	4821	1
944	2420	1
9001	4437	1
4577	5039	1
2228	5039	1
7153	4603	1
3020	11058	1
5140	1810	1
2613	1726	1
1810	5140	1
137	11975	1
4805	11975	1
1726	2729	1
224	224	1
4135	5904	1
242	241	1
3083	5297	1
5845	7331	1
5297	3083	1
11976	11976	1
14	974	1
975	974	1
3303	3171	1
2542	5588	1
8919	3521	1
9550	9550	1
2355	1374	1
8080	269	1
1812	1199	1
7291	8617	1
6417	1379	1
6113	1105	1
4535	2735	1
5039	2228	1
7325	7324	1
380	1352	1
5500	5501	1
222	1693	1
5022	5847	1
10829	1526	1
4383	1605	1
11934	2341	1
6153	6154	1
9845	5233	1
3004	4876	1
1693	222	1
11201	6066	1
5796	4876	1
14	441	1
5847	5022	1
3738	4209	1
7331	5845	1
2264	4209	1
10624	1853	1
625	5062	1
7257	6066	1
1062	5297	1
4167	1625	1
2232	1784	1
8082	11977	1
7726	6700	1
4167	71	1
2494	5497	1
4383	7317	1
3176	10541	1
7089	9687	1
10058	7752	1
751	862	1
6760	8359	1
2399	5140	1
1625	4167	1
3033	3034	1
5479	4486	1
6301	11817	1
10615	11760	1
9687	7089	1
8536	8536	1
5296	1517	1
34	34	1
10154	11536	1
2009	2008	1
572	7645	1
3353	7645	1
3771	188	1
11978	11978	1
634	1985	1
3315	2913	1
2865	7484	1
11979	1537	1
1884	7949	1
9201	6348	1
14	5297	1
6927	4056	1
1055	4936	1
11791	11131	1
6348	9201	1
519	519	1
5376	42	1
8254	11421	1
14	3824	1
1432	2084	1
1901	1321	1
7089	6299	1
8451	875	1
3645	1108	1
8878	583	1
7949	1884	1
4167	933	1
7553	5868	1
5904	4135	1
8802	8975	1
9876	6836	1
8261	7262	1
5506	1653	1
3068	6836	1
8420	8421	1
3730	8614	1
7517	11111	1
4036	8738	1
3450	9356	1
4260	11630	1
11851	5119	1
1142	16	1
58	564	1
5039	4577	1
1043	5084	1
9614	9127	1
9600	10230	1
8617	7291	1
4525	6439	1
2605	11865	1
4370	1643	1
5461	8609	1
8885	8609	1
3651	849	1
221	7214	1
1096	1517	1
10928	5870	1
54	53	1
3092	1517	1
173	130	1
1517	1096	1
849	3651	1
130	173	1
6062	8364	1
11479	3137	1
7082	6613	1
11980	11980	1
11981	11981	1
9251	9120	1
11876	11671	1
89	427	1
1586	1096	1
6183	6183	1
5721	5536	1
2291	1307	1
9070	11547	1
4662	9138	1
1207	4079	1
3463	5536	1
8364	6062	1
7367	5536	1
700	342	1
4176	4732	1
3262	4179	1
5536	7367	1
8975	8802	1
8007	6449	1
5536	5721	1
6863	4195	1
2209	5722	1
930	9207	1
4653	3901	1
7484	10435	1
8968	10435	1
21	1512	1
5722	2209	1
6146	6649	1
11835	8938	1
14	10241	1
2654	4921	1
11111	7517	1
11069	5536	1
1872	1872	1
8719	4988	1
4921	2654	1
9876	5647	1
3968	6135	1
1512	21	1
4409	3950	1
8938	11835	1
7107	7486	1
3176	1759	1
4345	4346	1
7335	6273	1
5241	8257	1
7214	221	1
8654	11727	1
11975	137	1
6080	8875	1
3476	1744	1
5479	5633	1
4796	4983	1
8599	11539	1
5457	8969	1
11953	9248	1
4056	6927	1
5234	9248	1
9939	11210	1
2585	2137	1
7726	3633	1
6985	3479	1
3158	4480	1
9842	5388	1
8214	3817	1
1321	4169	1
4167	5503	1
1926	2137	1
1900	8975	1
2137	1926	1
8333	8676	1
10833	11416	1
4662	6783	1
3514	7561	1
2077	2083	1
4101	9863	1
4662	3828	1
7205	5411	1
5981	6155	1
8642	3633	1
5411	7205	1
7668	4811	1
4603	7153	1
4383	4835	1
11405	11445	1
4018	10002	1
1043	3985	1
6364	5520	1
5479	2556	1
2420	1009	1
4167	5958	1
944	1009	1
2291	623	1
4079	1207	1
7645	572	1
5087	5086	1
3989	1284	1
4872	3010	1
2488	1310	1
2651	1310	1
10313	5301	1
11982	11650	1
6540	791	1
9503	4544	1
2392	2216	1
8333	4647	1
11983	8763	1
5043	4797	1
241	242	1
7566	4073	1
5346	9375	1
7916	5133	1
3491	1485	1
8333	5888	1
208	655	1
8938	5206	1
4856	1862	1
1552	1561	1
1375	3350	1
7128	8763	1
8260	10611	1
8492	4724	1
4812	4910	1
4724	8492	1
10770	7819	1
9452	9402	1
4428	4427	1
8959	4947	1
7274	6021	1
11346	2397	1
11759	11984	1
11979	1420	1
7501	8093	1
6449	8007	1
8895	79	1
4158	6127	1
4167	395	1
597	673	1
3243	7775	1
3137	11479	1
5381	10387	1
5469	4535	1
1740	5411	1
7145	7780	1
662	660	1
5934	6506	1
2209	588	1
8093	7501	1
976	11382	1
3177	6309	1
11985	11286	1
7804	5411	1
9876	3555	1
9251	10389	1
6472	11204	1
5000	4901	1
3512	6804	1
8164	3944	1
3968	5607	1
588	2209	1
4176	3647	1
6232	9094	1
6992	588	1
9894	6115	1
11986	4034	1
9511	7481	1
4802	9790	1
4910	4812	1
3951	5230	1
7013	6206	1
9876	5532	1
7334	6206	1
9973	5588	1
4167	6372	1
4073	7566	1
2031	3641	1
2354	1869	1
5133	7916	1
44	10241	1
4662	6081	1
5195	5198	1
9120	9251	1
9248	5234	1
10389	9251	1
6440	6269	1
3968	5519	1
9089	6059	1
9540	5469	1
4535	5469	1
9587	8545	1
4807	5742	1
6268	5414	1
10488	6843	1
2120	4634	1
10430	10430	1
9863	10423	1
1898	5742	1
7726	5229	1
4164	1638	1
1599	11760	1
1561	1552	1
11539	8599	1
788	21	1
8711	5742	1
5742	5902	1
11987	11987	1
9138	4662	1
7020	7333	1
9578	9579	1
4676	11767	1
3573	2349	1
6167	1877	1
1310	2167	1
4176	5100	1
10506	5027	1
11128	11988	1
4167	1523	1
9700	3620	1
3968	7901	1
6918	1361	1
9586	10903	1
5897	7487	1
4696	1432	1
7718	8014	1
5140	2399	1
9049	7613	1
8803	6923	1
9094	6232	1
5443	7581	1
9248	7916	1
6322	4051	1
6268	2496	1
5099	2019	1
7613	9049	1
6622	7956	1
8007	5419	1
2019	5099	1
5708	153	1
8545	9587	1
9488	3297	1
9375	5693	1
5256	7480	1
8451	8867	1
8333	9736	1
11989	3440	1
11121	10464	1
6168	5824	1
6923	8803	1
4983	5384	1
4106	3810	1
8333	8361	1
11031	4726	1
6046	4523	1
3440	11989	1
3353	3183	1
7340	10982	1
11990	10341	1
7274	9715	1
4468	1176	1
7916	9248	1
2209	8712	1
9402	9452	1
4346	4345	1
5347	5282	1
10903	9586	1
4676	4726	1
11836	11403	1
7303	6022	1
11928	7480	1
6373	2902	1
11060	8854	1
5870	10928	1
5641	11991	1
3430	7836	1
4523	6046	1
3985	10755	1
3777	1218	1
9496	5162	1
4822	786	1
1257	2616	1
9806	9806	1
8333	4977	1
10570	5060	1
11403	11836	1
3479	11031	1
731	732	1
6268	10570	1
4602	4346	1
7791	7884	1
11918	11918	1
8130	6112	1
6112	8130	1
2663	2693	1
2699	4287	1
4194	4193	1
11992	11992	1
1051	11618	1
1166	2192	1
3004	11419	1
5027	10506	1
5445	4408	1
11419	3004	1
11988	11128	1
11956	2192	1
5469	11955	1
1040	6918	1
5100	4176	1
1134	11955	1
4528	2735	1
11842	11955	1
3817	8214	1
1194	6918	1
4113	10506	1
1971	6187	1
7501	2735	1
786	4822	1
7581	5443	1
10611	8260	1
6268	3892	1
3901	4653	1
3479	6985	1
5742	1898	1
5348	9010	1
4983	4796	1
11031	3479	1
2735	7501	1
10962	1278	1
11944	3817	1
11817	6301	1
2209	10273	1
3817	11944	1
45	31	1
11132	3136	1
5598	10478	1
2735	4528	1
5262	10649	1
3968	4060	1
6357	5510	1
8975	1900	1
7274	5988	1
11547	9070	1
11993	11994	1
153	5708	1
4210	7082	1
3824	2454	1
2897	3704	1
208	11950	1
3404	3405	1
655	11950	1
11390	3058	1
10755	3985	1
486	2547	1
8587	8195	1
10777	10777	1
4051	6322	1
3183	3353	1
5885	3401	1
5806	6506	1
1069	11433	1
1188	6506	1
10301	10301	1
11286	11985	1
10886	4525	1
3479	10988	1
11995	11995	1
8969	5457	1
9797	7128	1
5711	5715	1
1420	5717	1
5683	4751	1
10180	6627	1
10183	8705	1
8935	4938	1
321	2153	1
54	62	1
5715	2017	1
4751	5683	1
5893	2284	1
6273	7335	1
11630	4260	1
2496	5581	1
190	203	1
9207	930	1
7082	4210	1
2017	5715	1
3138	5581	1
6783	4662	1
5581	3138	1
6081	4662	1
9850	9850	1
1284	3989	1
5047	7683	1
10737	535	1
6268	1897	1
1653	5506	1
10232	3487	1
4249	4309	1
6187	1971	1
9138	7000	1
11556	7000	1
1243	705	1
4169	1321	1
5419	8007	1
10844	10844	1
5688	9397	1
10153	10153	1
2153	321	1
437	2719	1
8365	8049	1
4383	708	1
912	1420	1
1338	395	1
7916	11676	1
