4741	5210	1
12065	12066	1
677	1556	1
1338	2135	1
12008	6845	1
318	10023	1
3240	2691	1
4352	11616	1
3967	1709	1
5870	10928	1
3889	7136	1
2885	9300	1
12057	2205	1
6779	5541	1
10343	7128	1
3008	774	1
5541	4954	1
7487	5932	1
3440	5691	1
7560	9300	1
5411	6433	1
12067	12068	1
8640	3017	1
3418	18	1
12069	12069	1
7128	10343	1
5297	5774	1
5854	243	1
12019	5266	1
6845	12008	1
10325	10153	1
10636	10153	1
511	12070	1
2116	2115	1
3528	4183	1
11910	2284	1
905	564	1
1064	10153	1
9694	9694	1
2115	2116	1
11506	10153	1
4034	3512	1
6724	9969	1
11962	10153	1
4370	243	1
8867	8451	1
11181	4213	1
5365	7969	1
10004	3692	1
10216	2427	1
1099	5006	1
1100	5006	1
8975	5482	1
5006	1099	1
222	2190	1
12071	183	1
9049	10889	1
3351	5463	1
9777	7508	1
3738	4209	1
5248	11724	1
4461	5211	1
10273	2102	1
6922	5861	1
6213	9004	1
5541	6779	1
1059	5774	1
3641	2031	1
223	1359	1
6118	4876	1
1687	1618	1
9300	7560	1
1618	1687	1
10109	2595	1
4183	3528	1
387	1184	1
3109	6386	1
3861	2304	1
3545	4660	1
7274	9715	1
5796	3166	1
6368	2343	1
4318	9924	1
1517	5296	1
7660	816	1
906	4155	1
11556	10464	1
6368	4930	1
6950	4930	1
11233	4260	1
3991	5935	1
1114	6987	1
3766	3766	1
6374	936	1
4668	6034	1
11201	6066	1
9002	4578	1
10681	8508	1
8171	816	1
10376	12056	1
2552	1437	1
1017	1076	1
6321	2260	1
3297	11455	1
6646	5090	1
12011	6349	1
1338	395	1
9351	12062	1
4123	2260	1
2725	8711	1
1184	387	1
3450	3088	1
9969	6724	1
12072	2228	1
12073	681	1
6349	12011	1
8420	8421	1
2264	4209	1
12074	12075	1
1983	2321	1
12064	12063	1
868	1266	1
183	12071	1
8125	6513	1
2276	1280	1
12063	12064	1
6136	1504	1
7100	7100	1
4173	3335	1
2822	768	1
4274	7282	1
11372	6898	1
4167	933	1
6898	11372	1
5445	4408	1
11946	9717	1
3427	3826	1
1281	2048	1
10615	7473	1
5545	1886	1
2512	3101	1
867	6439	1
2260	6321	1
2822	2194	1
7228	9041	1
9356	11883	1
3520	4563	1
740	4174	1
2106	9835	1
6579	2332	1
2758	2194	1
12073	5221	1
11645	2651	1
5977	5176	1
3296	140	1
11935	4274	1
928	929	1
4838	422	1
3104	3105	1
7782	9761	1
1664	219	1
3705	10526	1
2479	9676	1
9234	9488	1
8707	12061	1
6127	6083	1
9041	9041	1
4960	422	1
1938	737	1
4183	2630	1
737	1938	1
6897	4020	1
5861	6922	1
1358	6494	1
6083	6127	1
11810	11755	1
7128	8763	1
9715	7274	1
11419	3004	1
6368	5796	1
3642	1997	1
5932	7487	1
987	579	1
5020	3717	1
2595	10109	1
958	752	1
7082	10964	1
11467	10742	1
3818	2634	1
8296	3812	1
1014	2353	1
8335	2169	1
1176	3940	1
2511	3955	1
7726	7726	1
6673	2386	1
4051	6802	1
3633	7726	1
238	3239	1
3705	3706	1
8235	7726	1
2169	8335	1
5628	5628	1
8085	10742	1
5266	12019	1
12076	2478	1
6635	7726	1
11060	8854	1
4504	2562	1
4525	500	1
1599	2562	1
1642	604	1
6107	6022	1
12077	11175	1
4213	11181	1
3824	2454	1
11831	6243	1
7004	4729	1
707	5229	1
11421	8254	1
1029	614	1
4660	3545	1
9237	3358	1
7570	9550	1
4283	9687	1
7825	9687	1
4174	740	1
2758	10332	1
5357	8899	1
7952	6447	1
7993	7630	1
9874	1051	1
1733	3155	1
3236	10561	1
1051	9874	1
12078	3410	1
241	242	1
11618	1051	1
242	241	1
9966	10319	1
5176	5977	1
2446	1051	1
6325	1051	1
10865	3246	1
9006	1051	1
7451	8313	1
635	1051	1
2205	12057	1
3791	4492	1
11633	11628	1
11022	11628	1
12079	11628	1
10284	11628	1
4978	4561	1
9752	5827	1
2420	1051	1
5812	6638	1
4983	4561	1
5088	579	1
2646	1051	1
7625	7215	1
2969	2870	1
6807	6808	1
5755	11211	1
7484	8389	1
2329	1517	1
11285	11895	1
3248	4876	1
12009	11472	1
2329	9220	1
4657	5463	1
5045	10244	1
2996	9772	1
4434	4217	1
7645	3353	1
395	2894	1
11290	11290	1
11472	12009	1
10069	9158	1
4651	714	1
9484	2331	1
1499	8244	1
5706	8647	1
2211	4217	1
3215	9704	1
2562	4504	1
4816	4662	1
2749	2321	1
3717	5020	1
1358	5084	1
10503	10503	1
1716	1715	1
4780	11751	1
2691	3240	1
8051	11182	1
3629	3629	1
2651	11645	1
7060	9589	1
3629	9772	1
4220	4221	1
2873	4930	1
9772	3629	1
8254	11421	1
1509	4357	1
310	310	1
84	1526	1
2321	2749	1
6380	1483	1
3212	2909	1
1041	9503	1
11888	2652	1
5918	3732	1
3512	4034	1
8018	4980	1
7205	4980	1
4368	4980	1
5893	2284	1
5481	4980	1
4345	4346	1
5131	1664	1
4346	4345	1
219	1664	1
3867	8914	1
3017	278	1
1550	4205	1
3292	3183	1
627	628	1
271	6899	1
8011	2017	1
1280	2276	1
605	5099	1
10511	11835	1
5706	10208	1
614	1029	1
5110	5818	1
1512	21	1
9506	6530	1
1599	6530	1
2870	6281	1
1504	6136	1
3396	6530	1
11749	6530	1
11810	11333	1
6423	6530	1
997	6530	1
9761	7782	1
5870	11466	1
11513	11187	1
1685	2153	1
5519	4295	1
10415	10464	1
8938	11835	1
10319	9966	1
5463	6205	1
4135	5904	1
1715	1716	1
12019	5904	1
1077	4435	1
4856	4389	1
4983	4763	1
1597	11472	1
1128	2980	1
8150	5096	1
8611	5096	1
2329	2529	1
1912	8247	1
11010	11010	1
5524	6848	1
11954	11954	1
7135	7136	1
8854	11060	1
12076	5466	1
1051	635	1
961	669	1
5111	1229	1
6509	6034	1
6100	6700	1
8405	2440	1
7726	6700	1
12042	8441	1
9519	4917	1
4729	7004	1
5757	10839	1
3950	4409	1
12080	8488	1
4409	3950	1
3867	3868	1
4657	4885	1
1812	2084	1
2416	7254	1
4217	2211	1
8133	6113	1
5736	7621	1
7078	7079	1
317	7785	1
8011	2383	1
11210	9939	1
11537	9857	1
4024	644	1
5904	4135	1
6612	1839	1
1114	10552	1
3853	5857	1
12081	1393	1
3537	8958	1
10886	8724	1
5221	12073	1
5964	1193	1
8125	7158	1
10928	5870	1
11425	7158	1
11466	5870	1
6205	5463	1
3950	7862	1
1664	5131	1
6286	7082	1
1119	869	1
5893	8093	1
8093	5893	1
7561	11715	1
3121	635	1
7082	2198	1
11348	7125	1
9966	9763	1
2198	7082	1
1175	428	1
5334	428	1
3161	2276	1
12082	12082	1
7810	6108	1
11913	10563	1
7184	10563	1
9763	9966	1
7082	6286	1
3323	3444	1
8492	4724	1
4438	5697	1
1031	3985	1
5180	8967	1
3722	2712	1
6513	9330	1
9173	7503	1
371	515	1
12029	11074	1
7265	6513	1
2870	1094	1
4868	1558	1
7885	5634	1
11616	4352	1
1468	2194	1
6018	2523	1
2523	6018	1
4822	6095	1
12073	7519	1
2716	1000	1
10551	10551	1
7519	12073	1
11724	5248	1
6108	7810	1
11549	5697	1
5755	5431	1
10590	5697	1
4345	218	1
12061	8707	1
4492	4876	1
1599	11760	1
9556	10506	1
7785	317	1
11715	7561	1
21	1512	1
6489	10506	1
6243	11831	1
6513	7265	1
2663	7519	1
8425	10506	1
6942	7401	1
7415	7416	1
758	759	1
3444	3323	1
6251	6343	1
3088	3450	1
12083	5697	1
4355	2383	1
12073	12073	1
2663	12073	1
5411	4905	1
1393	12081	1
5504	5380	1
11645	1937	1
7308	3153	1
3479	6985	1
5904	12019	1
3153	7308	1
12058	6985	1
3339	3522	1
4205	1550	1
5111	3723	1
669	669	1
6368	5783	1
5468	5783	1
4241	4133	1
5459	5697	1
9050	5697	1
11382	3401	1
11594	11228	1
21	7328	1
9037	10674	1
4230	3401	1
4612	5523	1
9929	8322	1
6579	391	1
364	1742	1
717	9736	1
3175	3175	1
7813	10614	1
1110	9483	1
9113	10614	1
8707	10614	1
2211	10614	1
3861	3212	1
11978	3212	1
3017	8640	1
2646	5240	1
11164	6079	1
5380	5504	1
5963	1217	1
5248	4207	1
5773	8822	1
