7813	3186	1
9475	3865	1
12315	10737	1
1897	2480	1
4437	4980	1
7971	7854	1
3943	3949	1
12132	12133	1
7138	5843	1
7318	4881	1
3202	1836	1
6765	9720	1
4748	1316	1
6309	3177	1
318	12399	1
6117	6729	1
9720	6765	1
4506	4505	1
11770	1504	1
5227	9230	1
6234	2785	1
7128	9693	1
12419	4505	1
8547	4505	1
8492	4724	1
5309	4505	1
11770	173	1
5799	4581	1
7469	9178	1
3730	7469	1
10826	4505	1
3170	8707	1
5411	2420	1
2420	5411	1
3352	1982	1
453	453	1
2589	1091	1
6220	12447	1
4977	4431	1
10636	10153	1
10570	4668	1
1050	1175	1
1268	2017	1
2187	2193	1
11499	7079	1
9105	4608	1
3808	7262	1
6512	868	1
1025	2616	1
9178	7469	1
7235	75	1
6843	6858	1
10713	6577	1
993	2616	1
7825	2252	1
1030	1031	1
7508	7508	1
1175	6556	1
9777	7508	1
4205	8290	1
7175	8290	1
7423	5090	1
5374	3109	1
5610	6863	1
7137	6863	1
12313	2116	1
6863	5610	1
5004	9397	1
3082	5282	1
6556	1175	1
7032	6700	1
3668	1175	1
3559	5565	1
3450	6700	1
11643	6385	1
2331	12443	1
12448	12448	1
2891	10333	1
5227	8647	1
209	1029	1
4341	1599	1
426	5359	1
4380	1854	1
6729	6117	1
6185	5576	1
706	5576	1
788	1282	1
3520	5690	1
4921	5359	1
2163	1099	1
9426	2552	1
4138	4444	1
12414	10103	1
12449	807	1
7019	7858	1
3109	5374	1
6066	11201	1
807	12449	1
5732	1972	1
4453	9576	1
3616	3816	1
4608	9105	1
9230	6121	1
8775	6113	1
9075	12450	1
7029	986	1
3262	4295	1
3297	11455	1
2652	922	1
4043	5350	1
5866	5630	1
593	1541	1
2810	1202	1
1693	222	1
7858	7019	1
12432	12432	1
1396	9597	1
2055	1499	1
5602	9158	1
1713	1712	1
3066	3826	1
1836	3202	1
12445	12446	1
5866	5966	1
4676	4726	1
2416	2475	1
11455	3581	1
6771	8977	1
7626	3581	1
4431	4977	1
737	1081	1
5116	1816	1
6316	6206	1
2077	1388	1
5934	6506	1
11344	7521	1
5196	5198	1
4578	1937	1
3835	805	1
5690	3520	1
9270	6200	1
1081	737	1
4036	5670	1
11664	9620	1
12413	11164	1
5248	5670	1
421	901	1
2193	2187	1
2055	10890	1
11628	1034	1
6245	11935	1
10252	9480	1
11235	9480	1
5484	9180	1
3520	4563	1
6079	11164	1
7895	11164	1
1188	2827	1
1099	2163	1
7469	8571	1
3738	5128	1
11455	11455	1
8903	10611	1
4726	4676	1
7810	4346	1
2017	2380	1
2300	4575	1
4092	1681	1
6316	12351	1
4161	8127	1
2428	3232	1
12082	2109	1
1712	1713	1
751	11934	1
705	1243	1
7592	460	1
1972	5732	1
11610	9076	1
986	7029	1
9597	1396	1
6673	2386	1
7801	3817	1
4549	9280	1
11602	9577	1
8339	246	1
2163	1517	1
3515	10739	1
2017	1268	1
2196	10739	1
10399	5499	1
2055	2652	1
1541	593	1
12087	12451	1
3353	7645	1
1585	1585	1
7645	3353	1
7465	3825	1
2009	2008	1
5266	1619	1
11934	751	1
6577	10713	1
11368	10713	1
4459	12452	1
8222	8031	1
372	372	1
11164	5419	1
1031	2290	1
7825	6321	1
4020	4027	1
421	222	1
2420	1009	1
9966	8975	1
3237	3325	1
917	1009	1
3248	8985	1
7258	6858	1
1257	10545	1
12120	12120	1
4525	2802	1
12015	9244	1
2055	6265	1
9620	11664	1
11182	4418	1
6506	5934	1
3616	3458	1
8975	9966	1
1681	4092	1
1716	8906	1
321	6396	1
8465	8473	1
5853	18	1
905	564	1
11031	6820	1
9408	8473	1
4147	3004	1
7014	4418	1
21	1512	1
1625	1280	1
3454	11501	1
4581	10769	1
1567	3445	1
922	2652	1
1146	9273	1
4418	11182	1
8977	6771	1
4724	8492	1
9397	5004	1
563	5303	1
10379	12007	1
9597	8536	1
2055	2485	1
9966	10478	1
7362	6127	1
690	6127	1
12453	11950	1
1512	21	1
10739	3515	1
2616	993	1
6513	9330	1
7521	11344	1
6127	690	1
9050	11103	1
2721	645	1
4592	5836	1
5553	4561	1
9600	10449	1
11419	3004	1
6820	11031	1
1030	7119	1
6704	2125	1
4004	8030	1
6779	643	1
8962	6820	1
5670	5248	1
3950	4027	1
4906	6421	1
7858	6107	1
4742	5271	1
3960	8283	1
3426	6840	1
328	272	1
12454	823	1
3004	8137	1
1039	1039	1
3514	9945	1
6201	6105	1
2600	9945	1
8283	3960	1
11770	3065	1
4036	5248	1
5705	5970	1
10570	8222	1
8137	3004	1
9251	6564	1
6167	5355	1
7223	1897	1
1800	5708	1
3303	6211	1
6849	7336	1
2969	1537	1
8222	1897	1
224	4595	1
5630	5866	1
1897	7220	1
7220	1897	1
5074	2935	1
1039	4406	1
1687	32	1
5815	3020	1
1407	10355	1
11243	4810	1
5248	4174	1
2051	4868	1
12440	9273	1
3341	4048	1
1034	11628	1
11235	9303	1
4222	4048	1
3049	4044	1
5904	5374	1
6997	9234	1
7774	7774	1
7741	5800	1
11988	9394	1
3410	4220	1
2894	1338	1
5800	7741	1
4957	4957	1
1840	8721	1
5206	225	1
4679	3051	1
2966	2966	1
5263	8897	1
9095	12194	1
5476	3752	1
188	4077	1
12397	10568	1
5868	7553	1
998	2935	1
374	10742	1
375	10742	1
4077	188	1
7744	6389	1
4679	5502	1
5357	8899	1
3418	18	1
10346	8899	1
8051	11182	1
3004	11419	1
9487	7671	1
3520	3905	1
9488	7671	1
10389	9251	1
4317	4318	1
6187	10769	1
3695	5712	1
12413	5089	1
7670	7671	1
1441	1512	1
5712	3695	1
2209	2210	1
5722	2210	1
7671	7042	1
12351	6316	1
9769	5380	1
5288	4725	1
10769	6187	1
11405	1740	1
6205	2210	1
7966	7671	1
10415	11689	1
5004	2210	1
4728	4112	1
3950	4409	1
11931	4781	1
2102	2210	1
11164	6079	1
11445	11751	1
6113	2210	1
11164	7895	1
4295	3262	1
11934	3027	1
5809	5967	1
6531	4547	1
2721	1710	1
11935	6245	1
3689	1897	1
7004	4729	1
8127	4161	1
10568	3405	1
12455	5799	1
2935	998	1
4328	12456	1
1619	5266	1
7267	953	1
12305	12305	1
11689	10415	1
10471	11294	1
7508	9777	1
8985	3248	1
1055	4171	1
11002	579	1
4901	5293	1
4729	7004	1
4198	4814	1
912	889	1
12457	11579	1
12458	6319	1
10506	9493	1
6270	9493	1
7143	9100	1
8724	12201	1
2997	3561	1
800	7298	1
10800	2999	1
6107	4320	1
7382	3361	1
10620	5892	1
246	8339	1
4113	5482	1
4408	4724	1
9493	6270	1
5419	11164	1
32	1687	1
7370	6438	1
4652	3176	1
10514	10085	1
4445	4724	1
4251	3944	1
2019	2712	1
9246	8176	1
3695	67	1
5839	5839	1
10506	8425	1
4113	8425	1
3650	1152	1
1854	4380	1
7334	8425	1
835	998	1
6923	8425	1
6774	12347	1
10568	12397	1
1629	3605	1
9895	8425	1
7624	11556	1
6212	8425	1
8222	2913	1
10769	4581	1
4409	3950	1
1554	1970	1
6820	8962	1
8122	420	1
9069	9067	1
5671	8962	1
6127	6700	1
6858	7258	1
2578	8852	1
460	7592	1
11483	11484	1
9404	6424	1
12435	11812	1
4580	10637	1
9277	6377	1
9076	11610	1
11594	11228	1
2609	1725	1
7141	11905	1
2234	4057	1
1517	2163	1
4810	11243	1
2227	4057	1
2802	4525	1
5967	5809	1
3954	4057	1
12459	8538	1
4220	3410	1
5542	4954	1
12460	12460	1
8536	9597	1
3447	4233	1
5215	664	1
7260	515	1
11565	11445	1
4806	5408	1
6214	4155	1
1096	10531	1
12372	12372	1
10531	1096	1
5856	5824	1
1857	1856	1
9067	9069	1
5857	5824	1
4877	9112	1
6164	10715	1
1897	5824	1
5502	4679	1
3051	4679	1
4511	13	1
1630	1482	1
9067	8549	1
10449	9600	1
321	101	1
8721	1840	1
1005	920	1
11781	8139	1
708	5824	1
8243	5650	1
8772	6424	1
6812	5857	1
3768	7764	1
1145	5824	1
2543	5824	1
6168	5824	1
5684	5948	1
5047	5797	1
1700	5923	1
5085	6928	1
5676	150	1
5047	5411	1
9578	10374	1
1062	1638	1
3984	3358	1
11182	8051	1
4050	1378	1
6845	6485	1
4004	529	1
7919	7940	1
5923	1700	1
8936	17	1
472	473	1
6350	12461	1
9804	8697	1
2194	4574	1
2399	5140	1
1252	12281	1
4056	6927	1
5449	8990	1
11724	5248	1
2873	6700	1
4574	2194	1
5778	3868	1
8473	8465	1
5065	6700	1
8398	1269	1
7175	7175	1
10889	4368	1
10133	11686	1
2283	1854	1
11755	9483	1
12347	6774	1
12313	2611	1
5667	11776	1
7764	3768	1
5378	1921	1
12462	12462	1
2691	1428	1
5777	1185	1
9251	10389	1
12463	12463	1
3943	3723	1
8903	10814	1
912	8362	1
4424	4384	1
4602	1697	1
6321	9441	1
1861	2218	1
10637	4580	1
5411	5047	1
5797	5047	1
6845	2609	1
7789	9765	1
897	889	1
4241	10452	1
7570	4580	1
13	4511	1
7495	6236	1
12312	9385	1
5136	9707	1
419	9707	1
623	9707	1
1635	10500	1
10399	1618	1
5293	4901	1
5905	2127	1
1854	2283	1
1487	1064	1
