472	473	1
5490	10308	1
10808	10582	1
7553	5868	1
2484	6816	1
5411	4668	1
8336	11751	1
5125	3978	1
4101	6897	1
1132	4196	1
8934	1754	1
5452	6246	1
782	781	1
10308	5490	1
2412	781	1
11751	11445	1
11445	11751	1
7741	5800	1
10967	10769	1
8139	10810	1
5132	4769	1
8204	2616	1
4981	9085	1
6983	7010	1
5094	11829	1
12006	9372	1
8339	10621	1
9301	4580	1
4704	1709	1
12284	12284	1
7844	5813	1
9990	2585	1
1754	8934	1
6975	9067	1
4956	6845	1
5065	6246	1
9301	2585	1
4568	6854	1
11957	11957	1
6455	6992	1
2842	2596	1
3578	6700	1
6120	5613	1
11481	9609	1
2585	1913	1
2616	1017	1
11263	6556	1
2014	5143	1
2734	8707	1
3951	5230	1
2027	2028	1
8222	10570	1
4274	11935	1
5868	7553	1
11751	8261	1
4418	11182	1
7027	6667	1
2451	546	1
1017	2616	1
11961	11961	1
7004	5418	1
1375	257	1
238	7560	1
7966	1847	1
4198	4504	1
9883	12285	1
2532	1840	1
98	1104	1
5297	1059	1
9717	9254	1
5671	9136	1
7082	4210	1
5890	7082	1
7082	5890	1
4210	7082	1
10826	7042	1
2734	3170	1
7560	238	1
3462	2478	1
3153	5617	1
8724	10886	1
10560	5932	1
4525	10886	1
2734	1060	1
10163	10163	1
1188	6506	1
3196	6499	1
3440	5691	1
10741	6128	1
8052	7668	1
3775	28	1
7088	11849	1
3682	4131	1
12286	12287	1
10377	5559	1
4685	4685	1
5725	5725	1
2585	6424	1
5451	8929	1
4439	7345	1
10284	10284	1
5324	3361	1
8420	8421	1
4515	1481	1
2585	9301	1
1039	304	1
2889	6117	1
12288	12090	1
4965	2260	1
1847	7966	1
8903	10814	1
4369	4369	1
3669	6505	1
12191	12191	1
28	3775	1
4780	10409	1
5376	11306	1
10409	4780	1
7274	6564	1
2734	3171	1
10982	9388	1
676	1305	1
5617	3153	1
11935	4274	1
9990	2228	1
7266	7266	1
2585	8940	1
9990	8940	1
3615	791	1
6319	3950	1
3354	7419	1
1031	3985	1
4345	4346	1
10073	10826	1
4602	4346	1
6816	2484	1
5026	5027	1
8505	7269	1
5139	3989	1
2734	2652	1
6141	1360	1
8707	2734	1
3170	2734	1
1060	2734	1
7081	11060	1
3171	2734	1
10374	8756	1
7163	8756	1
5898	5897	1
8639	9279	1
2652	2734	1
6341	8280	1
11932	5164	1
11344	6957	1
9301	11077	1
8929	5008	1
7269	8505	1
7739	7345	1
5008	8929	1
708	232	1
3814	3815	1
12289	12290	1
2734	2735	1
8280	6341	1
4921	842	1
5490	5474	1
4767	11868	1
6671	3480	1
9683	1379	1
827	3985	1
3814	1434	1
8950	9314	1
12280	12060	1
2735	2734	1
4346	4345	1
1913	12291	1
10810	8139	1
6128	10741	1
11986	12292	1
4983	4561	1
7030	12292	1
905	7645	1
3353	7645	1
12293	12293	1
7196	5630	1
2991	2992	1
6564	7258	1
2426	3814	1
1584	3190	1
5175	5667	1
12294	4987	1
295	107	1
7258	6564	1
3815	3814	1
11182	4418	1
1434	3814	1
2735	11762	1
1099	1609	1
7916	9248	1
2585	3020	1
9990	3020	1
9301	3020	1
9248	7916	1
7108	3545	1
1811	7195	1
2663	12073	1
6447	4362	1
1045	7335	1
1117	3978	1
3559	6903	1
855	670	1
3752	3752	1
12295	12295	1
6992	6455	1
3287	3288	1
180	602	1
4335	11382	1
1854	4033	1
9731	4862	1
6220	11348	1
6922	5861	1
4036	11724	1
9966	10319	1
6876	6702	1
5248	11724	1
6798	6702	1
8261	7262	1
8756	7506	1
512	363	1
6580	2763	1
8854	10022	1
395	385	1
10621	8339	1
5506	11382	1
11419	3004	1
8803	10236	1
1059	5297	1
12258	8339	1
1609	1099	1
3974	4666	1
12073	2663	1
11306	5376	1
3979	4263	1
9273	1036	1
2558	3937	1
9609	11481	1
10570	8222	1
8172	6564	1
7131	7854	1
9736	5444	1
1712	1136	1
11849	7088	1
11625	12296	1
1298	1298	1
9717	10273	1
2922	2652	1
6506	1188	1
11111	6563	1
2574	2570	1
2913	8222	1
3183	7792	1
4657	4885	1
546	1188	1
9410	8704	1
11430	11766	1
930	1016	1
2734	6332	1
1481	4515	1
10575	4037	1
5897	7487	1
2652	2922	1
6309	8228	1
11943	10799	1
788	21	1
1109	1188	1
8756	11957	1
9695	9807	1
7291	11196	1
11961	1935	1
2334	1188	1
3326	2657	1
3173	10552	1
232	708	1
1607	4732	1
455	708	1
490	3279	1
12297	356	1
2617	2617	1
8192	4732	1
730	1451	1
3979	6728	1
11382	5506	1
6342	5798	1
4581	10769	1
5167	2119	1
11625	11625	1
12298	12298	1
5852	5851	1
7324	7325	1
2883	1858	1
5860	6197	1
4905	6127	1
3974	1268	1
11968	11968	1
2734	2935	1
9264	1268	1
1117	1118	1
1622	12299	1
1381	613	1
11121	5234	1
9990	2935	1
5234	11121	1
3977	8282	1
5630	7196	1
6788	5234	1
2585	673	1
4073	7566	1
5729	5509	1
6332	2734	1
2935	2734	1
1962	1954	1
455	4426	1
11724	4036	1
9717	7968	1
6127	4905	1
9722	9723	1
885	885	1
8977	4287	1
2619	4230	1
1962	2512	1
4017	4230	1
6897	4027	1
5822	3576	1
8222	2913	1
12061	5876	1
7506	8756	1
3288	3287	1
5798	6342	1
3950	9314	1
5382	2483	1
6234	2785	1
9517	8756	1
842	4921	1
760	10960	1
11348	7125	1
4383	4457	1
6563	11111	1
10434	12237	1
6611	12300	1
9246	8176	1
7645	3353	1
604	1642	1
12301	11552	1
3042	4898	1
5230	3951	1
7452	7988	1
2735	8809	1
10023	10023	1
70	2712	1
9945	3514	1
12086	7884	1
12302	10997	1
4346	4602	1
3978	1117	1
4808	424	1
1118	1117	1
5268	7074	1
3202	8415	1
4799	4445	1
5646	5647	1
2813	5990	1
519	2065	1
9425	11751	1
3088	5355	1
3315	7108	1
5630	6367	1
5068	7158	1
708	6522	1
11751	11565	1
28	3218	1
3642	3518	1
4946	11565	1
2398	2422	1
11628	11628	1
11259	6499	1
3279	490	1
6702	6798	1
2936	12303	1
2289	2913	1
9772	9230	1
11986	12285	1
10877	10240	1
7789	7789	1
4567	4566	1
546	2451	1
5280	5520	1
6364	5520	1
3297	141	1
5516	5520	1
12209	2331	1
9897	6236	1
6468	4437	1
3108	1232	1
3304	1232	1
1854	1232	1
3398	7627	1
2585	1232	1
9990	1232	1
926	1791	1
1188	2900	1
12173	1791	1
7266	4946	1
11565	4946	1
363	512	1
2616	8204	1
1809	3967	1
12304	12304	1
2483	5382	1
8288	8289	1
7106	9480	1
3485	1570	1
6544	3840	1
11618	3840	1
3730	3840	1
11719	3840	1
5365	6212	1
10008	6113	1
1962	334	1
5047	11124	1
4828	5185	1
821	1185	1
7074	5268	1
2334	8261	1
3974	2017	1
6367	5630	1
5263	8897	1
7822	10960	1
1016	930	1
2657	3326	1
3214	930	1
879	2718	1
9807	9695	1
1185	821	1
455	3881	1
12266	8317	1
2900	1188	1
6322	4051	1
6297	8017	1
9301	7408	1
5871	2341	1
5485	3561	1
3986	21	1
5642	3561	1
2574	5399	1
11151	11565	1
7027	7555	1
3514	9945	1
54	62	1
10522	3840	1
12296	11625	1
4164	1638	1
3978	5125	1
3956	8766	1
3512	4034	1
7008	10856	1
12305	6962	1
4580	9550	1
2855	5090	1
1740	3240	1
11635	3840	1
6613	7082	1
2289	2290	1
9765	5090	1
3452	3037	1
10240	11348	1
4101	9863	1
689	2113	1
7032	4674	1
4748	4632	1
2734	3673	1
9550	4580	1
10171	6544	1
5932	9727	1
2734	1394	1
9050	8807	1
2675	8707	1
4808	4763	1
2203	4862	1
3037	3452	1
10022	8854	1
7501	8707	1
1394	2734	1
10240	7598	1
12108	7336	1
4287	7336	1
5725	7570	1
3372	6355	1
246	7771	1
10146	1687	1
1136	1712	1
