10567	12377	1
5013	9707	1
9519	9707	1
5423	7402	1
5253	6322	1
9930	5047	1
12105	12082	1
6100	6700	1
5517	5956	1
5047	9930	1
4580	7570	1
8697	9804	1
4115	2460	1
3447	3447	1
6274	132	1
5288	4725	1
5845	6700	1
6317	257	1
9441	8300	1
8962	5671	1
225	5206	1
4282	6260	1
10814	8903	1
8938	5206	1
649	6716	1
482	257	1
6986	4580	1
4424	11563	1
11387	7231	1
12351	6316	1
8903	10814	1
1039	304	1
8739	9669	1
8046	8046	1
1380	613	1
1854	4380	1
1375	2022	1
3738	5128	1
9178	7469	1
298	68	1
655	68	1
5519	5043	1
5729	5790	1
11536	5457	1
12455	5799	1
6197	11016	1
2194	1468	1
7082	5047	1
6539	6539	1
12464	6506	1
7592	460	1
4409	3950	1
5352	6811	1
4511	13	1
649	10153	1
5835	4384	1
649	2585	1
8568	7176	1
3037	3452	1
11721	10961	1
2163	1099	1
1099	2585	1
4724	4445	1
12465	474	1
4224	4223	1
2585	1099	1
4939	7138	1
3698	4059	1
7138	4939	1
3240	2669	1
6343	11044	1
10713	6577	1
897	889	1
1188	6506	1
11536	6506	1
12466	4059	1
1064	1487	1
9041	3248	1
7969	5075	1
3248	9041	1
3077	9041	1
1072	186	1
7258	6858	1
1727	7817	1
5783	3626	1
4194	4503	1
6858	7258	1
5354	7209	1
7209	5354	1
12467	8763	1
2310	3194	1
3202	8864	1
690	6127	1
2650	8864	1
4055	2792	1
526	573	1
4056	1869	1
4972	1142	1
2935	998	1
12056	12056	1
2935	12056	1
2874	12056	1
1099	1609	1
1609	1099	1
8425	6923	1
10363	4092	1
7376	5902	1
4059	11144	1
2585	6424	1
1638	1062	1
5519	4295	1
998	2935	1
12056	2935	1
6167	5355	1
186	1072	1
3020	9356	1
6927	4056	1
5519	6136	1
3538	550	1
474	12465	1
4724	4408	1
3545	3333	1
6127	690	1
2194	4574	1
1468	2194	1
7145	7780	1
10673	7780	1
6216	6216	1
5004	2210	1
7969	7780	1
4050	1168	1
5833	5832	1
8477	9924	1
11094	11094	1
6316	12351	1
12468	2248	1
1039	4406	1
8365	8049	1
3950	4409	1
12469	6022	1
4050	9277	1
11807	12470	1
5972	4457	1
8152	8153	1
12471	9839	1
8899	5357	1
3315	7108	1
10276	7109	1
10102	12472	1
680	283	1
4437	7164	1
6247	5717	1
6986	9165	1
5845	7331	1
8051	4418	1
6313	4418	1
3698	2352	1
1402	6038	1
1099	2163	1
3688	8049	1
9493	10506	1
8425	10506	1
1918	3707	1
29	424	1
655	3707	1
10924	8934	1
4715	10937	1
7764	3768	1
8049	3688	1
11952	4801	1
1395	1573	1
4226	8463	1
9901	9391	1
7453	8621	1
751	11934	1
6396	321	1
5482	4113	1
11776	5667	1
7671	7042	1
7969	5301	1
5519	7901	1
6820	8962	1
11164	5419	1
72	1643	1
7402	5423	1
12473	3846	1
8141	4755	1
257	6317	1
7780	7884	1
7969	5640	1
3333	3545	1
3484	5601	1
3447	4233	1
7969	7104	1
10109	5479	1
10023	12399	1
5972	9577	1
11536	5411	1
8852	2578	1
2879	857	1
5972	6439	1
6038	1402	1
6322	5253	1
4839	2385	1
12474	12332	1
4113	5482	1
5951	6449	1
1338	1523	1
4950	8967	1
3452	3037	1
1740	11405	1
9441	6321	1
5248	5670	1
5418	2867	1
7181	11405	1
8621	7453	1
7011	4092	1
5047	5797	1
12132	12475	1
2479	1567	1
7331	5845	1
698	3621	1
5479	10109	1
5484	5952	1
4220	8127	1
6897	4020	1
8897	5263	1
5797	5047	1
4193	4176	1
4207	5670	1
6260	4282	1
6045	10634	1
10095	10634	1
5684	3160	1
5241	8257	1
5972	12314	1
9133	12107	1
634	677	1
1338	5660	1
5100	5577	1
1466	3786	1
5972	559	1
9600	10230	1
5972	7465	1
9001	11563	1
3543	5459	1
7780	9180	1
6321	9441	1
5952	9180	1
5695	5109	1
4019	623	1
2112	2113	1
9391	9901	1
2669	3240	1
11201	6066	1
1031	1030	1
7744	6389	1
7469	8571	1
12476	12476	1
9230	9772	1
70	1862	1
1573	1395	1
3545	6185	1
1077	5862	1
5459	3543	1
12477	12477	1
6930	8903	1
3257	6700	1
11536	7974	1
4020	6897	1
12478	12478	1
12353	8903	1
4457	5972	1
8705	9718	1
4901	5293	1
12204	81	1
12314	5972	1
559	5972	1
8903	12353	1
7465	5972	1
649	1512	1
10611	8903	1
7969	5888	1
4346	7810	1
2913	8222	1
1897	8222	1
9669	7899	1
8739	7899	1
8031	8222	1
11121	5234	1
10085	10514	1
11961	11961	1
7108	3315	1
4223	4224	1
8222	2913	1
4445	3931	1
6577	10713	1
7969	5191	1
5972	5744	1
5419	11164	1
8222	8031	1
1541	593	1
1836	12479	1
8903	6930	1
6798	6702	1
2616	8204	1
12050	12050	1
6466	12050	1
1395	8575	1
1740	12479	1
7550	2260	1
10634	6045	1
4257	6866	1
7969	7302	1
4050	4517	1
3236	11000	1
5045	10244	1
11536	6650	1
1700	5923	1
8816	3078	1
11536	1855	1
5517	5229	1
8575	1395	1
7345	6182	1
3176	4652	1
3476	3773	1
8903	10611	1
5870	9612	1
5744	5972	1
1441	1512	1
6214	4155	1
649	8204	1
819	2618	1
5263	8897	1
8204	2616	1
2260	7550	1
10814	10065	1
8153	8152	1
5234	11121	1
12022	8858	1
8775	8858	1
283	680	1
5085	5735	1
7810	4346	1
1461	623	1
3799	5203	1
7570	9720	1
659	2294	1
7969	10673	1
34	2294	1
4503	4194	1
1827	1828	1
8903	8354	1
9734	7708	1
12480	12480	1
10065	10814	1
12481	11348	1
677	634	1
419	420	1
10886	4525	1
8184	11891	1
5357	8899	1
7969	6212	1
3768	7764	1
6702	6876	1
10995	6876	1
5167	2028	1
5619	6876	1
6300	3673	1
7969	4647	1
8049	8365	1
10514	10085	1
5281	11905	1
1441	788	1
12482	1608	1
8465	8473	1
2969	11183	1
8854	11060	1
7228	12397	1
12133	8415	1
10319	8975	1
5769	8935	1
1926	420	1
12483	11442	1
1031	356	1
1918	287	1
7969	8909	1
5173	12484	1
6374	1266	1
5735	5085	1
7271	2645	1
6236	7495	1
5248	4036	1
12483	7211	1
4020	4027	1
12345	12345	1
11536	9425	1
12485	10195	1
371	515	1
3202	8415	1
10637	11435	1
2203	8415	1
4289	11435	1
11156	7204	1
5972	6151	1
12399	312	1
4032	6680	1
4226	11033	1
1338	3996	1
4988	5049	1
12486	12486	1
1574	1297	1
7969	9325	1
216	9728	1
3538	1135	1
1439	1630	1
5823	3944	1
10319	8802	1
8127	4220	1
47	3776	1
12332	12474	1
8415	12133	1
5519	1108	1
6986	11792	1
4592	5836	1
159	2712	1
12487	2616	1
12488	11168	1
12487	3358	1
4601	8263	1
70	2712	1
5027	8909	1
655	11950	1
4115	9012	1
11168	12488	1
7609	11734	1
1512	21	1
6038	1489	1
11724	4036	1
12489	4217	1
21	1512	1
3895	7469	1
1099	7469	1
11891	8184	1
8909	5027	1
2383	4355	1
8987	12490	1
11536	6962	1
4418	11636	1
12267	12011	1
12082	12082	1
12011	12267	1
3144	2335	1
12479	1740	1
11405	1740	1
4217	4765	1
4063	2498	1
2641	4376	1
4054	2446	1
4822	786	1
690	518	1
1185	5777	1
4910	4832	1
6128	10741	1
5972	10831	1
786	4822	1
1135	3538	1
1517	3921	1
11058	11058	1
1599	4341	1
11182	4418	1
6211	3303	1
6724	12491	1
3794	4257	1
12491	5385	1
5380	9769	1
12491	6724	1
6866	4257	1
10935	9894	1
3079	10432	1
10432	3079	1
649	6344	1
6724	5385	1
9894	10935	1
7917	6250	1
1780	2671	1
7469	1099	1
706	5576	1
6185	5576	1
4270	4270	1
788	1441	1
4376	2895	1
8750	8575	1
1630	1482	1
1567	2479	1
6456	10961	1
11842	8658	1
5419	899	1
10379	10968	1
906	7514	1
2646	6507	1
649	2616	1
4445	11514	1
9095	8421	1
7922	4020	1
6105	6201	1
4020	7922	1
10444	10153	1
3773	3476	1
12492	1339	1
4050	1378	1
12131	12131	1
4019	10496	1
10523	5259	1
