3923	10376	1
1140	3658	1
10376	3923	1
10570	8222	1
4343	10922	1
3088	3020	1
3020	11058	1
12383	4568	1
526	573	1
4422	1009	1
3440	5191	1
1229	1247	1
4408	4605	1
11058	3020	1
3507	5804	1
10146	1031	1
1370	3020	1
5155	10835	1
987	579	1
4515	1481	1
7927	4914	1
7401	6942	1
3343	186	1
10415	6788	1
1185	821	1
2894	186	1
10109	4922	1
2912	4668	1
12384	12385	1
5039	4577	1
9707	419	1
5922	5	1
17	18	1
9013	9783	1
7536	7453	1
9013	10442	1
10435	8291	1
10442	9013	1
4577	5039	1
4015	3886	1
3109	5904	1
1508	2756	1
4015	4422	1
5234	5027	1
3462	11229	1
8909	5027	1
7810	6108	1
1059	5774	1
6108	7810	1
4055	3437	1
8067	6033	1
6613	7919	1
8260	8903	1
2234	2360	1
6804	8290	1
8425	5075	1
12173	2454	1
4983	4561	1
9628	8668	1
12353	8903	1
5721	8081	1
8929	10266	1
2756	1508	1
10154	1709	1
11387	8903	1
7228	5642	1
3333	3216	1
50	4309	1
5142	8121	1
7106	8903	1
8287	3626	1
2829	7204	1
1175	428	1
4015	2652	1
3651	849	1
428	1175	1
2705	4376	1
5934	6251	1
10266	8929	1
3420	3367	1
6251	5934	1
7229	7204	1
5	11201	1
6066	11201	1
4288	1791	1
4418	11182	1
12386	12387	1
322	287	1
9139	3030	1
5381	5384	1
2552	1437	1
6721	6146	1
1030	4677	1
6183	2669	1
3240	2669	1
6343	3358	1
3629	3358	1
1077	4980	1
1268	2017	1
930	9207	1
8936	9758	1
1937	4578	1
10797	3483	1
3872	7746	1
11810	11333	1
11384	12388	1
5642	7228	1
4094	10506	1
2360	9426	1
2209	6113	1
6942	7401	1
3999	3739	1
3447	4233	1
2008	2009	1
2204	2813	1
3297	11455	1
5027	8909	1
5700	8909	1
3333	3545	1
5188	6121	1
9230	6121	1
8335	2169	1
3855	4969	1
8465	9973	1
2348	2349	1
668	9917	1
1297	1574	1
8844	12010	1
552	552	1
11288	11900	1
7810	4346	1
1297	2273	1
9917	668	1
5419	11164	1
9707	623	1
974	1571	1
5650	8243	1
12389	12389	1
7895	11164	1
4432	6022	1
1738	1216	1
12127	12127	1
1207	7842	1
8909	4543	1
2698	11196	1
7508	7508	1
7445	615	1
7644	7560	1
11260	1232	1
6187	1971	1
6300	5797	1
12390	6331	1
2813	2204	1
1096	1517	1
12038	12217	1
4004	529	1
12391	935	1
4389	4856	1
8802	8975	1
7569	17	1
9207	930	1
1900	8975	1
5382	2483	1
4794	1146	1
10319	8975	1
6374	1266	1
8975	1900	1
6107	4021	1
11755	11810	1
2246	11628	1
11633	11628	1
9904	11628	1
10284	11628	1
12079	11628	1
1034	11628	1
3177	11113	1
1956	10266	1
5742	4408	1
11485	6898	1
7810	2544	1
1548	6898	1
7810	8821	1
1499	2810	1
6079	11164	1
6898	1548	1
1213	3361	1
8021	12392	1
2337	2336	1
10149	5006	1
11372	6898	1
5266	1619	1
10917	6969	1
2209	4448	1
11628	1034	1
6898	11372	1
12010	8844	1
6163	1545	1
6957	11072	1
265	266	1
10458	4174	1
6490	5944	1
7128	10343	1
1997	2931	1
16	1142	1
8975	8802	1
8903	12353	1
2209	2210	1
7810	2677	1
7128	9693	1
11072	6957	1
1142	16	1
7810	4171	1
10415	11689	1
12393	12394	1
2931	1997	1
3035	8273	1
5583	2970	1
3041	6513	1
4147	1810	1
4946	4946	1
3826	966	1
1216	1738	1
2115	2116	1
5197	6344	1
4241	7443	1
4346	7810	1
6771	2699	1
6183	7308	1
3004	9460	1
1556	7308	1
5234	8172	1
11689	10415	1
12395	5300	1
1609	1099	1
11860	8852	1
2310	3194	1
1509	3940	1
5599	7763	1
5617	7308	1
1517	5296	1
4015	467	1
4376	2641	1
3437	4055	1
11871	10152	1
2569	7673	1
4490	5288	1
12313	8864	1
12186	12186	1
1369	12396	1
2935	5074	1
3707	12361	1
2276	2673	1
4094	6264	1
8852	2578	1
8368	6119	1
3004	3234	1
7810	3234	1
3662	4221	1
11455	3297	1
6887	11164	1
11142	601	1
21	1442	1
10922	4343	1
2385	4839	1
1146	4794	1
7919	6613	1
3333	1897	1
10568	12397	1
10615	11354	1
6845	6364	1
5645	4673	1
12398	12398	1
4094	5365	1
1311	2351	1
4015	4956	1
2578	8852	1
4578	1937	1
7810	3558	1
1971	6187	1
12399	312	1
612	611	1
12394	12393	1
3481	140	1
4164	10900	1
12172	2303	1
1647	10900	1
3004	8137	1
11201	5	1
7810	4345	1
4260	4474	1
7508	12217	1
564	4457	1
9593	9594	1
10220	12093	1
28	8137	1
10724	2550	1
2641	4376	1
6111	4390	1
8852	11860	1
10954	10955	1
12093	12093	1
5288	4490	1
6146	6721	1
11563	11563	1
5306	5306	1
1490	12314	1
12246	11164	1
2915	6875	1
2763	6580	1
753	8336	1
8336	753	1
1585	4353	1
10954	3480	1
4914	7927	1
5481	3043	1
12400	7138	1
529	4004	1
4418	7014	1
3004	11517	1
10349	10634	1
4353	1585	1
11751	8336	1
12401	12401	1
6447	4362	1
7014	4418	1
10954	12402	1
11182	4418	1
12400	4939	1
5868	7553	1
10149	7089	1
3785	1811	1
7195	1811	1
3004	4876	1
1474	1036	1
6969	10917	1
7619	10118	1
821	1185	1
10724	10724	1
6898	11485	1
2563	8398	1
2710	5233	1
5100	5691	1
6364	6845	1
10118	7619	1
4020	4027	1
3389	11159	1
1740	3240	1
6321	9441	1
2669	3240	1
7553	5868	1
12400	9248	1
9441	6321	1
6299	6321	1
133	3721	1
688	4009	1
861	905	1
6117	6729	1
2873	6321	1
2579	3745	1
10120	3480	1
9178	7469	1
3721	133	1
6321	2873	1
10434	10721	1
7810	3110	1
1571	974	1
12401	11507	1
10376	2874	1
7308	6183	1
11164	6079	1
2801	6845	1
4543	8909	1
627	628	1
1810	4147	1
3745	2579	1
5898	5897	1
7340	7340	1
11010	11762	1
7061	6268	1
1512	21	1
3109	5374	1
5296	1517	1
5628	2109	1
5301	3110	1
1619	5266	1
453	1401	1
1401	453	1
4362	6447	1
6205	5298	1
5301	8774	1
1031	10146	1
1933	410	1
928	929	1
7469	8571	1
11792	6986	1
423	1517	1
11946	9717	1
12102	12127	1
4251	3948	1
12217	3332	1
4094	5051	1
4445	8492	1
1901	419	1
2078	7085	1
1189	9193	1
7085	2078	1
8820	7952	1
3514	1339	1
4602	4346	1
8081	3546	1
1791	1930	1
4133	4662	1
12312	12403	1
4363	10002	1
788	21	1
3333	5087	1
8219	5043	1
11164	7895	1
8962	5671	1
4094	7334	1
7592	7595	1
8359	1607	1
10917	3182	1
5897	5898	1
1660	3120	1
6799	343	1
12404	12405	1
12382	12381	1
3051	1279	1
6237	8467	1
11835	8938	1
11852	5977	1
4025	4162	1
266	3350	1
7810	12342	1
4162	4025	1
8243	5650	1
5365	7969	1
7764	8165	1
4009	1116	1
4249	4251	1
2483	5382	1
9239	6210	1
4077	188	1
8704	9410	1
8031	9727	1
4457	564	1
9246	8176	1
10853	11965	1
186	3343	1
1740	3674	1
11403	7988	1
7673	2569	1
3992	5503	1
7639	6901	1
7128	8974	1
5167	2028	1
4251	3944	1
12406	10811	1
10343	7128	1
9693	7128	1
6774	12347	1
7780	7884	1
8974	7128	1
2677	7810	1
3234	7810	1
1115	2154	1
3004	3561	1
10917	7850	1
10634	9727	1
1640	10826	1
11455	5318	1
673	2585	1
3483	10797	1
188	4077	1
1232	2585	1
905	861	1
5191	3440	1
2646	6507	1
8069	2511	1
3950	7862	1
689	1623	1
5789	5843	1
3240	1740	1
7032	6700	1
12397	10568	1
3405	10568	1
5006	10149	1
7089	10149	1
8386	1607	1
4011	717	1
4366	980	1
5712	3695	1
9718	8705	1
6729	6117	1
1567	980	1
9872	11631	1
6875	2915	1
9244	9223	1
8204	2616	1
2234	3010	1
3480	10120	1
6030	5326	1
11465	6352	1
6321	6299	1
5843	5789	1
4663	1822	1
2169	8335	1
9966	10319	1
7810	2423	1
3374	6237	1
4147	4970	1
3333	4970	1
7862	3950	1
1396	8567	1
6237	3374	1
4147	4626	1
2652	6584	1
4863	4864	1
2423	7810	1
9375	3225	1
5329	4980	1
5481	4980	1
9251	10389	1
10907	4980	1
7205	4980	1
8018	4980	1
8135	4980	1
12391	2098	1
2454	3139	1
5202	8619	1
12351	6316	1
9966	8802	1
3111	2686	1
12366	4980	1
9707	5013	1
21	1441	1
4094	6316	1
9727	10634	1
2585	1232	1
5027	5234	1
287	322	1
4689	9180	1
4213	11181	1
5414	4789	1
5598	6648	1
3688	8049	1
7595	7592	1
6648	5598	1
929	928	1
12107	12357	1
4921	7592	1
10389	9251	1
12407	12407	1
1807	7592	1
4901	5293	1
5542	414	1
4147	2185	1
3910	229	1
5047	9356	1
10720	6320	1
10917	6802	1
12408	10896	1
4445	3931	1
953	7267	1
5227	9239	1
11058	7435	1
7258	6858	1
10488	6843	1
4094	6320	1
9983	5459	1
8165	7764	1
4664	6783	1
4014	1372	1
9239	5227	1
6994	3382	1
7179	7731	1
664	4554	1
6316	12351	1
5822	7061	1
8137	3004	1
5047	12409	1
4199	3769	1
11181	4213	1
4147	3004	1
3950	4409	1
3479	5326	1
7008	3101	1
10535	11162	1
12410	8670	1
6858	7258	1
5482	10506	1
12411	12411	1
2182	920	1
12281	2337	1
4667	9452	1
1623	689	1
8219	8162	1
9402	9452	1
7086	5823	1
1897	7223	1
3004	4138	1
8649	4881	1
3333	7223	1
9930	8093	1
5516	8093	1
6320	10720	1
8092	8093	1
10232	3487	1
3716	8093	1
6649	3753	1
7484	8093	1
8287	10677	1
2335	6266	1
11130	8093	1
10677	8287	1
4762	7158	1
3139	2454	1
3767	5217	1
8619	5217	1
4346	4602	1
12412	12412	1
3855	8287	1
9067	6975	1
12413	11164	1
9717	11946	1
3996	1338	1
4094	4779	1
11164	12413	1
5778	2043	1
6299	7825	1
7060	1884	1
1822	4663	1
10319	9966	1
8802	9966	1
17	7569	1
10506	5482	1
6061	5519	1
7810	6559	1
1499	4054	1
11607	10336	1
7801	3817	1
1897	8222	1
7223	1897	1
1289	466	1
9356	5047	1
8222	1897	1
12409	5047	1
12414	10930	1
5346	9375	1
4408	5742	1
6128	10741	1
4611	1791	1
10826	11462	1
8219	5607	1
4335	11382	1
11201	6066	1
6120	3041	1
7894	6533	1
4011	3061	1
9962	10826	1
5297	5774	1
5039	1096	1
7223	2480	1
2842	2596	1
4981	9085	1
5	5922	1
1884	7060	1
252	2018	1
12277	10025	1
6843	10488	1
6119	8368	1
302	301	1
11060	6228	1
4780	8640	1
524	156	1
902	987	1
3769	4199	1
5509	7614	1
4147	2596	1
1401	653	1
1517	423	1
11746	11746	1
2659	11847	1
2043	5778	1
4390	6111	1
5553	5902	1
664	6111	1
5497	5498	1
10801	1573	1
800	7298	1
1031	3985	1
159	2712	1
10432	3079	1
3014	2537	1
11128	10259	1
4205	5845	1
4969	3855	1
3817	7801	1
6975	9067	1
11121	10464	1
12347	6774	1
4094	6372	1
10473	8780	1
1480	511	1
6802	10917	1
3182	10917	1
2137	1718	1
6986	11792	1
5901	3237	1
8089	9996	1
10741	6128	1
7976	7512	1
7614	8162	1
9707	9519	1
9239	4384	1
7421	5831	1
1338	3996	1
4409	3950	1
12388	11384	1
4922	10109	1
10706	10387	1
10907	11563	1
2646	3502	1
6061	6136	1
1281	3497	1
8726	3502	1
11537	11565	1
10460	10451	1
11563	10907	1
6268	7061	1
5687	12403	1
9727	8031	1
8619	5202	1
1791	926	1
3936	3936	1
8505	11205	1
8975	10319	1
3881	7854	1
6266	2335	1
10188	8162	1
918	12415	1
7810	5997	1
10687	4287	1
12217	12038	1
12415	918	1
7971	7854	1
6492	7235	1
8130	7333	1
4011	4848	1
7884	7780	1
653	1401	1
2264	4209	1
12086	5504	1
4592	5836	1
6316	4094	1
4014	5503	1
414	5542	1
8162	7614	1
3985	1031	1
8093	6269	1
4199	1781	1
7334	4094	1
1586	2873	1
5890	1133	1
5293	4901	1
7061	5822	1
9715	7274	1
4251	2646	1
10968	6845	1
2018	252	1
4938	8935	1
10343	10491	1
3658	1140	1
5217	3767	1
8975	9966	1
4474	4260	1
2243	4673	1
46	1795	1
6845	10968	1
1361	1360	1
3138	5581	1
5847	5022	1
1062	3825	1
1215	1558	1
12416	9015	1
6245	11935	1
6027	12116	1
5215	664	1
6146	3753	1
3237	5901	1
7407	5240	1
10648	768	1
7248	1110	1
3041	6120	1
