5943	4948	1
8014	2331	1
6187	10171	1
1069	3985	1
2954	4184	1
9198	9178	1
855	670	1
9178	7469	1
9178	9198	1
4828	670	1
11608	6316	1
8297	8297	1
1930	1791	1
2521	1913	1
12208	9857	1
7469	9178	1
12192	11052	1
12209	2331	1
10572	6613	1
7069	7069	1
8988	7239	1
7331	5845	1
3975	4580	1
257	6317	1
11346	5717	1
7128	10343	1
9144	6343	1
3787	10685	1
3956	3918	1
12029	10464	1
6146	6721	1
3166	3109	1
185	186	1
2721	3109	1
5726	1294	1
7223	12048	1
428	1175	1
5374	3109	1
375	271	1
92	4277	1
5414	5581	1
9503	9503	1
8704	9410	1
11798	10822	1
3824	2454	1
3268	3925	1
10145	9410	1
4647	12117	1
3109	12117	1
6784	3626	1
7744	6389	1
5414	7764	1
5089	5043	1
5796	4876	1
3109	3166	1
271	272	1
9936	2578	1
4983	5715	1
4157	9515	1
1523	1117	1
12210	83	1
2380	2017	1
4064	3852	1
12173	2017	1
2169	8335	1
936	12116	1
387	1184	1
8312	5229	1
11045	5481	1
4666	9888	1
1249	9515	1
4592	7220	1
242	4596	1
11113	9515	1
9669	7899	1
7836	3430	1
2033	3512	1
4748	4632	1
5650	8243	1
5017	5033	1
9924	12211	1
3109	5374	1
6788	2343	1
11961	11961	1
10379	9230	1
760	3038	1
12211	9924	1
7836	5904	1
4250	4250	1
2229	3007	1
7373	7373	1
11849	7088	1
6299	8018	1
7265	9957	1
7088	11849	1
5506	9957	1
3201	3200	1
4033	4755	1
3043	5481	1
3210	5481	1
5481	3210	1
3568	1229	1
6757	7501	1
12153	2203	1
5164	11932	1
11988	11128	1
5039	1096	1
3268	5713	1
7927	11798	1
2565	623	1
5970	623	1
8154	3745	1
11798	7927	1
12212	12212	1
5845	7927	1
7927	5845	1
12213	10506	1
4170	2101	1
6895	3576	1
7444	7786	1
4039	2973	1
2973	4039	1
2941	5608	1
543	616	1
4800	3733	1
3243	7775	1
3196	3449	1
6146	7323	1
8936	17	1
2776	6624	1
2324	5244	1
1269	2248	1
11625	9112	1
3229	4061	1
12214	770	1
1599	3119	1
12009	11472	1
3392	1713	1
12215	6728	1
2084	1432	1
11372	6898	1
4188	12216	1
1584	3190	1
271	6899	1
447	9927	1
5864	10322	1
12184	7758	1
3008	774	1
5974	2907	1
10617	9656	1
1728	9310	1
7020	9342	1
8358	11536	1
10724	2550	1
3237	422	1
1432	2084	1
92	5128	1
9207	930	1
302	257	1
6875	2141	1
6317	257	1
5845	7331	1
2203	12153	1
4036	8738	1
186	185	1
3268	814	1
6898	11372	1
8368	21	1
271	375	1
8251	4538	1
6874	4538	1
7989	5215	1
689	1886	1
705	1243	1
3433	6493	1
5715	4983	1
1202	1203	1
4864	9041	1
9957	5506	1
6265	9541	1
9041	4864	1
9410	10145	1
12095	11652	1
1075	4920	1
7980	6193	1
5704	11372	1
1791	1930	1
7741	5800	1
4188	5503	1
7786	11372	1
3268	2051	1
9914	9913	1
6875	1517	1
11455	3581	1
11485	11372	1
7836	8609	1
4341	3897	1
2646	7710	1
12190	12190	1
4250	5267	1
831	11402	1
11372	7786	1
4521	1408	1
5796	2721	1
465	425	1
6107	6022	1
6320	5142	1
75	1997	1
7666	4814	1
11472	12009	1
12217	12217	1
4170	2084	1
8051	11182	1
11130	8093	1
6875	3108	1
6613	10572	1
8093	11130	1
541	1365	1
3826	4605	1
9041	7228	1
11586	5802	1
6897	4605	1
3353	7645	1
5908	1365	1
11201	6066	1
4869	7645	1
8341	1365	1
8820	7980	1
12148	6005	1
9798	11239	1
7085	5723	1
623	5970	1
11344	7521	1
5723	7085	1
4604	10961	1
3843	1392	1
3449	3196	1
5762	6068	1
4232	12207	1
905	7645	1
6357	3658	1
2229	7204	1
6985	12058	1
6007	2794	1
7592	7595	1
10330	7204	1
7836	4666	1
673	597	1
5188	7308	1
964	12010	1
3854	3849	1
1072	2634	1
634	1077	1
4863	4864	1
6706	6210	1
81	6146	1
1834	3050	1
5613	5906	1
4171	1838	1
2229	2411	1
8469	5602	1
302	301	1
424	29	1
6105	6201	1
12218	9142	1
1402	5674	1
11426	4956	1
6875	4366	1
6066	11201	1
5922	11201	1
1096	5039	1
4464	2821	1
5414	1620	1
7484	1203	1
6493	3433	1
10390	8880	1
6332	1203	1
12073	2663	1
4538	6874	1
4522	1203	1
6922	5861	1
5081	5340	1
4901	5293	1
4596	242	1
5000	5293	1
11485	6898	1
9629	6572	1
6646	5090	1
7082	6613	1
6576	3539	1
6898	11485	1
6624	6898	1
2229	1523	1
1117	1523	1
12136	8204	1
12219	10835	1
2821	4464	1
7260	515	1
1407	10355	1
10835	12219	1
10609	9488	1
7747	7747	1
6706	8739	1
4692	4727	1
9002	10338	1
11846	4549	1
10228	6056	1
11234	33	1
3559	5630	1
4921	2654	1
1913	1170	1
6845	9472	1
1855	6281	1
11182	8051	1
81	12204	1
7980	8820	1
7836	3109	1
638	10396	1
7836	5640	1
10920	2343	1
242	241	1
11274	3673	1
3658	6357	1
2229	3825	1
8067	10714	1
2616	10205	1
9515	11113	1
9223	11243	1
8018	6299	1
344	9335	1
6321	6299	1
6201	6105	1
4572	4705	1
6299	9687	1
4657	4885	1
7919	3673	1
2143	56	1
9857	6269	1
9601	10209	1
9914	1254	1
70	2712	1
9102	4580	1
9722	9723	1
7082	6793	1
8262	4039	1
4948	5943	1
12220	12220	1
11478	8014	1
10681	8508	1
3191	2481	1
10531	1096	1
552	10892	1
1132	4196	1
4170	2194	1
3348	4601	1
5517	8336	1
7836	8820	1
6299	6328	1
3134	5802	1
3020	11120	1
6875	423	1
12084	7627	1
5353	11121	1
625	5062	1
7645	3353	1
3908	3907	1
3088	5355	1
12221	11912	1
1858	1858	1
1037	6647	1
2324	2847	1
3753	6649	1
6407	3585	1
12010	8844	1
2229	816	1
12222	56	1
4140	4426	1
7836	5374	1
8056	7084	1
6886	2030	1
7484	12203	1
8243	5650	1
6319	3950	1
12223	477	1
4944	4944	1
4409	3950	1
5802	11586	1
7836	3626	1
10546	7741	1
1617	1612	1
8844	12010	1
2324	2407	1
10818	4852	1
75	7548	1
3377	1120	1
5043	5089	1
12222	12222	1
11455	4043	1
1120	3377	1
5860	12180	1
10069	7526	1
4852	10118	1
3849	3854	1
6660	9323	1
1229	10164	1
7566	4073	1
11201	5922	1
2759	11968	1
5414	4789	1
11205	8505	1
10118	4852	1
9687	6686	1
6070	1439	1
5522	4909	1
5045	10244	1
4573	616	1
4593	2785	1
12050	6466	1
1466	6657	1
3297	11455	1
3372	3625	1
7228	9041	1
6220	11348	1
10464	12029	1
9687	6299	1
1120	5628	1
6328	6299	1
730	1451	1
12224	12224	1
10171	6187	1
12225	11348	1
12214	228	1
10667	11781	1
4580	9102	1
4742	4741	1
9009	8153	1
6962	1622	1
4507	1622	1
9674	1622	1
4418	11182	1
10374	10719	1
1933	410	1
5197	6344	1
8748	5857	1
11445	11565	1
2422	2398	1
5089	1607	1
4946	11565	1
4601	3348	1
9095	12194	1
11151	11565	1
573	526	1
9487	9488	1
8204	12136	1
6132	1203	1
228	12214	1
12226	12136	1
3559	6903	1
6265	1203	1
5630	6903	1
7836	3651	1
8505	11205	1
11182	4418	1
7948	9731	1
11565	11151	1
7163	8756	1
9541	6265	1
4163	718	1
1451	730	1
5293	4901	1
232	708	1
11397	5892	1
3950	4409	1
8688	11565	1
5843	4939	1
7013	6206	1
5215	7989	1
3430	8854	1
12227	12227	1
4039	8262	1
866	438	1
10620	5892	1
8204	1428	1
7595	7592	1
2941	10663	1
8335	2169	1
11128	11988	1
10651	10605	1
9488	9487	1
5099	4396	1
9480	5607	1
6146	81	1
5062	625	1
9728	216	1
8139	11965	1
11687	9824	1
11965	8139	1
12204	81	1
11836	7988	1
3547	2457	1
12214	10552	1
1436	2457	1
8609	10478	1
10853	11965	1
921	6700	1
11912	12221	1
3456	2457	1
21	1512	1
7785	317	1
4287	7006	1
750	11965	1
11965	750	1
10892	552	1
5517	5956	1
8819	10742	1
2398	2422	1
12180	5860	1
2399	3931	1
9518	10811	1
875	2886	1
4408	3950	1
3625	3372	1
11445	11751	1
2446	425	1
5681	3399	1
4988	5175	1
3520	3517	1
9717	11946	1
6895	5877	1
2939	467	1
4582	1810	1
5623	5783	1
5725	6265	1
8787	7779	1
6243	11831	1
4188	11211	1
12228	7102	1
7076	4341	1
11618	11961	1
1077	11961	1
3200	3201	1
10572	10572	1
1935	11961	1
4006	3503	1
5308	11961	1
12058	6985	1
1175	428	1
8541	8191	1
7684	3480	1
3399	5681	1
6299	5452	1
11565	11445	1
2276	2941	1
10552	12214	1
11751	11445	1
10314	5458	1
11781	10667	1
3512	4034	1
3343	5130	1
4780	11445	1
11842	1910	1
1791	5130	1
6132	9857	1
3480	7684	1
2541	2712	1
11562	10893	1
6005	12148	1
4034	3512	1
7345	10893	1
6265	5725	1
8619	5217	1
11348	6220	1
5119	11851	1
2794	6007	1
6657	1466	1
3984	3358	1
12067	12068	1
7230	5298	1
2307	2399	1
11122	11122	1
10278	12229	1
6432	6679	1
5823	3944	1
12230	2326	1
5630	3559	1
2481	7932	1
10570	3829	1
7448	4981	1
1466	3786	1
11851	3786	1
6303	9279	1
1045	4683	1
10769	10769	1
6895	4485	1
10205	2616	1
5414	4227	1
7128	10491	1
3050	1834	1
7836	4647	1
11939	9300	1
4485	5877	1
4780	11751	1
2778	12150	1
4170	8948	1
7309	6869	1
10455	9021	1
11445	4780	1
5898	10133	1
11926	6564	1
5142	6320	1
6481	5622	1
12231	7484	1
12232	3373	1
2793	10025	1
5287	4983	1
4252	6107	1
11243	9244	1
7162	6033	1
7421	5831	1
11620	11620	1
11121	5353	1
5047	11751	1
6613	6793	1
8420	8421	1
2264	4209	1
8160	8192	1
4165	11627	1
9105	6564	1
8756	10374	1
11751	5047	1
6325	6700	1
8976	11391	1
4705	4572	1
2707	2244	1
8724	6086	1
8442	8441	1
7117	9402	1
7375	2588	1
4508	4540	1
10415	5234	1
5606	10677	1
425	2446	1
3057	965	1
6172	12217	1
8192	8160	1
6562	3070	1
5650	5650	1
8705	5228	1
680	9584	1
3950	4408	1
1491	1135	1
2588	7375	1
10721	10434	1
6867	10754	1
7988	11403	1
1718	2670	1
12217	6172	1
6153	6154	1
8909	5640	1
6299	7205	1
9032	9032	1
4445	8492	1
4983	5287	1
10605	10651	1
3175	3176	1
6869	9790	1
9281	10651	1
4538	8251	1
2941	2276	1
5667	5175	1
9376	9377	1
10343	7128	1
1535	3679	1
3066	3826	1
10118	5420	1
9687	7825	1
10415	10464	1
9357	12217	1
5860	6197	1
11828	11828	1
9122	10118	1
10118	9122	1
2913	8222	1
10633	10506	1
6210	6210	1
5086	5087	1
3626	6784	1
2596	2842	1
2153	1685	1
8975	10319	1
9966	10319	1
2813	8123	1
5175	4988	1
597	673	1
4522	2902	1
8525	8526	1
12136	12226	1
5452	6299	1
12233	11077	1
7205	6299	1
3268	9769	1
1727	1055	1
4437	673	1
11781	8139	1
9402	7117	1
9465	6752	1
4036	5670	1
5822	2270	1
8854	3430	1
8204	2616	1
6197	5860	1
7220	4592	1
8492	4724	1
3279	4627	1
7235	4555	1
2270	5822	1
317	7785	1
10677	5606	1
5414	1229	1
5257	2875	1
4034	4034	1
4724	8492	1
4193	5100	1
11455	3297	1
5100	4193	1
2578	9936	1
7956	763	1
5251	846	1
6749	447	1
1135	2804	1
7825	9687	1
1491	2804	1
6686	9687	1
8570	8570	1
186	2019	1
2552	2616	1
12123	6843	1
7642	7597	1
9718	8705	1
5775	8899	1
10183	8705	1
11348	7125	1
5357	8899	1
9471	589	1
6752	1384	1
7654	5613	1
9013	10442	1
10442	9013	1
6869	6849	1
6033	7162	1
2043	1828	1
5613	7654	1
3887	77	1
11965	10853	1
8748	6414	1
6107	4320	1
6899	271	1
325	326	1
7474	9705	1
1900	4029	1
5275	323	1
9393	9394	1
10965	7773	1
6086	8724	1
5234	10415	1
3330	3347	1
9649	2494	1
4791	4638	1
6843	12123	1
4445	4724	1
1838	4171	1
6309	3177	1
2452	6915	1
6185	5576	1
4386	5602	1
8705	10183	1
12234	12234	1
3950	6319	1
5138	12202	1
6183	4755	1
2832	2843	1
3212	2909	1
7128	8763	1
8763	7128	1
689	2113	1
1607	5089	1
11565	11751	1
11297	5415	1
7501	5876	1
6508	11820	1
5602	4386	1
2609	1725	1
8705	9718	1
8222	2913	1
10895	1725	1
7370	895	1
4724	4445	1
6316	6316	1
5175	5667	1
3079	6365	1
10188	8162	1
6481	7767	1
