10842	10118	1
8441	8442	1
8162	10188	1
5472	9202	1
1099	6424	1
4724	4445	1
10188	8162	1
4250	4250	1
11888	9939	1
3670	235	1
8264	9821	1
8139	11781	1
9178	7469	1
9690	8162	1
6321	6299	1
902	759	1
11151	6328	1
11781	8139	1
10133	5898	1
8492	4445	1
4459	9441	1
8162	7614	1
7614	8162	1
7128	10343	1
5650	8243	1
957	526	1
1666	3723	1
8243	5650	1
744	7452	1
676	676	1
9441	4459	1
4140	4426	1
4592	7220	1
6107	4252	1
11749	11750	1
8007	4317	1
12235	10947	1
4657	4885	1
2264	4209	1
4352	11616	1
265	9300	1
12236	12236	1
10868	10868	1
7181	11405	1
12120	3824	1
2420	4422	1
11405	7181	1
10434	12237	1
1913	2585	1
4422	2420	1
12238	12238	1
3520	4563	1
11851	5119	1
2616	2552	1
1523	1117	1
12237	10434	1
3347	3330	1
10109	4922	1
1913	889	1
9957	5506	1
11751	11445	1
3576	5822	1
4838	3237	1
526	957	1
6299	2252	1
241	242	1
2481	1437	1
6869	7309	1
7554	1437	1
9202	5472	1
7785	317	1
3545	4660	1
3456	2457	1
1031	4966	1
3645	9928	1
628	627	1
1045	861	1
3447	4233	1
5411	4062	1
4485	4930	1
4934	4934	1
11182	8051	1
7570	5725	1
4445	7555	1
11565	5725	1
9928	3645	1
11759	11984	1
11910	2958	1
897	889	1
1436	3194	1
669	669	1
1834	3050	1
11204	7243	1
10343	7128	1
8534	11096	1
8671	11518	1
447	6749	1
1075	1074	1
3297	11455	1
5197	6344	1
774	3008	1
4741	4742	1
4029	1900	1
9268	9131	1
7309	6869	1
3642	259	1
1997	259	1
8619	5217	1
623	4963	1
4263	1654	1
271	272	1
4794	1146	1
9584	680	1
3936	79	1
11627	4165	1
9506	7165	1
242	241	1
9268	8093	1
3196	3449	1
547	6183	1
10025	2793	1
11907	6183	1
5119	11851	1
10312	1889	1
3231	1149	1
3176	3175	1
11851	9619	1
3066	3826	1
6265	1203	1
6007	2794	1
11455	3581	1
4276	4276	1
9425	11536	1
6265	9541	1
7229	10436	1
9041	4864	1
12233	11077	1
6183	11907	1
1074	1075	1
1727	4171	1
4735	4635	1
4939	5843	1
5374	6022	1
1752	10483	1
9268	4905	1
4165	11627	1
1913	1232	1
3108	1232	1
2794	6007	1
4983	4763	1
3824	12120	1
4939	7138	1
8251	4538	1
11618	1081	1
7266	11057	1
1512	21	1
5481	3043	1
9268	2655	1
1232	3108	1
425	465	1
4946	11057	1
737	1081	1
9105	11057	1
2298	1241	1
4864	9041	1
788	21	1
7271	2645	1
11372	11485	1
5667	5175	1
3934	3725	1
3934	74	1
1282	21	1
3043	5481	1
8162	9690	1
10188	9690	1
182	183	1
6704	1676	1
11033	4226	1
2078	541	1
5307	7311	1
2616	8204	1
11182	4418	1
11279	11853	1
23	29	1
7014	4418	1
11960	12060	1
5798	6397	1
9268	1499	1
11096	8534	1
4341	7076	1
28	5622	1
3315	7108	1
2552	2616	1
3928	3929	1
3826	4605	1
7660	816	1
6897	4605	1
1005	6458	1
8204	2616	1
7375	12239	1
17	8936	1
4445	8492	1
1853	7372	1
1599	2722	1
1741	4021	1
4727	4605	1
6646	5090	1
9939	11888	1
10116	11861	1
8785	5084	1
10023	4569	1
9068	2879	1
21	1512	1
5497	5498	1
9268	9208	1
3022	2248	1
3353	7645	1
11851	3786	1
3960	10187	1
5423	2879	1
4263	1891	1
11816	11817	1
8125	7854	1
11485	11372	1
2011	1889	1
7627	3398	1
265	266	1
2918	2919	1
3068	6836	1
1713	3392	1
3825	7746	1
4755	9953	1
4340	7746	1
5704	11372	1
3895	3068	1
8340	12119	1
1599	9525	1
21	4930	1
7029	986	1
5130	1791	1
8897	5263	1
9268	6328	1
2049	3864	1
4062	5411	1
2019	186	1
10970	10971	1
7181	8827	1
8051	11182	1
266	265	1
11057	4946	1
4494	1599	1
6433	5411	1
11565	4946	1
5260	5261	1
259	1997	1
1666	3948	1
3559	5630	1
9268	7312	1
3936	2534	1
2996	9772	1
4922	10109	1
4635	4735	1
4161	4220	1
12124	11957	1
4418	7014	1
1647	885	1
885	885	1
12240	12240	1
1338	10494	1
4252	6107	1
12217	12217	1
5612	5047	1
12241	6439	1
8756	7163	1
8011	4355	1
6784	3626	1
8037	9327	1
4157	1889	1
3288	3287	1
3326	6963	1
5047	5612	1
5630	3559	1
7271	2722	1
21	1441	1
8285	12217	1
11455	3297	1
3875	4582	1
423	6875	1
12038	12217	1
986	7029	1
8899	5775	1
2847	2678	1
1810	4582	1
4366	6875	1
11505	7563	1
3108	6875	1
1750	1772	1
2084	1432	1
1517	6875	1
9268	6453	1
4140	3711	1
323	5275	1
2141	6875	1
2915	6875	1
420	6875	1
3936	1444	1
680	283	1
4036	11724	1
1718	5459	1
9807	9695	1
707	5459	1
843	4927	1
2482	2652	1
4540	4508	1
5248	11724	1
4934	3603	1
5670	11724	1
4418	11182	1
3632	2265	1
3928	12242	1
10769	4581	1
5261	5260	1
2652	2482	1
6447	4362	1
9268	8291	1
5411	7804	1
4581	10769	1
5198	5195	1
6779	643	1
3670	3669	1
1149	3231	1
4927	843	1
3517	3520	1
3190	1584	1
10777	10777	1
2420	3520	1
5296	1517	1
3083	5297	1
11483	11484	1
6107	4320	1
6875	1517	1
12243	12244	1
386	410	1
1584	3190	1
7282	4274	1
6325	6700	1
5506	9957	1
10333	4274	1
4256	4274	1
10319	8975	1
4742	4741	1
6918	1361	1
5856	7753	1
3287	585	1
9644	10620	1
4901	5293	1
2653	676	1
5257	676	1
2934	676	1
3829	10570	1
2722	1599	1
10510	4881	1
172	150	1
2335	6266	1
3766	3766	1
4892	2919	1
6319	3950	1
328	6899	1
9821	8264	1
5783	5623	1
9690	10188	1
12228	11933	1
6899	328	1
10853	11965	1
2247	4898	1
2776	328	1
77	6377	1
5623	5783	1
9327	8037	1
3967	6571	1
4396	5099	1
7141	11905	1
4051	6322	1
1531	3549	1
1405	1889	1
11853	11279	1
5357	7521	1
7645	3353	1
1338	1523	1
3549	1531	1
6183	547	1
875	2886	1
2879	5423	1
8903	10814	1
11945	8772	1
8570	8772	1
4362	6447	1
3654	6763	1
3791	1342	1
6763	3654	1
3629	676	1
6053	676	1
10634	9727	1
6407	3585	1
5852	5851	1
6867	10754	1
10826	10826	1
10154	11536	1
5860	12180	1
2420	3585	1
5411	11536	1
4263	2130	1
1361	9270	1
10827	10826	1
2331	12209	1
7309	7310	1
4017	4017	1
7145	7780	1
10232	3487	1
3520	2420	1
10355	1407	1
4852	10818	1
5217	6259	1
12217	12038	1
8457	1097	1
708	232	1
2722	7271	1
4220	4161	1
4979	676	1
9204	697	1
696	697	1
3615	676	1
283	680	1
2829	2829	1
3042	5300	1
10620	9644	1
998	676	1
11505	5307	1
1407	10355	1
7311	5307	1
4360	4363	1
6210	5307	1
7375	2588	1
6521	8092	1
4263	2232	1
689	2113	1
3	2	1
4390	4525	1
1666	1900	1
3326	10945	1
529	4004	1
10296	10296	1
2873	4930	1
4525	4390	1
8123	2813	1
400	4180	1
8972	7931	1
5300	5300	1
7597	7642	1
11616	4352	1
1609	1099	1
11565	11151	1
6328	11151	1
5845	5047	1
3631	2017	1
5047	5845	1
10187	3960	1
1666	7764	1
1647	10900	1
4660	3545	1
465	425	1
568	3286	1
3950	6319	1
3241	676	1
10651	10605	1
5736	7621	1
4143	1900	1
7642	7597	1
12153	2203	1
5175	5667	1
4573	676	1
2365	6443	1
3934	5011	1
5640	8909	1
1935	3840	1
4881	10510	1
11202	10826	1
2422	2398	1
1132	4196	1
9776	9777	1
8936	17	1
7804	5411	1
8975	1900	1
1081	737	1
11536	5411	1
11795	12245	1
8695	10826	1
1118	8575	1
2734	8707	1
10570	2912	1
8909	5640	1
11057	7266	1
9268	7266	1
8763	12134	1
2484	10473	1
5175	4988	1
10814	8903	1
7495	12134	1
10506	10633	1
9268	4437	1
4988	5175	1
3372	3625	1
9727	10634	1
12246	5096	1
707	889	1
328	2776	1
10330	7204	1
3800	7626	1
3430	8854	1
5634	7885	1
3079	9735	1
9735	3079	1
10473	1163	1
4752	9146	1
6218	5793	1
5268	9472	1
5796	3166	1
10473	2484	1
10755	3985	1
10651	9281	1
6259	5217	1
257	225	1
1666	1897	1
1163	10473	1
9753	10187	1
3512	4034	1
10319	9966	1
673	4437	1
6256	4389	1
1900	11121	1
4445	4724	1
6108	7810	1
1666	4386	1
8909	7780	1
8490	6299	1
12093	12093	1
6816	2484	1
4193	5100	1
9612	5870	1
3950	4409	1
6758	6844	1
4263	5802	1
3794	4257	1
8753	10180	1
10810	8139	1
12247	10303	1
4409	3950	1
7836	5374	1
3430	7836	1
8139	10810	1
9184	4034	1
10506	8425	1
8492	4724	1
5860	6197	1
6934	8903	1
5845	5065	1
10032	10032	1
4251	3944	1
4724	8492	1
10570	10173	1
5301	4257	1
9966	10319	1
4257	5301	1
5870	9612	1
9268	10208	1
2484	6816	1
8975	10319	1
5065	5845	1
683	227	1
8609	7836	1
6831	7417	1
5	5922	1
8137	5825	1
2330	4320	1
1969	6558	1
5904	5190	1
9776	8950	1
883	957	1
10473	1897	1
6197	5860	1
1897	10173	1
12248	12191	1
6414	1897	1
6266	2335	1
5086	5087	1
5452	6246	1
9966	9763	1
7266	5725	1
3855	8773	1
4666	7836	1
9763	9966	1
12249	12249	1
5358	3989	1
5640	7836	1
4437	673	1
10570	3829	1
3767	8619	1
8773	3855	1
1117	3983	1
8820	7836	1
5670	4036	1
12136	12226	1
5515	3825	1
5374	7836	1
1897	6414	1
3626	7836	1
1887	1203	1
5922	5	1
9314	9314	1
11416	12006	1
2403	5625	1
6729	6730	1
5843	4939	1
8704	9410	1
3825	5515	1
12151	5455	1
7138	4939	1
4363	4360	1
8950	9776	1
7801	3817	1
11724	4036	1
12250	12250	1
12251	11009	1
585	3287	1
12134	8763	1
11724	5670	1
12252	12253	1
6264	6023	1
8194	11330	1
7128	8763	1
11551	5301	1
8903	6934	1
5796	2721	1
9268	9105	1
3651	7836	1
4020	6897	1
10900	1647	1
7257	5	1
4437	4980	1
2116	2115	1
11057	9105	1
2980	1128	1
3826	3066	1
313	3178	1
1619	5229	1
3625	3372	1
8763	7128	1
4251	3948	1
6316	6316	1
4343	12254	1
1045	5948	1
1126	3383	1
8425	10506	1
1087	863	1
7645	12255	1
9105	5725	1
9065	11909	1
10755	10506	1
8575	1118	1
1666	1229	1
1666	3949	1
5904	7836	1
182	2364	1
957	883	1
1128	2980	1
7235	4555	1
9069	10737	1
11702	10788	1
