855	670	1
4416	11743	1
912	8362	1
11348	7125	1
10460	12306	1
5380	9769	1
9735	3079	1
328	272	1
8903	10814	1
29	424	1
7508	9777	1
10073	10826	1
1069	3103	1
9314	3950	1
8339	10621	1
10621	8339	1
7886	7402	1
4478	12112	1
12108	7336	1
9763	9966	1
10319	9966	1
3493	4368	1
6729	10736	1
4251	3944	1
4485	5553	1
4368	3493	1
2913	2289	1
7862	5009	1
5553	4485	1
5009	7862	1
21	613	1
5474	12295	1
4362	613	1
4257	5301	1
3967	1709	1
2317	4840	1
6544	11635	1
2890	1009	1
12307	6228	1
11618	11635	1
1045	5948	1
8595	2455	1
11719	11635	1
3840	11635	1
8420	8421	1
4824	1266	1
1474	617	1
4816	12308	1
12309	11635	1
3110	5301	1
6494	12250	1
12310	12310	1
9350	9	1
1509	1009	1
3937	2558	1
1075	994	1
98	1104	1
6342	5798	1
6165	3576	1
1202	1202	1
395	3232	1
1962	2190	1
9198	9178	1
1822	3949	1
1185	821	1
11939	9300	1
1077	1263	1
10741	6128	1
9300	11939	1
563	564	1
3112	9300	1
10535	11162	1
1962	764	1
737	1081	1
8261	2334	1
936	12116	1
8451	8867	1
8629	7410	1
4525	1838	1
4408	7909	1
6771	8977	1
7909	4408	1
10276	6977	1
6328	7141	1
512	363	1
6128	10741	1
12311	9474	1
2289	2913	1
11031	4257	1
1188	980	1
1687	10146	1
5943	4948	1
11782	11782	1
1607	4732	1
5844	6564	1
222	1693	1
7654	12312	1
395	2415	1
10570	4555	1
8929	9152	1
12313	2115	1
11014	10259	1
10259	10259	1
5060	3218	1
3079	9735	1
4095	8191	1
7780	8191	1
2911	9735	1
999	3514	1
11759	11984	1
395	6095	1
5125	3978	1
5419	11164	1
12314	664	1
3978	5125	1
3372	2420	1
5509	5729	1
395	3996	1
5517	5090	1
5965	8454	1
6228	12307	1
1081	737	1
395	1389	1
8657	7660	1
12250	6494	1
7006	4287	1
395	205	1
4358	4407	1
5167	10588	1
8378	5594	1
7260	515	1
1377	6057	1
10363	9790	1
5876	12061	1
11751	9425	1
395	5997	1
8924	8925	1
6962	12305	1
11641	2086	1
1900	8975	1
2604	12259	1
10319	8975	1
8595	6059	1
3829	8222	1
2913	8222	1
12312	7654	1
8222	3829	1
3992	2311	1
3543	5459	1
334	1962	1
3196	7127	1
6611	11074	1
5463	4864	1
395	352	1
2512	1962	1
1954	1962	1
3992	5503	1
6884	3998	1
12061	5876	1
9239	1532	1
3814	1434	1
3512	4034	1
10900	4164	1
5027	5026	1
9917	9917	1
4034	3512	1
4863	4864	1
11164	5419	1
5844	2343	1
905	3353	1
7521	5357	1
12259	2604	1
395	5695	1
1117	5360	1
10455	9021	1
2428	4160	1
10475	12315	1
630	629	1
4094	6316	1
7487	5897	1
10464	11121	1
4020	424	1
6094	9067	1
10507	3404	1
8425	10506	1
4864	5463	1
11372	6898	1
5459	3543	1
3372	6716	1
1232	1913	1
2588	7375	1
12239	7375	1
7673	2569	1
2735	8809	1
8709	10404	1
10328	6930	1
12316	12316	1
10665	10665	1
9863	4101	1
6771	8247	1
4257	11031	1
2564	1099	1
3559	6903	1
2569	7673	1
10118	11696	1
1926	1926	1
1741	4021	1
10328	11387	1
11121	10464	1
5297	5774	1
5357	7521	1
12317	3017	1
3345	2200	1
6898	11372	1
2958	6908	1
4030	10634	1
6908	2958	1
9188	12153	1
5481	11045	1
8608	9466	1
7508	7508	1
5026	5027	1
4220	4221	1
12318	9359	1
11751	11445	1
2558	3937	1
4409	3950	1
2227	2360	1
786	1079	1
629	630	1
11743	4416	1
12283	12091	1
3950	4409	1
680	9584	1
2056	4909	1
5711	6316	1
395	2276	1
8688	8864	1
1117	3983	1
1517	3921	1
2935	5074	1
7995	5660	1
4968	205	1
1619	5266	1
11201	5	1
5381	5382	1
395	3262	1
5386	8864	1
5897	7487	1
11565	11537	1
980	1188	1
6128	10784	1
3669	6505	1
3829	10570	1
3170	1060	1
10570	3829	1
424	4020	1
10497	7100	1
4329	11992	1
5345	4162	1
5844	4666	1
6234	2785	1
5844	4585	1
1638	4164	1
9279	8639	1
395	3349	1
3512	1872	1
4160	2428	1
3523	10570	1
10473	1163	1
7796	8739	1
9397	9888	1
9924	12312	1
4954	5541	1
9897	3440	1
4973	6424	1
1913	1232	1
10391	6803	1
6193	1884	1
6687	5902	1
395	4415	1
11233	4260	1
8017	6297	1
12319	4260	1
7570	8093	1
6105	6201	1
5351	877	1
7153	7125	1
1099	2564	1
1774	4692	1
5541	4954	1
664	12314	1
2954	9562	1
7100	10497	1
11074	12274	1
12082	1967	1
6341	8280	1
7136	2843	1
4698	9886	1
4390	4525	1
8261	7262	1
5382	5381	1
7502	3380	1
10389	9251	1
4593	3234	1
11689	7258	1
9934	3950	1
5742	5901	1
3950	9934	1
8739	7796	1
9067	9581	1
5901	5742	1
2724	2145	1
4813	5189	1
7570	7262	1
9178	9198	1
12274	11074	1
2420	3372	1
8305	5326	1
5650	8243	1
4047	5181	1
8235	12260	1
863	1087	1
3315	7108	1
3405	4477	1
9843	10885	1
9251	10389	1
11485	7028	1
7484	8452	1
4938	8935	1
5638	1005	1
9285	8762	1
803	4537	1
5844	628	1
4957	4957	1
395	2182	1
7108	3315	1
4657	5463	1
395	4345	1
12320	12320	1
4525	7465	1
1733	3155	1
9922	7465	1
1962	1686	1
3404	10507	1
5086	5087	1
10259	11128	1
1145	613	1
8478	7213	1
4250	613	1
877	5351	1
10507	9067	1
1380	613	1
4101	9863	1
6070	5355	1
2673	2276	1
5660	7995	1
8925	8924	1
205	395	1
9067	10507	1
9581	9067	1
3967	1809	1
1120	6854	1
11265	5000	1
8243	5650	1
1163	10473	1
7345	7739	1
12321	5164	1
6201	6105	1
7969	5164	1
395	4389	1
7408	5845	1
7225	7408	1
11201	6066	1
2543	613	1
7258	11689	1
8809	2735	1
4162	5345	1
4868	2051	1
3372	375	1
1858	2883	1
8280	6341	1
477	12223	1
5555	4090	1
7179	7731	1
395	186	1
12192	6237	1
2086	11641	1
1512	613	1
5386	11905	1
5516	8093	1
8093	5516	1
5463	4657	1
4445	4799	1
6591	8093	1
395	2051	1
4525	7048	1
9359	12318	1
6234	5560	1
2484	6816	1
8739	6299	1
5418	2867	1
5213	3350	1
12153	9188	1
3210	1188	1
11445	11751	1
9031	4692	1
3210	613	1
7108	2914	1
8595	1466	1
6897	4020	1
4360	2422	1
1686	1962	1
2086	3689	1
11260	1232	1
2336	2337	1
5175	5185	1
4525	8724	1
12322	12322	1
2883	1858	1
232	708	1
451	5697	1
3990	601	1
3576	3395	1
1913	466	1
6324	4842	1
1128	2980	1
1579	4377	1
2200	3345	1
4752	1268	1
6190	11065	1
395	4346	1
7982	5090	1
11235	9480	1
5544	5522	1
7345	4439	1
3138	858	1
2813	8123	1
3170	2734	1
707	5459	1
4478	5860	1
1060	2734	1
5783	5623	1
7141	11905	1
5418	7004	1
2776	328	1
3829	1469	1
375	3372	1
4525	500	1
3990	3990	1
10130	11391	1
3315	2914	1
4657	1681	1
3287	3288	1
3088	5355	1
9612	5870	1
6167	5355	1
395	2019	1
4525	2802	1
3190	1584	1
5860	4478	1
5904	5374	1
4376	2641	1
5154	4888	1
12260	8235	1
5374	6022	1
4888	5154	1
5897	5354	1
5623	5783	1
2646	3944	1
5086	2381	1
9480	11235	1
2334	8261	1
5360	1117	1
3372	1378	1
395	2847	1
6977	10276	1
1681	4657	1
4946	7266	1
8975	5482	1
4652	4537	1
700	2956	1
2058	4184	1
11382	4335	1
5546	496	1
5087	5086	1
5009	10677	1
8763	12134	1
4000	4001	1
1441	21	1
4668	2912	1
4862	2203	1
7014	11944	1
7602	6812	1
4230	2619	1
4780	635	1
3372	3625	1
11552	12301	1
3234	4593	1
10377	5559	1
2420	1009	1
2115	12313	1
6564	8172	1
1872	3512	1
5257	425	1
3753	6649	1
6760	8359	1
8452	7484	1
4020	6897	1
6251	7484	1
1120	869	1
12134	8763	1
3291	8060	1
10826	8197	1
7375	12239	1
10687	4287	1
8619	5217	1
4439	7345	1
3372	12040	1
1099	1609	1
6864	11625	1
8317	12266	1
11625	6864	1
1392	3843	1
8719	4988	1
4457	4383	1
7484	6251	1
12323	12323	1
3568	1229	1
2163	1517	1
4457	5774	1
4113	5353	1
8977	10379	1
6259	5217	1
1062	5774	1
8206	3887	1
10328	1607	1
3990	8035	1
2797	216	1
3829	2646	1
5354	5897	1
2546	6161	1
5230	8082	1
4842	6324	1
10929	6724	1
2808	2973	1
8713	1108	1
359	86	1
4301	5376	1
11121	5234	1
4905	6127	1
3372	2479	1
689	2113	1
8595	1612	1
5438	10118	1
10415	5234	1
2802	4525	1
10461	9992	1
7331	2616	1
4799	4445	1
6400	12324	1
8935	4938	1
4025	3725	1
10303	8505	1
5234	10415	1
9584	680	1
2390	4287	1
375	271	1
3503	5288	1
11031	1607	1
4842	5326	1
1013	2119	1
3625	3372	1
12040	3372	1
2479	3372	1
831	930	1
4335	11382	1
4287	2390	1
8425	5075	1
8595	8595	1
12323	6513	1
5506	11382	1
2797	1254	1
3799	5203	1
3732	6846	1
930	831	1
2114	10437	1
1607	11031	1
2596	2842	1
9239	10409	1
4647	5191	1
3992	6987	1
12325	12325	1
1884	2523	1
7128	10491	1
3679	12326	1
5133	7916	1
10677	5009	1
4983	6329	1
7801	3817	1
6721	6649	1
4581	10769	1
10171	6544	1
7000	6730	1
11719	6544	1
11635	6544	1
3840	6544	1
3817	7801	1
5657	6544	1
2523	1884	1
9923	6544	1
5823	7764	1
395	2018	1
10769	4581	1
10819	3606	1
7083	4667	1
424	4808	1
5221	12073	1
1611	5415	1
3178	314	1
7780	6365	1
4676	4667	1
1609	1099	1
8060	3291	1
7624	5979	1
3689	2086	1
2706	5369	1
543	2260	1
7836	5904	1
4000	3603	1
3377	1120	1
5191	4647	1
3670	1120	1
9452	4667	1
9402	4667	1
1900	3525	1
4138	4444	1
6056	4667	1
12161	905	1
10568	10567	1
4667	6056	1
8924	10582	1
6649	6721	1
12327	12328	1
905	12161	1
4032	12329	1
6729	7128	1
1069	1483	1
4667	4667	1
12330	2534	1
3437	4055	1
2616	7331	1
3248	4864	1
314	3178	1
6316	9180	1
11825	10826	1
70	2712	1
10305	10928	1
4133	5987	1
5275	323	1
7940	7262	1
11751	11883	1
12331	11825	1
