7098	5642	1
7484	6251	1
7307	3855	1
5742	5901	1
2086	3689	1
8976	7128	1
1069	6743	1
1120	3377	1
2253	3765	1
2352	4270	1
5798	6342	1
1967	12082	1
12073	5221	1
6730	7000	1
8305	5326	1
12105	12082	1
5205	5204	1
1774	3855	1
6721	6649	1
2399	3931	1
5718	5720	1
5418	2867	1
58	40	1
1599	1009	1
7162	6033	1
8891	7616	1
11279	11853	1
8067	6033	1
9239	6251	1
2334	4468	1
271	375	1
40	58	1
1229	3568	1
6027	1209	1
9758	8936	1
12312	9924	1
8247	6771	1
5204	5205	1
3937	3542	1
6230	10502	1
5189	4813	1
328	2776	1
5662	750	1
395	5745	1
1132	4196	1
3288	3287	1
12332	12332	1
9198	9178	1
10319	9966	1
3222	4695	1
4135	5904	1
8867	8451	1
4735	6380	1
3020	2585	1
9165	3975	1
9050	7846	1
3341	3341	1
6380	4735	1
2334	3316	1
1120	5628	1
2585	3020	1
5047	3020	1
1062	7746	1
3512	4034	1
3020	5047	1
3745	2579	1
12333	5633	1
4950	4836	1
7613	2958	1
12334	4260	1
1996	3547	1
6306	9924	1
3765	2253	1
4735	4930	1
7969	814	1
11118	7195	1
1381	3967	1
11803	11803	1
3450	3020	1
10531	1096	1
6072	1081	1
5468	5926	1
9924	6306	1
906	1266	1
4034	3512	1
331	332	1
12153	9188	1
1619	5266	1
387	1184	1
4752	9146	1
5310	1422	1
1517	2163	1
11565	8688	1
2579	3745	1
8977	7311	1
3825	7465	1
4735	2785	1
4735	6034	1
1958	7465	1
577	11307	1
2270	11307	1
4164	10900	1
2334	420	1
4608	4906	1
1059	5297	1
6724	10929	1
9270	1361	1
11031	1607	1
5533	304	1
10799	11943	1
3502	1025	1
11853	11279	1
3139	2278	1
7331	2616	1
3568	1229	1
9152	8929	1
3303	3171	1
1072	2634	1
6385	6397	1
10497	7100	1
5798	9112	1
2335	2260	1
9136	5671	1
1597	11472	1
12335	12335	1
10736	6729	1
8420	8421	1
7100	10497	1
8977	9918	1
10379	8977	1
7311	8977	1
9918	8977	1
4895	5629	1
4287	8977	1
1232	11260	1
1361	9270	1
5374	3109	1
7836	3109	1
2058	777	1
331	777	1
2804	1135	1
4735	5840	1
4801	3536	1
5671	3536	1
511	1480	1
5885	3384	1
4064	8255	1
10567	10568	1
10455	9021	1
10319	8975	1
1727	3234	1
12330	2534	1
6211	7032	1
6299	8739	1
4657	5463	1
3824	12217	1
6784	6206	1
7334	6206	1
6316	6206	1
1963	375	1
4735	4635	1
5310	4136	1
5310	7382	1
11472	12009	1
8093	9588	1
8976	8802	1
6007	6008	1
6281	2745	1
9588	8093	1
5885	2745	1
1188	1109	1
2334	1017	1
10582	8924	1
1459	1560	1
6591	8093	1
8977	5281	1
4365	4364	1
2821	4464	1
2334	1232	1
5288	3503	1
1597	2863	1
6281	1855	1
9894	3537	1
5155	10835	1
4735	2343	1
5074	2935	1
5201	10835	1
259	1997	1
5720	5718	1
2334	11536	1
12219	10835	1
2735	4528	1
1963	64	1
3503	5288	1
1112	10567	1
11182	4418	1
4667	10581	1
8976	7143	1
11155	9951	1
11397	5892	1
1625	1280	1
831	930	1
930	831	1
11483	5378	1
5845	5612	1
6033	7162	1
6897	4020	1
3921	1517	1
6297	8017	1
6107	4320	1
3260	3259	1
7465	1958	1
912	2441	1
2334	1033	1
3234	1727	1
331	1679	1
4207	4036	1
606	606	1
628	627	1
4813	5189	1
7642	7642	1
5561	4534	1
6589	6481	1
8976	4485	1
2428	4554	1
11228	11594	1
887	3507	1
3487	10232	1
2334	8640	1
1037	6647	1
6481	6589	1
9120	8903	1
6934	8903	1
8976	6887	1
9486	6183	1
3020	3450	1
627	628	1
7289	5452	1
12336	627	1
5844	5843	1
4939	5843	1
3287	3288	1
10838	8167	1
4938	8935	1
2058	904	1
3109	5374	1
8976	6729	1
2058	2130	1
12107	7767	1
7128	6729	1
2334	1854	1
5062	5843	1
7311	5307	1
8260	10611	1
8017	6297	1
2735	11762	1
4864	3248	1
11382	5506	1
392	5843	1
8936	17	1
4612	5523	1
4464	2821	1
8609	10478	1
5885	6265	1
5307	7311	1
12217	3824	1
1875	75	1
10900	4164	1
4418	11182	1
8006	8880	1
8051	11182	1
1008	987	1
2334	3801	1
5189	371	1
2573	2571	1
4863	4864	1
531	2292	1
29	424	1
6266	2335	1
10835	12219	1
11751	8336	1
2843	2832	1
8977	4293	1
5310	7740	1
11157	8140	1
3138	5581	1
12301	11552	1
5922	5	1
8976	11164	1
11251	8140	1
5506	11382	1
2942	11160	1
10535	11162	1
855	670	1
3259	3260	1
6281	4992	1
6321	9441	1
5973	2861	1
6804	8290	1
12337	9819	1
4355	4355	1
9441	6321	1
8250	2604	1
331	1508	1
5885	3401	1
10243	6845	1
4353	1585	1
371	5189	1
4301	6066	1
6918	1361	1
8073	3536	1
8362	912	1
4992	6281	1
8051	4418	1
10567	1112	1
5414	4789	1
3426	4484	1
11348	10240	1
3297	9488	1
5500	1585	1
173	2270	1
11031	4257	1
4528	2735	1
4444	4138	1
216	2797	1
11182	8051	1
10232	3487	1
1647	10900	1
4735	352	1
4418	8051	1
4301	5472	1
10900	1647	1
1855	6281	1
486	485	1
7258	5096	1
8282	3977	1
2745	6281	1
4164	1647	1
7230	9009	1
4138	4444	1
7032	6211	1
2891	5388	1
10502	6230	1
7082	6793	1
4822	589	1
11324	3566	1
5904	4135	1
5843	4939	1
9905	4025	1
2198	7082	1
6613	7082	1
7082	2198	1
8880	8006	1
3967	1709	1
7370	6438	1
3088	5355	1
3871	51	1
4695	3222	1
7082	1378	1
10240	7598	1
12116	936	1
7082	6613	1
971	2270	1
3353	7645	1
4828	855	1
2567	3475	1
3475	2567	1
11030	9405	1
389	2371	1
1605	4835	1
6845	10243	1
2678	4032	1
2462	5697	1
3670	3669	1
3877	2347	1
3017	453	1
1096	1517	1
4174	8738	1
7131	7854	1
2250	3410	1
2481	3401	1
9973	8465	1
5662	5472	1
7656	3669	1
6281	7484	1
257	1375	1
11419	3004	1
3669	7656	1
8599	4853	1
9844	9844	1
2483	5382	1
3763	9912	1
8505	7269	1
1188	2900	1
8243	5650	1
70	2712	1
4853	8599	1
6730	10581	1
12263	12264	1
7128	10491	1
8076	5812	1
1491	831	1
8465	9973	1
9845	477	1
9009	7230	1
8739	6299	1
3795	5566	1
11045	4930	1
4164	1638	1
3910	229	1
8903	6934	1
7492	6752	1
2797	1254	1
2565	6752	1
12009	1112	1
8546	10986	1
3502	6267	1
4362	6447	1
5845	7408	1
5388	2891	1
5266	1619	1
2058	8076	1
7307	5519	1
6648	5598	1
3950	4409	1
1647	4164	1
717	9736	1
2334	8261	1
11664	9620	1
1299	8173	1
2580	4238	1
1081	1170	1
12327	3440	1
1727	1055	1
2101	2943	1
10873	8729	1
8976	12338	1
1811	3785	1
5860	6197	1
8903	10814	1
5248	11724	1
1034	1937	1
5353	4113	1
10385	12339	1
9966	10319	1
8975	10319	1
2765	1299	1
8976	9066	1
2334	3068	1
1055	1727	1
3405	10568	1
5000	4999	1
12307	6228	1
5472	5662	1
7408	5845	1
8976	8763	1
4257	11031	1
12340	1897	1
7684	3480	1
3537	9894	1
5612	5845	1
9620	3101	1
2251	2252	1
425	2446	1
12341	10945	1
6343	11044	1
2211	4217	1
4409	3950	1
477	9845	1
6338	2446	1
10200	10945	1
4735	849	1
7444	12173	1
2588	8668	1
2264	4209	1
1832	1796	1
5885	1110	1
3410	2250	1
271	328	1
5346	4857	1
5191	4647	1
5217	6259	1
7061	9980	1
6070	5355	1
2169	564	1
5650	8243	1
1963	1089	1
4735	1506	1
4999	5000	1
3732	1108	1
5541	12342	1
3689	2086	1
6415	1238	1
10188	8705	1
2446	425	1
17	8936	1
8903	9120	1
6197	5860	1
1299	2765	1
10389	9251	1
5482	8975	1
9593	1690	1
1875	86	1
3480	7684	1
6251	2873	1
7308	1556	1
229	3910	1
11779	10826	1
8331	12343	1
11669	11669	1
11470	9888	1
3502	8726	1
2669	6183	1
11044	6343	1
7269	8505	1
7340	7340	1
10826	11779	1
12344	5789	1
2337	12281	1
7143	9100	1
8705	10188	1
1060	2734	1
4147	1810	1
2334	1009	1
6365	7780	1
6438	7370	1
4906	4608	1
5210	4741	1
2058	4461	1
1810	4147	1
2420	1009	1
59	10391	1
1963	8017	1
7660	524	1
3669	3669	1
4020	4027	1
5885	2031	1
11455	3297	1
2415	7861	1
12340	6545	1
5393	9549	1
6228	12307	1
9742	329	1
8977	6771	1
1099	1609	1
271	272	1
2335	6266	1
6264	5365	1
9736	717	1
1314	9980	1
12345	12345	1
6265	996	1
4741	5210	1
814	7104	1
1406	996	1
1109	1188	1
2900	1188	1
12217	9357	1
1609	1099	1
2334	1188	1
10826	8197	1
5845	7331	1
7331	5845	1
9100	7143	1
2334	8204	1
3502	8204	1
4257	6783	1
5885	11382	1
12346	12346	1
6729	7128	1
9311	5778	1
12173	7444	1
3389	2565	1
2043	5778	1
2058	4263	1
2334	2810	1
6352	11465	1
5789	12344	1
2334	2492	1
6281	2870	1
8093	6591	1
7258	11689	1
906	4795	1
12174	10754	1
4919	1539	1
4735	630	1
6779	5541	1
3286	568	1
8977	5836	1
12344	12344	1
12340	8840	1
4881	10510	1
6944	5708	1
5164	11932	1
8976	4409	1
6752	2565	1
5628	3377	1
2973	2808	1
4735	5877	1
2873	6251	1
1396	8567	1
3157	3157	1
3068	2116	1
2365	6443	1
8750	8575	1
484	2820	1
5566	3795	1
6545	12340	1
5778	3868	1
8840	12340	1
3502	2616	1
6325	6700	1
1997	259	1
4376	1194	1
2270	173	1
2870	6281	1
9558	6002	1
744	7452	1
10568	3405	1
1667	2646	1
3518	3642	1
1967	427	1
5333	5210	1
4477	3405	1
7484	6281	1
6441	7049	1
7309	9410	1
1897	12340	1
6774	12347	1
12173	7786	1
8911	7451	1
6034	4720	1
5826	7854	1
3559	6903	1
3881	7854	1
2483	2483	1
328	271	1
4301	714	1
1202	2810	1
9966	8802	1
10183	3440	1
3297	11455	1
3502	1064	1
7861	2415	1
662	5312	1
334	3826	1
6128	10784	1
5708	6944	1
4720	6034	1
8976	9863	1
10025	12277	1
4521	1408	1
3669	1506	1
628	1108	1
2842	2596	1
987	1008	1
382	2190	1
3502	2646	1
7902	7932	1
6816	2484	1
9251	10389	1
2334	7058	1
10885	9843	1
936	12116	1
12347	6774	1
12305	6962	1
12200	12194	1
3392	3561	1
9155	9154	1
10768	10768	1
4668	613	1
8487	8903	1
8172	5234	1
8619	5217	1
5840	3561	1
1690	9593	1
10473	1163	1
6218	8049	1
12348	1163	1
12038	12217	1
10182	11139	1
8492	4724	1
6128	10741	1
5802	4032	1
4724	4605	1
10502	7053	1
9594	9593	1
7053	10502	1
6918	1040	1
11810	11755	1
3259	1871	1
3260	1871	1
7165	718	1
10328	8903	1
8031	9727	1
1871	3259	1
4667	9402	1
7188	10377	1
11094	10377	1
3449	10377	1
10510	4881	1
11704	10377	1
3448	10377	1
7145	7780	1
7982	6569	1
12349	12349	1
10611	8260	1
5671	9136	1
3732	4471	1
5455	9705	1
7307	7318	1
7786	12173	1
4660	3545	1
4910	4832	1
10183	11078	1
831	1491	1
12326	3679	1
6236	9330	1
8049	6218	1
7040	11223	1
9330	6236	1
10285	5598	1
11485	11372	1
10460	12306	1
1108	628	1
10814	8903	1
10345	6552	1
3315	7108	1
7000	10415	1
2844	2878	1
10415	7000	1
21	1512	1
4724	8492	1
12277	10025	1
2596	2842	1
7789	9765	1
266	3350	1
7508	7508	1
10415	5234	1
6079	7109	1
8260	8903	1
12350	12350	1
8938	7109	1
8903	8260	1
842	1135	1
10968	6845	1
11387	8903	1
4812	4832	1
12351	6316	1
6379	6700	1
7433	7432	1
8976	7106	1
4832	4812	1
5598	10285	1
9388	4577	1
2292	531	1
4490	5288	1
12340	4555	1
10003	7901	1
5234	10415	1
6281	2645	1
4832	4910	1
11069	7109	1
8670	9459	1
1833	3005	1
2264	573	1
6532	7535	1
6552	10345	1
912	3005	1
12352	3017	1
5288	4490	1
11372	11485	1
4574	5376	1
6228	11060	1
7810	6108	1
6729	10736	1
9410	7309	1
12353	8903	1
2808	4038	1
6513	12323	1
5075	8425	1
3502	2618	1
7731	7179	1
1140	3658	1
6532	6533	1
8183	6700	1
4696	2727	1
4988	5185	1
3923	10376	1
3073	10968	1
5871	2341	1
3872	7746	1
10376	3923	1
3688	8049	1
8567	1396	1
8049	3688	1
6251	7847	1
7767	12107	1
8903	12353	1
8523	6008	1
8802	9966	1
8903	11387	1
5463	4657	1
4376	2641	1
5804	3507	1
7106	8903	1
12343	8331	1
2334	2869	1
4735	4070	1
8204	2616	1
7847	6251	1
6533	6532	1
3073	2912	1
4045	3426	1
5885	10200	1
5143	2014	1
2646	1667	1
5365	5570	1
4317	7291	1
9727	8031	1
2334	1461	1
9914	1254	1
6771	6771	1
5542	12342	1
2616	8204	1
8976	3965	1
8388	8903	1
7291	4317	1
8388	11387	1
5836	4592	1
8707	3170	1
12339	10605	1
6183	2669	1
5783	5623	1
11908	11094	1
4692	9031	1
9031	4692	1
11094	11908	1
4724	9031	1
11608	7901	1
9009	7901	1
2334	2585	1
2334	2163	1
9031	4724	1
5623	5783	1
3418	18	1
4029	5100	1
5100	4029	1
6262	6099	1
7615	11999	1
526	9704	1
8724	6220	1
10171	11999	1
2808	2973	1
8246	7158	1
6220	8724	1
12340	1667	1
4051	589	1
11810	11999	1
2942	2869	1
3766	3766	1
1163	2914	1
6033	8067	1
11689	7258	1
1690	10751	1
1506	3669	1
10826	1640	1
10796	1624	1
3571	9848	1
6037	6037	1
3507	5804	1
5363	12342	1
3020	1869	1
4762	7158	1
9863	9897	1
9897	9863	1
