4317	8007	1
4965	2031	1
1466	3786	1
10171	10172	1
12256	12256	1
225	257	1
11851	3786	1
2551	2031	1
8162	10188	1
763	3695	1
3341	4048	1
6141	1360	1
3042	6128	1
12134	7495	1
8763	12134	1
3941	2218	1
5300	6128	1
3631	3631	1
7235	4555	1
1774	4812	1
8024	8570	1
10665	10665	1
10788	11702	1
4355	8011	1
10188	8162	1
7836	5374	1
4844	4844	1
6844	6758	1
628	896	1
5259	7423	1
863	1087	1
12124	11957	1
7469	9178	1
9032	5941	1
9178	9198	1
5845	5725	1
5411	6700	1
8707	3170	1
9198	9178	1
5904	5374	1
5411	5047	1
5725	9105	1
5547	2652	1
3738	5128	1
3109	5374	1
2721	5796	1
5411	7082	1
3017	993	1
5411	6279	1
5308	11961	1
1935	11961	1
11618	11961	1
12189	12188	1
10737	535	1
4034	3512	1
3487	2894	1
6186	11094	1
2439	5725	1
9586	7477	1
5628	3377	1
2552	371	1
5374	3109	1
11759	11984	1
2481	371	1
3109	5904	1
6105	6201	1
697	696	1
1099	2585	1
5904	3109	1
8007	4317	1
8704	10145	1
2585	1099	1
526	573	1
4444	8735	1
5011	3934	1
854	1645	1
2595	5633	1
6544	5188	1
2265	1842	1
5518	1842	1
1504	2648	1
5411	5348	1
4525	8724	1
3377	5628	1
4162	4025	1
11151	5725	1
12177	11618	1
6758	6844	1
399	1304	1
4274	10333	1
5411	2958	1
5922	5	1
2115	2116	1
3545	4660	1
1444	12257	1
9717	2102	1
406	2116	1
6023	6264	1
7645	905	1
11233	4260	1
3766	3766	1
2894	3487	1
2116	2115	1
8024	7899	1
737	1081	1
5329	5329	1
238	830	1
3960	10187	1
12258	12258	1
2604	12259	1
1126	3816	1
9695	9807	1
5510	5808	1
11957	12124	1
9687	7825	1
4755	4033	1
1647	10900	1
4164	10900	1
3056	879	1
7780	8909	1
5411	4674	1
7466	8843	1
535	9334	1
12260	8235	1
9807	9695	1
8534	11096	1
3297	11455	1
861	1045	1
879	3056	1
3066	3826	1
5411	4362	1
7495	12134	1
4445	6040	1
6120	5613	1
5411	5717	1
7266	5717	1
8420	8421	1
10187	3960	1
12261	12261	1
5411	11536	1
4356	9537	1
10377	5559	1
5411	7680	1
12262	12150	1
764	778	1
2481	11067	1
1081	737	1
1304	399	1
764	29	1
9609	11481	1
6689	5243	1
6918	1361	1
12038	12217	1
11472	12009	1
4389	6256	1
3632	5819	1
4494	625	1
11614	11614	1
5411	10531	1
7508	12217	1
8024	2651	1
3826	3066	1
11444	7506	1
4025	4162	1
6264	5570	1
10333	4274	1
7417	6831	1
8883	4755	1
4033	4755	1
5411	4780	1
10437	2114	1
5570	6264	1
12263	12264	1
1187	653	1
5845	2616	1
5411	3068	1
1401	653	1
435	2650	1
12195	7973	1
12009	11472	1
5705	7919	1
2330	4320	1
8177	6039	1
653	1401	1
8883	2465	1
395	205	1
6729	10736	1
12265	1130	1
5411	5516	1
1126	3401	1
6679	6432	1
11444	4341	1
558	558	1
3961	3961	1
2616	5845	1
1346	12010	1
1466	6657	1
5411	2420	1
6176	2420	1
1013	3880	1
12266	5107	1
12267	12011	1
4685	4685	1
2604	2558	1
12268	12268	1
5411	8018	1
1504	319	1
996	1294	1
21	788	1
3462	2478	1
12269	12269	1
6176	3287	1
1278	10962	1
4494	791	1
1493	4554	1
3722	3232	1
8336	11751	1
5107	12266	1
7825	9687	1
1013	4885	1
1504	4885	1
5411	4905	1
9625	8509	1
6421	11536	1
3105	4343	1
12254	4343	1
3827	5663	1
1504	391	1
11751	8336	1
5411	3020	1
5211	4461	1
12270	12270	1
2031	4965	1
905	7645	1
4494	6281	1
1289	1254	1
12257	1444	1
4418	11182	1
5516	5520	1
5280	5520	1
11182	4418	1
8024	5934	1
5411	4930	1
5825	8137	1
5671	705	1
5411	6433	1
1126	1858	1
4494	1858	1
11633	11628	1
5301	4257	1
5411	4250	1
2198	7082	1
5587	380	1
4905	6127	1
11628	11633	1
3814	2426	1
1504	6577	1
2427	10878	1
2741	2694	1
8724	2426	1
10437	7366	1
7082	2198	1
4660	3545	1
751	11934	1
8191	2364	1
10724	2550	1
10856	12271	1
5258	3160	1
1481	4515	1
1504	1358	1
1132	4196	1
4729	5869	1
6201	6105	1
11628	9545	1
1229	3568	1
6033	7162	1
453	453	1
1346	3016	1
3287	6176	1
3030	6989	1
11749	11750	1
7266	10208	1
1828	2043	1
3138	858	1
12272	5684	1
1504	858	1
8378	5594	1
7532	5594	1
453	371	1
1594	889	1
2228	5970	1
11151	6328	1
6197	5860	1
10736	6729	1
7308	6183	1
8018	9731	1
2604	1168	1
10962	1278	1
5411	2543	1
11444	9731	1
9731	8018	1
6039	8177	1
1093	7262	1
5268	9472	1
5522	5544	1
9651	9651	1
6316	6206	1
7334	6206	1
7810	6108	1
3839	4558	1
3576	6022	1
3855	4969	1
6784	6206	1
1410	8799	1
2031	2551	1
7013	6206	1
8024	1854	1
12134	8763	1
9731	4862	1
4439	7345	1
259	3642	1
9777	630	1
1997	3642	1
10737	9069	1
4568	6854	1
2163	1099	1
11483	11484	1
764	3187	1
6079	11164	1
705	5671	1
627	628	1
7466	5671	1
4478	4477	1
6635	5355	1
11536	6421	1
6183	7308	1
4581	10769	1
4477	4478	1
3642	1997	1
172	150	1
1213	7382	1
1504	4881	1
5852	5851	1
5351	5188	1
8024	6299	1
8525	8526	1
9625	8508	1
6845	6364	1
1855	2870	1
9581	9067	1
5411	1476	1
5411	3017	1
2426	8724	1
993	3017	1
2604	6294	1
2843	7136	1
2652	6584	1
7988	11836	1
5188	5351	1
3881	455	1
1605	455	1
5130	5766	1
10856	7008	1
1640	10826	1
708	455	1
3642	3422	1
2893	455	1
11749	6530	1
455	896	1
4158	6468	1
4939	5843	1
1288	3521	1
4477	9963	1
2051	4868	1
11888	9939	1
1112	12009	1
10308	5490	1
1360	6141	1
10437	10434	1
3398	7627	1
7345	4439	1
5844	5843	1
4343	3105	1
7088	11849	1
266	265	1
8191	4095	1
5411	6251	1
12191	12191	1
11243	9223	1
3210	2827	1
535	10737	1
12259	2604	1
11836	7988	1
11403	7988	1
867	6439	1
2735	11762	1
10506	8425	1
2211	12273	1
12274	9271	1
1504	5859	1
5099	4396	1
5671	7466	1
3367	2113	1
1013	2119	1
2102	9717	1
11628	7130	1
1504	2355	1
9518	10811	1
5065	10769	1
5107	6210	1
12275	12275	1
7466	6107	1
8695	9407	1
2102	2102	1
8843	7466	1
7266	4437	1
6210	5107	1
6107	7466	1
7469	8571	1
10769	4781	1
7382	1213	1
435	1589	1
11455	7042	1
5843	5844	1
630	9777	1
4409	3950	1
4299	3674	1
1493	1687	1
4468	5895	1
6319	3950	1
3559	6903	1
10826	7042	1
3669	6505	1
10252	9554	1
11536	7543	1
4549	11846	1
271	272	1
10575	9759	1
4981	7448	1
12276	12276	1
3372	6355	1
8803	9038	1
1013	72	1
5766	5130	1
455	1605	1
9936	2578	1
5243	6689	1
3368	2113	1
7869	6099	1
1037	6647	1
5231	5043	1
5418	7004	1
7310	7309	1
9709	8864	1
6127	4905	1
764	725	1
2481	2481	1
11724	5248	1
1072	2634	1
5613	6120	1
8243	5650	1
12277	10025	1
10769	4581	1
4974	2634	1
1127	8284	1
11849	7088	1
10990	2959	1
11536	5893	1
12246	8611	1
10769	10967	1
232	708	1
5411	2959	1
3287	3288	1
4494	4917	1
5970	2228	1
1099	2163	1
5411	4906	1
8191	7780	1
10636	10636	1
9518	9518	1
8883	6373	1
5843	4939	1
3763	11751	1
1022	5665	1
9426	2360	1
4112	2019	1
4946	7266	1
7266	7266	1
3679	1535	1
3709	3708	1
4376	2641	1
12278	3680	1
265	266	1
9939	11888	1
1346	965	1
8204	2616	1
5411	4206	1
5411	11751	1
11554	12279	1
1017	2616	1
7627	3398	1
7825	6299	1
2870	1855	1
5687	6375	1
9246	8176	1
5027	5026	1
6875	420	1
7141	11905	1
6055	8609	1
7108	3545	1
6176	8369	1
6506	1188	1
2900	1188	1
3632	3785	1
5521	2341	1
5452	6246	1
1969	1168	1
4241	6848	1
5868	7553	1
8191	11069	1
12280	11995	1
4862	9731	1
6117	2889	1
3680	12278	1
5381	5382	1
3957	2610	1
7059	10186	1
1504	2547	1
7266	8093	1
12112	8628	1
5382	5381	1
8858	12022	1
4983	4561	1
3651	12004	1
8899	11344	1
8707	2734	1
998	835	1
3170	2734	1
6957	11344	1
2734	3170	1
7266	6453	1
2984	5697	1
8093	7484	1
717	9736	1
11306	5376	1
3009	9736	1
3545	7108	1
10622	9736	1
11201	5922	1
994	1075	1
6334	8280	1
3812	9736	1
1016	930	1
6079	7109	1
420	6875	1
9776	8950	1
4956	11426	1
3950	6319	1
1252	12281	1
9314	8950	1
7484	8093	1
343	6799	1
9797	8195	1
11768	11768	1
12117	11779	1
12273	2211	1
4217	2211	1
2478	3462	1
12209	2331	1
9133	6848	1
3777	1218	1
9863	4101	1
10796	1624	1
3855	8773	1
12282	12282	1
3288	3287	1
2604	752	1
10025	12277	1
11792	6986	1
8280	6334	1
11426	4956	1
12100	6700	1
12283	12091	1
7553	5868	1
5623	5783	1
764	1250	1
1126	1466	1
8934	1754	1
4205	6700	1
6657	1466	1
6992	6455	1
5065	6700	1
7175	6700	1
1118	8575	1
5374	6022	1
2616	8204	1
2913	2289	1
12200	12194	1
8609	6055	1
6027	12116	1
2289	2913	1
9407	8695	1
5411	1740	1
12266	12266	1
5411	7974	1
1840	2532	1
257	1375	1
8883	7068	1
6468	4158	1
482	3697	1
1754	8934	1
11439	11439	1
8191	8541	1
10404	8709	1
7258	6564	1
1087	863	1
2604	4136	1
6709	6134	1
6176	2198	1
944	889	1
7107	6564	1
8050	8033	1
4086	3157	1
11611	8558	1
6234	2785	1
8147	8147	1
5474	5490	1
921	6700	1
8575	1118	1
7325	7324	1
5374	5904	1
1232	889	1
7448	4981	1
380	5587	1
