4856	4389	1
5603	670	1
10889	4260	1
4011	1833	1
11279	11853	1
11904	10257	1
2912	4668	1
855	670	1
8204	2616	1
5189	371	1
9	9350	1
3440	10183	1
6317	2126	1
9973	8465	1
7437	1624	1
5376	4574	1
4032	5802	1
4808	424	1
3843	3843	1
8837	4019	1
9376	9377	1
3808	546	1
7858	6107	1
2451	546	1
4895	5629	1
7988	11403	1
4445	3931	1
7451	8911	1
4257	11031	1
8688	8864	1
50	7015	1
1420	5717	1
2095	4040	1
1897	12340	1
232	708	1
12313	8864	1
1512	21	1
5650	8243	1
4408	4605	1
1517	1096	1
1847	1814	1
1837	2718	1
3765	2253	1
3109	5904	1
5	11201	1
5861	6922	1
11643	11643	1
7786	11372	1
7086	4555	1
5904	3109	1
10415	7000	1
11031	4257	1
3794	4257	1
4696	10634	1
3613	762	1
5489	2479	1
12354	6354	1
98	1104	1
4657	5463	1
3364	7082	1
7000	10464	1
7014	5603	1
3766	3766	1
12340	7223	1
6646	7332	1
5440	8377	1
5047	6246	1
1871	3260	1
5047	7082	1
5541	6779	1
8287	3626	1
11421	8465	1
2198	7082	1
6613	7082	1
7082	5047	1
940	7121	1
10535	11162	1
6899	271	1
944	2420	1
3426	6840	1
1120	3377	1
10219	10219	1
4162	4025	1
1188	1537	1
2446	6338	1
3447	4233	1
8243	5650	1
12323	7514	1
5292	6424	1
2137	5355	1
12217	12038	1
2666	5533	1
2804	1135	1
11372	7786	1
1377	6057	1
5382	2483	1
9100	7143	1
5617	6344	1
627	628	1
7158	4762	1
9593	9594	1
12355	10093	1
7436	3250	1
5298	5298	1
2669	6183	1
12356	4755	1
9031	4724	1
6624	11485	1
2842	2596	1
8051	4418	1
7444	7444	1
2683	905	1
1742	7386	1
7952	8820	1
5463	4657	1
9469	777	1
8909	5640	1
371	623	1
2465	3634	1
754	10295	1
3367	3420	1
1754	4955	1
11344	7521	1
11770	173	1
6338	2446	1
4272	8533	1
6727	6040	1
6316	6206	1
11333	11810	1
5188	6121	1
11755	11810	1
11891	8184	1
12038	12217	1
2659	3101	1
7040	12217	1
4019	622	1
11766	11430	1
1839	7119	1
11770	3065	1
1839	6513	1
5617	6700	1
11324	3566	1
1112	12009	1
12313	2115	1
1096	1517	1
11853	11279	1
5298	6205	1
6490	6022	1
737	1081	1
5662	5472	1
10319	9966	1
4485	5774	1
5602	9158	1
8802	8975	1
9067	9581	1
628	627	1
7988	7128	1
8975	8802	1
10319	8975	1
11860	11860	1
8903	7106	1
8684	10955	1
1636	1697	1
8465	9973	1
5904	4135	1
6771	8977	1
12107	12357	1
11851	3786	1
4464	8443	1
11485	6624	1
5712	2319	1
8523	6008	1
7492	6704	1
2116	2115	1
1081	737	1
12010	1081	1
1754	4954	1
10200	5885	1
9374	7040	1
11382	5885	1
6646	6211	1
3521	8919	1
2031	5885	1
1110	5885	1
6922	5861	1
9100	8194	1
12358	12359	1
2616	8204	1
6265	5885	1
5603	7014	1
2745	5885	1
1311	2351	1
4748	4632	1
225	257	1
7560	9300	1
1685	5335	1
1377	11315	1
2351	1311	1
5047	9356	1
4031	12360	1
6637	9300	1
4592	5836	1
4444	6637	1
9300	6637	1
1377	1378	1
11182	4418	1
6452	6637	1
4724	5941	1
9669	8739	1
3287	3288	1
1677	3567	1
6321	8739	1
2878	2844	1
1727	1055	1
4954	1754	1
11770	1504	1
5227	7469	1
594	13	1
5365	6264	1
5452	6521	1
6183	2669	1
3288	3287	1
11721	10961	1
3475	2567	1
996	8291	1
7026	1232	1
920	1005	1
8739	6321	1
98	5506	1
2980	1128	1
3857	5340	1
9666	8896	1
1175	1599	1
4869	7645	1
5266	1619	1
3353	7645	1
1280	1625	1
5306	5306	1
4418	11182	1
9193	2107	1
7645	3353	1
3738	4209	1
11635	12309	1
1377	550	1
6052	2677	1
10260	10260	1
11875	11875	1
6661	1941	1
4422	1009	1
1599	1175	1
8256	1654	1
7258	6858	1
8909	5365	1
1022	12361	1
12361	1022	1
668	9917	1
8909	1514	1
4054	1499	1
1539	4919	1
5293	4901	1
5617	5717	1
5000	4901	1
10955	8684	1
564	4457	1
788	1282	1
2420	1009	1
6944	5708	1
4459	4459	1
12362	12362	1
9620	10781	1
3985	1031	1
3559	6903	1
6779	5541	1
11995	11960	1
2116	3068	1
4640	5982	1
6986	11792	1
3840	10522	1
4422	889	1
10522	10522	1
5414	4789	1
531	2292	1
5533	2666	1
207	11433	1
1641	2579	1
12363	8772	1
1441	1512	1
12191	12191	1
3111	2686	1
271	6899	1
9356	5047	1
1619	5266	1
1005	920	1
4903	7725	1
6858	7258	1
7330	8233	1
3326	6963	1
8929	9152	1
1377	2712	1
7128	9693	1
7053	8051	1
2479	5489	1
1512	1441	1
1016	7204	1
1194	1040	1
4657	4885	1
12364	9725	1
8567	1396	1
1839	3041	1
8031	7204	1
9725	12364	1
11960	12060	1
8443	4464	1
1059	12365	1
2829	7204	1
11156	7204	1
2276	2941	1
875	7204	1
9843	10885	1
441	7204	1
7082	6613	1
10330	7204	1
2935	5074	1
2292	531	1
8076	9334	1
12366	4980	1
12340	6492	1
5189	623	1
7684	3480	1
664	4554	1
1738	1216	1
2677	6052	1
4901	5000	1
7592	7595	1
7927	4914	1
11164	5419	1
11265	5000	1
9924	12312	1
4574	5376	1
11932	5164	1
319	7450	1
1754	2904	1
7780	7145	1
7082	3364	1
5797	6300	1
2904	1754	1
2683	437	1
8425	8425	1
9300	7560	1
8903	10814	1
1031	3985	1
5419	11164	1
366	889	1
4535	11010	1
5346	4857	1
7260	9580	1
786	1079	1
12010	8844	1
10284	11625	1
12367	9005	1
25	12368	1
4917	4494	1
9412	12167	1
9854	9854	1
8844	12010	1
11479	3137	1
9765	7789	1
1858	4494	1
6281	4494	1
1216	1738	1
8909	7780	1
791	4494	1
8977	8247	1
625	4494	1
6264	6023	1
7789	9765	1
1599	4494	1
1930	1791	1
8803	9791	1
5630	6903	1
12126	12126	1
4376	2705	1
5135	7856	1
623	5189	1
9158	5602	1
627	12336	1
10522	3840	1
518	690	1
9291	9291	1
10464	7000	1
10206	10207	1
4032	2678	1
5248	12369	1
12369	5248	1
2148	12347	1
805	805	1
12370	8462	1
5452	7289	1
3186	7813	1
3483	10797	1
9750	3327	1
10769	4581	1
4581	10769	1
12371	5589	1
8051	7053	1
8222	10570	1
12372	12372	1
11430	11766	1
11094	11908	1
3405	4477	1
6521	5452	1
1055	4725	1
7289	5452	1
8858	8775	1
6357	3658	1
6769	9067	1
10609	8785	1
12347	2148	1
4778	7109	1
7450	6055	1
5243	6689	1
3326	2657	1
8909	7754	1
2151	11344	1
11893	12373	1
5210	5333	1
2579	1641	1
6729	5356	1
9067	6769	1
5356	6729	1
4241	6848	1
7128	6729	1
7971	6729	1
11455	3297	1
12373	10902	1
10902	12373	1
7514	12323	1
5617	5197	1
1690	10751	1
5060	10570	1
2415	500	1
6431	7020	1
7813	3186	1
6111	664	1
2673	2276	1
4663	1822	1
12374	12374	1
9488	3297	1
9279	8618	1
1132	4196	1
3353	8817	1
3716	8093	1
8858	12022	1
8152	9009	1
3647	5888	1
7260	7853	1
1060	3587	1
6325	6700	1
7330	2935	1
8093	3716	1
1822	4663	1
5288	4490	1
4020	424	1
3186	4632	1
9239	10139	1
8927	8390	1
8333	1134	1
6108	7810	1
4409	3950	1
399	398	1
11751	3763	1
5234	5027	1
2669	3240	1
3658	6357	1
3287	585	1
3950	4409	1
3658	1140	1
5330	3786	1
3297	9488	1
5027	5234	1
3444	3323	1
1997	75	1
7757	12375	1
10865	3246	1
64	190	1
9570	2228	1
11403	7231	1
9929	8322	1
7309	1031	1
1030	1031	1
11382	4335	1
5400	5399	1
8049	6218	1
4645	2294	1
34	2294	1
12376	3177	1
4668	2912	1
6923	8425	1
2483	5382	1
1299	11164	1
3200	3201	1
7334	8425	1
4901	5293	1
5840	3561	1
6982	6107	1
7432	7433	1
185	3549	1
9412	10615	1
12082	12082	1
6316	12351	1
5203	1759	1
10615	9412	1
6768	9498	1
9251	10389	1
6218	8049	1
7330	2440	1
8909	6372	1
1900	8975	1
573	2264	1
6023	6264	1
12339	10385	1
11945	8772	1
9239	5107	1
6168	5824	1
8425	6923	1
11770	1229	1
8165	8166	1
10781	9620	1
8975	1900	1
8948	12175	1
2813	2204	1
1031	7309	1
6530	3396	1
4707	4706	1
3396	6530	1
9067	8549	1
329	9742	1
1260	11124	1
1185	2541	1
9300	10811	1
5312	662	1
4334	5237	1
8322	9929	1
6060	2842	1
10570	8222	1
4816	12308	1
6372	8909	1
3829	8222	1
6113	8133	1
5463	6113	1
11965	10853	1
7060	1238	1
10811	9300	1
10118	7619	1
3895	9990	1
6832	7109	1
5086	5087	1
5617	5281	1
3426	4522	1
5617	3153	1
11810	11755	1
7082	2198	1
5683	3213	1
7856	11380	1
4914	7927	1
28	5622	1
7306	4833	1
7433	7432	1
4113	10506	1
7145	7780	1
10025	12277	1
9693	7128	1
2420	1708	1
11960	11995	1
8909	5700	1
6729	7128	1
11201	5	1
3777	1218	1
10567	12377	1
7731	7179	1
2420	944	1
8909	10506	1
8724	4525	1
382	2190	1
7940	7262	1
8903	6930	1
2843	2832	1
7862	10797	1
8785	10609	1
4251	3944	1
6492	12340	1
314	1865	1
3201	3200	1
11989	3440	1
12378	5235	1
12379	12379	1
11403	7988	1
5504	12086	1
7020	6431	1
11556	10464	1
12015	9223	1
9009	8152	1
225	3139	1
5628	2109	1
4724	9031	1
1996	2457	1
11274	3673	1
7330	6265	1
10797	7862	1
7231	11387	1
6840	3426	1
8287	5043	1
17	7569	1
1725	2609	1
5203	3799	1
8133	6113	1
7560	7644	1
2820	484	1
7128	10343	1
5944	6490	1
12380	83	1
5363	12342	1
5087	5086	1
2842	6060	1
7386	1742	1
5110	3234	1
11847	2659	1
5043	8287	1
1163	2914	1
3626	8287	1
1865	12313	1
11365	11364	1
5904	5374	1
2454	12173	1
3109	5374	1
2565	3389	1
4983	4561	1
4355	2383	1
1358	1504	1
8549	9067	1
5399	5400	1
11159	3389	1
6624	9798	1
3493	10783	1
8748	8748	1
7331	7332	1
1031	10146	1
11607	10336	1
3799	5203	1
8425	7334	1
12207	4232	1
3579	3580	1
287	322	1
5365	7969	1
4015	2485	1
7569	17	1
9365	9365	1
11927	11918	1
8287	3855	1
7595	7592	1
10835	5155	1
12373	8129	1
12376	3171	1
8287	7318	1
7235	6492	1
9791	9180	1
4183	2260	1
3669	6505	1
2264	573	1
5934	6506	1
10146	1031	1
2469	12324	1
9365	5259	1
7810	519	1
11807	7109	1
7423	5259	1
6562	12175	1
5074	2935	1
6185	7543	1
1142	16	1
1031	1030	1
3024	9798	1
5577	5100	1
414	5542	1
9798	3024	1
7614	5509	1
3480	7684	1
3998	10173	1
8977	9918	1
8165	7764	1
3171	12376	1
944	2915	1
3177	12376	1
2317	4840	1
6942	7401	1
12381	12382	1
5259	7423	1
1886	380	1
12340	1897	1
8420	8421	1
6860	6860	1
4569	10023	1
821	1185	1
8880	10390	1
8121	5142	1
3200	9664	1
6860	10464	1
6957	11072	1
5374	3109	1
519	7810	1
585	3287	1
4578	1937	1
8886	10701	1
5847	5022	1
992	2818	1
6492	6365	1
3240	1740	1
4036	11724	1
12048	7223	1
5400	3828	1
11058	7435	1
2924	4806	1
8903	8354	1
1839	2379	1
12319	10889	1
1134	8333	1
3753	7033	1
3923	10376	1
6681	5845	1
3567	1677	1
10343	7128	1
3122	5666	1
10376	3923	1
8273	3035	1
3333	4555	1
2209	4448	1
1247	1229	1
11072	6957	1
9707	5136	1
5845	6681	1
6642	4426	1
526	573	1
