4763	4983	1
1523	1117	1
4113	8975	1
7083	2455	1
1237	5678	1
5155	1117	1
5955	6034	1
4962	2915	1
7178	940	1
1872	11459	1
8619	10738	1
12197	7178	1
939	940	1
11912	12535	1
6270	9493	1
10736	9477	1
1586	5905	1
651	5819	1
1237	1884	1
10220	12093	1
8656	6775	1
5612	5047	1
5388	5065	1
5047	5612	1
6155	5630	1
8848	5630	1
8687	3437	1
2327	1677	1
4660	3545	1
2234	3010	1
1369	12396	1
4034	3512	1
10621	1031	1
1749	1750	1
7291	4317	1
3512	4034	1
1358	1504	1
6810	6190	1
3353	564	1
4449	9230	1
12599	4717	1
5283	4384	1
855	4828	1
1532	1650	1
3287	3489	1
2076	4800	1
12540	12568	1
2116	6700	1
5191	12300	1
12077	10200	1
5536	7367	1
10319	9966	1
1282	788	1
3240	6120	1
8619	2364	1
1926	5506	1
6490	4320	1
7335	4717	1
7367	5536	1
8007	12691	1
7078	3489	1
12340	10659	1
8709	10404	1
2435	1384	1
30	13	1
4696	10634	1
6646	5090	1
4092	4092	1
12340	1897	1
8768	5612	1
11080	634	1
4184	4313	1
11065	11065	1
888	887	1
3965	6059	1
8595	6059	1
12692	12367	1
4146	12693	1
4438	5489	1
3599	2118	1
10758	11406	1
12693	4146	1
4384	5283	1
12681	12680	1
564	3353	1
8687	3833	1
5934	6506	1
3762	6135	1
6034	5955	1
4231	2121	1
4231	889	1
6452	5955	1
4046	5386	1
12691	8007	1
12498	7370	1
11194	10437	1
6301	11935	1
280	5869	1
11935	6301	1
10778	5234	1
5027	5234	1
5234	10778	1
623	9707	1
8172	5234	1
6270	1900	1
902	8474	1
7487	7488	1
10687	9759	1
11687	4029	1
8775	6113	1
12197	8379	1
5463	6113	1
7011	10779	1
12321	10779	1
10968	6845	1
1281	2048	1
5318	11455	1
12161	905	1
7570	11057	1
628	905	1
4735	905	1
5773	1108	1
7117	9402	1
4046	4704	1
11455	3581	1
6155	12259	1
12233	11077	1
5955	6452	1
5042	12582	1
692	2292	1
2585	1232	1
2501	12142	1
11233	8173	1
4138	5562	1
11164	12246	1
1360	1361	1
280	3005	1
6706	8739	1
7796	8739	1
6864	5474	1
7570	8687	1
3437	8687	1
17	98	1
3833	8687	1
6562	12694	1
11472	12009	1
4788	1506	1
3528	4183	1
8254	966	1
7010	6983	1
50	12126	1
7238	7239	1
5042	9680	1
3043	5481	1
2076	1611	1
6301	6640	1
1117	5155	1
4828	855	1
4243	853	1
12695	9433	1
5419	11164	1
1506	4788	1
1728	9310	1
8739	6706	1
3229	5604	1
7796	6706	1
4231	2420	1
7430	985	1
11364	10437	1
12259	6155	1
98	1426	1
3257	5862	1
1064	7163	1
8146	6424	1
8975	4842	1
5296	1517	1
2169	8335	1
3082	2613	1
9477	10736	1
11514	11031	1
12447	12696	1
2076	2075	1
4262	4262	1
64	190	1
11294	10471	1
9876	6781	1
1664	3707	1
65	190	1
2364	4257	1
2304	11110	1
3119	2469	1
3105	4343	1
7627	571	1
11401	9725	1
2080	2081	1
6322	7154	1
7727	7154	1
12697	11542	1
3782	7154	1
4362	6447	1
7801	9369	1
10766	1933	1
10624	4091	1
460	7592	1
11424	6765	1
10408	11542	1
4138	2358	1
10047	6508	1
8404	4883	1
2304	7680	1
905	12161	1
3707	1664	1
4757	6765	1
5354	7209	1
7680	2304	1
4220	4221	1
5324	2558	1
9798	6624	1
1791	139	1
5905	1586	1
8687	9268	1
10437	11194	1
3297	7042	1
6341	8280	1
4663	2692	1
3967	1709	1
4161	3410	1
2179	4372	1
5773	8822	1
2874	11244	1
3695	67	1
11201	5922	1
5607	7791	1
4138	1200	1
134	751	1
2455	7083	1
7020	9342	1
7066	12219	1
6938	6048	1
7335	12599	1
10803	6674	1
3410	4161	1
11717	6674	1
4517	4050	1
12465	579	1
9277	4050	1
1168	4050	1
7163	1064	1
2613	3082	1
3011	2512	1
4962	2427	1
8322	9929	1
4962	5296	1
868	4233	1
5381	10387	1
1517	5296	1
1166	2192	1
906	2371	1
6120	3240	1
252	6022	1
11843	8261	1
4183	3528	1
698	2065	1
4567	2478	1
5481	3043	1
5382	877	1
10758	1897	1
2065	698	1
9342	7020	1
1897	10758	1
4981	6059	1
12207	3384	1
12698	12699	1
8687	8955	1
385	3239	1
59	6803	1
1284	12546	1
8739	7796	1
6706	7796	1
2017	1268	1
98	17	1
395	1558	1
3999	1656	1
4101	12381	1
601	705	1
4983	6329	1
6254	9717	1
11542	12697	1
4521	1408	1
1209	705	1
6381	1800	1
1022	12010	1
4138	6177	1
9268	8687	1
4032	4537	1
12700	12700	1
5660	4537	1
571	7627	1
6048	6938	1
5604	3229	1
9248	10415	1
4343	3105	1
2179	1844	1
5234	10415	1
2673	3558	1
2424	4462	1
2276	3558	1
10415	9248	1
12010	1022	1
11144	2985	1
10758	4555	1
12701	12701	1
10758	5782	1
6649	6146	1
5845	7266	1
2192	1166	1
5912	8273	1
5474	6864	1
10067	9005	1
10338	6187	1
7000	10464	1
9280	4549	1
3620	4846	1
381	381	1
10464	7000	1
10415	5234	1
1401	653	1
11587	8398	1
9825	5187	1
2186	3796	1
705	601	1
2985	11144	1
4662	9887	1
2604	6294	1
7266	5845	1
2424	2425	1
4257	2364	1
355	1058	1
2478	4567	1
12702	12373	1
913	912	1
2383	4355	1
6243	8421	1
4046	8398	1
4046	2338	1
11807	10341	1
17	8936	1
1407	10355	1
11893	12373	1
8687	6126	1
308	651	1
4231	3010	1
6364	5520	1
768	1146	1
12177	1980	1
12703	12704	1
8505	12539	1
6683	6684	1
3489	3287	1
1051	12705	1
11618	1081	1
737	1081	1
12706	12706	1
3796	2186	1
8512	8320	1
1762	1792	1
1081	11618	1
8335	2169	1
877	5382	1
8891	1096	1
12539	8505	1
4962	1835	1
653	1401	1
4283	5474	1
4050	4517	1
7665	1937	1
207	180	1
7242	1146	1
4231	2192	1
5474	6986	1
6035	10387	1
1937	7665	1
12472	9980	1
6986	5474	1
3975	6986	1
323	4613	1
7866	3240	1
9966	10319	1
4312	1146	1
4581	10769	1
5546	3153	1
187	1146	1
557	8019	1
5880	6155	1
887	888	1
7484	8452	1
2420	1009	1
8379	12197	1
6744	8452	1
11751	9105	1
8687	9105	1
9644	5892	1
4717	7335	1
7556	6938	1
12599	7335	1
4375	7543	1
2673	2276	1
9690	10188	1
8687	4055	1
5693	6211	1
9767	6121	1
4334	1238	1
1120	294	1
6765	4757	1
6729	10413	1
5100	10958	1
3404	9067	1
294	1120	1
8045	7999	1
11201	6066	1
1481	5087	1
8848	6066	1
7973	12195	1
4640	5982	1
1517	5697	1
2843	2832	1
12531	6439	1
5546	3249	1
3208	1885	1
6155	5880	1
12571	11301	1
5217	4409	1
3754	6146	1
5388	5799	1
383	6790	1
12664	12650	1
1577	6146	1
5167	10588	1
6918	1361	1
1900	6270	1
4965	2260	1
4231	3017	1
12707	720	1
2203	8415	1
3817	7801	1
512	363	1
1401	3017	1
12381	4101	1
2478	4541	1
2710	5233	1
998	835	1
867	6439	1
5773	6107	1
4902	5742	1
1338	3996	1
1224	5742	1
5715	6329	1
6589	6481	1
1512	21	1
4091	10624	1
9066	11164	1
12007	11416	1
4541	2478	1
10938	5876	1
7228	9041	1
5876	10938	1
5244	12708	1
21	1512	1
12709	4917	1
7508	9777	1
6034	6022	1
7446	6100	1
2198	7082	1
3077	9041	1
3129	12708	1
4231	9423	1
2260	4965	1
5203	6312	1
4549	9280	1
4029	4514	1
1146	4312	1
7656	8029	1
8165	12678	1
3950	4409	1
10826	9084	1
7082	2198	1
2900	9389	1
1081	737	1
5640	6034	1
2820	2142	1
9251	10389	1
1669	4895	1
11405	5411	1
751	134	1
4962	7068	1
1664	9725	1
7764	5111	1
5411	11405	1
668	1726	1
185	3549	1
9887	4662	1
707	5459	1
6341	6334	1
7423	9365	1
6983	7010	1
1163	10473	1
12439	12690	1
3950	6319	1
7785	317	1
10769	4581	1
6783	4726	1
2646	7857	1
10958	5100	1
9443	791	1
4801	7213	1
11403	6930	1
2646	3723	1
12646	2351	1
7922	7213	1
1229	8469	1
3297	11455	1
8141	1096	1
5248	11724	1
4409	5217	1
10476	500	1
11403	9618	1
5248	5670	1
10826	10225	1
266	265	1
2483	5382	1
3426	6840	1
1268	2017	1
6282	12494	1
4597	3826	1
1462	11405	1
6341	12175	1
4087	12660	1
1535	2316	1
8687	2167	1
10588	5167	1
11164	9066	1
3181	6904	1
8936	17	1
2576	4397	1
8687	4380	1
3479	8903	1
4867	7929	1
4917	12709	1
926	1791	1
12233	2228	1
6045	7341	1
2014	8535	1
1726	668	1
9694	9694	1
12685	8049	1
6522	708	1
9791	9180	1
6195	7255	1
12660	4087	1
2021	1096	1
4726	6783	1
785	12710	1
12711	12711	1
11455	3297	1
12197	7995	1
4138	6615	1
1897	12340	1
3824	2454	1
10003	4027	1
9155	12658	1
6319	3950	1
4409	3950	1
10537	11411	1
5568	7944	1
7128	8763	1
9425	7543	1
7831	10713	1
11807	7109	1
5039	2228	1
1504	1358	1
10659	12340	1
4029	11121	1
4138	4308	1
2354	6161	1
5598	5941	1
8415	2203	1
9009	8950	1
171	80	1
9376	9377	1
9519	3105	1
5085	5870	1
6930	11403	1
3088	5355	1
7918	2741	1
6675	650	1
2276	2673	1
5901	3325	1
8687	10208	1
12112	8628	1
6034	5640	1
8648	3779	1
9690	12533	1
10389	9251	1
6783	4133	1
3153	5546	1
2454	3824	1
4138	5836	1
9210	5781	1
7714	6414	1
12093	10220	1
8687	7570	1
3087	4913	1
5519	7761	1
11411	10537	1
9725	11401	1
9253	9070	1
11465	6352	1
3453	4977	1
4046	3113	1
6899	272	1
4801	7944	1
10704	6270	1
8950	9009	1
3642	3422	1
3996	1338	1
395	1338	1
5227	9239	1
3405	11016	1
8049	12685	1
12531	6004	1
10634	4696	1
627	628	1
11405	1462	1
9083	8195	1
814	1338	1
12327	12328	1
5081	5340	1
2676	572	1
1800	6381	1
12494	6282	1
1096	8891	1
2399	5750	1
12048	7223	1
5750	2399	1
6767	3189	1
2084	1432	1
5043	6361	1
12533	9690	1
5773	3160	1
751	12712	1
6120	5607	1
564	8335	1
7340	8962	1
2316	1535	1
4409	5537	1
4029	9402	1
6146	6649	1
1455	1744	1
768	2232	1
4962	6892	1
3108	12606	1
3489	7078	1
6751	8685	1
291	4407	1
5537	4409	1
1840	6270	1
4800	2910	1
8031	4802	1
9359	12606	1
9620	9620	1
1246	1246	1
4133	6783	1
3308	3315	1
10175	7788	1
7341	6045	1
3563	9279	1
4039	8262	1
7193	4873	1
5904	5374	1
4357	4757	1
6985	3479	1
3377	1120	1
2666	4025	1
6100	7446	1
3585	3610	1
5742	1224	1
6481	6589	1
1664	3356	1
3137	11479	1
10355	1407	1
12156	9781	1
12699	12698	1
755	2126	1
1740	1311	1
8687	2784	1
6840	4484	1
8195	9083	1
6270	1840	1
10200	4484	1
7469	9239	1
7255	6195	1
2620	4484	1
7265	9957	1
12634	12634	1
1120	3377	1
4334	3019	1
6938	7862	1
10415	11135	1
8692	7324	1
12713	4481	1
3950	7862	1
1031	10621	1
7862	3950	1
7929	4867	1
10778	11135	1
11135	10415	1
7919	7940	1
9957	7265	1
7157	5862	1
4481	12713	1
8172	8967	1
9084	10826	1
12195	7973	1
11324	2371	1
3105	9519	1
4159	3852	1
8391	4873	1
4917	1609	1
1311	7665	1
788	1441	1
5086	2381	1
9198	9178	1
5027	5691	1
6294	2604	1
3855	5691	1
7801	3817	1
2390	5691	1
5671	705	1
5100	5691	1
5606	7901	1
453	8640	1
6810	6059	1
1441	788	1
11135	10778	1
5670	4036	1
2484	4871	1
7813	7866	1
11048	11187	1
8404	5229	1
5027	5026	1
3240	7866	1
12685	10347	1
8049	10347	1
5026	5027	1
788	21	1
5509	10347	1
10347	8049	1
3302	6905	1
9001	11563	1
5955	2004	1
7370	12498	1
4757	4357	1
5459	707	1
3315	3308	1
7909	8839	1
171	22	1
11182	4418	1
4810	5314	1
7866	7813	1
8962	7340	1
910	5849	1
8687	6328	1
10347	5509	1
4418	11182	1
775	776	1
9021	4196	1
12714	12714	1
8172	7359	1
6034	11704	1
387	1572	1
3760	3169	1
8335	564	1
3479	6985	1
9239	7469	1
2721	896	1
11051	6303	1
634	1985	1
3563	6303	1
2873	5717	1
11702	490	1
7986	8192	1
490	11702	1
