10408	1937	1
622	11931	1
11297	6729	1
3041	6513	1
5203	6312	1
1937	10408	1
9722	11314	1
6513	3041	1
906	1266	1
1935	5905	1
5076	7298	1
3068	1427	1
182	183	1
7566	5897	1
12500	4605	1
10958	5100	1
6185	5825	1
4729	8928	1
3337	5326	1
8681	4141	1
11397	5892	1
6294	2604	1
9231	8928	1
2722	1599	1
806	9798	1
6068	5700	1
3514	4141	1
2817	2297	1
3248	8985	1
7453	4257	1
4257	7453	1
9240	3924	1
6720	5684	1
3648	1937	1
21	21	1
4225	4141	1
453	4886	1
1936	4260	1
4578	1937	1
12742	12239	1
7450	6055	1
4653	12650	1
4260	1936	1
5710	5622	1
5374	5904	1
7450	10615	1
1816	5116	1
12274	11074	1
9086	11884	1
8031	4802	1
7624	6783	1
5281	6344	1
11310	2087	1
9930	12587	1
8146	9108	1
936	1266	1
2611	12313	1
12587	9930	1
5266	1619	1
432	5513	1
10319	9966	1
529	9412	1
7450	3606	1
5474	6416	1
12587	12743	1
12743	12587	1
8975	9966	1
6729	5356	1
5137	2973	1
1599	4341	1
21	788	1
8814	11459	1
11581	12587	1
9404	6424	1
11430	11766	1
12496	9271	1
6478	5440	1
8839	7909	1
8222	10570	1
6034	6022	1
3293	5541	1
3170	8707	1
1058	355	1
1908	419	1
12744	12744	1
6819	8901	1
1005	920	1
6781	3069	1
1427	3068	1
5826	5825	1
1432	9056	1
9412	10615	1
6286	3069	1
6245	1064	1
996	3068	1
8707	3170	1
12745	936	1
6303	3563	1
9279	3563	1
3068	996	1
5825	5826	1
5262	10649	1
4983	6329	1
1039	304	1
1908	7058	1
4729	5869	1
5700	6068	1
9759	6068	1
11635	8806	1
3501	9	1
10889	8806	1
9	3501	1
6245	8290	1
8451	8867	1
12589	9924	1
3214	3284	1
1586	10839	1
2253	1264	1
987	642	1
5582	3245	1
6758	1029	1
3479	5326	1
5558	4212	1
35	12719	1
7450	3005	1
8338	11598	1
4183	2260	1
3297	11455	1
986	7029	1
2609	1725	1
9413	10545	1
1928	5853	1
9239	5227	1
6120	11984	1
7594	4157	1
4045	3171	1
5685	11984	1
6187	10338	1
2478	2999	1
5221	681	1
3105	10922	1
8901	6819	1
10463	12746	1
11734	6211	1
7508	7508	1
4240	6535	1
10464	4939	1
1024	756	1
7764	11807	1
2604	6294	1
1797	847	1
5537	11164	1
1821	1300	1
7450	4554	1
6211	11734	1
10231	2484	1
3308	3315	1
5244	12708	1
2070	6875	1
2965	2966	1
4522	2436	1
447	3601	1
6120	5607	1
936	6374	1
1925	2436	1
937	6374	1
7450	1504	1
12731	12264	1
12747	12747	1
2070	2488	1
1853	7372	1
3563	6303	1
3147	12010	1
3284	3214	1
7654	8235	1
4445	4724	1
11051	6303	1
2923	3126	1
7029	986	1
6478	3797	1
7132	6107	1
9412	529	1
1358	1504	1
1504	1358	1
7128	10343	1
2283	12153	1
2454	3824	1
12219	10835	1
5481	3043	1
1821	5503	1
8133	8880	1
3849	5890	1
7450	319	1
3607	8173	1
11610	9076	1
6478	5134	1
10910	6729	1
3056	878	1
1780	5013	1
7128	10491	1
7668	7668	1
708	4383	1
3824	2454	1
8146	2564	1
3456	1758	1
12746	10463	1
7450	8609	1
12612	12612	1
9413	2030	1
11560	3059	1
7008	12739	1
7128	8763	1
4801	8711	1
5139	3989	1
9067	9581	1
5356	6729	1
9366	8609	1
692	2962	1
3043	5481	1
5890	3849	1
6786	10325	1
8685	6751	1
3107	10325	1
8018	10325	1
5373	5372	1
7205	10325	1
5047	2959	1
10205	10325	1
8880	8133	1
12748	10200	1
11751	8336	1
1370	10217	1
1908	3610	1
7291	5888	1
9366	5888	1
4406	9480	1
9041	7228	1
2691	1428	1
2999	2478	1
3852	4159	1
5684	6358	1
1939	12721	1
1008	4830	1
12749	2590	1
2962	692	1
7594	5693	1
12750	623	1
2390	5691	1
10607	12751	1
3446	1607	1
8609	7450	1
7291	6034	1
6783	4257	1
3190	1584	1
4257	6783	1
1407	7941	1
6236	7495	1
11416	12006	1
7991	4830	1
2129	6668	1
7495	6236	1
4763	4830	1
4485	4830	1
3004	8469	1
4802	8031	1
6783	1584	1
5783	4830	1
10200	12748	1
2070	3833	1
1370	1836	1
11314	6864	1
4033	8533	1
2611	12237	1
11817	12734	1
4830	4485	1
12752	12752	1
3240	6120	1
5607	6120	1
1031	10621	1
7915	3992	1
1081	9409	1
7594	7375	1
8469	3004	1
1011	1012	1
3446	1710	1
9049	5386	1
5386	9049	1
12750	2901	1
535	10737	1
1370	3177	1
8452	6744	1
3610	1908	1
1370	10379	1
3139	186	1
3446	10379	1
5449	10715	1
12753	2420	1
1370	1241	1
692	692	1
11931	622	1
9084	10826	1
10827	10826	1
705	1209	1
3315	3308	1
12754	12372	1
4326	8844	1
1370	1369	1
1774	4692	1
1029	6758	1
4657	4885	1
8707	5706	1
1370	3240	1
1370	8864	1
12755	10902	1
9210	6929	1
7431	1266	1
5650	8243	1
6530	1599	1
6416	5474	1
7450	23	1
1836	8864	1
1908	1401	1
186	3139	1
1112	12009	1
5047	5411	1
10287	11542	1
5227	9239	1
4886	453	1
7291	3965	1
6783	5691	1
1370	3130	1
11841	11841	1
8165	12678	1
1599	6213	1
12472	9980	1
10464	7000	1
2652	6584	1
1034	6584	1
4888	5154	1
11849	7088	1
12756	11948	1
6213	1599	1
6932	5227	1
4455	8940	1
8525	8526	1
12757	11500	1
11162	10535	1
6146	6649	1
2696	12285	1
10535	11162	1
7291	4662	1
6783	4662	1
5372	5373	1
9366	5191	1
7291	5191	1
1221	12373	1
1844	590	1
6649	6146	1
2436	4522	1
9234	9488	1
10835	12219	1
1908	5013	1
1997	3642	1
12751	2325	1
705	1243	1
1584	6783	1
4662	6783	1
6783	4664	1
5399	5400	1
4664	6783	1
3170	2533	1
7020	9342	1
1937	3648	1
12758	12759	1
5088	579	1
10724	2550	1
3662	4221	1
5411	5047	1
2479	12373	1
4251	3944	1
4210	7082	1
6380	1697	1
2403	7639	1
2480	4393	1
530	4159	1
6840	3426	1
1008	902	1
2923	4169	1
6251	9388	1
88	3087	1
4577	9388	1
6171	6184	1
3545	7108	1
6107	7132	1
9581	9067	1
12760	12760	1
9477	10736	1
9049	3401	1
7813	9365	1
7423	9365	1
5411	4930	1
2611	2292	1
1370	5227	1
9365	7813	1
832	12217	1
7157	8031	1
4409	3950	1
10116	2705	1
11031	10478	1
5897	7566	1
11455	3581	1
623	12750	1
535	9394	1
2901	12750	1
5904	5190	1
3176	1781	1
7521	11485	1
7145	7780	1
8536	1396	1
4956	4384	1
11563	4384	1
12761	7393	1
9001	4384	1
4384	4956	1
10338	6187	1
1997	1784	1
2138	82	1
5400	3828	1
4384	11563	1
9193	625	1
3302	4384	1
3240	2873	1
9144	4384	1
383	9088	1
625	9193	1
8293	10207	1
4431	5374	1
5835	4384	1
6760	8359	1
4384	5835	1
10415	5234	1
3563	9279	1
3717	5020	1
2605	11865	1
1928	1805	1
6107	4021	1
8756	10012	1
4384	3302	1
1338	1523	1
1117	1523	1
3056	1523	1
11144	2985	1
11455	3297	1
1781	3176	1
3880	3594	1
5374	4431	1
2325	12751	1
5786	4032	1
12587	2588	1
2588	12587	1
10570	5862	1
8854	11060	1
8051	7053	1
7334	11031	1
10563	12717	1
4931	2234	1
11059	5862	1
12762	770	1
1701	9426	1
4384	8452	1
6783	3198	1
11258	5564	1
12763	12717	1
8453	8452	1
7988	7988	1
8975	4113	1
1209	705	1
4159	3852	1
5806	4956	1
7334	11514	1
10507	9067	1
677	2984	1
3066	3826	1
11016	3405	1
9388	4577	1
6729	10910	1
12764	12765	1
1370	5421	1
1928	12751	1
4050	1378	1
7108	3545	1
1134	8676	1
6514	1451	1
11563	5835	1
9001	5835	1
12766	9331	1
3458	1466	1
7450	573	1
3302	6905	1
3616	12439	1
1451	6514	1
9413	7121	1
526	573	1
6300	3673	1
2562	5755	1
9554	9480	1
9009	6218	1
12439	3616	1
3245	5582	1
11514	10478	1
3950	4409	1
8049	6218	1
9356	11058	1
10347	6218	1
4604	9375	1
1059	5774	1
12767	12767	1
11514	7334	1
5297	5774	1
82	2138	1
3079	2085	1
11031	7334	1
5755	2562	1
2802	4525	1
11258	6930	1
5020	3717	1
9022	5430	1
12109	5563	1
6729	11297	1
2234	2360	1
4161	4220	1
5203	3799	1
4729	7004	1
9041	3077	1
5670	4207	1
6120	3240	1
1619	5266	1
9119	7304	1
8452	7130	1
8359	6760	1
1407	3187	1
4159	530	1
2873	3240	1
9195	2951	1
10569	12650	1
6100	7446	1
4393	2480	1
6783	4419	1
12494	6282	1
3965	7291	1
4662	7291	1
3139	3497	1
5191	7291	1
1908	2653	1
7450	1483	1
4300	8665	1
10570	3829	1
5642	3561	1
3450	6646	1
6646	3450	1
2085	3079	1
9375	4604	1
9080	1913	1
2021	7686	1
12561	7686	1
11751	11445	1
12739	7008	1
1335	9300	1
3026	9300	1
9300	9300	1
2903	4437	1
12768	9300	1
3212	7912	1
5828	5690	1
8739	7899	1
10180	6113	1
10012	8756	1
2923	5687	1
3240	3347	1
10232	3487	1
9108	8146	1
645	1848	1
12118	12118	1
8492	4445	1
5934	5452	1
590	1844	1
4445	8492	1
1370	1381	1
6218	8049	1
10820	2642	1
1466	3458	1
11762	11010	1
5452	5934	1
11807	7764	1
8701	7931	1
12769	5635	1
7088	11849	1
9426	1701	1
8398	11806	1
2911	8830	1
4034	3512	1
11010	11762	1
12111	10561	1
7291	8803	1
7931	11956	1
5835	11563	1
6622	6930	1
1908	547	1
8609	5353	1
7884	8402	1
4384	9144	1
3753	6649	1
8469	1229	1
9320	8261	1
5736	7621	1
12770	11762	1
7761	6352	1
11121	5353	1
7969	5353	1
10621	1031	1
1311	12590	1
5353	8609	1
12771	8141	1
3446	8386	1
4292	6475	1
5086	5087	1
4029	2422	1
8336	11751	1
5568	7944	1
11445	11751	1
7560	9207	1
9798	806	1
7853	12676	1
12587	2116	1
9413	653	1
7158	11599	1
6899	271	1
547	1908	1
4015	5806	1
7920	10374	1
7053	8051	1
8261	7262	1
1547	12772	1
12773	12397	1
5026	5027	1
12774	8247	1
6393	7709	1
1908	467	1
8545	9587	1
5353	11121	1
3787	7552	1
1295	12383	1
9369	6193	1
467	10266	1
9105	11751	1
12775	7639	1
10266	467	1
8257	5241	1
6387	12722	1
10123	9456	1
6536	5309	1
10422	10630	1
12776	12736	1
3722	2712	1
2479	4577	1
4730	5217	1
4237	646	1
11551	12736	1
12481	12481	1
4577	2479	1
10865	4414	1
12354	10630	1
9452	12736	1
1980	12177	1
9456	10123	1
7010	6983	1
12239	12742	1
3938	840	1
3497	3139	1
3829	10570	1
10630	10630	1
4568	12383	1
12777	12778	1
6983	7010	1
8333	9477	1
12320	12320	1
6922	6564	1
10626	11751	1
11051	3563	1
4147	8469	1
7813	7866	1
8222	3829	1
10758	11406	1
7866	7813	1
6564	8967	1
12748	2902	1
4780	11751	1
5366	12779	1
6218	10347	1
8894	8965	1
5051	4654	1
611	612	1
897	2441	1
1821	1565	1
1010	2902	1
805	1686	1
6783	5671	1
5806	4015	1
4654	5051	1
2436	1925	1
12177	1980	1
9178	8405	1
8401	7862	1
12590	1311	1
9049	1925	1
5027	5026	1
482	4577	1
4312	2145	1
5116	1816	1
10347	5509	1
3727	9769	1
4577	4374	1
12777	12777	1
1010	12748	1
8699	5520	1
840	3938	1
1370	5280	1
12778	12777	1
8619	10738	1
12314	9789	1
4113	8975	1
12772	1547	1
9314	3950	1
12780	2873	1
389	2371	1
7856	11380	1
4238	4238	1
12154	6220	1
9731	6220	1
5402	5332	1
4341	12587	1
70	5393	1
3950	9314	1
4220	4161	1
12781	3432	1
12736	9452	1
4965	2260	1
3662	4161	1
2116	12587	1
12112	8628	1
6055	8609	1
855	670	1
6321	2873	1
8746	5314	1
11751	4780	1
2873	12780	1
3347	3240	1
12782	12780	1
5905	1517	1
5678	9477	1
1188	922	1
1389	1433	1
3068	5047	1
922	1188	1
1370	1043	1
5047	3068	1
12587	4341	1
7158	813	1
9769	3727	1
12724	3812	1
12397	12773	1
2873	4930	1
6897	4801	1
4801	6897	1
9195	3183	1
4455	7481	1
9099	4857	1
10319	8802	1
8153	8152	1
10200	2902	1
5175	5813	1
6783	7085	1
8146	6424	1
2207	2207	1
12009	1112	1
8007	5419	1
6122	8665	1
10230	12659	1
8756	12659	1
6783	5951	1
8763	7128	1
9240	4577	1
9195	5966	1
1701	8548	1
12783	1395	1
5393	2712	1
3968	2379	1
5800	4087	1
11417	11416	1
7228	12773	1
12660	4087	1
4226	11681	1
9829	4043	1
