5227	7469	1
1548	9331	1
1903	11630	1
6729	7128	1
8938	7318	1
3512	4034	1
7032	7597	1
5826	8141	1
4293	5581	1
9717	7370	1
6220	7570	1
8092	7570	1
12632	12633	1
7644	7560	1
4666	2501	1
7597	7032	1
4034	3512	1
12624	5693	1
2021	12561	1
8141	5826	1
9550	10282	1
11445	11565	1
11751	11565	1
6795	1345	1
4748	4632	1
9314	4020	1
4136	2148	1
12354	11565	1
9901	4020	1
1809	3967	1
3170	8707	1
3337	5326	1
3964	2611	1
6624	11372	1
2542	9245	1
2517	2346	1
705	1209	1
10630	10630	1
8525	8526	1
4905	2873	1
1172	753	1
756	988	1
11031	8854	1
8707	3170	1
4801	7944	1
7340	6343	1
5027	5234	1
3877	2347	1
929	928	1
1439	1630	1
2017	824	1
3173	3835	1
4317	7654	1
3988	238	1
5973	3835	1
705	2750	1
9479	2116	1
1016	9300	1
3855	5691	1
6729	5356	1
5366	3854	1
8141	4755	1
5893	5047	1
5047	5893	1
2390	5691	1
8812	4605	1
7120	6649	1
8681	9168	1
7469	9178	1
8978	5259	1
6649	7120	1
9300	1016	1
5166	1411	1
1406	1380	1
3240	2691	1
6265	1380	1
760	371	1
3249	7654	1
8554	9191	1
384	6846	1
12634	11254	1
3999	3739	1
11625	12296	1
5075	5875	1
386	1933	1
8699	7449	1
7228	7228	1
998	2935	1
6819	8901	1
5374	3109	1
3288	3287	1
3109	5374	1
1005	6071	1
9202	6419	1
1039	304	1
7469	9709	1
4780	11751	1
6893	5849	1
4437	9004	1
1532	8864	1
6193	4621	1
11348	12481	1
6185	7543	1
824	3631	1
12472	9980	1
7689	6055	1
2346	2517	1
155	156	1
101	321	1
10216	2095	1
1204	222	1
4799	9924	1
10836	9924	1
4318	9924	1
12577	9924	1
8334	6113	1
7926	5748	1
6969	4438	1
11417	11416	1
7432	7433	1
8707	2675	1
76	444	1
5468	5926	1
7560	7644	1
2734	3673	1
2935	998	1
7260	3302	1
5970	623	1
12635	12635	1
2542	2543	1
2675	8707	1
6522	708	1
12636	12637	1
7764	3298	1
988	756	1
9239	5227	1
12638	12636	1
3099	923	1
705	5671	1
2186	5624	1
5979	905	1
6969	6332	1
12639	12639	1
867	6439	1
887	200	1
11761	2218	1
2954	9562	1
5461	9567	1
5812	9562	1
10330	8031	1
1643	72	1
2542	9973	1
11972	9391	1
12556	2395	1
9562	12425	1
4141	508	1
8008	7042	1
902	801	1
12481	12481	1
705	801	1
12640	8172	1
270	246	1
6969	2479	1
8924	8925	1
3117	3971	1
824	1268	1
12641	12641	1
705	2725	1
12612	12612	1
5561	4534	1
9156	4346	1
12631	2807	1
1209	705	1
824	2017	1
2750	705	1
6765	8739	1
7927	12176	1
9669	8739	1
6321	8739	1
1361	1360	1
5671	705	1
8739	6765	1
8473	8465	1
447	4265	1
11113	8739	1
2395	12556	1
2807	12631	1
801	705	1
2725	705	1
1936	11233	1
3971	3972	1
5849	6893	1
10180	12642	1
7821	8911	1
5206	5301	1
8404	4883	1
8776	82	1
12626	10061	1
9325	6212	1
3020	3088	1
824	2380	1
1742	7386	1
5979	11194	1
7325	8762	1
1243	705	1
12613	12613	1
10831	6439	1
5602	6442	1
1823	2545	1
4116	2545	1
6846	384	1
4116	2420	1
6193	4107	1
11881	11881	1
5461	4488	1
536	6322	1
9331	1548	1
3240	7866	1
4025	2666	1
4346	9156	1
8568	10685	1
3077	9041	1
5172	8963	1
385	17	1
11090	2755	1
8326	8327	1
4020	4027	1
11201	6066	1
8963	5172	1
5288	4490	1
3287	3288	1
3240	5289	1
9207	7644	1
8739	11113	1
3190	1584	1
6322	536	1
1509	3940	1
8844	4326	1
11379	11816	1
3297	9488	1
5602	8469	1
1937	1034	1
12643	12643	1
444	76	1
7376	7128	1
12350	12350	1
11048	11187	1
11460	10293	1
4851	1926	1
2855	1081	1
3315	7108	1
1081	2855	1
6760	8359	1
4251	3944	1
4116	4059	1
824	8959	1
6969	6265	1
4141	3514	1
6212	9325	1
6316	11031	1
8854	11031	1
2453	3725	1
2703	2702	1
5461	8609	1
4265	447	1
8327	8326	1
7983	6038	1
12174	2568	1
4059	12466	1
12219	10835	1
4800	2076	1
8359	6760	1
9924	10836	1
11026	3575	1
10560	5932	1
7469	9239	1
12644	12645	1
5075	4662	1
6784	3166	1
5227	9239	1
9239	7469	1
3202	9239	1
12009	11472	1
900	385	1
2611	2420	1
8739	6321	1
9709	7469	1
11233	1936	1
9924	4318	1
6490	4320	1
385	900	1
9470	6146	1
1034	1937	1
10494	5343	1
2542	1512	1
2420	2611	1
7223	1897	1
9239	3202	1
824	582	1
4757	2611	1
6969	1293	1
2134	801	1
2517	2028	1
3854	5366	1
8711	4801	1
6521	9059	1
11472	12009	1
1647	4164	1
5602	10069	1
6662	1228	1
3452	3037	1
7644	9207	1
3440	4107	1
2666	4025	1
6458	11934	1
12246	5096	1
8611	5096	1
9426	8585	1
7413	5096	1
11164	5096	1
1926	4851	1
5610	6863	1
988	4913	1
624	2206	1
190	65	1
4863	4864	1
2517	7476	1
5346	9375	1
11997	11997	1
232	708	1
11934	6458	1
12646	12646	1
6807	6808	1
10826	11202	1
705	8697	1
10327	8640	1
2206	624	1
12647	11462	1
266	3350	1
8722	8722	1
6668	12263	1
3752	3752	1
710	169	1
7083	5753	1
7532	11244	1
8312	11932	1
5602	11989	1
8031	10330	1
3918	8352	1
1005	6458	1
1636	1697	1
9037	9251	1
1017	3967	1
753	1172	1
4983	4561	1
10273	9717	1
8901	6819	1
4621	6193	1
3240	2670	1
6784	6206	1
9109	9345	1
11202	10826	1
6513	9330	1
11815	9026	1
3575	11026	1
3323	4724	1
9345	9109	1
9860	12533	1
8137	3004	1
6652	6193	1
1031	1069	1
1733	3155	1
11044	9389	1
4877	9112	1
11816	11379	1
2102	10273	1
6613	7082	1
9717	10273	1
5354	7209	1
11892	11892	1
665	1241	1
9198	9178	1
855	670	1
3240	1241	1
9178	9198	1
12648	12648	1
6969	6635	1
5088	579	1
3950	4409	1
12649	12263	1
7032	6635	1
4653	12650	1
9084	10826	1
3950	6319	1
7082	6613	1
12177	1980	1
9773	10568	1
4198	4814	1
3437	4055	1
8550	2777	1
10531	9689	1
6812	5857	1
10273	2102	1
6649	6146	1
2479	1567	1
6721	6146	1
7120	6146	1
5343	10494	1
879	5628	1
12481	11348	1
2127	1567	1
1567	2127	1
869	1120	1
12648	11719	1
1369	12396	1
4801	8711	1
9330	6513	1
1064	8204	1
7476	2517	1
1469	3723	1
5230	6233	1
243	6161	1
4800	3733	1
6763	2814	1
7224	1813	1
7645	3353	1
8491	3068	1
9456	3137	1
5459	5459	1
5602	1229	1
12648	11635	1
3543	5459	1
11031	10478	1
10420	8967	1
11194	5979	1
5598	10478	1
1740	8141	1
98	17	1
8656	6775	1
8204	1064	1
2076	4800	1
2616	8204	1
1451	2553	1
4136	2590	1
4047	8967	1
12373	8129	1
5983	6139	1
12176	7927	1
5587	1968	1
7508	7508	1
10546	8894	1
7926	1608	1
3353	7645	1
705	1269	1
270	9201	1
3152	4547	1
6146	6721	1
6146	6649	1
11324	3566	1
705	601	1
7340	9772	1
2578	8852	1
6197	6198	1
7120	6721	1
5753	7083	1
5356	6729	1
10319	8975	1
6319	3950	1
4409	3950	1
7128	6729	1
3950	7862	1
4218	12174	1
12219	7066	1
4136	4696	1
11635	12648	1
665	1447	1
1933	1266	1
6113	8334	1
6282	5228	1
6298	2964	1
3855	7901	1
5648	9876	1
8705	5228	1
7108	3315	1
5045	10244	1
3240	6301	1
8978	6301	1
627	10285	1
3026	7152	1
4141	4225	1
12487	3358	1
2308	7337	1
6729	10413	1
3629	3358	1
4116	3707	1
7926	1662	1
705	5072	1
9089	8386	1
4917	4743	1
5981	6155	1
2558	5324	1
12651	12652	1
3458	1466	1
3607	3606	1
612	5730	1
10826	8695	1
1441	1512	1
3426	12578	1
5598	5941	1
8977	7311	1
9373	5979	1
5075	5979	1
10293	11460	1
9359	12606	1
4910	9769	1
12565	2727	1
7209	5354	1
902	987	1
3479	3479	1
6899	271	1
5485	3561	1
11751	12653	1
11918	8005	1
3240	737	1
4657	4885	1
4696	10634	1
5324	2558	1
10807	6498	1
6969	6702	1
12425	9562	1
4020	9901	1
7821	11442	1
8639	5722	1
6184	6171	1
2964	6298	1
2653	2479	1
10826	9084	1
2543	3708	1
2148	4136	1
4380	2686	1
4017	2620	1
3097	3097	1
1643	4921	1
902	1002	1
3240	5459	1
3152	1869	1
33	11234	1
6843	10488	1
902	7604	1
6171	6184	1
8204	2616	1
8640	10327	1
2481	3786	1
910	5849	1
3137	9456	1
7074	7154	1
2873	10327	1
12263	12649	1
7604	10206	1
1662	7926	1
8940	4090	1
10206	7604	1
1069	1031	1
2590	4136	1
4696	4136	1
2335	6266	1
7592	460	1
1611	2076	1
3840	8614	1
11762	11010	1
2653	2611	1
12648	6700	1
996	1406	1
3663	3662	1
3606	3607	1
2224	2611	1
3027	3028	1
12237	2611	1
10738	9456	1
1937	10408	1
6146	7120	1
11442	7821	1
3087	4913	1
2116	6700	1
6721	7120	1
7804	9131	1
7446	6700	1
7484	8452	1
10327	2873	1
4459	5197	1
5085	5870	1
2076	1611	1
12188	7665	1
4384	8452	1
2620	4017	1
6325	6700	1
902	8474	1
7028	9834	1
4547	3152	1
5870	5085	1
6247	2873	1
6046	5787	1
3800	7626	1
5389	1871	1
10826	10225	1
3967	1809	1
460	7592	1
5176	5977	1
6943	2755	1
5725	11151	1
2755	6943	1
3100	2529	1
11908	12535	1
10435	7418	1
3708	2543	1
5602	4988	1
10140	8386	1
5787	6046	1
4094	6977	1
11132	3136	1
3240	677	1
4260	5975	1
11751	4780	1
912	2420	1
