6563	11111	1
8619	3767	1
12068	12067	1
12109	1910	1
6354	3673	1
4036	4207	1
6414	4555	1
11961	11618	1
10758	4555	1
5386	4385	1
2666	4025	1
998	2935	1
9100	10603	1
9105	9380	1
3881	6846	1
4627	1361	1
7235	4555	1
12340	4555	1
71	1142	1
328	2776	1
9516	5113	1
4418	11182	1
9380	9105	1
47	744	1
9550	4580	1
4083	371	1
7083	5531	1
8898	4580	1
7469	12590	1
10701	8901	1
12605	4580	1
9102	4580	1
12590	7469	1
252	10778	1
9436	4580	1
11792	4580	1
4957	4957	1
1489	7152	1
2086	5699	1
4207	4036	1
5490	5474	1
49	50	1
9573	5076	1
7476	6436	1
6300	3673	1
12606	12606	1
9901	4020	1
4724	4605	1
1142	71	1
4668	6034	1
7340	6343	1
4020	4027	1
3607	2264	1
7487	7488	1
7108	3545	1
4660	3545	1
4034	3512	1
5366	10634	1
2734	3673	1
9245	9245	1
8214	3817	1
2552	1437	1
9300	9146	1
4895	1669	1
3817	8214	1
10634	5366	1
11031	8854	1
6316	11031	1
8243	5650	1
8854	11031	1
11194	8785	1
5366	5367	1
6038	1002	1
4144	4431	1
564	4119	1
4011	9300	1
12123	11830	1
518	1241	1
10319	8802	1
1175	428	1
11060	8854	1
12479	1241	1
1532	8864	1
10701	10714	1
12246	5096	1
295	2446	1
3874	6539	1
3874	11122	1
5367	5366	1
5366	4092	1
5699	10432	1
4800	2910	1
6380	1483	1
2102	9717	1
11946	9717	1
7998	5972	1
12483	9717	1
7370	9717	1
7961	9924	1
7216	9924	1
10836	9924	1
4799	9924	1
12156	9924	1
3835	3173	1
4657	4885	1
4025	2666	1
10968	6845	1
428	1175	1
2237	12504	1
4823	7355	1
5166	1411	1
7083	5753	1
10437	7215	1
2095	4040	1
4806	11117	1
6316	8909	1
3297	11455	1
9829	11455	1
12607	7852	1
11830	12123	1
5699	3079	1
8153	8152	1
5366	5717	1
8977	9918	1
5474	4355	1
12608	9754	1
9924	3785	1
4547	2260	1
4956	8420	1
7215	10437	1
2842	3851	1
5195	5198	1
3607	3606	1
1411	5166	1
11076	11076	1
2455	7083	1
5753	7083	1
10829	3239	1
5198	5195	1
12609	9418	1
986	7029	1
8901	6819	1
7044	10756	1
4788	7502	1
12610	12610	1
4679	5502	1
4639	7912	1
3834	2371	1
12466	1841	1
12556	2395	1
4900	4888	1
2065	4421	1
2395	12556	1
2031	454	1
7741	5800	1
9717	2102	1
1176	12611	1
7029	986	1
6513	2914	1
4838	615	1
3234	3430	1
10319	8975	1
5990	2813	1
7852	12607	1
10737	535	1
1536	4178	1
1506	4602	1
11713	11243	1
2399	4178	1
11141	8379	1
1199	7210	1
2252	7205	1
2148	4136	1
11455	3581	1
9201	6348	1
10778	252	1
3568	3569	1
698	620	1
3481	140	1
12191	12191	1
228	2371	1
12612	408	1
12067	12068	1
4207	4174	1
6803	59	1
5800	7741	1
7031	7741	1
12394	12393	1
4882	92	1
5411	7680	1
5366	5733	1
3607	391	1
620	698	1
2446	4755	1
662	5312	1
11182	4418	1
7882	11602	1
1572	1068	1
4602	1506	1
625	624	1
2017	968	1
4092	5366	1
3736	329	1
5733	5366	1
5076	9573	1
1068	1572	1
5983	6139	1
7519	6493	1
3287	3288	1
5699	4250	1
6513	4589	1
329	3736	1
12517	3038	1
535	10737	1
2779	2371	1
2338	2371	1
6236	7495	1
10615	2371	1
11135	9248	1
12578	7282	1
4755	2446	1
6049	4327	1
6024	3796	1
5366	5720	1
6034	9200	1
502	4496	1
9201	246	1
7465	6439	1
3607	1504	1
3017	1175	1
5366	1504	1
4580	11792	1
4421	9300	1
3975	11792	1
7465	1958	1
828	9375	1
2037	6523	1
5366	391	1
8819	10742	1
9102	11792	1
7495	6236	1
4828	855	1
7861	843	1
9084	10742	1
12263	12264	1
10319	9966	1
6045	7341	1
543	1124	1
7397	10758	1
8172	8967	1
12348	8680	1
8803	10236	1
2091	2529	1
8757	1772	1
4524	3274	1
2091	2909	1
6560	9769	1
3249	5546	1
7780	12496	1
2855	1517	1
5380	9769	1
5296	1517	1
4950	8967	1
12613	12613	1
9268	12027	1
7469	5227	1
7592	4921	1
8388	10285	1
10333	4274	1
512	363	1
7680	5411	1
9087	2371	1
8145	2371	1
3967	1809	1
5849	6893	1
5227	7469	1
3100	3101	1
2296	3051	1
3528	107	1
5720	5366	1
1504	5366	1
5459	8273	1
1517	2855	1
9924	4799	1
8854	11060	1
3570	9170	1
4421	2065	1
331	2568	1
7341	6045	1
2807	9772	1
2287	9170	1
2506	8008	1
6893	5849	1
3607	7444	1
8008	2506	1
4265	447	1
3512	4034	1
12614	7597	1
482	257	1
1690	1514	1
11392	4254	1
855	4828	1
689	2113	1
10112	1532	1
12615	1913	1
9773	10568	1
7502	4788	1
5481	9689	1
6560	4787	1
11044	9389	1
7318	7429	1
8925	8924	1
3607	8173	1
7476	2517	1
9924	10836	1
11192	8364	1
3506	12616	1
7469	8571	1
6874	4538	1
8420	4956	1
8681	7715	1
6164	1926	1
12617	12618	1
6371	7917	1
3288	3287	1
1665	466	1
5922	11201	1
7340	9772	1
11016	12498	1
1886	5376	1
7465	3978	1
4077	466	1
5711	5715	1
7501	7940	1
9717	11946	1
4135	12019	1
10618	8729	1
9032	2611	1
4950	5392	1
1029	15	1
12019	4135	1
10952	10686	1
10191	5630	1
6727	6040	1
3967	1017	1
4136	2148	1
6316	3849	1
5972	7998	1
5366	3849	1
3840	8614	1
11583	10325	1
1242	26	1
6786	10325	1
7919	10325	1
7885	5634	1
12239	2611	1
4945	4183	1
11602	7882	1
1081	9409	1
8695	10826	1
5634	7885	1
4832	3546	1
7465	4525	1
2750	1209	1
2735	3170	1
5407	5406	1
10935	11836	1
12619	9656	1
3170	2735	1
9717	10620	1
9100	8194	1
3874	4765	1
6097	5777	1
12614	4765	1
3099	923	1
3835	5973	1
9248	11135	1
6804	12178	1
15	1029	1
3849	5366	1
8903	10814	1
5952	8654	1
3874	3940	1
1618	5922	1
10476	9418	1
11628	11633	1
12269	11633	1
4149	3811	1
384	3811	1
9863	4101	1
1368	3811	1
9201	270	1
10620	9717	1
2894	186	1
7072	7073	1
2935	998	1
12620	7484	1
12621	12621	1
2905	4183	1
6729	7988	1
5234	5027	1
9643	9643	1
4326	8844	1
4020	9901	1
9375	828	1
1171	5481	1
5345	6547	1
3960	11610	1
3892	7516	1
923	3099	1
5775	870	1
6316	7334	1
6107	4021	1
6637	4444	1
7134	8140	1
11157	8140	1
12389	12389	1
6547	5345	1
9924	4318	1
278	8140	1
11255	8140	1
11251	8140	1
2260	4183	1
5045	10244	1
11031	6316	1
5502	4679	1
11635	6700	1
8162	10188	1
257	482	1
5230	6233	1
8335	564	1
1209	705	1
4689	5185	1
7465	5972	1
8836	8886	1
4663	75	1
6490	4320	1
7597	10325	1
1997	75	1
3999	160	1
8578	10325	1
5282	7128	1
4419	7128	1
9168	8681	1
186	2019	1
4141	8681	1
5868	7553	1
6515	7469	1
3107	10325	1
9709	7469	1
4507	7469	1
7429	7944	1
5710	5622	1
7128	4419	1
11074	8364	1
9239	7469	1
4020	9314	1
6837	7337	1
6316	6533	1
4950	9242	1
10188	8162	1
7429	7318	1
9402	7117	1
12498	11016	1
4921	7592	1
7466	7944	1
8976	8976	1
2573	2571	1
706	987	1
12622	5977	1
12340	10659	1
12615	3017	1
1175	3017	1
7469	9178	1
11661	12623	1
5230	8591	1
1664	3356	1
1930	1791	1
2045	2044	1
6533	6316	1
1247	7535	1
11189	11189	1
10325	7597	1
10385	12110	1
9966	10319	1
8975	10319	1
6540	7597	1
5951	5929	1
4355	2383	1
1514	1690	1
12591	9551	1
9178	7469	1
8546	10986	1
8976	7128	1
855	5682	1
987	706	1
8568	7176	1
2764	2712	1
46	1796	1
12615	2140	1
10632	9727	1
6803	10391	1
7514	12323	1
7032	7597	1
4012	1746	1
8978	8726	1
7476	7308	1
6513	12323	1
8281	8281	1
3312	7308	1
12624	5693	1
17	385	1
7386	1742	1
3137	9456	1
7952	6193	1
10687	4287	1
12625	1742	1
7570	6269	1
5693	12624	1
9456	3137	1
7369	4666	1
6038	7983	1
9041	3077	1
9300	7204	1
9772	7340	1
7570	8092	1
1469	3723	1
705	1209	1
7438	6183	1
8646	5697	1
1243	1209	1
7476	2420	1
2465	6087	1
6343	7340	1
12615	2420	1
9573	2863	1
266	3350	1
7831	10713	1
6788	3335	1
2734	12624	1
12595	12595	1
6564	10236	1
6753	6753	1
2097	685	1
4830	4763	1
5301	5206	1
414	9136	1
4621	6193	1
7602	9085	1
5977	12622	1
4286	10713	1
6444	9085	1
3874	2768	1
7260	515	1
5137	2973	1
5650	8243	1
3824	2454	1
8092	5797	1
4045	6752	1
3240	3674	1
12626	10061	1
12496	9894	1
12509	12595	1
7421	5663	1
12178	6804	1
11908	7983	1
6867	12595	1
1997	3642	1
4328	10930	1
12456	7012	1
9300	5947	1
2454	3824	1
2260	4547	1
11202	10826	1
1965	12142	1
2209	2210	1
3923	10327	1
3767	8619	1
7815	8968	1
10206	7604	1
968	2017	1
4143	1900	1
6234	5560	1
5797	8092	1
5482	8287	1
12624	2734	1
6321	10327	1
3451	5928	1
1677	2327	1
10327	6321	1
3297	9488	1
7597	7032	1
5673	7074	1
2913	8222	1
12441	8668	1
7917	6371	1
4989	6270	1
12541	1926	1
7306	10993	1
7801	3449	1
8550	2777	1
2611	12239	1
5857	6812	1
4344	6915	1
12627	12627	1
6635	7032	1
6233	5230	1
12592	1171	1
5481	1171	1
7128	8976	1
6812	5862	1
1171	12592	1
6775	8656	1
7318	8938	1
9966	8938	1
5110	5818	1
2446	295	1
385	17	1
12615	6265	1
8287	5482	1
355	1058	1
8750	8575	1
2579	3559	1
12628	12629	1
12629	12628	1
10603	9100	1
9798	12616	1
7433	7432	1
2702	2703	1
11479	3137	1
1231	9409	1
1666	3723	1
4755	8141	1
4077	1428	1
4172	3881	1
8086	11191	1
3037	3452	1
5742	4408	1
5452	6765	1
7983	11908	1
4832	4910	1
426	3452	1
6369	1104	1
2652	1034	1
5217	12500	1
1034	2652	1
12500	5217	1
10667	12594	1
6901	12568	1
5086	5087	1
5718	5720	1
3950	4409	1
5777	6097	1
3816	9483	1
10636	10153	1
6316	1247	1
12624	12624	1
1064	10153	1
5299	5793	1
11962	10153	1
11506	10153	1
11551	10313	1
6316	7138	1
12533	9860	1
4984	4801	1
915	2183	1
8841	2121	1
3166	6784	1
847	1797	1
3452	426	1
8260	10611	1
4319	12535	1
4983	5715	1
8938	9966	1
9924	12577	1
5715	4983	1
4662	4239	1
12370	10826	1
10047	7109	1
3122	2504	1
334	2371	1
12630	5970	1
10958	5100	1
10611	8260	1
3881	4172	1
1209	2750	1
2807	12631	1
4409	3950	1
6319	3950	1
824	2017	1
7469	9239	1
9876	5648	1
8654	5952	1
11836	11831	1
2496	1457	1
4984	1134	1
7449	8699	1
1933	386	1
1058	355	1
7209	5354	1
10568	9773	1
1247	6316	1
9596	11187	1
2206	624	1
2501	4666	1
4101	9863	1
2646	3723	1
2420	2611	1
7083	12351	1
11301	12599	1
9025	9026	1
5981	6155	1
482	332	1
8425	12496	1
6493	7519	1
7922	11598	1
7466	11598	1
222	1204	1
5227	9239	1
12313	2611	1
8031	10330	1
1828	10825	1
9894	12496	1
7516	3892	1
9488	3297	1
8858	11918	1
10327	8640	1
11661	9229	1
2116	9479	1
4183	4945	1
8640	10327	1
10282	7395	1
11653	7395	1
2611	2420	1
4753	9537	1
11598	7922	1
5406	5407	1
6132	7395	1
3240	2163	1
9201	2797	1
4888	4900	1
