8273	5459	1
7665	1937	1
6876	11275	1
1232	889	1
4249	4309	1
12571	12669	1
1937	7665	1
2211	5090	1
6380	6234	1
6513	5441	1
10065	10814	1
12174	4218	1
12670	11935	1
8692	5895	1
12664	12650	1
9089	7083	1
4457	5774	1
5553	5902	1
905	5774	1
1490	12314	1
5026	5027	1
5297	5774	1
9276	10351	1
10319	9966	1
12671	12672	1
8975	5482	1
10330	7204	1
7665	12188	1
200	870	1
887	870	1
10285	627	1
12188	7665	1
4384	8452	1
8122	3020	1
8588	10434	1
3353	564	1
1900	5482	1
6193	7060	1
8172	7558	1
564	3353	1
2572	3401	1
12673	12673	1
7308	3153	1
7209	5354	1
7032	7597	1
10630	10630	1
7369	7452	1
707	889	1
869	6303	1
5861	6922	1
9198	9178	1
9402	4029	1
6165	6034	1
2076	1611	1
4449	5411	1
3287	3489	1
5699	4250	1
9443	3171	1
8501	5374	1
3109	5374	1
4408	7909	1
821	1185	1
3171	3170	1
12414	10103	1
12674	10968	1
7466	7944	1
6278	7944	1
3489	3287	1
3020	8122	1
180	207	1
1039	304	1
10437	11194	1
7158	11619	1
1490	822	1
8277	8277	1
5693	12624	1
7592	460	1
7446	6700	1
9375	828	1
10228	1940	1
12246	11164	1
12675	5725	1
6294	2604	1
11417	11416	1
1406	996	1
6155	12259	1
9452	4667	1
5955	6452	1
10069	9158	1
6234	6380	1
9076	11610	1
8172	6564	1
563	2979	1
5849	910	1
8270	16	1
9253	9070	1
11417	12006	1
447	4265	1
9178	9198	1
10570	3829	1
1490	3274	1
1146	768	1
6977	10506	1
10506	6977	1
12539	5341	1
1237	5678	1
9767	6121	1
4094	6977	1
7334	6977	1
7368	9299	1
4575	4574	1
2364	10738	1
12102	12102	1
10506	10506	1
9443	4274	1
2804	1135	1
2653	3124	1
1237	7345	1
6134	1813	1
3950	6319	1
139	1791	1
11259	8938	1
4692	9031	1
8261	10803	1
1908	781	1
11843	10803	1
12093	10220	1
2467	9942	1
482	332	1
1212	1806	1
8852	2578	1
4251	3944	1
2604	6294	1
3897	4341	1
5234	5482	1
5898	5897	1
331	332	1
12659	10230	1
11233	8173	1
10413	6729	1
5223	12668	1
7370	6438	1
11610	9076	1
5567	5192	1
6582	11703	1
9966	10319	1
139	2371	1
8122	1869	1
2179	2811	1
4006	3503	1
11031	11514	1
3004	8137	1
12672	12671	1
5354	7209	1
5374	3109	1
9753	594	1
8172	4950	1
8707	3170	1
8172	7359	1
5075	3337	1
10324	3345	1
8172	8821	1
5217	4409	1
8405	9178	1
110	323	1
5306	222	1
10116	2705	1
4613	323	1
2705	10116	1
4842	8975	1
7452	7369	1
3006	4388	1
4265	447	1
5459	707	1
6420	7061	1
4113	8975	1
5482	1900	1
5482	8975	1
9443	11762	1
4730	3040	1
7369	7988	1
7452	7988	1
12624	5693	1
5955	5693	1
8172	519	1
6934	2364	1
323	110	1
10319	8975	1
6977	7334	1
5411	4206	1
10769	5070	1
3410	4161	1
1696	897	1
1962	10920	1
7801	9369	1
9369	7801	1
2578	8852	1
10859	11301	1
8640	4833	1
3938	4833	1
11403	11387	1
5663	7421	1
7028	5402	1
3447	4233	1
9070	9253	1
8172	4836	1
6977	6112	1
9273	1036	1
6720	2536	1
6112	6977	1
3702	3702	1
2390	5691	1
8975	4842	1
3170	2533	1
7235	4555	1
8812	12324	1
1469	3723	1
4250	5699	1
7266	5845	1
4534	5622	1
3719	5622	1
2297	4555	1
12676	7853	1
4485	9790	1
6729	7128	1
8899	6146	1
1232	2585	1
5950	4988	1
7929	4867	1
1358	1504	1
11635	12648	1
7988	7452	1
11719	12648	1
8575	8750	1
6100	7446	1
828	9375	1
1937	11645	1
2999	10800	1
3829	10570	1
6364	5520	1
9517	3673	1
9489	12538	1
8122	2940	1
5854	243	1
2076	4800	1
11372	6898	1
2802	4525	1
3506	5318	1
1132	4196	1
2855	5697	1
1280	1625	1
781	1908	1
4445	3931	1
5950	3931	1
6008	6007	1
7082	2198	1
5305	5318	1
4072	10916	1
50	3048	1
1807	6854	1
4409	5217	1
6007	6008	1
4034	3512	1
10803	8261	1
11265	4418	1
10260	10260	1
7810	4346	1
6066	11201	1
9066	11164	1
12324	8812	1
11194	10437	1
11645	7665	1
8172	7090	1
8172	12640	1
1490	2241	1
1567	8476	1
1146	7242	1
7791	6454	1
6454	7791	1
3293	4545	1
11164	9066	1
7597	9770	1
10960	12677	1
5087	5086	1
9083	7854	1
5107	5267	1
6301	6640	1
322	3576	1
12665	7854	1
5086	5087	1
5301	6730	1
8165	12678	1
1395	8575	1
1940	10228	1
8750	8575	1
8172	11235	1
5787	6046	1
12679	10801	1
12680	12681	1
6046	5787	1
2372	1742	1
5506	1926	1
8172	9296	1
3689	4555	1
1980	12177	1
4390	4525	1
4346	4345	1
2558	5324	1
3426	6840	1
988	151	1
3404	3405	1
249	355	1
5234	5027	1
6034	5979	1
8415	12133	1
10568	3404	1
6533	7894	1
7894	6533	1
5027	5234	1
11918	8005	1
2607	3169	1
5509	10347	1
3153	7308	1
549	3169	1
7386	1742	1
1742	2372	1
1504	1358	1
12487	3358	1
3079	7481	1
2479	3542	1
151	988	1
4449	7847	1
4724	3323	1
6374	1266	1
3440	12327	1
1926	5506	1
4196	7763	1
7791	5607	1
8876	8876	1
12659	12682	1
7141	11905	1
9031	4692	1
5607	7791	1
11130	3347	1
4313	4184	1
12559	12562	1
4812	4692	1
1420	1420	1
12682	12659	1
4692	4812	1
3840	3170	1
11387	11403	1
3629	3358	1
5699	2912	1
651	1921	1
8404	4883	1
3512	4034	1
11816	11817	1
4388	3006	1
8172	10002	1
8833	50	1
6034	11704	1
12126	50	1
511	9299	1
10935	11403	1
9443	6301	1
3545	4660	1
8172	6860	1
6931	11812	1
12584	801	1
8141	7164	1
7265	4034	1
7164	8141	1
4612	5523	1
6640	6301	1
2065	1108	1
4545	3293	1
4375	7543	1
4523	1847	1
11912	12535	1
4449	5280	1
4034	7265	1
5489	4438	1
3293	5541	1
6872	4679	1
6113	5463	1
12533	9860	1
1108	2065	1
4345	4346	1
12562	12559	1
801	902	1
4521	5269	1
242	241	1
12683	12684	1
3996	1338	1
7341	6045	1
1523	1338	1
7604	902	1
1175	3017	1
8474	902	1
12095	5725	1
10347	5509	1
1369	12396	1
5725	12095	1
5726	5725	1
5725	5726	1
8051	4418	1
6481	6589	1
4449	8421	1
11479	3137	1
4449	5706	1
11645	1937	1
2976	11148	1
3404	10568	1
9443	2735	1
2691	518	1
518	2691	1
5374	8501	1
9002	2915	1
9299	7368	1
6713	6562	1
12685	10347	1
2985	11144	1
8924	8925	1
651	308	1
1146	4312	1
7821	11442	1
12491	5385	1
8917	8691	1
4418	8051	1
10764	7469	1
3240	3674	1
1900	6270	1
9798	12616	1
5459	3543	1
5459	8273	1
11397	11909	1
5943	4948	1
4602	1506	1
5950	2399	1
5047	3450	1
3450	5047	1
8541	7535	1
3391	11244	1
12133	3605	1
7469	3605	1
1577	6721	1
2075	2076	1
7244	2252	1
3605	7469	1
5111	7764	1
12686	12582	1
4034	4851	1
5388	4851	1
10389	9251	1
1338	3996	1
7558	8172	1
3017	1175	1
6564	8172	1
4851	4034	1
4950	8172	1
5955	4883	1
218	4346	1
3605	4206	1
12568	6901	1
519	8172	1
4836	8172	1
12687	12687	1
5868	7553	1
4863	4864	1
7090	8172	1
2477	1746	1
4199	1781	1
12640	8172	1
11235	8172	1
12540	6901	1
3769	1781	1
11851	3786	1
10347	12685	1
3605	6424	1
4039	2973	1
6066	8848	1
2116	9479	1
10002	8172	1
6860	8172	1
2184	5042	1
5630	8848	1
9299	511	1
6624	9798	1
4006	4006	1
8469	1229	1
7318	6938	1
6649	6146	1
6938	7318	1
6270	1900	1
12648	6700	1
535	9334	1
9860	12533	1
5346	664	1
12472	9980	1
10192	7302	1
788	1282	1
6048	6938	1
6938	6048	1
4287	7213	1
8141	8404	1
12535	11912	1
1146	187	1
8975	4113	1
6483	6484	1
2604	8154	1
10464	7000	1
5382	2483	1
7597	7032	1
2646	7857	1
12174	2568	1
12300	5191	1
6898	11372	1
2483	5382	1
4303	3546	1
8081	3546	1
11704	6034	1
12314	664	1
9365	7423	1
9322	1746	1
1394	7423	1
3293	3471	1
8452	7484	1
2673	3558	1
12606	3108	1
7502	4788	1
7995	12197	1
9798	11239	1
11759	7484	1
4983	4763	1
7178	12197	1
2399	5750	1
45	2077	1
4029	4514	1
12688	12006	1
1538	10861	1
4828	855	1
2252	7244	1
3017	1401	1
428	1175	1
8911	512	1
1237	753	1
363	512	1
10188	9690	1
512	8911	1
1146	1229	1
7423	7423	1
9356	11058	1
1774	4812	1
9356	5047	1
8854	11060	1
6120	3240	1
7423	1394	1
6146	6649	1
6562	8700	1
10847	7570	1
3754	6649	1
12259	6155	1
9769	4910	1
6649	3754	1
8700	6562	1
4830	4763	1
2364	4257	1
3037	3452	1
5981	6155	1
12553	6414	1
10634	4696	1
4763	4830	1
5267	5107	1
12689	12689	1
11060	8854	1
2048	1281	1
2383	4355	1
334	1281	1
2873	7866	1
10415	7000	1
12690	12439	1
6135	3762	1
12401	12439	1
8976	7128	1
4384	4384	1
