12110	10385	1
5197	4459	1
2420	912	1
5301	5206	1
5075	6034	1
1809	3967	1
11563	9001	1
3288	3287	1
8222	10173	1
912	2420	1
4116	3017	1
12350	12350	1
1903	4980	1
4437	9004	1
10738	2364	1
6321	9472	1
10140	5512	1
1199	7663	1
3020	2585	1
6122	4300	1
3020	3316	1
11831	6243	1
11210	2246	1
12174	4218	1
1358	1504	1
6649	7120	1
10256	10257	1
7120	6649	1
6243	11831	1
9089	8386	1
8334	6113	1
11057	7570	1
2911	7481	1
4215	5354	1
3410	4220	1
9438	7443	1
8687	7570	1
6977	4094	1
9084	10826	1
8695	10826	1
7163	1064	1
3020	1869	1
623	5705	1
1903	4055	1
8975	10319	1
9966	10319	1
5979	6034	1
3743	5791	1
11372	6898	1
4610	4484	1
3020	5411	1
3240	8141	1
1903	4260	1
3020	3068	1
9770	7597	1
3020	9930	1
7337	6837	1
6837	7337	1
8903	10814	1
3170	8707	1
8854	11031	1
8707	3170	1
705	5662	1
9131	7804	1
11704	6034	1
12535	11908	1
7120	6721	1
7466	7944	1
1656	3999	1
5979	11869	1
8452	4384	1
6775	8656	1
2246	11210	1
7492	4917	1
3020	5815	1
4384	8452	1
6278	7944	1
4956	4384	1
4384	4956	1
5283	8452	1
2211	3489	1
5623	5783	1
3287	3489	1
3892	7516	1
12654	4717	1
12599	4717	1
2646	7857	1
5354	4370	1
240	438	1
1903	1858	1
9375	5346	1
4743	12563	1
4370	708	1
4833	8640	1
5087	11018	1
3739	3999	1
444	76	1
11010	11762	1
5838	3849	1
2076	4800	1
4025	2666	1
1903	889	1
1532	8864	1
2065	1108	1
2666	4025	1
4164	10900	1
708	4370	1
4662	6081	1
5705	623	1
9089	10379	1
12432	12432	1
6795	1345	1
9021	10455	1
10405	5316	1
1903	423	1
3020	423	1
5636	5892	1
9798	9071	1
12618	12617	1
10826	8695	1
12655	12655	1
2211	6332	1
1742	12625	1
12174	2568	1
2873	5717	1
3020	11077	1
12656	5142	1
1903	1977	1
1506	2040	1
6523	2037	1
6721	7120	1
11649	3912	1
1504	1358	1
4717	12599	1
8938	11259	1
10659	12340	1
1076	1076	1
986	7029	1
1572	4233	1
4459	5197	1
4370	5354	1
12563	4743	1
5979	5365	1
12578	3426	1
6840	3426	1
7492	12657	1
1903	11233	1
163	1656	1
11957	7005	1
9089	8977	1
7337	2308	1
12658	9155	1
5047	9356	1
11058	9356	1
102	102	1
7602	2912	1
10351	9276	1
3020	9356	1
1746	2477	1
9369	7801	1
1903	2691	1
11031	4257	1
3240	2691	1
6648	4257	1
5811	1036	1
1064	7163	1
12263	6668	1
5979	5888	1
4983	4561	1
9754	12608	1
7334	6316	1
6234	5560	1
10319	8975	1
5482	8975	1
4408	5742	1
4113	8975	1
10900	4164	1
7376	8975	1
6898	11372	1
9966	8975	1
4842	8975	1
2735	4528	1
7485	10085	1
7602	9085	1
4345	4346	1
3824	2454	1
10130	8975	1
2308	7337	1
3020	3088	1
75	1997	1
1987	2379	1
5979	7625	1
11266	8639	1
11426	4956	1
3089	9689	1
3243	7775	1
9516	5113	1
3410	4221	1
1478	7775	1
12323	6513	1
1237	1884	1
10073	10826	1
1884	1237	1
5354	7209	1
6727	6040	1
7209	5354	1
3020	4580	1
806	9798	1
2881	2260	1
4842	334	1
1188	2900	1
10420	8967	1
1797	847	1
7570	10208	1
5390	10208	1
8975	5482	1
9798	11239	1
8739	9669	1
357	363	1
2691	518	1
8975	9966	1
5515	5553	1
10319	9966	1
3020	8940	1
6034	5979	1
11869	5979	1
4457	232	1
2390	5691	1
5072	2725	1
1900	8975	1
2427	2611	1
4723	1009	1
7418	10435	1
2735	3170	1
4047	5691	1
10230	12659	1
6321	2873	1
3440	5691	1
6803	59	1
1541	5831	1
2420	4116	1
11455	3581	1
7862	3950	1
4059	4116	1
6319	3950	1
3020	2420	1
4409	3950	1
3950	4409	1
4495	1408	1
1903	4368	1
10304	10938	1
8165	7764	1
4257	6648	1
8413	705	1
4218	12174	1
4116	4059	1
363	357	1
12507	12320	1
3881	7481	1
737	1081	1
1081	9409	1
8697	705	1
10568	9773	1
1269	705	1
601	705	1
5072	705	1
10047	5211	1
705	1269	1
1081	737	1
4094	6977	1
6513	12323	1
5671	705	1
2843	9815	1
5662	705	1
3936	12330	1
4029	11121	1
6112	4778	1
1209	705	1
1243	705	1
3635	3343	1
6635	7032	1
7597	7032	1
944	889	1
3020	3895	1
3642	1997	1
3967	1809	1
8975	1900	1
10351	9692	1
12274	10528	1
10466	1059	1
1362	2733	1
7492	8562	1
11908	12535	1
781	1908	1
5979	1900	1
4341	3897	1
1031	10621	1
5628	879	1
10266	467	1
1466	3458	1
6266	2335	1
1917	1917	1
5742	4408	1
3404	10507	1
4998	9888	1
8333	1238	1
3950	7862	1
2163	3240	1
2691	3240	1
11144	2985	1
4647	5924	1
7866	3240	1
7487	2075	1
5750	2399	1
5979	8457	1
5979	8803	1
2399	5750	1
6301	3240	1
7492	6752	1
737	3240	1
5459	3240	1
9244	9223	1
677	3240	1
8141	3240	1
6184	6171	1
1997	3642	1
2873	6321	1
7029	4471	1
5257	7680	1
5811	4021	1
5857	6812	1
879	3056	1
11635	3840	1
5787	6046	1
8975	4113	1
7066	10128	1
5258	5773	1
6046	5787	1
12606	9359	1
3840	11635	1
11719	11635	1
6544	11635	1
12309	11635	1
1050	375	1
12648	11635	1
6812	5857	1
4800	2076	1
8903	11387	1
11618	11635	1
6034	11704	1
11121	3449	1
2911	3079	1
6038	7983	1
8024	8025	1
271	328	1
1903	3462	1
1611	2076	1
3170	2735	1
11762	2735	1
8031	6448	1
11387	8903	1
4424	4956	1
8975	4842	1
7862	7731	1
5604	3229	1
7492	2552	1
2276	2673	1
334	4842	1
12660	4087	1
5063	2362	1
3849	5838	1
7731	7862	1
8775	6113	1
705	1243	1
6081	4662	1
5374	6022	1
12661	12661	1
5211	10047	1
8141	4755	1
232	4457	1
11031	10478	1
12502	12662	1
3647	10478	1
6146	8899	1
1338	2135	1
5459	707	1
813	7158	1
9083	7854	1
12663	12091	1
10741	6128	1
11619	7158	1
8848	7158	1
4724	4408	1
7060	6193	1
2442	2204	1
5374	3109	1
12664	4949	1
12665	7854	1
8005	11918	1
879	2718	1
5335	1685	1
11018	5087	1
879	878	1
2075	7487	1
7665	1937	1
8141	1740	1
7804	1489	1
11121	4029	1
1903	6126	1
4346	7810	1
7005	11957	1
11455	5318	1
2523	7216	1
6303	869	1
3576	322	1
1641	1173	1
1937	7665	1
7764	8165	1
4723	3005	1
3020	1547	1
847	1797	1
10432	5699	1
4250	5699	1
12666	10345	1
2134	801	1
5598	5941	1
5441	6513	1
705	1209	1
3391	11244	1
11054	6312	1
11318	11318	1
11842	8658	1
266	265	1
10603	9100	1
3124	2653	1
3079	2085	1
797	3343	1
8161	4484	1
5579	5580	1
7086	4555	1
6813	7481	1
12667	12667	1
20	4893	1
6648	7085	1
10721	10434	1
7487	5897	1
3999	3739	1
12617	12618	1
9486	9131	1
9239	5227	1
3041	6513	1
4422	897	1
5468	5783	1
8575	1395	1
3137	9456	1
3020	1232	1
5463	6113	1
1903	3905	1
3607	3606	1
5670	5248	1
3020	4375	1
11721	10961	1
7665	2652	1
3153	7308	1
9089	4333	1
6812	6931	1
5979	1620	1
4409	5217	1
7158	813	1
7492	5013	1
5897	7487	1
1050	428	1
9807	9695	1
10133	2076	1
10756	10756	1
3020	9301	1
5713	8584	1
3826	4597	1
12006	11417	1
8609	6055	1
3742	4682	1
2652	7665	1
439	4888	1
11416	11417	1
3240	6301	1
1050	1175	1
3136	11132	1
7216	2523	1
4185	1641	1
7610	7611	1
7446	6100	1
3524	1175	1
897	4422	1
705	601	1
5248	5670	1
1268	2017	1
2211	1426	1
1232	889	1
7492	2610	1
707	5459	1
3020	5457	1
5988	822	1
12266	6309	1
9772	10409	1
7175	10172	1
12668	5223	1
