2465	1702	1
3079	10432	1
10432	3079	1
5898	5897	1
3840	11719	1
6544	11719	1
3730	11719	1
9356	3020	1
7508	9058	1
1099	2163	1
12493	944	1
3730	4581	1
11037	11037	1
10171	11719	1
11635	11719	1
11097	11719	1
5818	5110	1
425	2446	1
5972	972	1
2198	7082	1
207	180	1
4581	10769	1
5110	5818	1
12494	6282	1
12495	9248	1
6282	12494	1
1705	11044	1
11183	2969	1
5836	4592	1
12496	9894	1
1051	2969	1
2163	1099	1
2423	4988	1
4312	2145	1
564	2169	1
5237	4431	1
419	4674	1
8365	8049	1
10568	11909	1
7550	2260	1
7450	1106	1
2169	564	1
419	912	1
8477	5090	1
11048	11187	1
8222	8031	1
944	912	1
7423	5090	1
5248	11724	1
3665	3154	1
9095	5263	1
7082	2198	1
12497	5773	1
8658	11842	1
3730	3489	1
54	62	1
4220	8127	1
11719	11097	1
2969	1051	1
1369	12396	1
11935	6245	1
5281	1509	1
8021	12392	1
5122	676	1
676	5122	1
6201	6105	1
4226	11033	1
9924	9924	1
3476	3773	1
6171	6184	1
5484	5734	1
10437	920	1
6066	11201	1
680	9584	1
5922	11201	1
5	11201	1
10615	11201	1
11201	10615	1
3730	4580	1
5946	5570	1
12286	12287	1
3730	5386	1
6118	5822	1
6243	11831	1
1872	1872	1
420	419	1
4674	419	1
241	242	1
912	419	1
11033	11034	1
10330	8031	1
8150	7258	1
8891	6213	1
10535	11162	1
8820	7952	1
6045	10634	1
8505	8504	1
3538	1135	1
2385	7620	1
8575	8750	1
9973	10043	1
419	1384	1
3607	7444	1
3763	3438	1
4408	4724	1
1143	226	1
2817	2457	1
4724	4408	1
2435	1384	1
705	5671	1
10634	6045	1
419	5013	1
2582	2353	1
5660	1338	1
2911	3079	1
1103	3203	1
242	241	1
11514	4445	1
1135	3538	1
8330	4030	1
10968	10379	1
5493	2142	1
9251	10389	1
12495	7916	1
9336	7293	1
3042	2964	1
222	1693	1
744	745	1
1713	1712	1
7595	7592	1
7258	8150	1
7086	4555	1
3950	4409	1
1712	1713	1
3079	3333	1
1897	7223	1
9381	7535	1
5581	1631	1
8504	8505	1
419	1913	1
3353	7645	1
2297	4555	1
3333	3079	1
12093	10220	1
593	1541	1
7602	4555	1
7236	6977	1
8164	3970	1
4445	4724	1
3476	1797	1
1740	12479	1
12456	7831	1
920	10437	1
3079	9735	1
5013	419	1
1930	1791	1
1913	419	1
5381	10250	1
7645	3353	1
12498	7967	1
8031	10330	1
1397	243	1
5952	5484	1
2984	4299	1
5734	5484	1
8750	8575	1
4724	4445	1
6250	7917	1
4939	7138	1
3079	2086	1
6868	3688	1
1771	4064	1
240	438	1
419	2420	1
623	1461	1
3730	3840	1
9962	10826	1
8222	10173	1
4505	10826	1
2895	4376	1
4940	8522	1
745	744	1
11519	6107	1
9957	9957	1
10570	8222	1
3545	4393	1
3730	10769	1
419	1232	1
9255	12096	1
4765	5957	1
10408	1937	1
2209	6113	1
5087	5086	1
1771	2194	1
5570	5946	1
6187	1971	1
11897	7213	1
651	1562	1
7469	9239	1
11759	4603	1
9248	7138	1
11419	3004	1
564	4457	1
10319	8975	1
2017	5349	1
3004	11419	1
4457	564	1
6185	7543	1
2420	419	1
4842	5262	1
3730	6332	1
1232	419	1
8164	1822	1
1163	2914	1
2420	357	1
10473	2914	1
5262	4842	1
7138	4939	1
11514	9966	1
238	3988	1
7469	9178	1
5210	4741	1
7381	8934	1
4020	4027	1
7145	7780	1
2506	9488	1
11201	5922	1
1630	1439	1
1771	3868	1
5778	3868	1
7856	11380	1
5650	8243	1
4801	4020	1
5263	8897	1
9789	12314	1
4020	4801	1
4409	3950	1
8333	7119	1
1618	5922	1
2646	3944	1
419	1692	1
2086	3079	1
1397	4485	1
9095	8707	1
8401	8401	1
9041	3077	1
357	2420	1
5203	3799	1
8858	8775	1
6252	4545	1
5853	356	1
330	356	1
8889	5517	1
7916	12495	1
6211	5517	1
12470	11807	1
9248	12495	1
4406	1039	1
944	889	1
419	1556	1
6341	8915	1
7817	1727	1
10051	334	1
8676	7119	1
3079	7481	1
2335	3144	1
11619	7854	1
8243	5650	1
11719	11635	1
4343	3105	1
10473	1163	1
2758	10332	1
6530	5296	1
10634	10095	1
10095	10634	1
6657	5296	1
511	1480	1
4603	11759	1
7606	7503	1
3086	4058	1
8273	5912	1
5764	5296	1
8415	2203	1
8013	4504	1
2203	8415	1
11842	8658	1
8178	6657	1
4045	6657	1
3909	6657	1
5764	6657	1
1469	3723	1
3077	9041	1
807	12449	1
419	3017	1
9239	7469	1
9178	7469	1
6374	1266	1
5196	5195	1
1933	1266	1
11831	6243	1
8258	185	1
419	449	1
10896	10859	1
2964	3042	1
3333	2480	1
1779	6574	1
11702	490	1
10769	4581	1
9381	5444	1
1662	3695	1
4257	6866	1
8935	5769	1
3186	5090	1
31	1687	1
32	45	1
9084	10826	1
6922	5861	1
3144	2335	1
8288	8289	1
12132	11669	1
8051	7053	1
5630	4340	1
6252	2564	1
7867	7867	1
5729	5790	1
8222	10570	1
1700	5923	1
3438	3763	1
12132	12475	1
6866	4257	1
6039	4318	1
7083	5374	1
1541	5272	1
7157	5824	1
11243	9223	1
4393	3545	1
5484	5952	1
1338	2894	1
12479	1836	1
10537	8654	1
5972	559	1
3512	4034	1
2018	7502	1
2364	4257	1
5085	5735	1
6421	4906	1
2600	283	1
12499	7425	1
10069	7526	1
5922	1618	1
1599	2545	1
12422	12217	1
2817	940	1
1106	12217	1
1133	5890	1
159	2712	1
3988	238	1
4822	6095	1
1837	2712	1
1441	788	1
9375	5875	1
4439	7213	1
2545	1599	1
419	1599	1
4801	4027	1
5481	9957	1
9612	5870	1
988	756	1
1189	689	1
1971	6187	1
4939	11135	1
8634	3885	1
2183	8964	1
12500	88	1
3153	2516	1
8915	6341	1
11057	11445	1
874	28	1
4624	28	1
2420	2611	1
3730	6187	1
2829	789	1
5074	2440	1
6146	3753	1
559	5972	1
744	758	1
11135	4939	1
7053	8051	1
9620	3101	1
7198	2440	1
10537	6273	1
5424	5691	1
7506	12396	1
1091	2589	1
5857	6812	1
3730	2616	1
28	874	1
9095	6646	1
3144	6266	1
2611	2420	1
490	11702	1
3410	4220	1
10831	5972	1
2335	6266	1
4836	4950	1
972	5972	1
4907	2616	1
6266	2335	1
12501	2616	1
1314	9980	1
9995	3078	1
940	2817	1
9095	10973	1
1779	1489	1
3496	4204	1
878	879	1
758	744	1
4691	7901	1
4946	1096	1
879	878	1
12372	10798	1
9863	4101	1
10798	12372	1
3079	4555	1
12500	4605	1
6365	3079	1
1836	12479	1
12340	2480	1
8654	10537	1
3753	6146	1
9374	11142	1
10778	5027	1
3066	328	1
6868	5793	1
5678	9409	1
205	1143	1
6414	5782	1
6070	5355	1
564	8335	1
2794	6007	1
1257	4963	1
6530	997	1
352	4865	1
2398	2399	1
7134	10615	1
4981	5882	1
1779	3860	1
3512	3512	1
4689	4084	1
419	466	1
5402	5358	1
12100	9409	1
5769	8935	1
2646	6507	1
317	7785	1
7205	10325	1
4485	5877	1
9374	11000	1
419	1901	1
5175	5185	1
7469	8571	1
677	10152	1
3621	698	1
3475	2567	1
5972	9577	1
2101	5499	1
518	2873	1
2704	6377	1
7031	7741	1
5009	5444	1
8775	8858	1
2646	1822	1
3079	8031	1
7764	3768	1
419	6188	1
8031	3079	1
9966	10319	1
2516	3153	1
5778	7039	1
5087	1163	1
2843	5960	1
3768	7764	1
4597	3826	1
5870	9612	1
2399	2398	1
9493	4257	1
1514	2048	1
5027	10778	1
5485	3561	1
12020	12020	1
10753	10753	1
1143	205	1
6252	718	1
8014	6864	1
1096	4946	1
3020	3088	1
5282	5902	1
1133	7831	1
2616	12487	1
8312	5229	1
5237	8676	1
6781	7831	1
788	1441	1
4906	6421	1
9735	3079	1
10968	3073	1
7138	9248	1
1854	4380	1
3921	1517	1
5095	6187	1
51	4061	1
944	3017	1
11905	5281	1
3017	944	1
8049	8365	1
12502	12503	1
12503	12502	1
12110	10385	1
6372	4167	1
4069	9366	1
6187	10769	1
2237	12504	1
11719	10769	1
5468	5783	1
5451	10769	1
3840	10769	1
7785	317	1
6864	8014	1
10171	10769	1
11999	10769	1
6259	5217	1
10333	2891	1
28	5622	1
6729	7988	1
3041	6120	1
12505	7223	1
12506	4877	1
12494	7639	1
10769	11719	1
5043	5519	1
10769	6187	1
4295	5519	1
441	10152	1
7502	2018	1
5463	6113	1
6136	5519	1
9049	7932	1
5234	5027	1
6447	4362	1
7901	5519	1
5027	5234	1
4419	2390	1
6127	5520	1
4265	447	1
3330	7813	1
1108	5519	1
6693	4362	1
8880	6113	1
3079	6365	1
744	7452	1
2390	4419	1
2239	9056	1
334	10051	1
4164	830	1
12507	12320	1
7211	12483	1
2776	271	1
7967	12498	1
6868	5625	1
6812	5857	1
9782	11572	1
5813	1163	1
11957	7005	1
5960	2843	1
1105	6113	1
5868	7553	1
4660	3545	1
3829	4251	1
7083	4012	1
4012	7083	1
9095	3004	1
6781	7407	1
3215	9704	1
2048	1514	1
1619	5266	1
5517	7594	1
5752	7083	1
419	623	1
5901	5742	1
6079	7895	1
4038	5849	1
10220	12093	1
855	670	1
5577	5100	1
7083	5752	1
7223	1897	1
7005	11957	1
11820	9009	1
7407	6781	1
7895	6079	1
3006	1784	1
6449	6436	1
8305	5326	1
3816	3616	1
4384	5835	1
5293	4901	1
8404	5229	1
5086	5087	1
1897	5824	1
1163	5087	1
9693	8966	1
12508	7345	1
9391	8680	1
4812	4832	1
3263	12107	1
11563	5835	1
5581	3138	1
627	628	1
7345	12508	1
5835	11563	1
11135	9248	1
4167	6372	1
8008	12429	1
271	272	1
3138	5581	1
1631	5581	1
5281	11905	1
7120	6721	1
10826	4505	1
7594	5517	1
4832	4812	1
9936	2578	1
1163	5813	1
6657	3401	1
12509	6868	1
2265	1842	1
1461	623	1
11044	1705	1
3730	1241	1
419	1305	1
4595	4596	1
1779	1305	1
1517	3921	1
7485	12510	1
5519	1108	1
1257	2616	1
5330	3401	1
634	677	1
8335	564	1
12340	1897	1
