9248	8150	1
2745	1393	1
2699	6771	1
1068	1572	1
12573	10483	1
5587	380	1
5411	7082	1
4557	677	1
11836	11831	1
8150	9248	1
2646	3041	1
2198	7082	1
8568	7176	1
3041	2646	1
9786	11406	1
677	6120	1
11478	8014	1
1836	1740	1
944	11009	1
1311	1740	1
439	4888	1
9709	7469	1
7082	2198	1
1304	1304	1
12312	12403	1
12574	12567	1
5266	1619	1
12575	8614	1
5678	753	1
4282	6260	1
9375	3225	1
11932	8312	1
4921	7592	1
6843	10488	1
395	205	1
205	395	1
3041	6507	1
4251	2646	1
4685	12116	1
10483	12573	1
6640	6301	1
11031	6985	1
7340	9772	1
9165	9550	1
11737	3860	1
8415	2203	1
7922	4027	1
8898	3358	1
9550	9165	1
10121	6059	1
6165	6034	1
4578	8784	1
10324	5966	1
2428	2102	1
2115	2116	1
7516	8680	1
3024	8050	1
6120	5830	1
3975	9550	1
12313	2116	1
12500	4605	1
4886	4886	1
7917	6371	1
1619	5266	1
8162	10188	1
98	1104	1
6899	271	1
5628	5628	1
4362	6447	1
10282	9550	1
4445	4605	1
2611	2420	1
10920	2343	1
10325	11583	1
1762	2552	1
7868	12544	1
331	332	1
1188	2653	1
2768	11583	1
6220	11583	1
8336	753	1
4328	9133	1
3509	1462	1
9356	5047	1
3817	8214	1
6385	6397	1
1985	1077	1
634	1077	1
12576	4384	1
10535	11162	1
2420	2611	1
4663	75	1
5515	5854	1
12341	10945	1
8944	3994	1
6171	6184	1
897	3017	1
12544	7868	1
5577	5100	1
4176	5100	1
9100	10603	1
12577	9924	1
3785	9924	1
164	4025	1
11687	4029	1
8975	4029	1
7237	9924	1
9704	3215	1
1076	1913	1
4925	1537	1
4521	1408	1
3804	3804	1
2395	12556	1
10432	3079	1
3297	11455	1
5074	2440	1
2439	2440	1
4058	2356	1
6864	11625	1
9924	3785	1
3599	1697	1
4612	1483	1
6380	1483	1
6046	3826	1
7469	3152	1
4565	485	1
5753	7267	1
3671	6377	1
5709	6128	1
12263	12264	1
2913	3315	1
1820	12264	1
2243	4673	1
3937	11734	1
1509	718	1
10916	4072	1
8214	3817	1
3994	8944	1
9772	7340	1
10582	8924	1
664	5346	1
1572	1068	1
3383	696	1
6	864	1
6261	2004	1
12578	7282	1
855	670	1
4029	8975	1
5133	7916	1
10974	6738	1
5845	7331	1
1209	1209	1
1725	4480	1
423	944	1
12372	7032	1
4422	944	1
3559	2579	1
8264	9821	1
3481	3481	1
2420	1009	1
4163	944	1
12495	7916	1
8667	5227	1
7032	12372	1
2915	944	1
140	3481	1
6613	7082	1
12372	12372	1
7082	6613	1
9495	10062	1
9109	792	1
12579	6424	1
2420	944	1
143	3566	1
7553	5868	1
2980	2980	1
1128	2980	1
9821	8264	1
5804	6983	1
2455	7083	1
5195	5195	1
1077	1985	1
5628	294	1
6343	7340	1
6904	5388	1
6908	5836	1
11353	11353	1
11689	7916	1
8254	966	1
11625	6864	1
2653	1872	1
11485	928	1
9133	4328	1
8681	4141	1
11344	7521	1
75	4663	1
3672	3537	1
987	988	1
3824	2454	1
944	2420	1
11201	5922	1
4611	6525	1
6738	10974	1
7267	5753	1
7340	6343	1
5388	6904	1
6328	8571	1
5799	2558	1
10778	252	1
9136	8934	1
4317	10437	1
12372	3426	1
7916	12495	1
5481	11045	1
9200	2534	1
2420	3520	1
9136	414	1
188	4077	1
3426	12372	1
3446	1607	1
5836	6908	1
8328	12580	1
7796	9425	1
8739	9425	1
9248	11135	1
9527	9425	1
12567	1641	1
3308	3155	1
4257	8192	1
6956	6038	1
5922	11201	1
905	12137	1
12137	905	1
5854	5515	1
4689	5185	1
12372	10798	1
1016	7204	1
7163	12143	1
6236	7495	1
11941	7204	1
5288	4490	1
4077	188	1
3092	9498	1
10798	12372	1
2116	2115	1
986	7029	1
8609	6104	1
6635	6279	1
9012	4115	1
12479	1241	1
2297	4555	1
2620	4017	1
3569	12447	1
7235	4555	1
294	5628	1
10758	4555	1
696	3383	1
6414	4555	1
11435	10637	1
4580	10637	1
9973	5588	1
7020	9342	1
12456	4328	1
2365	5307	1
4679	5502	1
3200	2386	1
7680	5411	1
4133	4662	1
10330	8031	1
10930	4328	1
838	12581	1
9620	3101	1
5206	5301	1
5411	7680	1
11356	3101	1
9325	6212	1
6187	1971	1
2184	12582	1
7318	7429	1
6086	8650	1
12488	11168	1
2582	2353	1
5307	10576	1
5512	10140	1
11831	11836	1
8050	3024	1
3225	9375	1
9550	3975	1
11836	10935	1
10935	11836	1
7340	5717	1
709	564	1
6146	9470	1
12372	5095	1
8008	2506	1
7988	6729	1
12583	9649	1
624	625	1
5100	4176	1
4101	9863	1
12372	6144	1
2428	4160	1
7592	460	1
12584	801	1
37	2183	1
7654	8235	1
7521	11344	1
1040	6918	1
2479	1221	1
7767	12107	1
753	5678	1
7502	3380	1
12176	7927	1
625	624	1
1971	6187	1
12504	2237	1
4326	8844	1
11579	7416	1
5095	12372	1
6144	12372	1
4180	400	1
12372	3072	1
6212	9325	1
6673	2386	1
6117	6729	1
2386	6673	1
3072	12372	1
10488	6843	1
6216	3017	1
5027	9556	1
6983	5804	1
9425	7796	1
1272	12107	1
10015	12527	1
8404	6210	1
12558	12557	1
6210	8404	1
8609	3965	1
10206	10207	1
824	582	1
988	987	1
9077	9996	1
869	1120	1
9077	1266	1
12096	8826	1
7453	8621	1
12557	12558	1
5474	5490	1
8621	7453	1
12585	12585	1
8051	4418	1
6193	7060	1
6371	7917	1
12366	4980	1
7309	9790	1
8854	11031	1
7502	7502	1
12377	10567	1
11182	4418	1
5634	7053	1
4802	9790	1
10603	9100	1
1112	10567	1
8903	10814	1
9077	4044	1
12586	1787	1
12587	6781	1
5045	6854	1
8063	5845	1
4647	8967	1
6729	7988	1
9962	2308	1
7327	3878	1
12456	7012	1
11455	3581	1
12372	4494	1
944	3017	1
929	928	1
2428	3232	1
10798	5095	1
2428	4554	1
6046	4523	1
4735	10958	1
12481	12481	1
11031	8854	1
12266	4384	1
2386	3200	1
9136	5671	1
5979	6977	1
8670	8670	1
3967	1381	1
3017	6216	1
11958	9147	1
12372	9698	1
5402	7028	1
2308	9962	1
6729	6117	1
328	272	1
6444	9085	1
4029	11121	1
827	5890	1
6985	12496	1
5753	7083	1
11737	11537	1
4025	2666	1
10958	4735	1
5055	8206	1
4812	4832	1
9716	2607	1
6994	10389	1
8735	8735	1
928	11485	1
8379	11141	1
9924	7237	1
9556	5027	1
11807	12470	1
7602	9085	1
6265	2990	1
8206	5055	1
7469	8571	1
6046	5787	1
7662	7916	1
11556	7624	1
5343	10494	1
5086	5087	1
12588	10707	1
11194	7624	1
2776	328	1
6104	8609	1
10345	6552	1
7040	6139	1
1740	5411	1
3965	8609	1
5502	4679	1
328	2776	1
5411	1740	1
10188	8162	1
4580	9550	1
4097	1428	1
9612	5870	1
2288	4019	1
1466	5330	1
5481	9689	1
7570	9550	1
5085	5870	1
5868	7553	1
12401	10230	1
1381	3967	1
1420	5717	1
12589	9924	1
460	7592	1
1913	1076	1
4988	2423	1
5870	5085	1
705	1243	1
4318	9924	1
9966	10319	1
4494	12372	1
1813	7224	1
1209	1243	1
10385	12110	1
3109	5374	1
1469	2496	1
4662	4133	1
7469	12590	1
7624	11194	1
7083	2455	1
7181	10195	1
12112	8628	1
11455	3297	1
3230	6269	1
755	2126	1
10900	4164	1
5570	5946	1
3084	3230	1
5553	5902	1
1209	705	1
2653	1188	1
12590	7469	1
3741	9239	1
4977	4431	1
8785	11186	1
3512	4034	1
8650	6086	1
8844	4326	1
6270	4989	1
5474	7181	1
5259	9365	1
7274	6564	1
4409	3950	1
751	862	1
5027	5026	1
1774	4692	1
3137	11479	1
2616	8204	1
6077	6076	1
3950	4409	1
5167	2028	1
6765	5452	1
9200	6222	1
454	2031	1
2348	2349	1
8281	8281	1
12136	8204	1
1025	8204	1
6104	3178	1
1188	8204	1
8369	8204	1
9289	6702	1
6211	5240	1
4645	2446	1
928	929	1
3152	7469	1
2428	3925	1
3056	878	1
458	459	1
2579	3559	1
8925	8924	1
1017	3967	1
10319	10173	1
2607	9716	1
5267	5710	1
1809	3967	1
5710	5267	1
9551	12591	1
1194	1194	1
5799	8784	1
12592	5622	1
4164	10900	1
5122	5749	1
7442	7442	1
2573	2571	1
2496	1469	1
12562	12559	1
10327	10576	1
5234	5353	1
3430	3234	1
5316	2142	1
4170	833	1
5087	5086	1
4036	11724	1
12048	7223	1
2264	4209	1
3753	6649	1
3125	3105	1
12593	12593	1
5598	5941	1
3279	12495	1
12594	10667	1
11135	9248	1
5353	5234	1
3855	7901	1
9356	11058	1
8192	4257	1
7282	12578	1
1301	3125	1
1278	7283	1
9495	5966	1
10567	12377	1
8204	12136	1
4888	439	1
6867	12595	1
3111	2686	1
1064	8204	1
2430	2430	1
4333	1509	1
7969	4647	1
7060	6193	1
8696	2686	1
4989	6270	1
12596	12596	1
2486	3389	1
1980	12177	1
3873	522	1
2596	2842	1
2651	2686	1
7570	6220	1
4136	2148	1
5047	7543	1
1221	2479	1
5411	7543	1
4143	3525	1
6185	7543	1
1900	3525	1
1973	8197	1
3829	10570	1
1356	6024	1
3047	6024	1
6508	6024	1
3230	3084	1
5612	8556	1
5787	6046	1
3020	3450	1
4689	5681	1
3450	3020	1
5026	5027	1
459	458	1
12592	1171	1
4730	4409	1
12110	10385	1
1171	12592	1
5681	4689	1
9924	4318	1
37	1791	1
12597	12006	1
7901	3855	1
12598	12006	1
3013	12006	1
4983	4561	1
10230	10715	1
12599	10060	1
8534	12006	1
3326	12006	1
4178	1536	1
5699	2086	1
1050	1175	1
10457	12006	1
10833	12006	1
428	1175	1
12007	12006	1
8977	9918	1
1509	4333	1
10299	12006	1
9200	3010	1
3950	7862	1
8204	1188	1
11417	12006	1
10570	3829	1
4178	2399	1
8584	12600	1
3954	3010	1
3545	7108	1
7012	12456	1
9517	7182	1
11547	9070	1
12509	6868	1
12595	6868	1
12506	7393	1
8261	7262	1
6763	2814	1
8192	12351	1
9609	12570	1
12601	11957	1
968	2017	1
9769	5380	1
5979	11194	1
3874	12132	1
12538	9489	1
7916	7662	1
8909	7780	1
12595	6867	1
3288	3287	1
9009	8950	1
6021	6040	1
6868	12509	1
8785	11194	1
5028	7672	1
8950	9009	1
5327	1503	1
7476	1476	1
10605	5646	1
7474	9705	1
3081	6024	1
6038	1489	1
9009	6868	1
8152	9009	1
6868	9009	1
8835	8835	1
6649	3753	1
447	4265	1
4020	6897	1
3999	2371	1
2842	2596	1
5783	5623	1
11851	3786	1
9009	8152	1
9918	8977	1
8233	6121	1
7429	7318	1
8975	10319	1
160	3999	1
12602	12602	1
12496	8781	1
12498	11016	1
1746	4012	1
6024	3081	1
1523	7702	1
4836	4950	1
5623	5783	1
4724	6040	1
9924	12577	1
1469	3723	1
9200	6034	1
12603	12603	1
2911	3079	1
4207	5248	1
1338	1523	1
12263	10724	1
3450	5612	1
5612	3450	1
2327	1677	1
3079	10432	1
1022	1677	1
3999	1656	1
3125	4701	1
11166	1650	1
8654	5952	1
11961	11618	1
8129	12373	1
1120	869	1
867	6439	1
4490	5288	1
3082	5902	1
6897	4020	1
1051	11618	1
3240	3674	1
12604	12604	1
11111	6563	1
1108	7061	1
1514	1690	1
11618	11961	1
10724	12263	1
705	1209	1
8575	8750	1
1677	1022	1
9435	4720	1
10432	6365	1
1243	1209	1
6819	8901	1
8854	11060	1
