8707	3170	1
4257	2364	1
4439	7345	1
4589	6513	1
1395	4638	1
944	889	1
4638	1395	1
944	423	1
10769	1369	1
5504	5504	1
2092	685	1
3489	3489	1
5870	9612	1
5452	7796	1
5085	9612	1
4685	12116	1
1543	611	1
5423	2879	1
4282	8460	1
12271	4948	1
2646	3948	1
6788	2343	1
4948	12271	1
7796	5452	1
4810	2879	1
6299	3833	1
5723	4006	1
7645	2490	1
11687	9824	1
2491	2490	1
4183	3528	1
3722	2712	1
5167	2028	1
10140	5512	1
7153	9767	1
423	944	1
1837	2712	1
2879	4810	1
10572	1622	1
4933	4167	1
944	4422	1
4507	1622	1
7757	12375	1
12535	2712	1
10798	5095	1
7558	12516	1
12372	5095	1
9500	9500	1
12351	8192	1
7940	8026	1
11753	1599	1
6981	1828	1
8305	5326	1
3072	5095	1
9	9	1
4802	8031	1
2364	4257	1
7228	9041	1
1166	2192	1
7767	12107	1
12541	4977	1
2420	2611	1
12313	2611	1
9350	9	1
4257	8192	1
2616	1064	1
11556	6788	1
5943	4948	1
7536	7309	1
5859	3849	1
12386	12547	1
12548	3673	1
10786	9017	1
11442	12483	1
8031	4802	1
879	878	1
9717	12483	1
12151	12151	1
10535	11162	1
7709	6393	1
7813	3330	1
9517	3673	1
2161	3673	1
12481	12481	1
3512	4034	1
4082	5695	1
6228	7204	1
7518	3673	1
8031	7204	1
7340	752	1
12549	6424	1
7780	9180	1
8944	3994	1
944	4163	1
4199	1972	1
1389	1972	1
4082	8076	1
8898	3358	1
62	3773	1
1512	1441	1
1725	6429	1
3849	5859	1
11162	10535	1
5411	7543	1
207	180	1
10662	10495	1
10627	10627	1
1599	9525	1
4183	2260	1
9095	9005	1
5415	6454	1
3545	3333	1
944	2915	1
3824	10487	1
8404	5229	1
7626	3581	1
3994	8944	1
5977	5176	1
4574	2113	1
12132	8603	1
6145	5942	1
10572	8233	1
6128	8104	1
1841	12466	1
1284	12546	1
7258	8150	1
4574	4619	1
5008	11371	1
7885	5634	1
4419	7128	1
7128	5282	1
7334	6206	1
4574	3671	1
5211	1368	1
5211	4263	1
6727	6040	1
12381	12545	1
4574	1886	1
1220	985	1
12517	1517	1
12464	2315	1
529	4004	1
1972	4199	1
1064	2616	1
12550	12550	1
4574	2194	1
3066	6900	1
10319	8975	1
5211	4400	1
2616	8784	1
8192	4257	1
3333	3545	1
4020	10003	1
2558	8784	1
6317	257	1
9	9350	1
1886	3051	1
2567	3475	1
4724	4445	1
4775	5763	1
1811	7195	1
12127	12127	1
9331	11372	1
12534	2861	1
12466	4059	1
5211	2186	1
4611	6525	1
11182	8051	1
11144	4059	1
9747	11762	1
10572	2651	1
3105	4343	1
4343	3105	1
3438	3763	1
6054	466	1
2611	2420	1
10572	8181	1
10085	10514	1
6864	11625	1
11356	3101	1
9769	5380	1
944	2420	1
8008	12429	1
7309	7536	1
9426	2360	1
10974	10974	1
4054	2446	1
702	3575	1
12107	7767	1
8021	3575	1
3302	2875	1
10121	2390	1
5634	7885	1
1886	4574	1
3671	4574	1
4419	2390	1
1950	2854	1
11372	6898	1
3817	4027	1
2449	1817	1
9425	8739	1
3178	6104	1
2559	1108	1
2854	1950	1
5211	3796	1
1599	6213	1
11372	7786	1
4220	8127	1
6940	6213	1
11182	4418	1
8124	8124	1
5715	4983	1
11776	5142	1
2446	5975	1
4260	5975	1
12496	12496	1
6213	8891	1
9109	901	1
10043	9973	1
3441	12496	1
8891	6213	1
8521	12496	1
4183	2905	1
5211	6025	1
8127	4220	1
10572	6613	1
1441	1512	1
11403	12496	1
3479	12496	1
11031	12496	1
10935	12496	1
1740	1311	1
10769	7435	1
6367	8336	1
2451	8336	1
12274	12496	1
12089	5873	1
10121	8609	1
6831	3919	1
8051	11182	1
3965	8609	1
5009	12496	1
9451	6506	1
5934	6506	1
12551	7345	1
944	9550	1
4020	4027	1
10572	1937	1
12220	12220	1
937	1266	1
4946	5717	1
6402	5737	1
10121	6509	1
8487	8830	1
6213	1599	1
5047	3763	1
4055	3437	1
5481	9689	1
8014	6222	1
10636	10636	1
3330	7813	1
8420	8421	1
12011	3467	1
7345	4439	1
8347	2331	1
2969	11183	1
12552	7435	1
11058	7435	1
8336	11751	1
4973	1122	1
400	4180	1
1281	615	1
8460	4282	1
4281	4282	1
6260	4282	1
11687	5888	1
6898	11372	1
8544	4282	1
12553	8492	1
4976	4282	1
4729	4282	1
3203	1103	1
7606	4282	1
10003	4027	1
2616	819	1
12554	3316	1
3426	6840	1
3763	5047	1
4419	6783	1
4282	6260	1
4158	12555	1
12312	8243	1
5266	1619	1
1933	1266	1
185	8258	1
5298	1108	1
10572	2167	1
1399	4952	1
7922	8210	1
10572	10876	1
8008	2506	1
1202	7660	1
8609	3965	1
167	166	1
10121	3965	1
6506	5934	1
10206	10207	1
12344	7071	1
7508	7508	1
6243	8420	1
9017	10786	1
10572	7089	1
8420	6243	1
1908	11160	1
1971	6187	1
4983	6329	1
5943	9888	1
11649	2084	1
11031	4257	1
11700	12535	1
2691	3240	1
698	2065	1
9423	9437	1
4006	3274	1
4545	6252	1
4574	5376	1
2559	2457	1
8359	6760	1
3202	2203	1
4597	3826	1
3545	7108	1
9612	5735	1
1958	5360	1
4838	422	1
10537	11411	1
12517	4679	1
6872	4679	1
12556	2395	1
12116	4685	1
698	1560	1
3237	422	1
8977	7311	1
6539	8421	1
11759	11984	1
4602	1506	1
8258	185	1
9259	8404	1
4257	6832	1
3043	5481	1
9517	10521	1
10334	8640	1
2879	5423	1
5142	11776	1
5778	3868	1
4755	6424	1
5923	1700	1
944	2572	1
12133	8415	1
8624	8624	1
1556	419	1
3017	419	1
2559	1504	1
449	419	1
1599	419	1
5840	3561	1
1232	419	1
9331	1562	1
1901	419	1
5836	6908	1
9248	11135	1
6188	419	1
1619	5266	1
623	419	1
6893	5849	1
5966	10324	1
1108	5298	1
855	670	1
11186	8785	1
4690	1229	1
3017	12479	1
2420	3520	1
4574	5624	1
10116	2705	1
12010	3122	1
10121	5191	1
4445	11514	1
2048	1281	1
28	5622	1
3122	12010	1
1281	2048	1
5100	5577	1
5735	9612	1
3088	5355	1
7339	9342	1
4445	4724	1
12557	12558	1
9342	7339	1
2861	5973	1
2392	2216	1
998	2935	1
11719	8784	1
7786	11372	1
2935	998	1
3950	4409	1
12496	5009	1
937	6374	1
5553	2543	1
9311	5778	1
3156	4993	1
3520	2420	1
4207	4036	1
6724	10861	1
8619	12503	1
9962	2308	1
11353	11353	1
5014	11353	1
12485	12485	1
11957	7005	1
11552	11128	1
3377	1120	1
1120	3377	1
3447	4233	1
5095	10798	1
2506	2107	1
10749	10749	1
4257	11031	1
9234	2107	1
5485	3561	1
5752	4176	1
1500	11641	1
3919	6831	1
12373	12373	1
7495	6236	1
3975	10968	1
12559	7862	1
11405	7181	1
10521	9517	1
11128	11552	1
3356	12560	1
2705	10116	1
8214	3817	1
11144	2985	1
4418	8051	1
444	76	1
70	229	1
8750	11148	1
7108	3545	1
6901	7639	1
12561	2021	1
6813	6365	1
6783	4419	1
2390	4419	1
7128	4419	1
11551	10313	1
12527	10015	1
8425	5075	1
4176	5752	1
4882	4277	1
2506	8008	1
4135	12019	1
944	6657	1
1897	2480	1
12340	2480	1
4386	4172	1
7831	12456	1
2559	391	1
2559	2355	1
9914	3810	1
819	2616	1
229	70	1
7267	5753	1
698	1459	1
10572	10154	1
2543	5553	1
7205	10325	1
2653	1872	1
944	2492	1
2423	4988	1
3315	2913	1
11455	3297	1
1110	1809	1
5380	9769	1
8051	4418	1
7031	7741	1
3852	4159	1
1918	1967	1
7311	8977	1
2848	8533	1
10164	12496	1
3138	5581	1
2999	10800	1
1631	5581	1
6265	2990	1
9804	8697	1
8415	12133	1
4217	12489	1
3240	2691	1
11737	12133	1
2663	681	1
7862	12559	1
6184	6171	1
7875	2103	1
4983	5715	1
4518	4793	1
6056	10228	1
3051	1886	1
6921	9158	1
10228	6056	1
2435	3383	1
8347	6334	1
9444	2040	1
12562	12559	1
12509	6868	1
9251	10389	1
7790	4372	1
4355	5474	1
8194	9100	1
12563	4743	1
5533	304	1
2383	5474	1
5211	2142	1
5459	2875	1
3817	7801	1
5753	7267	1
5490	5474	1
12564	7804	1
3497	2190	1
4679	12517	1
7181	5474	1
11058	9356	1
3258	7602	1
12503	8619	1
6080	8875	1
3017	897	1
696	3383	1
5095	12372	1
2985	11144	1
12565	2727	1
10868	6122	1
1872	2653	1
5234	5353	1
4183	4945	1
8975	5282	1
3737	5141	1
8938	5206	1
11387	6930	1
11625	6864	1
4832	4812	1
6845	5520	1
2308	9962	1
10506	9962	1
8750	8575	1
4574	2272	1
6328	8571	1
12566	12566	1
6070	5355	1
1188	2653	1
5188	8647	1
12567	1135	1
5443	7535	1
8556	5612	1
10121	10413	1
4333	10374	1
3978	4149	1
2559	1996	1
7602	3258	1
10861	6724	1
12401	10230	1
9248	12495	1
6251	7847	1
4082	382	1
10389	9251	1
9117	10379	1
10379	9117	1
11905	5281	1
4939	7916	1
303	352	1
10230	10715	1
1108	4421	1
6447	4362	1
5481	3043	1
6930	11387	1
10756	7044	1
3154	3665	1
6243	8421	1
12568	6901	1
10121	2379	1
11719	10171	1
10769	10171	1
6300	3673	1
4149	3978	1
4574	6377	1
10276	6499	1
11818	11818	1
5282	8975	1
2353	2582	1
1199	3740	1
12569	1226	1
1229	4690	1
12132	12132	1
9716	2607	1
2216	2392	1
1199	7663	1
12559	12562	1
5690	5828	1
7673	2569	1
5086	5087	1
2607	9716	1
5301	5206	1
1226	12569	1
11168	12488	1
3479	6985	1
5970	10255	1
2559	2536	1
8210	7922	1
4689	5185	1
8950	9009	1
5360	1958	1
2454	3824	1
5175	5185	1
944	8204	1
6868	6867	1
5922	11201	1
5343	5342	1
5195	5196	1
2990	6265	1
5281	11905	1
2842	2596	1
11687	9180	1
5868	7553	1
6804	8290	1
6868	12509	1
7916	5133	1
6074	2876	1
10907	11563	1
11266	11266	1
7126	10715	1
944	2427	1
5087	5086	1
6867	6868	1
2559	601	1
12545	4881	1
8347	8568	1
1093	7162	1
11358	11544	1
11544	11358	1
12570	9609	1
3975	9165	1
2646	3041	1
10582	9735	1
3951	5230	1
10324	5966	1
9158	6921	1
12571	12503	1
10814	8903	1
1561	1188	1
944	2441	1
9698	12372	1
4763	4830	1
11875	11875	1
6145	5838	1
5452	6765	1
8492	4724	1
7967	7967	1
1058	355	1
6613	7082	1
12530	12517	1
150	5676	1
5411	7082	1
398	399	1
7082	5411	1
11840	7079	1
10121	6104	1
6506	9451	1
7179	7731	1
2653	1188	1
10230	12401	1
7731	7179	1
9556	5027	1
6120	677	1
5671	12572	1
10432	3079	1
478	10784	1
2203	8415	1
12500	4605	1
1509	4333	1
11135	9248	1
12495	9248	1
7469	9178	1
7465	8172	1
3835	943	1
5799	2558	1
5353	5234	1
12544	7868	1
10572	2652	1
7474	9705	1
9425	7796	1
3079	10432	1
573	526	1
705	1209	1
9962	10506	1
7868	12544	1
3186	5090	1
3041	2646	1
4288	1791	1
9470	6146	1
12498	7967	1
4141	8681	1
1243	1209	1
7967	12498	1
4638	4791	1
9517	7182	1
3152	7469	1
10488	6843	1
9178	7469	1
200	887	1
3840	8614	1
875	7204	1
10171	8614	1
677	4557	1
