9239	7469	1
12713	4481	1
5043	6361	1
5224	5223	1
4481	12713	1
11704	6034	1
1985	634	1
7238	5344	1
7469	9239	1
6034	6022	1
5723	5288	1
7209	5354	1
1142	16	1
12715	12715	1
3950	6319	1
2467	12650	1
612	611	1
4802	8031	1
3817	4027	1
9402	4029	1
5047	7332	1
1179	1408	1
2412	781	1
9644	5892	1
345	9193	1
1338	395	1
4057	2360	1
11010	4535	1
10695	4535	1
1224	5742	1
5366	12716	1
1828	10939	1
4437	8063	1
728	5532	1
6034	11704	1
5762	6677	1
5400	3828	1
4696	10634	1
2407	7033	1
1937	10408	1
4407	291	1
10569	12650	1
3068	996	1
7566	4073	1
2442	2183	1
4369	2183	1
12716	5366	1
1629	10769	1
11405	7182	1
10769	1629	1
9453	6119	1
3364	10630	1
3229	4184	1
9086	11884	1
12664	12650	1
6187	11884	1
3849	4485	1
4397	2576	1
1473	8724	1
8936	17	1
7141	5090	1
2576	4397	1
3089	3089	1
2019	186	1
2589	1091	1
6646	5090	1
5065	5693	1
7423	5090	1
5254	5254	1
5028	7672	1
12717	10563	1
6220	12154	1
4054	2446	1
9212	9211	1
3576	5822	1
3330	2244	1
7029	986	1
8262	4039	1
737	1081	1
10621	1031	1
1517	12517	1
1489	7804	1
10434	8588	1
21	788	1
3799	5203	1
10320	7141	1
6380	6234	1
1635	4181	1
7487	5932	1
12400	12400	1
4039	8262	1
10333	10518	1
7260	7853	1
788	21	1
1338	814	1
86	10466	1
4485	3849	1
5838	3849	1
5607	6120	1
12472	9980	1
9419	6790	1
2323	6790	1
5598	10285	1
6146	3754	1
2203	8415	1
3017	4116	1
1629	6424	1
12718	10455	1
6677	5762	1
10706	10938	1
9301	3020	1
4375	3020	1
423	3020	1
1232	3020	1
1547	3020	1
5087	1481	1
5411	3020	1
3088	3020	1
3895	3020	1
2585	3020	1
3316	3020	1
3068	3020	1
9930	3020	1
11077	3020	1
9356	3020	1
4580	3020	1
8940	3020	1
4893	20	1
3020	11077	1
4183	2260	1
5653	8069	1
35	12719	1
2276	2191	1
1504	1358	1
6126	8687	1
9105	8687	1
4055	8687	1
7570	8687	1
9239	5227	1
11455	3581	1
4184	3229	1
5400	1108	1
2784	8687	1
6328	8687	1
9070	9253	1
4025	2666	1
4679	6872	1
1229	1146	1
1358	1504	1
3308	3315	1
6840	3426	1
7508	7508	1
4418	11182	1
3170	3171	1
8894	10546	1
2604	6294	1
9959	10599	1
7487	7488	1
4589	6513	1
3407	3349	1
6905	3302	1
9152	8929	1
4801	8711	1
1407	10355	1
8398	7519	1
1926	12541	1
3562	7173	1
1617	4310	1
9761	485	1
6234	6380	1
7813	7866	1
12606	8533	1
4830	1008	1
2326	12230	1
8404	5229	1
4597	3826	1
4525	4390	1
6187	10338	1
10397	10397	1
867	6439	1
5715	5384	1
9957	7265	1
5100	10958	1
814	1338	1
3996	1338	1
3610	3585	1
2138	8776	1
4326	8844	1
6120	11984	1
8344	8344	1
3706	7294	1
5014	11353	1
9365	7813	1
4881	7555	1
11831	6243	1
7866	7813	1
8687	2167	1
6236	7495	1
11074	12274	1
2585	3088	1
5481	3043	1
753	1237	1
5678	1237	1
6729	7971	1
12582	12686	1
12541	1926	1
9668	11628	1
424	7746	1
4774	492	1
1338	2040	1
4511	13	1
3004	11419	1
92	4882	1
9193	345	1
12233	11077	1
573	526	1
5685	11984	1
2653	819	1
4054	2420	1
10916	1928	1
4241	10452	1
8172	10002	1
7071	7071	1
1099	10266	1
11724	5248	1
4049	11950	1
7502	4788	1
10831	6439	1
8763	7128	1
265	266	1
1514	1514	1
8711	4801	1
5670	5248	1
6155	6780	1
3475	9754	1
2091	2529	1
6282	12494	1
8844	4326	1
1054	1394	1
10266	1099	1
7469	8571	1
4796	4983	1
12720	11218	1
4380	1719	1
384	3811	1
9	2255	1
781	2412	1
4967	5502	1
5497	5498	1
3849	5496	1
12721	1939	1
7999	9877	1
5248	11724	1
12500	4605	1
930	3214	1
12517	1517	1
8306	9049	1
11467	1419	1
8398	11587	1
11587	8398	1
3833	6299	1
1031	10621	1
3020	4580	1
5773	5258	1
12340	1897	1
1132	4196	1
3817	3865	1
11565	5799	1
4983	4561	1
17	8936	1
1884	1237	1
9578	10374	1
5354	7209	1
10374	9578	1
9488	9234	1
5074	5074	1
12722	12722	1
151	152	1
3343	2894	1
1584	3190	1
4143	1897	1
6929	9456	1
2911	2085	1
9049	5013	1
692	3567	1
2276	71	1
6319	3950	1
5013	9049	1
10603	7143	1
3326	6963	1
2424	777	1
4535	11010	1
6294	2604	1
8063	5845	1
10338	6187	1
3181	10864	1
6270	1840	1
4054	3720	1
5683	3315	1
7741	5800	1
449	6722	1
6986	9550	1
2389	7975	1
4390	4525	1
10769	6187	1
7656	8029	1
4867	7929	1
6187	10769	1
9550	9550	1
447	3601	1
7853	515	1
5845	8063	1
3377	5628	1
7017	9248	1
6624	9798	1
5502	4967	1
7031	380	1
7260	515	1
3087	4913	1
10758	11406	1
11413	10379	1
9477	10736	1
10958	5100	1
5706	8707	1
9767	6120	1
3407	18	1
12599	12571	1
5474	6864	1
12239	2611	1
7665	1937	1
2137	5355	1
8640	453	1
10408	1937	1
10337	10885	1
3567	692	1
2297	2817	1
611	612	1
12636	12637	1
676	1305	1
6624	11372	1
2292	692	1
5227	9239	1
5	5922	1
6374	1266	1
9298	12723	1
12067	12068	1
9581	9067	1
12394	8415	1
7128	10343	1
6516	2265	1
1937	7665	1
12494	6282	1
4708	8031	1
2523	7216	1
4939	9248	1
186	2019	1
7972	7973	1
2276	70	1
12724	8336	1
12702	12373	1
12725	12725	1
2479	12373	1
753	2275	1
1132	10630	1
1280	1625	1
8338	8336	1
8336	8338	1
3297	145	1
543	2260	1
11657	10208	1
8687	7570	1
4238	4238	1
6807	6808	1
2873	4930	1
4289	2722	1
6872	4679	1
380	7031	1
9877	7999	1
7007	3989	1
6447	4362	1
3043	5481	1
2276	2673	1
12421	2360	1
7922	11598	1
10377	7708	1
8338	11598	1
11563	9001	1
3647	9605	1
10455	12718	1
8707	3170	1
1847	4523	1
5612	5801	1
1512	21	1
10736	9477	1
5281	5280	1
9480	4406	1
5388	5388	1
10530	12717	1
10820	2642	1
5409	1832	1
12726	12727	1
2417	2380	1
10464	7000	1
2915	4962	1
4626	12728	1
12728	4626	1
2427	4962	1
5296	4962	1
1835	4962	1
7068	4962	1
221	222	1
6508	10047	1
266	3350	1
5154	4888	1
11551	1910	1
8687	3437	1
9083	8195	1
4054	3437	1
878	3056	1
12197	8379	1
2973	5137	1
1305	676	1
6873	7253	1
4428	4427	1
7624	6783	1
1523	3056	1
10285	5598	1
4983	6329	1
11194	7624	1
6830	6830	1
5742	1224	1
8172	7359	1
12729	12729	1
1481	5087	1
10510	10510	1
2292	2611	1
6783	7624	1
7446	6100	1
8891	6213	1
5983	6139	1
4054	676	1
3079	9735	1
3056	1558	1
7291	6059	1
4288	3361	1
4176	4816	1
3260	6146	1
4666	7337	1
4852	9735	1
7442	7443	1
4830	7991	1
9735	3079	1
10343	7128	1
5632	5631	1
12006	11416	1
813	7158	1
11664	6668	1
12730	2927	1
23	3602	1
5537	11164	1
7886	7404	1
7337	4666	1
2183	2442	1
5400	5399	1
7654	8235	1
10466	86	1
425	1126	1
12230	2326	1
4173	3335	1
10374	3453	1
5089	10411	1
1928	10916	1
6165	6034	1
12731	12263	1
12728	3851	1
8049	10347	1
5026	5027	1
5509	10347	1
4830	4763	1
11487	11160	1
5364	5364	1
8165	12678	1
2085	2911	1
4334	1238	1
1897	4143	1
7971	6729	1
1030	1089	1
3549	185	1
1231	9409	1
7624	11194	1
12732	11909	1
12263	12731	1
9725	1664	1
3512	4034	1
1022	6161	1
3356	1664	1
243	6161	1
1707	2031	1
6146	3260	1
344	2562	1
1237	5678	1
10325	6786	1
12733	11343	1
2722	4289	1
6988	8217	1
1420	5717	1
1971	2441	1
5202	5625	1
10347	8049	1
3585	3610	1
11565	11445	1
10347	6218	1
9002	4578	1
8049	6218	1
6218	8049	1
4566	3610	1
3190	3651	1
1535	2316	1
453	8640	1
6218	9009	1
5414	4789	1
6104	6059	1
3811	384	1
2608	1246	1
11058	9356	1
185	3549	1
3950	4409	1
10347	5509	1
9381	4691	1
10778	11135	1
2316	1535	1
2798	2426	1
2848	8533	1
10379	11413	1
9248	4939	1
2276	1215	1
6120	5607	1
9234	9488	1
7000	10464	1
6303	11051	1
1434	2426	1
10411	5089	1
5568	7944	1
4888	5154	1
6752	11110	1
7792	861	1
6218	10347	1
7761	5519	1
5859	4049	1
11121	5234	1
8691	8917	1
6007	6008	1
6008	6007	1
4556	4654	1
3109	5374	1
12690	12439	1
4816	4176	1
6321	10576	1
3407	3418	1
2389	3125	1
12174	10754	1
3181	705	1
4173	705	1
1664	760	1
996	3068	1
2381	5086	1
190	65	1
4691	9381	1
9009	8950	1
8950	9009	1
4830	4485	1
1209	705	1
4049	5859	1
12734	11817	1
4409	3950	1
5087	5086	1
12219	7066	1
9670	10336	1
10633	4114	1
6604	10336	1
2264	4209	1
5027	5026	1
12595	10347	1
3397	2718	1
12367	12692	1
4384	12576	1
6234	5560	1
5234	5027	1
7128	8763	1
705	1209	1
905	4735	1
4366	12561	1
12719	35	1
5027	5234	1
16	1142	1
11258	10920	1
12735	6371	1
11164	5537	1
12736	6911	1
5459	4883	1
3181	3182	1
9966	10319	1
3839	4558	1
8404	4883	1
4164	1638	1
2911	7481	1
6932	4270	1
4270	6932	1
1793	1142	1
2881	2260	1
3089	9689	1
8830	2911	1
5598	5941	1
2642	10820	1
5489	10195	1
9554	12737	1
2911	8830	1
3479	11387	1
4830	4930	1
3181	4930	1
4522	2902	1
1305	2298	1
10116	2704	1
3349	3407	1
4312	2145	1
6781	9876	1
11387	3479	1
4981	5882	1
1109	3148	1
2894	3343	1
5710	5622	1
6220	9731	1
9587	8545	1
3418	3407	1
6189	6113	1
5932	7487	1
10116	2705	1
4423	11061	1
709	10615	1
6374	936	1
3479	6985	1
3824	2454	1
2260	2881	1
5203	3799	1
5280	5281	1
2871	6089	1
8965	8894	1
920	1005	1
4836	4950	1
8533	8614	1
3651	3190	1
1394	7423	1
1832	5409	1
9365	7423	1
146	139	1
3850	4333	1
4667	9452	1
937	936	1
8261	7262	1
7940	7262	1
936	937	1
12602	12602	1
11608	9009	1
5221	7519	1
7595	7592	1
12373	2479	1
936	936	1
1638	4164	1
11598	8338	1
12496	10164	1
2298	1305	1
821	5659	1
10180	6113	1
7495	6236	1
2049	2101	1
9924	12589	1
7423	1394	1
922	1188	1
2399	5750	1
5750	2399	1
9605	5948	1
4384	8452	1
5541	3293	1
692	6619	1
9211	9212	1
3361	4288	1
12738	12738	1
10788	1565	1
5659	821	1
12736	5482	1
5258	5773	1
4384	4956	1
1311	1740	1
5482	12736	1
12739	7008	1
944	3017	1
6845	6485	1
8235	7654	1
8452	4384	1
1499	889	1
2417	1523	1
3315	3308	1
10200	2902	1
10634	8876	1
2049	2836	1
853	4243	1
3568	4989	1
3923	8452	1
9237	3358	1
1029	6758	1
6241	6059	1
4956	4384	1
12576	4384	1
6866	6866	1
3214	930	1
7708	10377	1
2420	1009	1
9009	11608	1
10826	9084	1
9435	4720	1
5356	6729	1
3528	4183	1
936	1266	1
7088	11849	1
5801	5612	1
12671	5902	1
1791	926	1
305	2371	1
12740	12740	1
6619	692	1
10167	10502	1
2390	5691	1
12741	12396	1
4830	5783	1
11048	11187	1
371	5905	1
5564	7884	1
8402	7884	1
2984	677	1
8699	5520	1
4830	5430	1
6120	3240	1
8876	10634	1
4800	2910	1
5558	9300	1
7866	3240	1
3437	8687	1
5055	3048	1
1151	4183	1
2186	3796	1
3347	3240	1
