2976	1766	1
6282	12568	1
12772	2611	1
1059	5774	1
4812	4910	1
2611	12772	1
11561	11562	1
1060	2734	1
4832	4910	1
8068	2041	1
4248	3723	1
3725	71	1
8404	1567	1
2646	4248	1
8533	8614	1
3368	484	1
4248	3948	1
12940	6465	1
5402	8899	1
6465	12940	1
1064	8614	1
8899	5402	1
5332	5402	1
9009	10179	1
4257	6119	1
2041	8068	1
10506	4114	1
12254	7779	1
12546	5402	1
585	7154	1
4910	4812	1
4610	3426	1
3004	5577	1
8150	7258	1
4444	6637	1
5047	2959	1
9239	12886	1
5382	2483	1
2652	7665	1
4468	5895	1
2588	7375	1
6441	5206	1
7796	7543	1
6321	12606	1
3210	3218	1
12816	7501	1
7501	12816	1
7407	5240	1
9876	11957	1
8391	9939	1
6068	5700	1
11031	10478	1
11514	10478	1
9442	6539	1
6228	7204	1
2588	9389	1
9966	10478	1
12191	1917	1
2611	2441	1
3994	4167	1
9442	8421	1
5059	8421	1
425	2645	1
12941	12941	1
5426	9072	1
1406	6265	1
7172	1620	1
12509	6868	1
12173	2017	1
7570	9720	1
5174	5047	1
6127	885	1
5047	5174	1
1509	718	1
12397	7228	1
7375	2588	1
7824	954	1
7554	1437	1
5798	6457	1
760	8233	1
9041	7228	1
760	2712	1
1958	2255	1
1132	4196	1
760	2140	1
7228	12397	1
9488	2106	1
4370	708	1
6809	6913	1
387	1184	1
3422	3994	1
760	1946	1
328	3994	1
8598	3994	1
2228	7543	1
755	2126	1
2675	8707	1
7893	9391	1
4888	12917	1
5423	7402	1
7304	9119	1
11074	8214	1
5613	12861	1
7654	12861	1
4469	3010	1
11552	11128	1
3878	8950	1
12942	12942	1
5087	5086	1
8681	4141	1
10663	2941	1
3125	3487	1
7644	3005	1
7273	9100	1
4334	344	1
3994	8598	1
5366	12779	1
6119	4257	1
12886	9239	1
7624	5979	1
475	6320	1
6120	7543	1
6118	5869	1
9138	9133	1
7318	7319	1
2076	1611	1
5419	4100	1
1567	8404	1
9041	3077	1
10442	9013	1
5700	6068	1
1423	868	1
4241	7450	1
8092	4144	1
564	4457	1
563	4457	1
5516	11275	1
10028	12580	1
1126	3816	1
8001	4145	1
2847	4796	1
8031	9727	1
12530	12517	1
12517	12530	1
9973	10043	1
4470	2260	1
12789	12789	1
9167	12789	1
3994	328	1
12789	9167	1
3245	5582	1
3480	11771	1
2316	4095	1
35	12719	1
760	1499	1
2585	6424	1
9769	6989	1
6960	6960	1
4100	5419	1
547	6183	1
1257	2616	1
12943	12264	1
760	2167	1
6245	5355	1
1713	1712	1
1257	7932	1
4438	12373	1
1603	9592	1
9119	7304	1
760	9592	1
986	7029	1
4977	5511	1
10810	12932	1
10907	10907	1
10043	9973	1
7258	8150	1
5221	681	1
10179	9069	1
7644	9207	1
12660	4087	1
1707	7480	1
11767	5981	1
2973	7292	1
12944	12944	1
6015	12945	1
9365	515	1
12484	5173	1
12946	12258	1
700	342	1
5059	6251	1
273	384	1
12800	2966	1
1257	3475	1
534	9334	1
535	9334	1
1120	294	1
4687	2235	1
8947	8946	1
12947	6963	1
12918	2275	1
3383	1126	1
5628	294	1
3816	1126	1
10758	4555	1
11485	6898	1
11416	12520	1
12948	2275	1
390	391	1
4689	4084	1
12488	5839	1
8950	3878	1
760	1835	1
8903	10611	1
7020	9342	1
9594	6790	1
294	5628	1
12907	154	1
3286	3286	1
488	1585	1
1358	1504	1
5059	5717	1
12732	11909	1
488	3979	1
5419	5537	1
10179	9009	1
5525	5525	1
4136	10356	1
342	246	1
668	668	1
8533	4758	1
760	4563	1
760	2488	1
7228	9041	1
6898	11485	1
12173	4084	1
5173	12484	1
12924	11603	1
9727	8031	1
294	1120	1
5943	4948	1
1199	3740	1
1631	3851	1
5054	4829	1
4126	3769	1
12791	12484	1
4330	3740	1
811	1490	1
1406	11762	1
4165	9846	1
1608	9018	1
4167	3994	1
12484	12791	1
12258	12946	1
9277	12949	1
3190	5363	1
10368	6783	1
9789	5170	1
1504	1358	1
7644	5503	1
10885	10337	1
906	11324	1
6714	12259	1
10356	4136	1
12950	12950	1
4247	4017	1
12397	12773	1
2179	4372	1
6174	4857	1
1257	4083	1
12950	12951	1
7318	4857	1
382	383	1
1900	4386	1
8404	5511	1
1532	1650	1
5059	5673	1
12520	11416	1
760	8509	1
12952	10437	1
12951	12950	1
9833	8509	1
1594	8509	1
4657	4885	1
11166	1650	1
6107	4021	1
9391	12496	1
5511	4977	1
8619	10738	1
9198	9178	1
1257	2136	1
1599	6213	1
6213	1599	1
12664	12650	1
705	1269	1
7402	5423	1
4433	4432	1
3623	3307	1
5086	5087	1
11603	12924	1
12911	691	1
9178	9198	1
9084	10742	1
5356	1483	1
7450	1483	1
3391	3177	1
760	1858	1
4025	9846	1
1606	154	1
12953	12271	1
1594	2735	1
1257	2735	1
1832	5409	1
12924	12008	1
6030	5301	1
2990	7082	1
11817	12896	1
760	11737	1
5537	11164	1
5813	1163	1
5059	6243	1
751	8592	1
7223	1163	1
3447	4233	1
2480	1163	1
1905	10756	1
4384	8452	1
6174	1108	1
897	3567	1
7969	3337	1
1163	2914	1
2245	11628	1
1929	10756	1
1828	11664	1
2228	2228	1
3262	1108	1
3344	12107	1
7739	8336	1
11397	5892	1
1290	2745	1
6686	6321	1
9442	6321	1
7864	7345	1
8336	7739	1
12954	12955	1
2870	1855	1
10639	9773	1
7922	7345	1
5059	5706	1
3190	8676	1
12606	6321	1
3979	488	1
12861	8451	1
11767	8676	1
875	8451	1
2894	3487	1
8018	9431	1
11767	10250	1
3520	4563	1
3820	6765	1
11387	8903	1
12894	12357	1
5206	6441	1
7143	11164	1
9731	6220	1
11164	7143	1
12413	11164	1
10051	10561	1
11479	8339	1
439	4888	1
7602	2912	1
760	996	1
760	835	1
1406	996	1
5065	6700	1
5059	9472	1
8707	7308	1
12908	3849	1
3567	897	1
760	6855	1
1022	1692	1
3014	3015	1
5869	8421	1
12908	4666	1
6783	10368	1
7644	7560	1
12107	3344	1
4666	12908	1
3849	12908	1
3136	788	1
8368	788	1
5511	8404	1
9252	9342	1
10761	2909	1
10634	6615	1
8254	966	1
1120	5628	1
5970	11675	1
1257	5008	1
189	196	1
1257	10545	1
1257	3016	1
7012	3160	1
5281	8404	1
9773	10639	1
427	7560	1
3497	1281	1
7858	6107	1
196	189	1
12934	12934	1
189	705	1
8160	6059	1
760	1779	1
705	189	1
5979	7624	1
10188	8162	1
8452	4384	1
5075	7624	1
897	897	1
1269	705	1
4664	4133	1
11556	7624	1
9442	9472	1
8374	2315	1
9863	4101	1
5335	385	1
7610	7611	1
3938	6998	1
8129	9861	1
5600	3185	1
12541	2496	1
1900	8975	1
786	1079	1
8975	1900	1
1746	262	1
760	1249	1
1176	10340	1
1707	1249	1
11807	7764	1
11010	4535	1
760	12200	1
11762	4535	1
12071	5615	1
10674	11003	1
12827	12827	1
12956	12956	1
12957	12957	1
12373	12373	1
8051	7053	1
4405	6525	1
12111	10561	1
9876	11704	1
7040	6139	1
7082	5047	1
5059	9032	1
1257	5136	1
5047	7082	1
4198	4814	1
12773	12397	1
271	375	1
897	3017	1
5533	304	1
4596	242	1
12958	4585	1
8162	9065	1
11713	11713	1
760	2420	1
1594	2420	1
12953	6151	1
867	6439	1
9742	8366	1
8517	4219	1
6936	4219	1
9833	7484	1
8488	12308	1
760	2245	1
668	9917	1
5234	10464	1
10464	5234	1
12881	12882	1
1290	71	1
5778	9311	1
12755	12373	1
6997	9523	1
1712	1713	1
2479	2479	1
428	1175	1
1504	858	1
4092	10363	1
2288	3772	1
7236	8195	1
488	1514	1
12959	12959	1
273	3297	1
1491	1135	1
5904	5374	1
11767	6781	1
6649	6146	1
7154	585	1
12010	515	1
9994	12803	1
6174	7095	1
4250	5267	1
11664	1828	1
7597	7032	1
12173	2415	1
431	10802	1
760	10337	1
8257	12803	1
4113	5482	1
1406	10337	1
3743	5791	1
5791	3743	1
7082	6793	1
8430	9600	1
1229	3723	1
5402	12546	1
1740	11405	1
9065	8162	1
163	34	1
9314	4730	1
1126	3383	1
9356	2137	1
8092	11405	1
273	3471	1
9009	8153	1
11874	11873	1
5059	11043	1
1432	2084	1
6851	6364	1
8152	8153	1
1257	3136	1
11479	9551	1
488	2321	1
8903	11387	1
2446	425	1
7197	11387	1
5870	5085	1
27	5	1
6364	6851	1
11873	11874	1
2435	3383	1
8582	9085	1
1022	1869	1
8153	8152	1
2883	1081	1
2422	10699	1
8555	10715	1
5952	10699	1
8575	8750	1
8261	7262	1
1996	12933	1
342	7009	1
4280	3383	1
5970	623	1
1257	1935	1
1051	3383	1
425	2446	1
4959	3383	1
4535	11010	1
4293	12108	1
7718	8014	1
760	1426	1
7450	4241	1
1837	2712	1
7143	3756	1
1499	2810	1
1406	6126	1
6034	6022	1
9249	9249	1
760	10811	1
12726	12727	1
4025	2666	1
9442	6120	1
7624	5075	1
6146	6649	1
9456	10123	1
980	1971	1
10067	8404	1
8141	4755	1
4983	4763	1
6120	8404	1
10123	4294	1
12469	6022	1
8076	6742	1
4390	4525	1
375	271	1
4294	10123	1
7469	9709	1
10699	5952	1
8153	9009	1
6868	5793	1
10337	10885	1
9391	12960	1
3185	5600	1
3827	6594	1
1199	7210	1
7813	6354	1
4294	7761	1
4032	5786	1
7143	4447	1
2004	12922	1
5059	8646	1
8889	12922	1
2454	3824	1
9253	9070	1
897	2441	1
12937	12124	1
9964	3432	1
3796	3081	1
3190	5742	1
745	5419	1
11767	4720	1
10232	3125	1
9251	10389	1
2115	2116	1
342	150	1
12108	4293	1
12271	12953	1
7761	4294	1
5893	2284	1
3450	2284	1
9719	4632	1
12961	12961	1
760	2141	1
1406	2141	1
4144	8092	1
828	3274	1
10611	6507	1
5885	5119	1
9051	9051	1
3014	2537	1
7053	8051	1
4447	7143	1
3756	7143	1
11851	5119	1
6354	7813	1
9575	2776	1
12805	12606	1
5870	9612	1
1707	7763	1
10266	1099	1
4034	3512	1
10637	11435	1
6321	10576	1
4910	4832	1
5301	6030	1
12962	12962	1
2666	4025	1
6066	11201	1
1257	9389	1
5059	9389	1
4247	2999	1
5840	3561	1
9480	7772	1
4977	4977	1
6513	4589	1
612	1538	1
12896	11817	1
4183	5428	1
691	12911	1
5059	5830	1
760	6265	1
3440	6783	1
6174	4569	1
760	3860	1
12568	6282	1
460	7592	1
6965	6964	1
1257	10626	1
6220	9731	1
7318	8331	1
1791	4346	1
4730	9314	1
7813	3186	1
1406	1294	1
7345	4439	1
1611	2076	1
12024	12870	1
705	1209	1
12963	12964	1
5804	6983	1
12870	12024	1
8555	6056	1
2389	4658	1
4300	6122	1
1108	3262	1
12908	5942	1
6915	4785	1
11700	12535	1
6122	4300	1
2239	9056	1
8467	6237	1
10567	12377	1
2348	2349	1
1707	2230	1
10320	7141	1
5973	5973	1
2865	998	1
3190	3651	1
5474	5490	1
12961	10174	1
11003	10674	1
488	2499	1
11128	11128	1
488	2749	1
3017	897	1
6989	9769	1
7303	5567	1
760	11537	1
12277	10025	1
10404	5227	1
3234	7810	1
9488	3297	1
1629	5227	1
920	5203	1
7644	563	1
6251	6120	1
1594	1263	1
1407	10355	1
2754	8293	1
10620	5892	1
12965	8888	1
7639	7639	1
9155	4814	1
12491	5385	1
5227	7130	1
9742	329	1
5059	10139	1
7810	3234	1
9833	11009	1
814	15	1
7032	7597	1
1594	4281	1
1951	7471	1
1508	2544	1
11759	11984	1
9274	9263	1
4409	5217	1
385	5335	1
11479	12500	1
3777	1218	1
10636	10153	1
11734	9005	1
2234	696	1
696	2234	1
1420	3784	1
6364	9826	1
6187	8929	1
5217	4409	1
9917	668	1
2106	9488	1
3297	9488	1
5054	12870	1
8555	7126	1
15	814	1
12373	3089	1
7631	11984	1
8935	12383	1
271	272	1
8589	8575	1
5224	12668	1
8750	8575	1
2116	2115	1
12949	9277	1
2890	1096	1
3190	1583	1
12488	6627	1
1106	8032	1
8756	10012	1
3689	2086	1
9735	10582	1
2544	1508	1
5490	5474	1
5059	3310	1
6458	1005	1
6120	11732	1
10802	431	1
5009	7862	1
383	382	1
4244	2915	1
3262	6524	1
760	10398	1
12010	4063	1
11732	6120	1
12383	8935	1
5419	745	1
8404	6120	1
1664	4234	1
8331	7318	1
390	2576	1
1338	814	1
2315	4234	1
5059	6845	1
2209	2210	1
2446	4234	1
3337	7969	1
435	3017	1
5386	4234	1
7644	564	1
3950	4409	1
4260	4234	1
2883	897	1
7514	8891	1
4662	3828	1
821	5777	1
6524	3262	1
8644	8891	1
4753	3214	1
4597	3826	1
7318	9852	1
7143	10603	1
2102	10273	1
6320	11269	1
1257	2717	1
10708	10708	1
10603	7143	1
3769	4126	1
3009	717	1
5506	11382	1
2426	1434	1
10320	1485	1
3479	1607	1
12966	6905	1
2031	11382	1
8903	6934	1
11387	6934	1
12870	8247	1
7993	5874	1
10699	2422	1
3056	878	1
12842	2228	1
760	8968	1
518	1612	1
3214	4753	1
7862	5009	1
1406	8968	1
7318	5043	1
7179	7731	1
5043	7318	1
10363	4092	1
7318	7780	1
5316	2142	1
7780	7318	1
1926	4498	1
7731	7179	1
12320	12320	1
6183	547	1
10582	9735	1
9058	4751	1
7151	7780	1
8247	12870	1
11479	3137	1
953	6848	1
4165	3418	1
11479	9022	1
9104	8194	1
9742	6286	1
6251	1305	1
2137	3020	1
7355	4823	1
12345	12345	1
10524	1367	1
2725	5774	1
7864	277	1
6119	2364	1
7673	4001	1
9248	4334	1
