993	2616	1
9516	5113	1
7907	6309	1
7484	9576	1
8670	12744	1
7082	2990	1
6187	8929	1
8929	6187	1
12905	3574	1
3109	5374	1
7141	10320	1
2985	11144	1
10615	3606	1
4579	2735	1
11479	3137	1
12906	12906	1
7731	7179	1
10639	5314	1
3878	3819	1
2873	6354	1
8936	17	1
31	32	1
3826	4597	1
4579	3391	1
9876	11704	1
1631	1214	1
9797	8975	1
5678	10938	1
12006	3458	1
3742	3742	1
12881	12882	1
2665	4812	1
11732	6120	1
426	23	1
7450	10615	1
5386	5934	1
4234	1664	1
7558	12308	1
9404	8772	1
10877	12481	1
677	6120	1
5334	5908	1
8177	6039	1
7267	953	1
2102	10273	1
6316	7334	1
5054	4829	1
1917	1917	1
6184	7088	1
6316	4084	1
11988	11128	1
3753	11048	1
2646	7857	1
12907	12907	1
8936	8936	1
6251	6243	1
4248	2381	1
12439	2645	1
5423	7402	1
2381	4248	1
1185	2718	1
9797	5444	1
7643	5892	1
869	1119	1
10273	2102	1
2870	1094	1
12908	5942	1
9797	8976	1
5942	12908	1
2707	2707	1
7088	6184	1
9404	6424	1
7444	2083	1
8533	9404	1
8772	9404	1
788	9404	1
5440	8377	1
7345	7922	1
6119	2364	1
4384	8452	1
4696	6577	1
6034	6022	1
3333	4555	1
2623	1835	1
10758	4555	1
5281	6344	1
12908	5859	1
10814	8903	1
3426	1935	1
7235	4555	1
11387	8903	1
7352	3330	1
9518	8616	1
5859	12908	1
10561	12111	1
952	4340	1
9759	5700	1
7304	9119	1
3287	12816	1
2616	10626	1
6783	5951	1
5366	12779	1
1710	1710	1
7258	5096	1
12816	3287	1
705	7022	1
1933	1266	1
9404	788	1
6068	5700	1
4022	7292	1
9939	8391	1
12909	12909	1
1099	6424	1
4457	4485	1
2935	2874	1
5533	304	1
2874	2935	1
788	1282	1
1029	6758	1
3994	8598	1
2911	12580	1
7796	7543	1
12527	10015	1
760	889	1
12481	12481	1
1126	3816	1
7813	7866	1
788	1441	1
5463	6113	1
12910	12910	1
5582	3245	1
4250	5993	1
543	2260	1
3718	12719	1
4470	2260	1
755	2126	1
5461	4388	1
5823	8166	1
8160	4727	1
4597	3826	1
9413	1321	1
4914	5733	1
524	7660	1
4727	4727	1
691	12911	1
12912	12264	1
4409	3950	1
4457	2725	1
159	2712	1
12755	12373	1
12755	10902	1
979	5314	1
1632	2602	1
3725	3427	1
9797	5365	1
12173	7444	1
12912	12263	1
12913	9754	1
1394	1394	1
3615	3217	1
2198	7082	1
12885	1348	1
12263	12264	1
3089	12373	1
7813	9365	1
3186	9365	1
5217	3070	1
12373	3089	1
1348	12885	1
9138	9133	1
295	107	1
2011	10380	1
12914	12914	1
6122	4300	1
4640	3463	1
9251	10389	1
12915	2269	1
12422	12217	1
4244	2652	1
9017	3517	1
7031	5800	1
186	2634	1
1631	3851	1
3353	8959	1
8959	3353	1
6729	11297	1
2435	1858	1
2578	8852	1
9345	9109	1
5951	6783	1
2558	8784	1
12260	8235	1
7117	9402	1
4640	3182	1
1099	1935	1
2077	45	1
4696	2084	1
3330	7813	1
12861	5613	1
4175	2813	1
7866	7813	1
5753	5531	1
10266	3217	1
9009	8153	1
2138	8776	1
243	1397	1
4578	10933	1
7519	1488	1
1935	1099	1
9095	10387	1
12668	5223	1
4059	12466	1
1608	12482	1
2462	2655	1
12030	12030	1
3642	1997	1
4836	10420	1
2623	3384	1
568	3286	1
11201	6066	1
9807	9695	1
418	1806	1
2585	1099	1
3725	2453	1
9797	10896	1
9017	3520	1
259	1997	1
3576	5822	1
4210	4931	1
12519	2356	1
4577	5187	1
4248	3948	1
5219	6017	1
4485	4457	1
9365	3186	1
2725	4457	1
2462	3967	1
10319	9966	1
7078	7079	1
4457	5972	1
5972	4457	1
6957	11072	1
3725	385	1
1064	9409	1
31	219	1
10015	12527	1
9070	9253	1
6580	4634	1
1060	2734	1
3170	2734	1
1935	3426	1
10611	8903	1
6562	6713	1
12916	10756	1
2734	3170	1
9797	7345	1
3996	2135	1
3615	4634	1
325	326	1
4888	12917	1
9917	9267	1
4445	4724	1
8776	2138	1
9797	5888	1
5700	6068	1
1635	8889	1
11502	1612	1
5269	4521	1
426	579	1
2700	7740	1
3177	6309	1
11451	9997	1
11963	8889	1
3994	328	1
3950	4409	1
352	6030	1
1059	4383	1
1432	2084	1
8247	1912	1
4664	6783	1
4595	4596	1
564	12815	1
12472	12785	1
5	27	1
2462	8452	1
412	3729	1
2096	12815	1
7228	12397	1
6840	3426	1
5254	5254	1
10337	10885	1
5952	5461	1
9404	11521	1
9463	2950	1
4388	5461	1
6233	10003	1
859	3183	1
10415	5027	1
10778	5027	1
11959	11960	1
1594	889	1
3437	8687	1
2289	1504	1
5461	5952	1
3475	6755	1
4476	2087	1
2462	3016	1
705	2134	1
3017	3567	1
6039	8177	1
788	1612	1
3719	5356	1
7154	585	1
271	6899	1
11704	9876	1
10666	4981	1
2623	6657	1
9234	4649	1
1053	1052	1
4457	564	1
12377	10567	1
9695	9807	1
1632	1149	1
1064	7163	1
1523	1338	1
10568	10567	1
814	1338	1
2135	1338	1
4077	5187	1
8889	4591	1
6034	5430	1
1103	531	1
3183	859	1
5027	10415	1
1052	1053	1
6309	3177	1
3741	9722	1
9119	7304	1
4498	1926	1
4504	4198	1
4145	8001	1
5353	10415	1
1209	1243	1
7788	10272	1
4948	5514	1
4457	4119	1
12918	2275	1
11003	10674	1
906	2371	1
9051	10360	1
9402	7117	1
12482	12919	1
366	2578	1
705	1243	1
4596	4595	1
8214	4007	1
5296	1517	1
1441	788	1
8891	8644	1
1282	788	1
7570	11057	1
855	670	1
6789	11057	1
6316	6784	1
11130	11057	1
3787	10685	1
5221	681	1
12719	35	1
6562	10685	1
11164	5096	1
585	7154	1
2084	1432	1
4551	5187	1
6332	6571	1
7293	9336	1
12496	12496	1
7022	1243	1
8153	9009	1
6027	1243	1
23	426	1
2435	2492	1
788	2492	1
2623	2492	1
1397	243	1
8031	4555	1
216	2797	1
12920	11731	1
7469	8571	1
5710	4668	1
12800	2966	1
760	4116	1
1236	625	1
4751	9058	1
5323	5323	1
1504	1358	1
12867	10100	1
11364	10437	1
10561	10753	1
7614	12533	1
7163	1064	1
8975	10319	1
5022	12212	1
6758	1029	1
2484	6185	1
10674	11003	1
12383	1295	1
4386	1900	1
1666	3723	1
9709	7469	1
7258	8150	1
788	1378	1
8975	1900	1
4812	4910	1
8735	11245	1
12553	11245	1
10473	4555	1
6899	271	1
5828	5690	1
3713	819	1
4198	4504	1
10611	6507	1
2462	1428	1
4220	4221	1
1855	2870	1
5700	9759	1
8903	11387	1
4244	5218	1
2909	10761	1
12160	12921	1
4485	5877	1
12159	12921	1
12466	4059	1
1099	2585	1
10685	6562	1
10761	2909	1
5481	7543	1
1338	814	1
7484	12620	1
6364	9826	1
3982	1891	1
4640	6843	1
7883	9826	1
8428	9826	1
4457	563	1
7020	9342	1
150	342	1
9133	9138	1
4640	2804	1
8903	10814	1
10344	3615	1
4375	11751	1
8565	9119	1
9797	4666	1
7311	8476	1
5170	6296	1
8001	8002	1
12785	12472	1
8002	8001	1
3240	3886	1
11751	5047	1
3642	3518	1
768	1347	1
3567	3017	1
3286	3123	1
1250	12438	1
1439	5355	1
4215	816	1
5428	4183	1
524	816	1
538	2993	1
7660	816	1
222	190	1
4640	190	1
1358	1504	1
70	190	1
11751	4375	1
2316	3851	1
12533	7614	1
5360	7746	1
11031	12496	1
5356	3719	1
3816	1126	1
5027	10778	1
11057	7570	1
2734	1060	1
11727	8654	1
1338	2135	1
9894	12496	1
5402	5332	1
6521	12886	1
2209	6438	1
12219	7066	1
7066	12219	1
8950	3878	1
2462	2461	1
392	12107	1
6915	4344	1
2462	1203	1
11324	906	1
7813	3330	1
10320	1485	1
2004	12922	1
1532	8864	1
5516	11275	1
2435	1126	1
2623	1126	1
9773	10639	1
3539	8864	1
4829	5054	1
1434	2426	1
3400	3931	1
5130	5130	1
1347	768	1
508	5350	1
7197	11387	1
1632	12751	1
3323	5948	1
4692	9031	1
7969	3337	1
7413	5096	1
6247	8668	1
2462	2420	1
897	4211	1
5804	7114	1
6441	5206	1
4100	5419	1
12923	2324	1
11459	12924	1
5047	11751	1
4910	4812	1
1509	4333	1
9431	12924	1
4141	8681	1
940	3810	1
1980	12177	1
10420	4836	1
1243	705	1
6441	10537	1
2435	1110	1
9797	12599	1
1971	980	1
2289	9391	1
10699	2422	1
6343	9144	1
1175	428	1
11387	7197	1
4248	3723	1
6577	12925	1
5847	11579	1
8533	8614	1
12484	5173	1
4758	8533	1
1072	2019	1
5537	11164	1
9404	8024	1
4344	6915	1
7259	4170	1
5059	9032	1
12926	12926	1
9069	10179	1
4640	6564	1
9391	2289	1
12927	12927	1
9923	5657	1
4640	1089	1
4445	3546	1
7438	5657	1
9119	8565	1
8031	9727	1
7423	5657	1
8895	8895	1
1005	6458	1
1667	2496	1
7829	889	1
7114	5804	1
11628	889	1
7402	5423	1
8024	9404	1
5203	2113	1
12154	5657	1
7029	986	1
3722	3232	1
5047	7082	1
11502	12886	1
8150	7258	1
5497	5498	1
9964	3432	1
7082	5047	1
9759	10165	1
1535	3851	1
12861	7654	1
760	1034	1
1103	8837	1
428	1175	1
9736	11007	1
4910	4832	1
7179	7731	1
5172	5172	1
11364	12871	1
2435	3383	1
11031	6165	1
4469	3010	1
6097	7779	1
1305	6251	1
6165	11031	1
1469	3723	1
3337	7969	1
1380	996	1
9031	4692	1
7071	8671	1
4903	3432	1
2462	5697	1
1062	5774	1
4640	1058	1
953	1366	1
12928	6135	1
10685	3787	1
6316	7535	1
3177	8184	1
3383	6103	1
7779	6097	1
3242	9085	1
425	2645	1
540	6113	1
370	9580	1
5206	6441	1
8582	9085	1
10537	6441	1
10907	4980	1
2966	12800	1
11058	3016	1
12441	12543	1
11275	5516	1
2941	10663	1
5074	7815	1
2623	2427	1
5374	3109	1
4774	10944	1
11483	11484	1
8977	7311	1
12929	12929	1
10360	9051	1
12896	11817	1
3881	7854	1
8184	3177	1
5301	6030	1
9051	12930	1
944	889	1
3725	164	1
10272	7788	1
1047	4605	1
2611	889	1
1243	7022	1
3826	4605	1
5119	5885	1
113	131	1
1096	10531	1
9727	8031	1
8671	7071	1
10188	8162	1
5910	5187	1
12931	11751	1
11751	12931	1
12383	8935	1
11451	9279	1
12177	1980	1
7922	7345	1
7761	8488	1
8488	7761	1
10810	12932	1
10389	9251	1
9391	7893	1
412	533	1
190	70	1
1996	12933	1
12934	11884	1
1781	4199	1
4257	6119	1
3177	3177	1
1488	7519	1
6316	11031	1
12008	12924	1
2435	4811	1
8165	7764	1
9861	8129	1
10473	2484	1
6184	6171	1
5710	2484	1
12935	12644	1
5411	2484	1
10363	4092	1
5783	2484	1
6815	12542	1
5993	2484	1
5952	10699	1
6321	6686	1
8512	8320	1
11201	5922	1
11164	5537	1
1135	1491	1
7764	8165	1
2255	1958	1
1243	1209	1
3182	3181	1
4979	1926	1
4077	7932	1
8171	816	1
10634	6615	1
9887	5892	1
21	21	1
10626	2616	1
2652	1034	1
6901	12568	1
788	8368	1
8037	9327	1
12936	12100	1
9826	6364	1
6932	6210	1
6210	6932	1
4574	5376	1
9122	5316	1
5600	3185	1
12932	10810	1
700	699	1
12937	11957	1
4796	2847	1
10699	5952	1
4640	5982	1
5382	2483	1
2623	676	1
12800	8312	1
4439	7345	1
3177	3391	1
12938	10753	1
5657	7423	1
12481	7423	1
806	9798	1
1394	7423	1
11459	5227	1
2721	3166	1
4457	3594	1
10753	10561	1
8214	11074	1
6433	5047	1
8889	1635	1
4535	11010	1
1930	5766	1
1926	4498	1
3185	5600	1
5693	4883	1
788	3136	1
9109	9345	1
5443	7535	1
2345	154	1
5513	6181	1
10415	5353	1
7829	1674	1
7311	8977	1
10663	2941	1
12919	12482	1
7032	7597	1
10100	12867	1
2462	4956	1
5537	5419	1
10907	4956	1
7611	7610	1
6119	4257	1
5047	3450	1
4640	8017	1
5099	605	1
3450	5047	1
1060	3587	1
4244	2163	1
8162	10188	1
2435	2163	1
8312	12800	1
9400	10755	1
2483	5382	1
1611	2076	1
9797	6120	1
7345	6039	1
262	1746	1
3391	3177	1
4248	2646	1
2462	2909	1
10938	5678	1
11010	12865	1
4346	1791	1
8015	5647	1
5234	12939	1
7423	12481	1
4199	1781	1
6783	4664	1
6316	6282	1
10434	8588	1
3767	8619	1
4457	5774	1
2725	5774	1
12568	4281	1
8746	5314	1
5766	1930	1
9442	7866	1
7648	5307	1
2462	1009	1
12520	11416	1
1713	3828	1
4851	1653	1
7502	3380	1
2021	4040	1
11957	9876	1
3512	5240	1
5482	12736	1
12924	9431	1
2620	6376	1
7274	6564	1
7309	9790	1
2653	6892	1
11960	11959	1
8017	6297	1
12191	12191	1
5798	6397	1
7644	930	1
964	1378	1
9017	4366	1
8292	12924	1
6375	6376	1
6297	8017	1
11603	12924	1
12901	2132	1
4281	12568	1
4468	6376	1
9017	9017	1
10179	9009	1
2484	5783	1
2623	11067	1
7919	10208	1
3297	9488	1
7552	6409	1
