3487	3125	1
9022	4981	1
4334	9248	1
11479	4981	1
6183	547	1
7082	2990	1
12915	11584	1
4439	7345	1
6228	7204	1
10232	3487	1
2080	1295	1
2081	1295	1
531	1103	1
8837	1103	1
11405	1740	1
3190	1584	1
5849	12967	1
8891	7514	1
5009	7862	1
12967	5849	1
4485	5877	1
5474	5490	1
12654	12654	1
6030	5301	1
11455	3297	1
2364	6119	1
1209	705	1
705	1209	1
12968	4334	1
7862	5009	1
6120	6251	1
1305	6251	1
363	1295	1
6062	7514	1
10682	6309	1
10124	10124	1
8320	6334	1
3214	4753	1
12429	9488	1
9798	806	1
9334	535	1
5733	4914	1
4528	2735	1
12748	2902	1
2506	9234	1
4753	3214	1
3849	12908	1
4936	3109	1
4294	7761	1
760	1406	1
8336	7739	1
1124	1858	1
1420	5717	1
6934	11387	1
707	889	1
7078	7079	1
6034	6022	1
6306	4317	1
2322	9234	1
5490	5474	1
9239	6845	1
2228	12842	1
10206	6320	1
6047	12969	1
6112	9414	1
6845	9239	1
5234	10464	1
12970	7986	1
6320	10206	1
1099	10266	1
12584	10206	1
7318	5043	1
12488	11168	1
5922	5	1
7952	1800	1
5085	5870	1
9612	5870	1
12870	12024	1
9966	10478	1
6713	6562	1
6036	2102	1
2065	2102	1
3520	2420	1
3984	3358	1
6492	6816	1
8579	8579	1
10273	2102	1
12795	11844	1
4800	2910	1
8194	9104	1
12908	3849	1
238	2109	1
9104	8194	1
8987	2109	1
9065	8162	1
1132	4196	1
4334	7695	1
12601	11957	1
6556	1175	1
1175	6556	1
5047	5935	1
8320	5423	1
12472	9980	1
5932	4748	1
4025	2666	1
9807	9695	1
11233	4260	1
5119	4366	1
8092	4144	1
8451	8867	1
7929	6848	1
1109	4145	1
867	868	1
10221	868	1
547	6183	1
4808	29	1
2234	696	1
4823	7355	1
4269	2260	1
1124	2260	1
2576	4397	1
6364	6851	1
8555	8520	1
4269	1447	1
7471	1951	1
382	383	1
1124	10380	1
3089	12373	1
3297	11455	1
12971	12972	1
12024	12870	1
9881	4001	1
7673	4001	1
7273	5278	1
11382	5506	1
867	6439	1
12973	12973	1
5353	8609	1
4914	5733	1
6265	12420	1
8254	966	1
9945	10051	1
11421	966	1
7508	7508	1
9058	7508	1
8534	11096	1
1124	543	1
1124	5717	1
8451	875	1
6915	5931	1
4025	4920	1
11873	11874	1
4527	3457	1
5221	681	1
623	5013	1
1124	1835	1
7258	8150	1
11874	11873	1
12584	801	1
1075	4920	1
7761	4294	1
808	12974	1
8273	5912	1
9070	9253	1
2749	488	1
10582	8924	1
7423	7423	1
2243	4673	1
6962	8533	1
4207	4036	1
7514	6062	1
9234	2506	1
5278	7273	1
12369	4036	1
12281	481	1
10929	12491	1
4260	11233	1
696	2234	1
4586	5490	1
2909	10761	1
6783	3440	1
6430	2950	1
420	4244	1
2234	4244	1
4578	10933	1
1937	3648	1
4244	2234	1
7175	9365	1
2652	4244	1
5218	4244	1
2163	4244	1
5217	3070	1
4796	173	1
2915	4244	1
9049	10761	1
488	2749	1
1532	8864	1
418	1806	1
4270	4270	1
9727	5849	1
4498	1926	1
8533	6962	1
10761	9049	1
8609	5353	1
1599	6213	1
535	9334	1
12975	2004	1
518	1692	1
9365	7175	1
5065	7175	1
9413	653	1
12943	12264	1
7143	10603	1
8876	8876	1
4079	4917	1
4272	8533	1
2804	1135	1
6334	8280	1
3458	12006	1
12976	10811	1
2116	6836	1
9541	6836	1
1124	2140	1
11132	3136	1
821	5659	1
3303	3171	1
634	6851	1
12571	11301	1
2789	2790	1
5203	920	1
1669	410	1
11957	12601	1
4136	10356	1
12773	12397	1
4687	2235	1
2843	7136	1
6624	6898	1
10761	2909	1
4210	4931	1
9727	8031	1
9695	9807	1
7457	10634	1
9727	10634	1
3852	5633	1
9593	9594	1
7453	12496	1
12977	12977	1
5043	7318	1
4535	11762	1
3177	6309	1
8814	8980	1
11435	10637	1
7815	5074	1
5074	5074	1
5323	1692	1
5307	7025	1
7495	6236	1
6711	1266	1
7025	5307	1
920	5203	1
1163	2480	1
12911	691	1
9031	3546	1
5490	4586	1
11010	11762	1
9769	3546	1
2228	835	1
8629	7410	1
12496	7453	1
12006	10989	1
12344	5789	1
10603	7143	1
3826	4597	1
6140	2428	1
12010	515	1
10620	10620	1
6576	2379	1
11630	6338	1
9001	5307	1
12908	5942	1
12606	8614	1
11164	12413	1
7508	9058	1
4751	9058	1
1064	8614	1
8451	12861	1
4147	1229	1
12870	8247	1
1124	2901	1
6218	5729	1
7796	9425	1
9103	9391	1
11102	8785	1
10309	4281	1
7143	4447	1
5849	9727	1
8031	9727	1
4284	1869	1
8141	5826	1
10634	9727	1
4748	5932	1
12978	9234	1
5826	8141	1
7341	12979	1
9470	6649	1
5932	9727	1
1926	9645	1
8950	9314	1
12980	1971	1
6321	10576	1
12920	6930	1
1538	612	1
7082	6793	1
10304	12981	1
6851	634	1
5366	12779	1
5085	5735	1
4270	2352	1
5628	294	1
4687	2910	1
294	5628	1
12491	10929	1
10174	12961	1
8320	12106	1
1124	1428	1
5959	12961	1
5026	5027	1
10634	6615	1
4144	8092	1
1618	8173	1
625	1236	1
8517	4219	1
5443	7535	1
12466	4059	1
11704	9876	1
4905	9876	1
7407	5240	1
9327	8037	1
10012	8756	1
9080	9080	1
5618	10374	1
2228	4979	1
6781	9876	1
12931	5797	1
8430	10374	1
4447	7143	1
5307	9001	1
6509	12383	1
12640	10002	1
1599	6530	1
7983	9876	1
5777	821	1
12946	12258	1
4033	6424	1
12982	12983	1
2429	6523	1
8929	6187	1
1124	7550	1
2576	390	1
543	3383	1
12984	12984	1
4977	10387	1
7741	5800	1
12985	10463	1
3523	5862	1
391	390	1
4244	5218	1
580	6436	1
1059	5774	1
9488	7671	1
6576	3315	1
12986	7880	1
6936	4219	1
6038	835	1
1290	1290	1
12258	12946	1
7138	6860	1
6839	1499	1
12491	5385	1
6140	3626	1
10221	410	1
6835	7484	1
12908	5859	1
1022	518	1
6860	7138	1
8128	6402	1
7013	8071	1
8404	10067	1
12803	8257	1
518	1022	1
1971	12980	1
2116	4522	1
6265	996	1
9775	6189	1
390	391	1
4366	5119	1
1493	6021	1
5898	5897	1
1176	1022	1
11852	5977	1
7624	11556	1
6576	9330	1
6983	5804	1
4390	4525	1
5859	12908	1
10929	10861	1
2802	4525	1
12955	12954	1
5800	7741	1
10674	11003	1
5176	5977	1
6429	1270	1
28	874	1
5027	5026	1
6309	3177	1
5374	3689	1
8037	9327	1
6576	4589	1
1396	8536	1
7723	6417	1
2428	6140	1
5320	7027	1
4017	2619	1
3626	6140	1
3704	11459	1
11401	9725	1
9876	11704	1
6317	257	1
2619	4017	1
8247	12870	1
12924	11459	1
9628	12870	1
7082	1378	1
869	1120	1
6251	6120	1
705	1243	1
2209	2210	1
3430	7836	1
964	1378	1
3430	6380	1
4409	3950	1
1338	1523	1
9411	12691	1
8536	1396	1
12601	12124	1
8137	5576	1
9400	10755	1
10802	431	1
2004	12975	1
12653	11751	1
5797	11751	1
5047	11751	1
11584	12915	1
4668	5710	1
7293	9336	1
9707	4963	1
11771	3480	1
967	2589	1
5890	3849	1
6576	6121	1
6576	6513	1
6218	6868	1
1800	7952	1
2721	3109	1
12791	10890	1
12908	5874	1
4278	4351	1
3707	12361	1
8589	4139	1
7487	5897	1
6898	6624	1
11751	5047	1
3147	12010	1
12383	6509	1
5797	12931	1
11502	1612	1
11459	12924	1
4569	5897	1
4946	4577	1
3066	3826	1
10007	10007	1
342	7009	1
9476	10972	1
257	8849	1
9006	9040	1
10374	5618	1
6309	10682	1
8785	11102	1
4723	3005	1
835	2228	1
12804	3709	1
4979	2228	1
3689	5374	1
12340	6985	1
953	6022	1
5250	9375	1
6523	2429	1
193	4133	1
486	3643	1
5013	5013	1
9594	9593	1
3647	4133	1
6236	7495	1
12323	12987	1
8545	10986	1
10015	10015	1
6576	4970	1
8891	8644	1
9242	7672	1
5119	4873	1
5735	5085	1
12988	12988	1
10374	2125	1
10755	9400	1
5870	5085	1
1858	1124	1
12523	317	1
12168	12169	1
2260	1124	1
1499	6839	1
543	1124	1
1835	1124	1
1163	7223	1
12973	11111	1
2140	1124	1
1124	3384	1
2901	1124	1
6351	6743	1
4284	2915	1
7550	1124	1
4351	2984	1
1900	8975	1
12989	2450	1
6094	6769	1
81	12818	1
5579	5580	1
4250	3775	1
3569	3568	1
5119	11851	1
4696	2727	1
5818	5110	1
12969	6047	1
706	902	1
9881	4785	1
9253	9070	1
2239	9056	1
3768	7764	1
12263	12264	1
12990	12161	1
1517	5697	1
6316	6454	1
4864	5463	1
4278	677	1
12803	9994	1
3849	5890	1
599	1107	1
7308	8707	1
8707	7308	1
10200	3532	1
5335	385	1
518	677	1
9762	12991	1
11762	11010	1
1137	482	1
3125	10232	1
9939	1532	1
5390	7940	1
12420	4811	1
8975	1900	1
12580	2911	1
5213	7320	1
3288	3287	1
585	3287	1
12323	11734	1
3950	4409	1
9429	9428	1
4950	8967	1
12383	12383	1
12420	6265	1
996	6265	1
10567	10568	1
12992	11625	1
5217	4409	1
12271	12383	1
2347	12383	1
1229	4147	1
167	166	1
4409	5217	1
2452	1484	1
12748	1010	1
11992	482	1
10232	3125	1
7784	8681	1
10890	12791	1
2776	9575	1
1844	5398	1
2713	2059	1
7654	9300	1
3486	3125	1
11513	9377	1
2138	12993	1
7004	4729	1
1124	1110	1
878	879	1
9314	8950	1
5074	9268	1
382	3161	1
7597	7032	1
1010	12748	1
4459	10421	1
9894	7302	1
12383	2347	1
2734	1060	1
2450	12989	1
1971	980	1
1108	3645	1
6107	8051	1
11700	12535	1
1632	12617	1
7032	7597	1
737	1081	1
5551	5551	1
8067	8051	1
540	6113	1
12994	12994	1
1060	2734	1
4079	2864	1
1096	2890	1
9248	7916	1
5087	5086	1
855	670	1
8654	9026	1
3438	5227	1
1512	21	1
2984	4351	1
7083	5374	1
3994	328	1
3532	10200	1
12954	12955	1
11111	12973	1
9903	10082	1
6174	3183	1
2086	6492	1
11927	4499	1
2125	10374	1
980	1971	1
3738	4327	1
425	2446	1
6816	6492	1
1372	9270	1
5481	1188	1
10334	11038	1
9360	11038	1
11758	11758	1
12361	3707	1
6243	11758	1
7704	7705	1
6189	9775	1
9058	5393	1
867	843	1
867	514	1
10728	5808	1
12995	6848	1
54	62	1
10067	8404	1
1740	2127	1
6530	997	1
2260	6531	1
5094	2127	1
5205	5204	1
10605	12339	1
634	2127	1
2855	2127	1
2420	2127	1
8261	8668	1
4663	1722	1
1908	2127	1
6531	2260	1
10093	12355	1
2124	2127	1
451	2127	1
428	1175	1
9488	12429	1
5897	7487	1
4525	2802	1
10777	10777	1
1265	2127	1
10095	10634	1
518	2127	1
11565	7570	1
2891	7570	1
9550	7570	1
4522	2116	1
5516	7570	1
10847	7570	1
8671	7071	1
6220	7570	1
8261	7262	1
12154	6183	1
6646	7332	1
5701	7570	1
2890	1096	1
4580	7570	1
12535	11700	1
7916	11689	1
4101	9863	1
9165	7570	1
9720	7570	1
5823	8166	1
1484	2452	1
8330	7486	1
5797	7570	1
981	1009	1
7919	7570	1
11792	7570	1
7302	9894	1
11689	7916	1
6017	5219	1
5273	9501	1
9727	4038	1
7570	7262	1
10003	4027	1
8695	12469	1
2811	2179	1
505	492	1
