585	3287	1
3489	3287	1
6702	2990	1
6320	11269	1
6481	5688	1
7337	11439	1
6702	6798	1
6564	12274	1
8129	9861	1
3951	5230	1
3287	3489	1
8219	8162	1
6136	6236	1
11411	10537	1
4525	4390	1
8649	7486	1
5678	8333	1
1908	547	1
8002	7846	1
11141	3367	1
5926	5468	1
9477	8333	1
4299	3674	1
8609	6055	1
12814	21	1
5167	2028	1
11164	5096	1
668	668	1
12	12	1
5489	2902	1
841	841	1
2891	4274	1
12601	11957	1
9596	870	1
5366	12716	1
9693	7071	1
5047	3450	1
5419	8007	1
4610	4484	1
3450	5047	1
4724	8492	1
2027	2028	1
9992	9644	1
8492	4724	1
3125	3487	1
4204	9498	1
4956	6845	1
3497	2190	1
6845	4956	1
5907	243	1
3017	1599	1
7071	9693	1
8609	5461	1
243	5907	1
6467	23	1
12500	4605	1
6485	6845	1
6845	6485	1
12815	564	1
7466	6278	1
6409	7552	1
3364	10630	1
10630	10630	1
7423	7597	1
5783	5468	1
6303	869	1
5468	5783	1
705	7022	1
8609	6059	1
3967	2160	1
6840	3426	1
3399	10412	1
10248	10118	1
7609	7609	1
12351	6316	1
6278	7944	1
2109	2109	1
5761	11889	1
158	2109	1
1338	814	1
1523	814	1
5481	7543	1
12816	12816	1
4755	1307	1
2576	4397	1
12472	9980	1
8657	7660	1
5640	12314	1
9789	12314	1
8317	12266	1
4418	6313	1
8609	3965	1
4796	173	1
8052	3284	1
4064	3852	1
12219	7066	1
7337	5027	1
2194	115	1
3838	3837	1
3524	12719	1
3323	9712	1
8830	12665	1
5683	3315	1
4414	10562	1
186	2019	1
9620	10781	1
70	190	1
3315	5683	1
623	5189	1
6427	5189	1
1407	10355	1
12274	6564	1
65	190	1
6513	5240	1
164	12817	1
3512	5240	1
1358	6494	1
7108	3545	1
2927	12730	1
1396	8536	1
10781	9620	1
6494	1358	1
8844	12010	1
8333	9477	1
4390	4525	1
2326	615	1
5121	5120	1
12334	5189	1
1358	1504	1
844	843	1
15	508	1
7861	843	1
814	1338	1
5922	828	1
12728	3851	1
4457	4485	1
9234	9488	1
12693	4146	1
371	5189	1
4836	4950	1
12439	12401	1
12739	7008	1
4418	8880	1
9207	2990	1
38	320	1
1523	1338	1
2894	1338	1
6236	6136	1
4133	6783	1
1120	294	1
1504	1358	1
4418	8051	1
38	3122	1
869	6303	1
7893	9391	1
294	1120	1
1136	253	1
8609	5880	1
4343	10922	1
5045	10244	1
5608	12818	1
6243	8421	1
7570	5797	1
865	1427	1
389	2371	1
7421	5663	1
8363	8775	1
11702	12819	1
6374	937	1
9235	8600	1
7083	5753	1
6233	5365	1
15	4525	1
7448	6059	1
937	6374	1
38	5503	1
10025	12277	1
4161	4221	1
38	3297	1
5354	7209	1
12814	5781	1
4047	4195	1
4025	2666	1
4216	988	1
5880	8609	1
6920	12820	1
6080	5161	1
3965	8609	1
1151	4183	1
5461	8609	1
6055	8609	1
7552	6409	1
949	5261	1
5459	1718	1
707	1718	1
5722	5695	1
3430	10452	1
450	10802	1
4418	11182	1
4186	3475	1
11589	11589	1
5835	9001	1
12821	4176	1
5042	10802	1
1956	11160	1
3647	4176	1
12819	11702	1
2085	4802	1
7209	5354	1
8374	6121	1
4956	9001	1
1427	865	1
10611	8260	1
9001	4956	1
6321	10327	1
12401	12439	1
4485	4457	1
3824	12217	1
190	65	1
7741	5800	1
6798	6702	1
9446	12720	1
6606	2093	1
6671	9232	1
5800	7741	1
8667	8668	1
1166	2192	1
5177	2084	1
3376	2884	1
7235	4555	1
806	9798	1
12822	12822	1
1796	1795	1
11888	2652	1
1045	7854	1
2990	6702	1
11403	11387	1
8813	2236	1
12720	9446	1
10826	10827	1
8609	5684	1
6650	9425	1
8363	11529	1
5684	8609	1
11326	11326	1
9550	6986	1
5474	6986	1
1908	781	1
4083	371	1
202	4392	1
8192	7986	1
9815	2832	1
3623	10200	1
696	74	1
8863	8863	1
814	1523	1
1338	1523	1
4983	4561	1
8071	10411	1
3286	3123	1
5811	4021	1
1705	5934	1
12716	5366	1
3912	2941	1
8609	6241	1
740	4174	1
2755	11090	1
3426	6840	1
11445	11405	1
12570	9609	1
10574	5888	1
8739	6506	1
8536	1396	1
10327	6321	1
4950	4836	1
4174	740	1
7126	6321	1
4025	4162	1
5027	5234	1
8739	11113	1
5934	6506	1
6321	7126	1
4287	7213	1
8830	7863	1
6506	5934	1
2832	9815	1
8363	9610	1
12823	12824	1
5485	5642	1
5753	7083	1
8505	12824	1
12773	12397	1
12825	5123	1
7066	12219	1
11429	10209	1
4083	2420	1
10568	10568	1
10827	10826	1
1188	2492	1
9479	10895	1
6241	8609	1
2262	11315	1
7337	11551	1
12590	1311	1
1605	87	1
11387	11403	1
11218	11219	1
9425	6650	1
12826	10895	1
9133	10713	1
6783	3198	1
5393	9058	1
4210	4931	1
11284	6577	1
4581	10769	1
5923	1700	1
6300	7125	1
12724	9736	1
12397	12773	1
10172	8614	1
6492	4555	1
5170	12314	1
3613	762	1
7429	7944	1
8386	4287	1
11485	3306	1
4597	3826	1
4981	4857	1
6374	1266	1
1059	5297	1
4083	5136	1
8452	4384	1
12827	12827	1
7025	4384	1
6760	8644	1
6612	1667	1
7022	705	1
4384	8452	1
7940	7919	1
8763	7988	1
1136	6143	1
6303	6143	1
4801	7944	1
5798	5798	1
453	453	1
4287	8386	1
9032	2611	1
8854	11060	1
3426	12578	1
7282	12578	1
4939	11689	1
11689	4939	1
4135	5560	1
4589	8876	1
4083	8452	1
4384	7025	1
8506	10856	1
12828	12829	1
12383	4568	1
8453	8452	1
2484	10231	1
4087	12660	1
12546	7323	1
2283	11751	1
6146	7323	1
6143	6303	1
6671	10120	1
920	6312	1
6475	4292	1
11439	7337	1
3383	6103	1
5027	7337	1
11166	5355	1
11551	7337	1
8207	9368	1
4950	8967	1
4047	8967	1
9368	8490	1
8490	9368	1
7128	7988	1
4204	7355	1
3817	8330	1
9368	9368	1
7260	515	1
4176	3647	1
15	1108	1
8575	8750	1
4983	4763	1
8505	12539	1
4485	9790	1
12561	2021	1
8676	1134	1
12010	8844	1
6812	6931	1
3954	2227	1
6084	1238	1
8609	5353	1
7884	5564	1
3992	5503	1
4827	1667	1
5033	5017	1
9452	4667	1
1311	12590	1
5017	5033	1
3562	7173	1
87	1605	1
271	6899	1
1134	8676	1
7098	5642	1
3458	1466	1
1930	1791	1
11162	10535	1
9615	12830	1
7334	6206	1
8830	12506	1
6316	6206	1
7450	2096	1
5407	10984	1
9357	2096	1
12815	2096	1
186	2634	1
5631	5632	1
1828	6981	1
8261	7262	1
7013	6206	1
12816	3288	1
9470	6146	1
5715	5711	1
3287	585	1
8763	7128	1
9966	10319	1
1243	1209	1
6816	6060	1
5221	12073	1
926	1791	1
7341	6045	1
4418	4417	1
10900	4164	1
7004	8196	1
10535	11162	1
4332	12734	1
8260	10611	1
5869	5326	1
906	4390	1
10895	9479	1
4780	11751	1
4164	10900	1
8473	11934	1
4083	7492	1
11273	8880	1
10713	9133	1
4176	4732	1
3826	4597	1
12665	7854	1
6704	6704	1
2330	5043	1
7919	7940	1
328	6899	1
10319	9966	1
4083	4181	1
8975	9966	1
4965	2260	1
4445	12328	1
74	696	1
11117	4806	1
6066	11201	1
12790	269	1
5922	11201	1
6146	2776	1
8644	6760	1
1749	1750	1
12817	164	1
9405	11030	1
1062	1638	1
7260	7260	1
4418	6985	1
2873	6321	1
12785	5234	1
12314	5170	1
2237	6022	1
1517	5905	1
2004	5955	1
4647	8967	1
3302	515	1
8806	5905	1
7141	10320	1
5043	2330	1
11459	8814	1
202	5566	1
3367	11141	1
12795	8668	1
2260	4965	1
4485	5877	1
3633	10320	1
12831	12831	1
5381	10387	1
1030	1816	1
7790	1756	1
10118	4852	1
12832	12832	1
10320	1485	1
3727	4910	1
12833	12833	1
11113	8739	1
4660	3545	1
11265	5000	1
8196	7004	1
5234	5027	1
6843	3182	1
9913	9914	1
4390	906	1
7060	6193	1
1022	1420	1
11755	9483	1
828	8721	1
8363	12834	1
5170	6296	1
8721	828	1
7395	11653	1
12124	9876	1
12806	6845	1
4729	5869	1
1372	3230	1
8162	8219	1
3353	7645	1
4422	1420	1
3960	11610	1
6843	10488	1
5411	7804	1
5026	5027	1
6845	12806	1
7804	5411	1
12314	5640	1
4083	7932	1
7796	6321	1
12835	5640	1
6845	2609	1
11201	6066	1
11625	12296	1
2609	6845	1
10968	2609	1
4270	6741	1
10758	11406	1
4083	2561	1
12383	1295	1
705	1243	1
1209	1243	1
1132	4196	1
6236	3849	1
4763	4983	1
2471	1139	1
5687	2923	1
10231	2484	1
11405	11445	1
5640	12835	1
1394	1054	1
4169	2923	1
11201	5922	1
4083	3017	1
4164	1638	1
828	5922	1
12822	8336	1
4083	2427	1
2985	11144	1
11275	6876	1
3950	4027	1
7090	8821	1
3849	6236	1
6521	8092	1
10312	3017	1
10411	8071	1
1504	6577	1
6449	6577	1
1599	3017	1
4113	8425	1
9302	8814	1
8619	10738	1
8336	12822	1
430	404	1
11751	4780	1
139	5130	1
5485	3547	1
8585	9204	1
4204	4955	1
12836	12836	1
5072	2725	1
887	888	1
9580	11337	1
1060	2734	1
6839	1499	1
7786	12173	1
12173	2017	1
10488	6843	1
5074	8534	1
5905	8806	1
10374	12659	1
12732	9069	1
4328	5902	1
3950	4409	1
4409	3950	1
10475	5161	1
7120	6721	1
5932	7487	1
1022	5665	1
4592	5836	1
2021	12561	1
3230	1372	1
5013	1780	1
8308	10502	1
10167	10502	1
4083	1257	1
2117	2117	1
4741	5210	1
4455	7481	1
