7181	7515	1
3950	4409	1
1060	3587	1
9550	12763	1
3294	11957	1
10968	2609	1
9329	8261	1
6922	5861	1
5423	7402	1
1075	4920	1
9208	9268	1
12763	9550	1
8909	6499	1
4580	9550	1
931	4920	1
7377	6320	1
4094	6320	1
8473	12854	1
5198	5196	1
2883	3401	1
6899	271	1
944	2234	1
10639	9773	1
475	6320	1
12603	12603	1
10645	3401	1
4244	2234	1
1081	9409	1
8452	4384	1
6163	1833	1
2611	9208	1
1112	12650	1
5618	8891	1
4384	8452	1
2611	5991	1
1045	7854	1
12664	12650	1
139	1930	1
6297	8017	1
7811	5386	1
9887	12855	1
4045	3426	1
7402	5423	1
6702	1378	1
5932	9727	1
7922	7345	1
1872	4034	1
4383	4835	1
2484	5411	1
12856	9754	1
7739	9797	1
1967	3005	1
4939	7138	1
4692	9031	1
6717	11091	1
6702	2990	1
4409	3950	1
7082	2990	1
9966	10319	1
8335	564	1
877	5382	1
7421	9382	1
7548	5695	1
9488	9234	1
5722	5695	1
12785	10464	1
12096	6079	1
7345	10893	1
7407	10938	1
2691	1428	1
5223	12668	1
6637	9300	1
10582	9735	1
10464	12785	1
11092	8789	1
10232	3487	1
7345	7922	1
2416	3550	1
8293	2754	1
5027	10778	1
7502	4788	1
5902	12785	1
7789	5090	1
10778	5027	1
1703	385	1
91	9861	1
8191	2364	1
2484	5783	1
10604	10839	1
4921	5359	1
2484	7308	1
2296	1279	1
3262	3881	1
2611	8992	1
9827	4810	1
2564	6424	1
705	7022	1
1209	7022	1
7767	5993	1
2203	6424	1
2611	4757	1
7492	6752	1
6516	12838	1
4232	9550	1
10802	5042	1
4380	4866	1
7548	7620	1
12857	12857	1
3229	5604	1
4432	4433	1
3820	6765	1
6604	10336	1
2383	4355	1
3881	3262	1
6604	5555	1
50	49	1
7625	7215	1
10539	10540	1
6241	6059	1
12858	4063	1
2047	6059	1
3965	6059	1
10368	5762	1
5555	6604	1
7128	8763	1
8891	7616	1
3878	3819	1
12482	1608	1
1199	3740	1
3079	9735	1
8891	4341	1
4355	2383	1
4526	5290	1
5564	7884	1
5902	4328	1
5411	2484	1
10663	2941	1
5783	2484	1
7308	2484	1
10938	7407	1
3262	5518	1
6864	12296	1
6604	2331	1
5861	6922	1
4341	8891	1
4856	1862	1
9267	9280	1
4433	4432	1
4788	7502	1
5745	5920	1
7085	6059	1
6079	12096	1
2990	6702	1
12296	6864	1
5224	5223	1
2611	3017	1
4113	2422	1
5097	2422	1
6492	7086	1
11201	6066	1
2611	2420	1
9065	8162	1
5755	11211	1
12859	9597	1
6830	10925	1
12659	10230	1
9234	9488	1
12606	8533	1
12860	11451	1
6751	8685	1
11451	12860	1
9807	9695	1
2484	6185	1
8924	8925	1
8021	12392	1
5409	6161	1
2616	5008	1
12314	5170	1
3623	12748	1
5459	3752	1
12795	12630	1
4905	6481	1
8891	5618	1
2484	6481	1
9735	3079	1
7022	705	1
2484	2912	1
1202	3692	1
7645	3353	1
5382	877	1
8654	9026	1
5688	6481	1
8045	7999	1
2484	3153	1
7323	12546	1
11949	7282	1
12861	2886	1
425	2446	1
5414	4789	1
8649	6059	1
3850	4333	1
5733	4914	1
5402	12546	1
4946	11057	1
8802	8975	1
8975	8802	1
6681	4384	1
2331	6604	1
12785	5902	1
4384	6681	1
12859	9392	1
6115	5901	1
12500	7481	1
1202	2915	1
11186	8785	1
6115	9894	1
6708	12630	1
1567	8476	1
7553	5868	1
12862	9762	1
6177	6481	1
564	8335	1
7282	11949	1
5860	6448	1
12533	7614	1
9759	5700	1
344	2562	1
6752	7492	1
2713	2059	1
4589	6513	1
10082	9903	1
8333	5678	1
2562	1935	1
11555	5503	1
3013	6772	1
7484	9576	1
2935	2874	1
10663	5607	1
10895	12826	1
5640	12314	1
2422	5097	1
4903	1009	1
6772	3013	1
10200	1010	1
7116	5888	1
6234	6380	1
133	12863	1
12864	12864	1
2611	2116	1
4162	4025	1
2666	4025	1
3287	12809	1
7116	8803	1
12861	5613	1
5515	4454	1
6637	6452	1
10614	12865	1
10807	6414	1
664	4525	1
1630	4840	1
9404	8533	1
5122	4374	1
10868	6122	1
12864	4481	1
4983	4561	1
12866	12852	1
11094	11094	1
4481	12864	1
12852	12866	1
1813	8020	1
6376	4468	1
4333	3850	1
3405	3404	1
10100	12867	1
2562	344	1
12647	8303	1
10826	10225	1
4083	3541	1
9612	5085	1
3623	2902	1
8404	5281	1
3547	5485	1
9876	4905	1
12841	12841	1
5710	4905	1
4914	5733	1
4445	4724	1
2484	4905	1
7813	6354	1
5169	8959	1
5393	2712	1
3354	8959	1
6184	6171	1
5704	3826	1
1608	12482	1
4083	8452	1
8303	12647	1
6604	2379	1
6354	7813	1
2106	9488	1
6864	11625	1
9798	806	1
12124	9876	1
9725	12364	1
8208	9629	1
12868	11057	1
11513	9488	1
3486	8145	1
4905	9876	1
9173	9414	1
3897	3897	1
7086	4555	1
3689	4555	1
10575	8522	1
6872	4679	1
7316	12383	1
2611	2441	1
11048	3753	1
271	272	1
10374	9578	1
4083	2585	1
9550	4580	1
6509	12383	1
4852	3404	1
2297	4555	1
8484	11279	1
2364	8191	1
4905	5710	1
953	1366	1
2873	6321	1
2484	5710	1
4025	2666	1
4568	12383	1
1295	12383	1
5393	9058	1
12478	12478	1
6867	12869	1
4083	2427	1
2611	2427	1
6171	6184	1
3111	2686	1
7116	10699	1
4751	9058	1
4144	9416	1
9079	6036	1
9541	9416	1
10230	12659	1
12833	12833	1
9894	6115	1
5977	9416	1
897	2441	1
10651	10651	1
8051	4418	1
4158	9416	1
5678	8333	1
3826	5704	1
4742	4741	1
11600	9416	1
2115	8184	1
8639	9279	1
8763	12134	1
6354	2873	1
10685	6562	1
12785	8172	1
1366	953	1
9876	12124	1
6876	11275	1
8876	6513	1
4232	9024	1
6035	10387	1
6513	8876	1
5482	12736	1
2984	1586	1
11259	12736	1
7570	7919	1
12870	7336	1
9414	9173	1
5518	3262	1
10312	466	1
3144	6266	1
9279	8639	1
6633	6923	1
2611	1305	1
3383	6103	1
4229	466	1
7919	7570	1
8402	7884	1
11266	9279	1
9279	11266	1
10885	10337	1
10666	4981	1
6837	12736	1
3016	11058	1
8911	7821	1
10475	5161	1
3752	5459	1
2102	10273	1
5704	6624	1
439	4888	1
2993	2989	1
9861	91	1
4800	2910	1
12745	936	1
2870	1485	1
11631	12546	1
31	768	1
8260	8903	1
10615	709	1
3368	2113	1
3004	5682	1
7940	7262	1
12871	6113	1
1202	3401	1
6257	2863	1
159	2712	1
2894	1389	1
4981	10666	1
9731	4862	1
5234	5353	1
5843	7258	1
5332	3754	1
7413	7258	1
4597	3826	1
9208	2611	1
385	1703	1
8992	2611	1
4757	2611	1
7452	5282	1
2426	1434	1
1199	7663	1
7811	9578	1
3017	2611	1
2420	2611	1
3404	3405	1
6977	6112	1
10506	6112	1
5613	12861	1
2116	2611	1
1072	2634	1
3818	2634	1
2874	2935	1
2427	2611	1
1305	2611	1
6637	5693	1
1840	6513	1
1289	426	1
2611	12239	1
8619	3767	1
12239	2611	1
5288	5723	1
139	11387	1
2193	2349	1
8338	11598	1
3767	8619	1
1394	7423	1
12785	12472	1
12472	9980	1
12498	10984	1
10319	9966	1
11387	139	1
1010	10200	1
12872	1031	1
329	6520	1
10639	9009	1
12736	11259	1
7423	1394	1
8959	3354	1
5823	7764	1
4389	4856	1
4229	4229	1
5217	4409	1
5908	5334	1
5348	5349	1
4300	8665	1
5170	6296	1
8068	2041	1
7116	6911	1
12509	6868	1
8184	2115	1
2399	3931	1
4321	9210	1
10984	12498	1
12006	11416	1
6112	10506	1
4025	3607	1
1163	2480	1
5282	7452	1
12630	12795	1
12723	9298	1
7086	6492	1
2041	8068	1
8763	7128	1
2019	186	1
7108	3545	1
5646	5647	1
12873	12239	1
5374	5904	1
12773	10754	1
12277	10025	1
11598	8338	1
1202	1203	1
1202	4017	1
10025	12277	1
11625	12296	1
564	709	1
11100	1226	1
953	6848	1
806	9798	1
6163	1545	1
6376	6375	1
623	623	1
7579	2443	1
1937	7665	1
12592	1171	1
1202	11229	1
1508	5818	1
6054	692	1
186	2019	1
7116	12736	1
7610	7610	1
3943	3723	1
5822	3576	1
3137	11479	1
6118	3576	1
5463	6113	1
12874	12875	1
7022	1209	1
8856	604	1
1099	6424	1
7225	11007	1
10630	8968	1
12869	6867	1
9456	10753	1
10994	9474	1
1171	12592	1
2086	3079	1
10344	4634	1
6115	8650	1
7223	12048	1
604	8856	1
10003	4027	1
3754	5332	1
1532	1532	1
1620	1620	1
8541	7535	1
3954	2234	1
6513	1840	1
3722	1231	1
1399	3976	1
6604	6902	1
1347	768	1
7020	5821	1
5876	3673	1
6376	2620	1
1202	2620	1
1031	12872	1
10570	5862	1
12876	7367	1
9959	6484	1
12822	9736	1
12877	1570	1
10663	12596	1
12878	2620	1
12201	8724	1
10273	2102	1
6472	2423	1
6637	6987	1
2873	6354	1
3444	3323	1
12530	12517	1
4305	12879	1
7846	8002	1
5710	4668	1
5704	11372	1
6845	5520	1
1049	1639	1
2579	3745	1
