186	1072	1
3033	283	1
3569	3160	1
8757	7831	1
7128	8763	1
4133	4241	1
3302	8526	1
8763	7128	1
5022	4981	1
10946	5966	1
11988	11530	1
4455	12787	1
11530	11988	1
1662	7404	1
13062	7109	1
2611	12154	1
9878	7931	1
12787	4455	1
7469	9239	1
11926	7090	1
12154	2611	1
5818	5110	1
4981	5022	1
4020	6897	1
668	9917	1
12496	8071	1
8667	5188	1
1552	12793	1
3091	644	1
10174	12961	1
5783	5810	1
3629	3358	1
4135	5810	1
5004	6456	1
1837	1185	1
6039	8177	1
6897	4020	1
6421	9930	1
3237	5810	1
3616	1926	1
6366	5810	1
11751	6038	1
4418	8051	1
10968	2609	1
7053	8051	1
6208	2116	1
8903	11387	1
1926	889	1
308	299	1
2483	5382	1
7082	2198	1
11387	8903	1
1508	205	1
5027	7916	1
437	861	1
3287	12816	1
4801	5742	1
5733	5742	1
4257	6648	1
3190	5742	1
12960	10145	1
5720	5742	1
7625	11194	1
5902	5742	1
4408	5742	1
12816	3287	1
1132	4196	1
1420	5717	1
5640	12314	1
308	307	1
11194	7625	1
3479	11387	1
8404	8404	1
4084	5742	1
8051	7053	1
5742	4801	1
4095	5742	1
6648	4257	1
8667	9527	1
6119	4257	1
3284	8247	1
4226	11681	1
9727	10634	1
444	76	1
9807	9695	1
12123	11830	1
10634	9727	1
5382	2483	1
5227	10404	1
5227	2160	1
2137	1926	1
1064	5188	1
8247	3284	1
6506	5934	1
1926	3616	1
7259	4544	1
241	242	1
13063	13064	1
4810	9223	1
9223	4810	1
11830	12123	1
4111	5305	1
4944	5354	1
4370	5354	1
6752	1437	1
2588	1437	1
6213	1599	1
5047	5935	1
10118	11696	1
2998	1076	1
9695	9807	1
3768	7764	1
5043	4797	1
2565	6752	1
242	241	1
3742	5633	1
6832	7109	1
10660	8029	1
7734	12719	1
10262	2260	1
13065	9754	1
1610	2584	1
2818	10142	1
11713	5027	1
5234	5027	1
2715	4087	1
4334	344	1
283	3033	1
9735	10582	1
10876	3384	1
5376	4574	1
7128	10343	1
4006	5723	1
11340	11340	1
9041	3077	1
3077	9041	1
13019	3862	1
5723	5288	1
8936	17	1
5500	1585	1
2873	8141	1
4525	5315	1
1606	154	1
8447	11315	1
7810	4346	1
6551	3012	1
11344	7521	1
2973	7292	1
6325	6700	1
10570	4555	1
10273	7370	1
8177	6039	1
6752	2901	1
7521	11344	1
5305	4111	1
5014	7512	1
7532	8420	1
10404	5227	1
5027	11713	1
12400	9248	1
11815	9026	1
11530	11691	1
8150	9248	1
5221	681	1
6017	5219	1
9300	7654	1
7942	6525	1
159	1761	1
4404	2113	1
12825	5123	1
12397	12773	1
4147	1810	1
4380	1719	1
12793	1552	1
944	897	1
2883	897	1
1854	5705	1
5188	1064	1
1598	1761	1
6007	380	1
1064	7163	1
2259	2940	1
2198	7082	1
10814	8903	1
1599	6213	1
960	8776	1
9176	9177	1
13066	13066	1
13067	13067	1
5386	1381	1
10118	12855	1
6934	8903	1
10611	8903	1
3237	422	1
8903	10814	1
5440	8377	1
11197	13068	1
1022	12010	1
6169	690	1
3426	6840	1
2023	1934	1
2691	13069	1
2675	10563	1
13058	12316	1
2231	1165	1
9754	13065	1
12894	12357	1
8903	10778	1
447	6749	1
2589	770	1
1937	1034	1
2843	3128	1
10814	6749	1
6749	10814	1
6322	4051	1
4370	4383	1
5497	5908	1
6752	6722	1
8472	2922	1
6309	4051	1
6730	12456	1
7013	12496	1
2874	2935	1
8071	12496	1
3623	12748	1
2954	7054	1
4370	7209	1
4051	6322	1
649	2616	1
2653	8891	1
1096	8891	1
12217	3824	1
5178	10185	1
11135	11622	1
4256	3426	1
8377	5440	1
1134	7196	1
6840	3426	1
7734	11702	1
380	6007	1
4652	3176	1
4346	7810	1
3389	8292	1
2239	9056	1
2803	8355	1
4528	2735	1
2234	3954	1
5545	1886	1
10758	11406	1
1165	2231	1
10145	12960	1
5966	10946	1
7082	6793	1
13070	12090	1
11762	2735	1
9248	8150	1
2735	6793	1
5581	3138	1
13070	12091	1
10851	10851	1
4383	1059	1
2611	2282	1
11602	7042	1
1514	2199	1
3824	12217	1
7660	816	1
7761	8488	1
4709	5020	1
4087	2715	1
13071	13071	1
7492	8688	1
13035	4913	1
998	2865	1
12580	8328	1
4983	6329	1
7163	1064	1
854	13072	1
10762	12861	1
1599	2722	1
6374	1266	1
10924	8934	1
205	1508	1
2722	1599	1
2666	4025	1
13073	7722	1
1585	5500	1
9515	12677	1
2137	5355	1
3855	3824	1
1077	5862	1
4569	10023	1
4983	4561	1
4287	10687	1
2477	1746	1
13074	8818	1
12610	11517	1
6864	8233	1
8150	5096	1
7916	5027	1
1926	2137	1
2940	515	1
2317	4840	1
7211	5524	1
2900	8228	1
13075	13075	1
6372	4840	1
9067	10507	1
1071	12905	1
3353	7645	1
13076	13076	1
2046	10188	1
9190	5355	1
7548	3467	1
6551	7651	1
1108	424	1
6819	8901	1
13012	13012	1
2873	10067	1
13077	8451	1
10762	8451	1
2940	2259	1
2871	6089	1
3461	1956	1
3398	3864	1
4652	2242	1
17	8936	1
6752	2969	1
13078	7009	1
756	3091	1
12954	12954	1
1782	1781	1
9230	5188	1
1081	9409	1
2027	2119	1
4255	4274	1
10738	8619	1
6257	2863	1
10333	4274	1
11702	12819	1
3009	717	1
3430	9589	1
7788	588	1
12894	12107	1
9246	8176	1
13046	805	1
3091	756	1
5243	5243	1
12399	10023	1
3610	2492	1
12038	12217	1
13079	13080	1
5551	3475	1
13081	5070	1
7693	12094	1
5047	3763	1
6564	6021	1
5315	4525	1
1871	9076	1
4375	7543	1
1134	8676	1
13082	228	1
3088	7543	1
7645	3353	1
12842	546	1
11724	4036	1
9863	4101	1
8335	564	1
1396	8536	1
9	3501	1
8536	1396	1
12107	12894	1
12062	1514	1
488	1514	1
2854	1950	1
13041	13042	1
7235	6492	1
11163	9279	1
4921	7592	1
287	322	1
3754	6146	1
6862	12217	1
1577	6146	1
10023	12399	1
11957	11957	1
3824	3855	1
3027	9903	1
5952	10699	1
13083	5849	1
10699	5952	1
4390	4525	1
2802	4525	1
7196	1134	1
3389	1126	1
8676	1134	1
7386	1742	1
2935	2874	1
10389	9251	1
13084	12344	1
12399	312	1
7592	4921	1
13085	12142	1
8488	7761	1
2282	2611	1
4830	4829	1
2701	2407	1
5909	5502	1
4968	5078	1
6021	6564	1
3559	6903	1
3138	5581	1
10882	10882	1
13086	13087	1
13088	3601	1
11164	5096	1
4230	2619	1
1855	5830	1
6816	7235	1
2031	3641	1
7309	6869	1
8619	10738	1
6869	7309	1
7931	12694	1
2584	1610	1
6492	7235	1
9213	13089	1
7308	8707	1
1514	488	1
8222	10570	1
8707	7308	1
6720	7179	1
424	1108	1
5020	4709	1
5366	12779	1
5020	3717	1
3834	2371	1
8975	8802	1
5710	4668	1
5481	3043	1
1285	7804	1
9709	10982	1
3297	7042	1
8639	12533	1
8855	11451	1
6798	6702	1
7082	6702	1
546	12842	1
8802	8975	1
10699	6911	1
5710	5622	1
2228	12842	1
4981	5206	1
6876	6702	1
8247	9133	1
13090	13090	1
8857	9997	1
1076	2998	1
4198	4814	1
7969	4647	1
11386	12924	1
5377	12483	1
12773	12397	1
7012	3160	1
12659	10230	1
2555	2446	1
12895	7563	1
6752	1110	1
12713	4481	1
7179	6720	1
10054	1316	1
6765	4384	1
8609	6059	1
5835	8468	1
10507	9067	1
4384	6765	1
13091	10171	1
6923	5948	1
3450	5090	1
13092	7492	1
6752	7492	1
5840	3561	1
13093	13093	1
4708	1897	1
11390	7511	1
13094	3594	1
12819	11702	1
1289	1254	1
2043	2863	1
10067	2873	1
3234	7810	1
11974	11974	1
5582	3245	1
2264	4209	1
1390	1746	1
1761	159	1
7137	1897	1
7032	12372	1
6863	1897	1
13095	9940	1
592	6458	1
1072	186	1
6649	6146	1
13096	12059	1
8465	9973	1
11542	10408	1
3753	6146	1
1005	920	1
805	13046	1
10794	8051	1
6649	7715	1
12685	6218	1
5121	5120	1
12886	6789	1
8776	960	1
3141	908	1
6922	5861	1
6457	5798	1
5423	12970	1
9391	8680	1
6752	8548	1
12340	6545	1
9251	10389	1
13084	11121	1
4691	3855	1
10570	8222	1
2769	2718	1
8707	3170	1
2735	4528	1
4029	11121	1
11769	12361	1
2445	884	1
2843	7136	1
6218	12685	1
4863	4864	1
5463	4864	1
11957	12124	1
25	26	1
5206	4981	1
2673	3912	1
13089	9213	1
1746	1390	1
4864	5463	1
334	4842	1
8707	9113	1
5517	5229	1
10171	13091	1
6752	1702	1
6382	5807	1
13031	8195	1
11249	5807	1
612	1538	1
5806	5807	1
6373	12455	1
2650	5807	1
3262	11076	1
11730	10273	1
10750	13097	1
7370	10273	1
4607	6505	1
1746	2477	1
1059	5774	1
3124	4054	1
8774	7558	1
8195	13031	1
1369	12396	1
2659	7009	1
5455	13031	1
10695	12396	1
6789	12886	1
12153	12396	1
9896	13031	1
13098	13098	1
7236	13031	1
1705	7130	1
2616	3730	1
6752	11110	1
1897	3689	1
13099	13099	1
1538	612	1
5481	1096	1
11411	7882	1
2678	2749	1
8818	13074	1
9177	9176	1
7009	2659	1
13100	13100	1
3068	5935	1
4342	4118	1
6019	5935	1
8897	5263	1
1930	1791	1
3730	2616	1
11324	3566	1
9940	13095	1
692	2962	1
3019	4334	1
1096	5481	1
8247	6771	1
6146	3753	1
5219	6017	1
6752	2552	1
9280	9267	1
3111	2869	1
3855	4691	1
13088	447	1
5237	4334	1
5078	4968	1
10634	11094	1
13079	13079	1
9031	4692	1
2865	998	1
11117	11108	1
13101	11094	1
8144	12271	1
9076	1871	1
12173	7786	1
5711	5384	1
4199	1781	1
3699	13088	1
1005	7779	1
3717	5020	1
11751	8336	1
1389	1433	1
6122	4300	1
5234	8172	1
3163	2663	1
4652	4537	1
9249	8587	1
5258	4252	1
7079	3287	1
2116	6836	1
205	204	1
2734	1060	1
13102	3682	1
2881	2260	1
3575	5137	1
7810	3234	1
11094	10634	1
1059	4383	1
7813	7866	1
12082	4300	1
4560	4876	1
8293	2754	1
6702	7082	1
5268	5267	1
5905	2127	1
1093	7162	1
2923	5687	1
13091	13011	1
905	861	1
6343	9144	1
4418	11182	1
10968	3073	1
12134	8763	1
5678	6646	1
6613	7082	1
12795	8668	1
1361	1746	1
2962	692	1
13103	7140	1
552	10892	1
4051	6309	1
265	266	1
5497	5498	1
5742	5720	1
6286	7082	1
13088	6003	1
5798	6457	1
2725	5774	1
3909	3909	1
4300	6122	1
7931	6898	1
7011	4092	1
4092	7011	1
7907	7082	1
7236	12898	1
12456	6730	1
4341	10449	1
3368	2113	1
4300	12082	1
4801	7944	1
12961	10174	1
7615	7423	1
2646	6507	1
