5845	5653	1
3642	259	1
4250	2912	1
11256	6113	1
13136	2781	1
6343	6251	1
11094	10634	1
705	5671	1
5653	5845	1
1635	2363	1
8144	12271	1
11751	8336	1
4956	4384	1
3528	1635	1
4824	3361	1
12689	2686	1
6343	3358	1
9649	10953	1
7792	437	1
6845	6485	1
2873	5717	1
1099	2163	1
9785	5191	1
6251	6343	1
5122	3512	1
7866	7813	1
6485	6845	1
12787	4455	1
13137	9320	1
2163	1099	1
13020	12669	1
6456	5004	1
1017	1076	1
12908	7534	1
2506	9193	1
6437	7722	1
2569	7673	1
9320	13137	1
6704	2125	1
5671	705	1
10101	2781	1
9385	10836	1
8452	4384	1
11415	11563	1
4384	8452	1
709	3454	1
12606	6686	1
9380	4368	1
166	7088	1
3512	2033	1
10793	9505	1
3493	4368	1
10682	4051	1
7072	7073	1
2033	3512	1
7235	4555	1
3405	3404	1
10570	4555	1
12553	4555	1
12466	13014	1
12669	13020	1
12400	12400	1
2969	1437	1
10838	3950	1
8683	10336	1
11382	5506	1
3964	3310	1
7673	2569	1
8278	10336	1
3824	10487	1
5802	11586	1
10608	13138	1
3545	6545	1
402	1062	1
4708	4555	1
5197	6344	1
11163	13083	1
13138	10608	1
623	1461	1
8451	13077	1
7158	8121	1
13083	11696	1
3545	10634	1
12351	6316	1
11514	10335	1
8711	5427	1
265	266	1
4981	10317	1
600	601	1
11689	10415	1
6297	8017	1
2710	5233	1
7644	564	1
1508	5233	1
4485	5783	1
8222	10570	1
11618	1081	1
7872	7871	1
684	934	1
573	4415	1
689	2113	1
5455	3262	1
12116	7022	1
4084	5190	1
4983	4763	1
1081	11618	1
5142	6320	1
13139	10228	1
17	18	1
1774	4303	1
2390	5849	1
3950	10838	1
6243	7205	1
690	6169	1
5354	4944	1
12656	6320	1
9139	3030	1
10634	11094	1
9120	8903	1
2873	4930	1
3493	4930	1
7153	9767	1
7180	8903	1
12145	1869	1
4801	7944	1
8262	7863	1
9391	8680	1
9807	9695	1
7863	8262	1
12068	12067	1
9229	9229	1
10814	8903	1
10988	8903	1
744	7452	1
11403	8903	1
5796	3626	1
2734	13140	1
2585	420	1
3545	606	1
13141	2993	1
420	2585	1
1060	2734	1
13140	2734	1
3330	3347	1
4025	2666	1
4334	344	1
13142	308	1
7487	5932	1
7452	744	1
9276	10351	1
11347	3187	1
11957	12124	1
12123	11830	1
9425	7543	1
5227	2160	1
11010	12865	1
485	4044	1
9695	9807	1
1489	4062	1
7804	4062	1
12482	1608	1
7550	2260	1
8707	2675	1
6218	8049	1
4034	6445	1
5854	5515	1
10351	9276	1
3763	8261	1
8896	4115	1
9277	6377	1
9505	10793	1
968	2017	1
1338	2135	1
4084	2017	1
295	2446	1
564	905	1
7323	13000	1
6034	6022	1
166	170	1
13014	12466	1
3043	5481	1
13059	779	1
2017	4084	1
3545	3315	1
3862	13019	1
3543	8292	1
6962	13143	1
13144	13143	1
2134	7604	1
4200	4201	1
9248	8150	1
8150	9248	1
3454	8467	1
8903	10814	1
13134	3605	1
4087	5800	1
3450	3088	1
7741	5800	1
1323	1237	1
4459	1369	1
7031	5800	1
11874	11873	1
813	11791	1
2143	56	1
166	167	1
12415	918	1
1360	2872	1
4981	5206	1
10335	11514	1
8146	9108	1
8896	9012	1
9193	2506	1
4603	6211	1
13124	2325	1
3545	7108	1
2901	6429	1
11616	4352	1
592	946	1
13011	6183	1
3852	4159	1
1615	6183	1
4034	3512	1
5137	3575	1
7158	5068	1
3405	6015	1
905	564	1
9109	16	1
10318	8153	1
1227	1934	1
4679	5502	1
7903	10397	1
10163	8739	1
11113	8739	1
9178	8405	1
9425	8739	1
9477	7345	1
2135	1338	1
8031	9727	1
9109	901	1
5166	1411	1
7969	7104	1
8739	10163	1
2209	2210	1
6868	6867	1
9385	328	1
11791	813	1
5521	2778	1
968	5462	1
402	23	1
2646	6507	1
779	13059	1
8292	3543	1
6556	1050	1
9727	8031	1
13019	3862	1
4431	8724	1
12067	12068	1
8903	6507	1
13145	1084	1
1084	13145	1
562	2415	1
13146	13146	1
13019	13019	1
13054	13054	1
2325	13124	1
4366	12561	1
1642	604	1
705	5072	1
5217	6259	1
8127	4220	1
5849	2390	1
308	13142	1
3088	3450	1
9331	13142	1
4220	8127	1
6429	2901	1
1053	1709	1
2270	173	1
9398	9398	1
604	1642	1
2722	7271	1
1411	5166	1
1050	6556	1
8739	9425	1
7104	7969	1
6321	13119	1
13106	7082	1
8785	10609	1
2993	13141	1
1599	2722	1
4517	13027	1
9327	8037	1
5481	3043	1
8405	9178	1
9198	9178	1
1856	1857	1
9108	8146	1
13119	6321	1
4967	5502	1
4744	11026	1
13140	12624	1
1901	3641	1
8739	11113	1
2734	12624	1
4100	6236	1
5693	12624	1
3190	1584	1
12124	11957	1
12006	9372	1
1956	9619	1
9477	6363	1
8973	12861	1
12009	11472	1
5952	10699	1
1064	7163	1
11873	11874	1
3111	9237	1
7230	3864	1
5427	5234	1
6363	9477	1
3353	7645	1
3248	8985	1
2161	6332	1
2722	1599	1
3966	10385	1
8162	9279	1
8051	11182	1
6316	7334	1
12271	8144	1
2996	2996	1
8152	12685	1
4352	11616	1
1060	10756	1
13140	1060	1
4708	8222	1
13147	13147	1
4409	7452	1
7452	4409	1
3347	3330	1
4455	12787	1
8080	1361	1
6259	5217	1
4383	3825	1
2546	6161	1
13143	6962	1
4084	5231	1
8646	9226	1
828	9375	1
11762	6211	1
9226	8646	1
8896	1269	1
6730	12456	1
12853	4930	1
6211	11762	1
4251	3944	1
6183	7308	1
1517	5296	1
9587	13122	1
12624	2734	1
482	257	1
1607	12482	1
8137	3004	1
1608	12482	1
540	589	1
1096	5481	1
7413	5096	1
5374	3689	1
7205	4980	1
9312	6481	1
6211	6211	1
9914	1254	1
6343	9144	1
10103	12107	1
6267	1064	1
10374	9009	1
3066	6900	1
4346	4602	1
1103	3567	1
5463	11530	1
4980	7205	1
6489	6316	1
7308	6183	1
257	482	1
6321	2252	1
6317	482	1
13120	4268	1
2252	6321	1
9374	13148	1
1358	1504	1
10174	12961	1
5221	681	1
13149	425	1
4257	6648	1
4844	4469	1
3426	6840	1
425	889	1
11420	8608	1
4469	4844	1
2779	2371	1
11517	3004	1
5167	2028	1
2996	6321	1
6309	5307	1
13038	3944	1
2306	3084	1
6108	13148	1
5835	1617	1
5800	7741	1
7025	5307	1
9477	1237	1
1784	3682	1
5642	3561	1
3004	11517	1
5170	1842	1
11472	12009	1
6321	2996	1
9620	10781	1
4495	1408	1
3297	11455	1
5518	3785	1
13150	8181	1
2672	3225	1
3682	1784	1
13151	12466	1
525	375	1
7920	4195	1
8844	4326	1
1677	1176	1
13152	13153	1
1226	11100	1
9402	4778	1
9031	4692	1
11568	12539	1
13154	12983	1
4994	1545	1
11152	918	1
5296	1517	1
10389	9251	1
13155	13155	1
7665	1937	1
946	592	1
5341	12539	1
10455	9021	1
10284	11628	1
9109	3912	1
9605	1800	1
4525	2802	1
13156	6370	1
1810	4147	1
8903	11403	1
13157	13157	1
3682	3682	1
7334	6206	1
8644	8891	1
6784	6206	1
276	3239	1
2237	2517	1
328	9385	1
1499	2810	1
855	670	1
3171	3303	1
3084	2306	1
4066	950	1
11334	2194	1
9113	7423	1
8724	4431	1
5206	4981	1
10317	4981	1
6211	3303	1
11762	3303	1
11771	3480	1
2735	3303	1
11936	9550	1
9477	1134	1
6119	9888	1
13150	423	1
8810	6562	1
4368	9380	1
9717	12483	1
13158	13158	1
13159	3162	1
6015	3405	1
10699	5952	1
4326	8844	1
3059	7651	1
5374	7083	1
2179	2811	1
10341	3306	1
7624	5075	1
402	4485	1
5411	6433	1
5783	4485	1
6343	11044	1
918	12415	1
3545	4138	1
13160	13160	1
4726	4984	1
4984	4726	1
13161	13161	1
402	1108	1
4346	7810	1
968	1108	1
101	1852	1
5072	705	1
4226	11681	1
3284	8052	1
13150	9346	1
2325	2083	1
7810	4346	1
11062	8772	1
4092	9888	1
5811	4021	1
11995	12060	1
4980	10907	1
5329	4980	1
12421	2360	1
2322	12978	1
12280	12060	1
13162	2077	1
13163	13163	1
8261	2935	1
9766	12507	1
3512	5122	1
2198	7082	1
3430	9589	1
950	4066	1
7501	9239	1
3383	5197	1
7060	9589	1
10570	8222	1
13164	9499	1
2578	9936	1
3897	4341	1
9714	4518	1
11960	12060	1
9239	7501	1
9503	812	1
6247	5717	1
5191	9785	1
5197	3383	1
8492	4724	1
4518	9714	1
13165	524	1
6711	1266	1
13150	2163	1
598	6862	1
968	6953	1
402	6733	1
11606	8958	1
3689	5374	1
7083	5374	1
271	272	1
10654	8948	1
8052	3284	1
6218	5729	1
52	3229	1
10389	7860	1
4724	8492	1
3077	9041	1
1937	7665	1
402	1378	1
9731	12741	1
9270	6200	1
5584	4686	1
5861	6922	1
5922	5	1
1358	3284	1
8903	7180	1
1599	6213	1
3545	2480	1
7423	9365	1
3405	6769	1
6169	4351	1
3077	6390	1
1163	2480	1
1585	4353	1
10420	4836	1
10935	11797	1
3303	6211	1
8404	4883	1
11606	11606	1
2722	1612	1
9936	2578	1
812	9503	1
1635	3528	1
3785	1842	1
10123	9456	1
1041	9503	1
5693	6211	1
7082	12958	1
5517	6211	1
3555	6211	1
3302	2902	1
1064	6267	1
7032	6211	1
6236	4100	1
3284	1358	1
10385	3966	1
9470	6146	1
6332	2161	1
10273	11730	1
8699	8668	1
10759	2096	1
11645	1937	1
13166	13166	1
2077	13162	1
2802	4525	1
3926	486	1
11387	3479	1
9863	10423	1
10920	2343	1
9479	5475	1
6316	12351	1
7560	7644	1
4288	3361	1
8355	2803	1
6197	12051	1
3567	1103	1
2185	13146	1
11762	11010	1
4949	5161	1
1081	997	1
328	2776	1
2247	4898	1
13167	13168	1
12051	6197	1
9207	7644	1
2480	3545	1
2832	2843	1
4138	3545	1
2776	328	1
7796	6765	1
2348	2349	1
1897	2480	1
7407	10938	1
12266	12266	1
7108	3545	1
6687	10471	1
6492	2480	1
12072	5475	1
1585	5242	1
3315	3545	1
1705	7130	1
5475	9479	1
930	7644	1
606	3545	1
5034	5034	1
11379	11816	1
6545	3545	1
10634	3545	1
7492	6752	1
6765	7796	1
2894	186	1
8985	3248	1
1933	1266	1
5318	11372	1
2585	1099	1
12327	12328	1
4836	4950	1
6268	2480	1
8944	3994	1
3994	8944	1
1099	2585	1
13169	8728	1
283	680	1
7179	7731	1
2935	8261	1
6415	8412	1
9539	889	1
7731	7179	1
9279	8162	1
4726	4676	1
5883	3566	1
11182	8051	1
5386	13119	1
9251	10389	1
4944	5354	1
10457	10208	1
9503	1041	1
2896	3269	1
8619	10738	1
5415	11297	1
1117	5155	1
6211	7032	1
2295	3544	1
4950	4836	1
5904	5374	1
6108	7810	1
3978	5125	1
8056	13170	1
7205	6243	1
5922	11559	1
10938	7407	1
271	328	1
5033	5017	1
13031	9896	1
12010	8844	1
5341	868	1
5932	7487	1
3512	4034	1
13018	663	1
1586	518	1
8881	13171	1
7487	7488	1
6811	7056	1
4415	573	1
5307	6309	1
287	322	1
9477	10736	1
13172	3938	1
7597	7642	1
3202	9239	1
3121	2260	1
6146	6649	1
1943	11734	1
623	622	1
8948	10654	1
2873	8141	1
10614	2004	1
9388	11734	1
2383	1562	1
7022	12116	1
5843	12832	1
8141	2873	1
4882	6031	1
12200	12194	1
12741	9731	1
5234	4939	1
8548	10380	1
5121	5120	1
1740	8141	1
9239	7469	1
9144	6343	1
11044	6343	1
3507	5804	1
10738	8619	1
7026	12249	1
863	564	1
5804	3507	1
11536	9425	1
11816	11379	1
3767	8619	1
1585	2824	1
5120	5121	1
968	4505	1
5475	12072	1
8092	5797	1
6080	5161	1
4696	10634	1
7922	8210	1
2364	6934	1
4250	6700	1
10574	1134	1
6247	2873	1
6027	6027	1
10389	6564	1
4062	7804	1
414	13173	1
13111	1584	1
13167	13152	1
12842	546	1
2465	3634	1
13153	13152	1
5800	4087	1
8903	6934	1
7053	6985	1
4141	8681	1
8619	3767	1
6985	7053	1
6183	13011	1
4709	3298	1
11297	5415	1
7291	5084	1
8830	3853	1
1043	5084	1
2611	889	1
6433	5411	1
1357	9589	1
4062	5411	1
2480	6492	1
1665	1130	1
5084	1043	1
536	5253	1
6952	13011	1
8017	6297	1
4215	5354	1
276	2294	1
9896	13031	1
11010	11762	1
5047	3450	1
6122	4300	1
7236	13031	1
7228	12773	1
1791	1930	1
12674	10968	1
6649	6146	1
10067	12194	1
5414	4789	1
987	579	1
13156	13174	1
5047	7082	1
5084	7291	1
9550	11936	1
7056	6811	1
3021	10968	1
10968	3021	1
4586	5490	1
12469	6022	1
