9113	7423	1
11573	7625	1
9213	7423	1
3512	4034	1
9365	7423	1
3512	3512	1
5259	7423	1
3704	2897	1
7082	6286	1
623	4917	1
12110	6564	1
6286	7082	1
11831	6243	1
6380	6234	1
239	4383	1
1438	12567	1
204	205	1
6260	4282	1
5231	4084	1
9144	6343	1
11197	9287	1
7423	5090	1
4691	3855	1
6122	4300	1
12533	8639	1
3762	6135	1
10920	2343	1
3825	4383	1
4485	4930	1
6539	11800	1
3073	10968	1
1059	4383	1
12399	10023	1
5904	5374	1
12958	7082	1
2446	295	1
12544	7868	1
6309	7907	1
10968	3073	1
2873	4930	1
4383	5774	1
8903	11387	1
625	5062	1
1108	3645	1
10243	5932	1
13104	4332	1
4905	1188	1
1112	7944	1
6867	11696	1
6181	6355	1
11630	1903	1
4905	4930	1
2192	12842	1
10836	9385	1
2198	7082	1
12124	11957	1
9903	3027	1
7624	11194	1
4205	4206	1
392	5062	1
3287	3288	1
3413	605	1
9411	7085	1
2611	12154	1
3288	3287	1
10713	6577	1
12946	4333	1
9215	9759	1
1643	5016	1
3088	7543	1
5351	5188	1
13020	12669	1
9731	13105	1
623	371	1
8521	12496	1
5188	9230	1
4294	4303	1
4257	6119	1
564	8335	1
13106	7082	1
1956	13107	1
7082	13106	1
7061	3183	1
4383	1059	1
4205	6700	1
4905	8421	1
12837	4174	1
2749	488	1
252	6022	1
10968	3021	1
6135	3762	1
10220	12093	1
5642	3561	1
6809	4434	1
2163	1099	1
5424	12108	1
2734	1060	1
5485	3561	1
1060	2734	1
9230	5188	1
6190	12855	1
3021	10968	1
4205	2203	1
4034	7570	1
5353	5027	1
9390	7570	1
426	5359	1
9120	8903	1
13108	12777	1
3512	2033	1
12065	12066	1
4282	6260	1
5979	905	1
8172	5234	1
4905	6845	1
6485	6845	1
3082	5282	1
601	705	1
322	287	1
6845	6485	1
946	592	1
11387	8903	1
12970	5423	1
10968	6485	1
10814	8903	1
12726	12727	1
12682	11911	1
7952	6193	1
13097	13097	1
2969	1437	1
6771	8247	1
7423	9213	1
3966	10385	1
2873	6932	1
8987	2109	1
12336	7360	1
1112	4721	1
623	2901	1
12716	2072	1
7423	12481	1
1647	10900	1
12373	12373	1
9695	9807	1
6545	12340	1
4375	7543	1
6003	13088	1
3559	2051	1
13088	3699	1
9807	9695	1
2119	5167	1
2027	5167	1
3559	4239	1
3699	13088	1
11108	11117	1
7744	13109	1
4905	5935	1
4342	4117	1
10385	3966	1
4205	13097	1
4364	4365	1
4905	6177	1
4905	4362	1
300	12751	1
888	887	1
623	6427	1
173	4032	1
12443	5740	1
13097	4205	1
1064	7163	1
1509	1009	1
10447	9489	1
2715	4087	1
12267	12011	1
11534	7004	1
11273	8880	1
4300	6122	1
13110	12249	1
1705	7130	1
2940	515	1
7260	515	1
3559	3746	1
7004	4282	1
10577	3514	1
5137	3575	1
4578	10933	1
2627	2589	1
4830	2589	1
2242	2589	1
13111	6668	1
2355	2589	1
692	2962	1
3689	1897	1
9193	2506	1
4905	5588	1
3237	422	1
4282	7004	1
4345	4346	1
8335	564	1
2550	3028	1
10579	6952	1
3068	996	1
9234	2506	1
3514	10577	1
2589	770	1
7704	7705	1
1871	9076	1
12507	9766	1
8707	3170	1
4905	8723	1
9353	2762	1
2348	2349	1
5221	681	1
3353	564	1
905	564	1
5545	1886	1
5343	1349	1
4054	3124	1
8292	964	1
2051	1558	1
2758	10332	1
10930	10634	1
2331	8014	1
4084	5231	1
13112	10335	1
1810	4582	1
4905	5411	1
2116	6836	1
8903	9120	1
3817	3166	1
612	1538	1
3559	3920	1
6234	6380	1
3066	3826	1
7442	7443	1
12415	918	1
4368	9380	1
11510	943	1
5263	8897	1
7602	2085	1
9267	9280	1
7370	895	1
10140	7443	1
11076	3262	1
1566	8173	1
13111	3190	1
3966	3965	1
5981	6155	1
4095	2812	1
8447	11315	1
5671	705	1
623	3059	1
3079	2085	1
6577	10713	1
190	95	1
10408	11542	1
3234	7810	1
3532	3307	1
5735	11102	1
5027	7916	1
8819	10742	1
12067	12068	1
375	10742	1
12828	12829	1
10781	9620	1
11117	11108	1
9084	10742	1
7995	12197	1
1134	5678	1
13105	9731	1
6646	5678	1
9251	10389	1
374	10742	1
9193	10742	1
269	12790	1
10758	11406	1
8379	12197	1
5411	4905	1
12023	2511	1
6211	4603	1
4205	11406	1
9872	10742	1
4582	1810	1
623	5136	1
8903	10814	1
4905	9268	1
2047	6059	1
9239	7469	1
7163	1064	1
692	692	1
887	888	1
9104	8194	1
1022	12010	1
8739	10163	1
12010	1022	1
8254	11421	1
7831	10713	1
10570	4555	1
7235	4555	1
328	272	1
2511	12023	1
4101	9863	1
4905	5710	1
2243	4673	1
4051	10682	1
13014	12466	1
4251	3944	1
7140	13103	1
7761	8488	1
8302	1266	1
13113	12496	1
6637	4444	1
3559	527	1
4905	6321	1
5423	12970	1
2941	4126	1
2735	4528	1
6959	813	1
3523	5862	1
2085	7602	1
11791	813	1
3642	1997	1
2942	2492	1
5	27	1
2611	2282	1
918	12415	1
4706	4707	1
11957	12124	1
8105	5331	1
1112	651	1
7625	11573	1
6123	10811	1
3165	2556	1
5825	6185	1
5445	4408	1
623	1854	1
6236	4100	1
6205	5934	1
1997	3642	1
5705	1854	1
6185	11883	1
6185	5825	1
4205	8290	1
5445	5774	1
12777	13108	1
6918	1361	1
13114	7639	1
228	735	1
1852	101	1
4095	2316	1
9863	4101	1
8254	966	1
7004	5418	1
12790	269	1
12787	4455	1
1506	1055	1
2605	11865	1
12271	8144	1
4506	6062	1
12441	12441	1
1338	3996	1
8157	6062	1
10811	6123	1
2970	5583	1
5526	4221	1
6038	2935	1
1617	5835	1
4205	13115	1
1112	5819	1
7082	6613	1
6613	7082	1
4981	5206	1
8507	12051	1
9223	12929	1
5835	1617	1
1358	3284	1
4481	12713	1
10507	12051	1
8639	12533	1
8336	11751	1
3284	1358	1
11751	8336	1
4116	1009	1
4905	2484	1
6400	10890	1
3996	1338	1
7469	8571	1
7744	9619	1
4905	5307	1
488	1514	1
6251	4930	1
7639	13114	1
4517	13027	1
3426	6840	1
11820	3688	1
13116	2861	1
13117	13117	1
3669	7656	1
4905	7308	1
2861	13116	1
21	4930	1
1179	1810	1
7656	3669	1
4431	2076	1
6840	3426	1
9041	3077	1
6962	8533	1
4205	1550	1
2970	2745	1
1584	3190	1
1053	1709	1
2754	8293	1
4272	8533	1
3190	1584	1
623	5013	1
3642	75	1
4504	4122	1
5952	10699	1
2776	328	1
7570	4034	1
8233	6864	1
1055	1506	1
5481	3043	1
12340	6545	1
2316	3851	1
11511	13118	1
2283	13119	1
1962	3871	1
3297	11455	1
9067	10507	1
12051	10507	1
3923	13117	1
8763	12134	1
13120	13120	1
964	8292	1
2383	4355	1
11102	5735	1
2699	10687	1
2616	649	1
11455	3297	1
1608	12482	1
6897	4020	1
705	601	1
13121	6864	1
12612	12612	1
3559	5565	1
8785	10609	1
4087	12660	1
5723	4006	1
9280	9267	1
9425	7543	1
1607	12482	1
4455	12787	1
5525	11237	1
3077	9041	1
623	9707	1
4355	2383	1
6113	11256	1
12656	6320	1
5142	6320	1
6867	6868	1
12644	2386	1
11237	5525	1
13122	13122	1
623	5705	1
2421	5722	1
12134	8763	1
6868	6867	1
6320	12656	1
12051	8507	1
2585	420	1
420	2585	1
5441	12479	1
564	3353	1
12660	4087	1
9279	11163	1
10389	9251	1
3217	5187	1
9120	9251	1
13123	10615	1
705	5072	1
13118	11511	1
13124	10615	1
1854	2228	1
5835	9389	1
7693	11572	1
9369	6193	1
4051	6309	1
7907	6309	1
425	889	1
425	2446	1
9239	6309	1
4869	6424	1
6309	9239	1
13086	13087	1
1096	1517	1
1358	1504	1
13076	13076	1
590	9273	1
2282	2611	1
11297	5415	1
510	7791	1
9128	7481	1
3645	1273	1
1912	1910	1
206	2242	1
1900	6270	1
6062	4506	1
813	6959	1
4640	8017	1
3965	3966	1
2228	1854	1
1509	5197	1
3871	1962	1
10615	13124	1
12567	1438	1
1043	5197	1
3768	7764	1
7791	510	1
4921	7592	1
11182	8051	1
6864	13121	1
4383	8931	1
5197	1043	1
2636	5360	1
12466	13014	1
6270	1900	1
4380	3038	1
8050	8051	1
7423	9113	1
884	2445	1
2585	8614	1
5206	4981	1
5167	2119	1
10882	10882	1
13125	13125	1
13031	9896	1
2897	3704	1
623	3803	1
10415	5234	1
9273	590	1
5234	10415	1
805	1686	1
12482	1607	1
1608	1607	1
7764	3768	1
159	1761	1
6257	2863	1
4084	5190	1
9176	9177	1
11459	3704	1
5120	5121	1
7592	460	1
5800	4087	1
10699	5952	1
5286	460	1
5856	10570	1
5160	5160	1
12741	9731	1
5517	5229	1
13126	13126	1
2481	3786	1
95	190	1
10838	3950	1
6185	11483	1
2745	2970	1
920	1005	1
5072	705	1
3512	5122	1
9477	10574	1
5909	1345	1
12483	9717	1
5854	5515	1
4087	2715	1
5307	10576	1
10404	5227	1
460	5286	1
3027	9903	1
2962	692	1
12929	9223	1
13127	13127	1
1117	5155	1
10228	6056	1
10145	2979	1
8137	5825	1
317	7785	1
3800	7626	1
5515	5854	1
1112	1378	1
5826	5825	1
13084	10464	1
8092	5893	1
4034	6445	1
6686	12606	1
5039	9925	1
10317	4981	1
12669	13020	1
7085	9411	1
4905	11734	1
5943	4948	1
3454	709	1
584	5335	1
5366	12779	1
936	12116	1
7143	12413	1
295	107	1
8619	2364	1
6374	1266	1
12413	7143	1
4832	4692	1
691	12911	1
1897	6863	1
6556	1175	1
3912	2673	1
4205	7446	1
7022	12116	1
1031	10767	1
7334	6316	1
5234	11121	1
3450	5090	1
3830	131	1
2043	2863	1
9966	10319	1
4415	573	1
4763	4983	1
6864	11625	1
13128	6790	1
4333	12946	1
5267	5268	1
10609	8785	1
6316	12351	1
2386	12644	1
3543	8292	1
5893	8092	1
3088	3450	1
13129	5466	1
11816	11379	1
7731	7179	1
6668	13111	1
4905	7767	1
8292	3543	1
2017	5462	1
13000	7323	1
2606	4809	1
5307	6309	1
2677	6052	1
8076	12537	1
4905	6539	1
9251	9120	1
5722	6052	1
13130	6564	1
4956	4384	1
4384	4956	1
6052	2677	1
3559	4868	1
13104	9732	1
5811	4021	1
4201	4200	1
4862	3587	1
10570	8222	1
9237	3358	1
2017	12173	1
5234	8172	1
9732	13104	1
4205	8336	1
11256	6113	1
3626	4876	1
1175	6556	1
4118	4342	1
13122	7073	1
8824	10569	1
1996	3547	1
4117	4342	1
12051	6197	1
4981	10317	1
7651	2520	1
7072	7073	1
5020	3717	1
12173	2017	1
11530	5463	1
10767	1031	1
6052	5722	1
11199	1316	1
89	7046	1
564	7644	1
1005	7779	1
5463	11530	1
10374	10374	1
11324	2371	1
12372	3426	1
563	7644	1
4905	9876	1
7108	3545	1
6226	7152	1
3426	3426	1
553	4531	1
11873	11874	1
2868	4531	1
6259	5217	1
4126	2941	1
13131	13131	1
976	4866	1
8802	8975	1
10066	8966	1
6343	9144	1
12491	5385	1
5217	4409	1
8071	10411	1
7004	8544	1
1926	4498	1
13132	13132	1
8223	464	1
5678	6646	1
1034	7665	1
4522	2902	1
5068	7158	1
10570	5856	1
7179	7731	1
4905	5856	1
4205	6344	1
4409	5217	1
1635	8035	1
8975	8802	1
4342	4342	1
3575	5137	1
8121	7158	1
5142	7158	1
5932	10243	1
3695	12470	1
284	285	1
9376	9377	1
9381	7535	1
3186	5090	1
3950	10838	1
2330	7158	1
9048	7158	1
10687	2699	1
1112	2204	1
4905	6765	1
10929	12491	1
3759	2260	1
6724	12491	1
460	410	1
5578	795	1
4778	9402	1
10982	10783	1
795	5578	1
3742	3742	1
460	7592	1
9480	9554	1
4303	4294	1
13133	13134	1
11231	11231	1
10252	9554	1
9076	1871	1
3528	1635	1
6320	5142	1
1635	3528	1
10335	11514	1
7158	5142	1
11702	7734	1
3262	5455	1
7071	8671	1
2425	1704	1
11608	11608	1
3168	3167	1
7534	12908	1
8536	1396	1
10574	9477	1
9431	8018	1
680	283	1
10109	4922	1
7452	744	1
4409	7452	1
13135	13135	1
4922	10109	1
4647	7969	1
1169	1182	1
2169	564	1
3559	6903	1
7452	4409	1
5041	6361	1
6934	2364	1
3855	4691	1
10087	3932	1
601	600	1
1446	10357	1
