4157	8369	1
5257	425	1
13020	12669	1
9861	91	1
12795	12630	1
8141	1740	1
11797	10935	1
8824	8031	1
1577	3753	1
993	8369	1
7082	1378	1
12318	12606	1
13038	3932	1
4910	4812	1
5173	12484	1
12630	12795	1
11343	8369	1
13145	1084	1
70	95	1
6228	6227	1
13150	11645	1
1364	2282	1
4167	6372	1
4384	5835	1
5297	5774	1
6898	7931	1
5843	5844	1
5854	5601	1
5835	4384	1
12466	13014	1
5854	6456	1
4799	7944	1
10865	4414	1
13211	13212	1
4577	2873	1
2480	6492	1
12606	12318	1
9105	6564	1
1514	488	1
12669	6361	1
13146	2185	1
12544	7868	1
5041	6361	1
1588	4073	1
3689	5374	1
9009	10639	1
12669	13020	1
444	76	1
10615	9412	1
5133	4857	1
2330	6361	1
7366	6361	1
6212	6499	1
8262	2973	1
645	573	1
6343	11044	1
9412	10615	1
2364	8191	1
4432	6022	1
11128	12326	1
10582	10715	1
6372	4167	1
13213	12991	1
11797	3647	1
4603	4384	1
6489	6316	1
850	95	1
8768	5612	1
3172	13149	1
13101	9371	1
1620	5720	1
9785	5191	1
8252	8123	1
2282	1364	1
13183	11034	1
3056	878	1
1552	13188	1
9080	8548	1
6316	6489	1
5374	3109	1
322	287	1
4282	6260	1
11618	1081	1
3493	4930	1
6146	9470	1
1132	4196	1
12991	5948	1
3471	4704	1
6816	7235	1
2870	1485	1
2611	889	1
425	889	1
4288	3361	1
11415	11563	1
9408	3499	1
8328	6490	1
5351	5188	1
9105	9105	1
5047	7543	1
2865	998	1
5893	7543	1
13140	13140	1
2416	3550	1
12116	705	1
4884	5721	1
10330	8031	1
1584	849	1
5166	1411	1
5887	5887	1
13150	2095	1
5818	6113	1
10760	4007	1
2973	8262	1
10639	9009	1
10935	11797	1
4816	583	1
4250	3775	1
2467	3792	1
7895	11164	1
8671	7071	1
1016	2229	1
12751	9594	1
4765	4217	1
5427	8711	1
12736	8711	1
1016	875	1
1289	2962	1
8505	11205	1
4984	4726	1
3751	4793	1
2348	2349	1
998	2865	1
2962	1289	1
7645	12751	1
9594	12751	1
849	1584	1
12890	13214	1
1016	930	1
8451	8867	1
12214	770	1
4411	9014	1
6556	1175	1
4432	5532	1
6391	3185	1
13019	2248	1
12688	12006	1
5301	12456	1
11416	12006	1
4989	6270	1
12520	12006	1
10945	12006	1
1934	1227	1
12597	12006	1
12598	12006	1
1037	6647	1
8534	12006	1
11645	13150	1
13149	3172	1
12666	8899	1
3575	5137	1
12007	12006	1
10833	12006	1
10457	12006	1
2095	13150	1
3893	8899	1
396	12917	1
5854	4457	1
4884	4457	1
8899	6649	1
3753	6649	1
3837	9807	1
2873	4577	1
6649	8899	1
1142	1508	1
7521	11344	1
7031	5800	1
11762	3303	1
5137	3575	1
7741	5800	1
9248	9248	1
10753	4294	1
2185	13146	1
13215	4195	1
8989	342	1
11952	4439	1
5301	4439	1
7066	10128	1
9073	6203	1
11610	9076	1
12467	12870	1
9687	7446	1
8093	12095	1
12856	9754	1
12913	9754	1
3475	9754	1
4704	3471	1
11857	11930	1
3352	7446	1
12608	9754	1
4538	13046	1
9104	8194	1
805	13046	1
5296	1517	1
6017	3088	1
6562	8896	1
5188	5351	1
3532	3307	1
8159	5825	1
12005	12005	1
7858	6107	1
13046	805	1
5411	6421	1
6146	3754	1
9044	2200	1
4439	11952	1
3893	3754	1
8683	10336	1
5227	10695	1
4906	6421	1
8711	12736	1
13216	6654	1
5047	6421	1
5266	1619	1
7309	10634	1
4158	6421	1
7651	3059	1
3068	6421	1
5506	11382	1
8552	13217	1
8315	8839	1
6485	6421	1
6360	6421	1
9930	6421	1
1220	985	1
12832	9248	1
12953	12271	1
9300	11272	1
4432	5149	1
4241	7450	1
13218	13218	1
6421	7543	1
5268	5268	1
4851	2434	1
1051	4851	1
1391	1452	1
946	4814	1
3109	5374	1
12217	3332	1
5218	9113	1
7235	6816	1
6212	5888	1
13219	5380	1
4851	1051	1
8707	9113	1
5380	13219	1
5857	5824	1
11451	9690	1
1619	5266	1
2833	2832	1
5547	2652	1
11769	12361	1
3233	6411	1
11762	11010	1
3545	4660	1
7209	5354	1
1134	4647	1
1348	1348	1
7446	9687	1
8228	9390	1
9693	12536	1
6353	6187	1
12456	5301	1
9368	9368	1
9690	11451	1
4439	5301	1
11010	11762	1
6212	5301	1
140	3481	1
11455	3297	1
2532	1162	1
1207	4079	1
2768	1501	1
9113	5218	1
2352	4270	1
1452	1391	1
906	1266	1
4270	2352	1
2659	1675	1
3004	8137	1
4034	4851	1
4851	4034	1
5085	9612	1
1933	1266	1
13104	13104	1
6613	1501	1
21	12814	1
564	2169	1
9515	12677	1
5778	9311	1
9390	8228	1
8369	9515	1
13140	2734	1
6706	5307	1
6421	4158	1
2753	5566	1
7446	3352	1
8049	6218	1
5729	6218	1
2935	835	1
5042	9680	1
385	2578	1
2422	4029	1
8137	3004	1
5637	2446	1
9235	8600	1
385	9941	1
3970	7384	1
564	863	1
2734	3170	1
835	2935	1
2874	2935	1
7831	12456	1
1091	3795	1
2122	2186	1
9941	385	1
2935	2874	1
4029	2422	1
8976	8763	1
6380	4735	1
1010	12748	1
13220	10108	1
4956	4384	1
4384	8452	1
3170	2734	1
3043	3302	1
8452	4384	1
1358	1504	1
9488	8008	1
6337	1624	1
4384	4956	1
8924	8925	1
12494	6282	1
9687	7089	1
9258	8790	1
2125	7492	1
4950	4836	1
8739	11113	1
5678	4883	1
3481	140	1
689	1886	1
2734	13140	1
3177	11113	1
13221	13222	1
12842	2192	1
13042	13042	1
12624	13140	1
5411	4905	1
13223	13223	1
13224	770	1
10108	13220	1
1084	13145	1
6007	6008	1
6190	11530	1
8925	8924	1
9973	2192	1
7089	9687	1
10109	4922	1
3662	5526	1
9022	10389	1
6185	11483	1
385	4389	1
7744	9619	1
8545	9587	1
3523	4555	1
2071	13225	1
2776	271	1
3992	5503	1
13226	13227	1
6037	6056	1
449	6722	1
2891	4851	1
11135	5234	1
9251	10389	1
9957	6765	1
13228	2294	1
385	17	1
11272	9300	1
13140	12624	1
2623	3816	1
6185	11883	1
9113	8707	1
7853	6337	1
11669	12843	1
4836	4950	1
8899	3893	1
6212	9325	1
13229	13219	1
9687	7825	1
6421	9930	1
13219	13229	1
1029	1029	1
7644	9207	1
6493	3433	1
6134	1813	1
9325	6212	1
9581	9067	1
5301	6212	1
12421	9730	1
13229	8591	1
4365	4364	1
13137	9320	1
8735	8492	1
905	5979	1
11113	3177	1
5381	10387	1
13046	4538	1
12416	8790	1
12464	6506	1
8152	9009	1
9009	8152	1
13230	13097	1
4445	8492	1
663	13018	1
7940	7262	1
5648	11031	1
4235	4235	1
8852	2578	1
3433	6493	1
2017	824	1
2578	8852	1
12748	1010	1
4409	3950	1
1667	4789	1
13219	6782	1
6893	5849	1
6337	7853	1
2565	8548	1
2672	3225	1
1160	1019	1
7259	4187	1
5617	3153	1
9051	9051	1
5695	2641	1
6107	4021	1
3450	6245	1
11077	12233	1
5234	11135	1
6245	3450	1
11657	10208	1
8676	10387	1
2871	4377	1
6769	3405	1
1031	10767	1
5893	4375	1
2660	3788	1
13231	2480	1
4934	3225	1
2086	6492	1
3225	4934	1
13104	3137	1
6492	2480	1
13018	663	1
11956	2192	1
5390	10208	1
1361	8080	1
3445	2941	1
5374	3689	1
8547	6151	1
4986	131	1
13232	13233	1
2734	1060	1
12545	9863	1
9314	3950	1
6810	6059	1
10663	2941	1
2843	2832	1
529	529	1
7739	11598	1
3729	6147	1
11598	7739	1
8008	9488	1
1491	1135	1
11403	11387	1
2804	1135	1
6985	3479	1
4742	5271	1
6867	6868	1
328	272	1
12174	6868	1
8192	6059	1
1108	2065	1
1586	500	1
1517	1241	1
2940	1401	1
612	5730	1
6868	9009	1
9470	6146	1
9009	6868	1
3682	13102	1
3754	6146	1
6322	536	1
12067	12068	1
8194	9104	1
12751	7645	1
11485	3754	1
5307	12056	1
3479	6985	1
3824	2454	1
4020	10054	1
10660	10661	1
4375	5893	1
12536	9693	1
6218	5729	1
5509	5729	1
8976	8976	1
8763	8976	1
4485	5890	1
4217	4765	1
5890	4485	1
1538	550	1
8695	13234	1
4749	2873	1
11060	11060	1
8452	7484	1
13235	13235	1
10397	4757	1
2748	2748	1
12095	7484	1
7484	12095	1
9128	7481	1
5854	7487	1
12580	7481	1
2911	7481	1
1446	698	1
490	10788	1
4255	4274	1
4757	10397	1
3489	3502	1
11470	9888	1
7484	8452	1
5616	7821	1
6457	5798	1
9730	12421	1
6253	9277	1
13123	10615	1
13236	13236	1
5988	4940	1
4432	7998	1
7596	7596	1
12456	7831	1
10231	8680	1
6868	5793	1
9368	8490	1
8341	4499	1
6646	7408	1
6212	8676	1
5188	1064	1
3297	11455	1
10615	13123	1
1064	5188	1
5853	2415	1
5227	2160	1
12056	5307	1
13187	13187	1
3816	3384	1
5231	4084	1
2017	4084	1
13237	9997	1
2209	2210	1
7215	7625	1
5332	3754	1
6789	11405	1
8092	11405	1
5990	2813	1
4922	10109	1
4087	12660	1
1019	1160	1
3754	11485	1
10569	12650	1
3950	9314	1
4577	1532	1
705	12116	1
4525	500	1
3754	5332	1
6432	4721	1
1224	500	1
1446	1902	1
7022	12116	1
12755	5641	1
6211	3555	1
271	272	1
3370	6765	1
9581	9069	1
5172	5976	1
7791	10054	1
10054	7791	1
2420	1009	1
2765	899	1
12466	1841	1
1299	899	1
4525	10574	1
6185	5826	1
6868	12174	1
7993	10677	1
1757	932	1
4274	4255	1
6810	10054	1
4251	6507	1
10335	11514	1
1357	9589	1
5854	3083	1
5155	1117	1
9715	5184	1
7423	9213	1
10179	7425	1
13238	4713	1
1182	8321	1
11814	11814	1
5537	13239	1
3405	6769	1
13240	13105	1
6927	13149	1
8813	2236	1
10767	1031	1
12326	11128	1
1411	5166	1
6169	690	1
