4485	5783	1
7082	5047	1
13020	6361	1
11379	11816	1
5047	7082	1
6485	10968	1
6934	2364	1
10890	12484	1
7089	9687	1
2569	7673	1
12469	6022	1
7825	9687	1
13056	13056	1
13175	13175	1
2383	6385	1
7267	12469	1
11816	11379	1
3021	10968	1
173	2270	1
11797	3647	1
10968	3021	1
4981	5206	1
821	5659	1
4250	5699	1
7120	6721	1
12624	12561	1
10736	9477	1
13011	6952	1
3088	6017	1
2585	1181	1
1181	2585	1
1619	5266	1
8739	12606	1
4259	2595	1
91	9861	1
5266	1619	1
5988	4940	1
6122	4300	1
7082	1378	1
240	438	1
1617	5835	1
10611	8144	1
6812	9511	1
4655	6454	1
5490	4586	1
1508	5233	1
13142	9331	1
8050	3024	1
4274	4255	1
4383	5774	1
2873	9472	1
8191	2364	1
10651	9281	1
4368	3493	1
4950	4836	1
40	564	1
3056	878	1
8393	9229	1
9620	1843	1
546	12842	1
9239	1532	1
2047	6059	1
1532	9239	1
4485	5877	1
3450	5047	1
4370	708	1
2480	1163	1
3512	8845	1
6932	11167	1
7469	9239	1
8845	3512	1
4303	3851	1
8247	4007	1
9431	4980	1
6602	1163	1
1973	6021	1
635	3121	1
13176	12886	1
5133	4857	1
10778	8903	1
11849	7088	1
1059	5774	1
2884	2611	1
7230	6175	1
9402	6316	1
3121	635	1
3330	3347	1
3668	1523	1
12886	13176	1
4586	5490	1
7831	2346	1
9425	8739	1
12606	8739	1
3849	6329	1
10968	6485	1
2412	781	1
3347	3330	1
9239	7469	1
3512	3512	1
878	3056	1
4084	5190	1
6146	9470	1
6932	6932	1
11834	11834	1
13123	10615	1
9412	10615	1
10615	13123	1
1872	4374	1
3458	4181	1
3240	6301	1
13177	6301	1
1173	6556	1
6845	6485	1
1517	5296	1
6485	6845	1
1872	1099	1
4003	5695	1
6321	2873	1
7810	6108	1
6354	2873	1
9727	4038	1
7469	8814	1
4034	3512	1
3337	5326	1
8814	7469	1
6893	5849	1
4729	5869	1
5869	4729	1
9021	10455	1
8903	10778	1
10349	10634	1
5489	1599	1
170	166	1
10220	12093	1
1872	5934	1
1907	2873	1
7831	1008	1
12469	7267	1
9239	3202	1
6236	8052	1
530	1029	1
680	283	1
13178	8826	1
3964	1378	1
12116	7022	1
10232	3487	1
11033	11034	1
12082	2109	1
5166	1411	1
2611	889	1
10284	12079	1
2734	13140	1
1411	5166	1
12624	13140	1
13140	13140	1
6549	6518	1
4560	4876	1
524	13165	1
4007	8247	1
130	822	1
8222	8031	1
8031	8222	1
13179	13179	1
13180	13181	1
4414	10865	1
3121	2260	1
7126	2260	1
13157	13157	1
7842	1207	1
13011	6183	1
4389	1998	1
13182	6429	1
13159	13159	1
342	700	1
9374	11223	1
5357	7715	1
5221	681	1
12913	9754	1
3297	11455	1
283	680	1
10634	4696	1
3507	5804	1
8028	756	1
342	3581	1
7767	5993	1
342	246	1
10001	1405	1
11372	5318	1
5699	4250	1
10389	9251	1
1509	1009	1
7602	2085	1
7665	1937	1
166	170	1
1592	5171	1
3912	5608	1
8844	12010	1
8146	9108	1
756	8028	1
1396	8536	1
4300	6122	1
5608	3912	1
8707	3170	1
7831	6035	1
4836	4950	1
10865	3246	1
3177	11113	1
220	5244	1
4087	5800	1
5800	4087	1
1843	9620	1
7308	6183	1
12484	10890	1
12948	2275	1
3519	167	1
6769	3405	1
9193	2506	1
8492	5857	1
2824	1585	1
6721	7120	1
5242	1585	1
11034	13183	1
4353	1585	1
12093	10220	1
3286	3123	1
3111	9237	1
2135	1338	1
13184	13184	1
3996	1338	1
3938	13172	1
13075	13039	1
2894	1338	1
10577	3514	1
13185	2705	1
5374	7083	1
10116	2705	1
3820	6700	1
13172	3938	1
2804	1135	1
242	241	1
9237	3111	1
13186	8566	1
8911	7620	1
6952	13145	1
5849	6893	1
1780	5013	1
435	2546	1
374	10742	1
8567	1057	1
3476	1744	1
7143	12413	1
1937	7665	1
2950	6430	1
336	2075	1
6183	7308	1
7952	6193	1
7165	7165	1
3543	8292	1
12067	12068	1
12432	12432	1
1886	485	1
1872	2492	1
6017	3088	1
6430	2950	1
2085	7602	1
4100	6236	1
6454	4655	1
5205	5204	1
10865	4414	1
4983	4561	1
9144	6343	1
7570	8093	1
6286	7082	1
573	526	1
1577	6649	1
2620	4064	1
8292	3543	1
6385	6397	1
3682	4617	1
7082	6286	1
8681	4141	1
8302	1407	1
7644	3005	1
9904	11247	1
7442	7443	1
1134	10574	1
4617	3682	1
1872	6757	1
4696	10634	1
12028	3968	1
8947	2714	1
3438	3763	1
8194	9104	1
12487	3358	1
9237	3358	1
4521	1408	1
1872	897	1
9830	12415	1
4828	670	1
3668	3026	1
1872	4780	1
1352	2557	1
6952	13011	1
50	4309	1
6183	13011	1
12751	9594	1
7103	4617	1
10309	4866	1
5641	11991	1
3668	10978	1
3111	2686	1
6352	5111	1
9594	12751	1
4730	4409	1
6316	6489	1
1050	6556	1
5111	6352	1
7831	10713	1
13129	5466	1
6556	1050	1
1855	2870	1
1050	1050	1
13014	12466	1
5981	6155	1
2957	9010	1
2691	13069	1
9113	5218	1
8903	10988	1
8056	2919	1
9807	9695	1
13145	6952	1
12886	13187	1
1562	2383	1
5111	3723	1
13188	9754	1
2873	6354	1
9298	12723	1
3864	7230	1
5993	7767	1
1407	8302	1
7620	8911	1
2506	9193	1
921	2616	1
7925	6836	1
2116	6836	1
7230	3864	1
4617	7103	1
3785	5518	1
4664	4836	1
8479	8475	1
1577	3754	1
241	242	1
11669	12843	1
10955	8684	1
11279	8484	1
2870	1855	1
2306	3084	1
449	425	1
13189	4258	1
6146	3754	1
2304	3930	1
1733	3155	1
3970	7384	1
1005	5160	1
2751	2969	1
3613	762	1
10615	9412	1
9470	6146	1
9285	2325	1
13190	10062	1
12466	12466	1
2557	1352	1
11472	11472	1
1705	1381	1
7644	930	1
4692	4832	1
1926	589	1
931	3246	1
4868	1558	1
2820	3251	1
8975	8802	1
4351	6169	1
3930	2304	1
2641	5695	1
9934	6060	1
8946	770	1
12748	3426	1
228	770	1
4603	10208	1
3968	12028	1
328	271	1
2873	6321	1
8521	12496	1
12660	4087	1
6654	3275	1
5307	10576	1
5283	3426	1
5047	7543	1
9425	7543	1
8943	7543	1
6657	3909	1
960	960	1
6193	7952	1
13104	3137	1
8018	13051	1
5056	5056	1
2420	1009	1
2234	3954	1
6765	7796	1
6343	9144	1
425	449	1
7651	3059	1
7228	5642	1
12467	8763	1
6490	4320	1
190	95	1
9113	2533	1
8739	9425	1
9133	12894	1
2691	1428	1
12508	7345	1
6236	4100	1
5542	7564	1
9388	4577	1
2325	2083	1
1872	4375	1
8619	10738	1
3954	2234	1
8492	8691	1
12832	5843	1
11769	11769	1
7796	6765	1
3389	2486	1
7570	9550	1
7083	5374	1
952	7042	1
2675	8707	1
11483	6185	1
4828	5185	1
5825	6185	1
4241	7443	1
11996	9957	1
2260	7126	1
9934	3685	1
4829	4830	1
2009	1810	1
4281	10427	1
1041	9503	1
11010	12865	1
7501	8707	1
3668	1193	1
8180	5013	1
9009	10374	1
9113	8707	1
1162	2532	1
1149	8115	1
6648	5598	1
6429	13182	1
4092	13191	1
13174	13156	1
7715	5357	1
6185	5825	1
5628	2109	1
13192	7042	1
2871	6089	1
4726	4984	1
11661	6270	1
4676	4984	1
13076	13076	1
8031	13193	1
583	4816	1
8028	13165	1
486	3926	1
6270	11661	1
5835	1617	1
11823	5716	1
6626	2102	1
8261	6445	1
8948	10654	1
1577	5332	1
4445	3931	1
9213	7423	1
10758	4555	1
3668	375	1
13194	4017	1
2734	3587	1
13195	13195	1
4217	4765	1
12361	11769	1
3450	5090	1
13196	11472	1
1093	7262	1
7831	6781	1
7028	5332	1
2325	9285	1
9346	13150	1
10374	9009	1
3716	2167	1
3009	7308	1
3225	2672	1
2611	2884	1
1038	95	1
10449	9192	1
10639	9009	1
1872	1401	1
6171	6184	1
2616	921	1
12508	6965	1
10389	7800	1
10389	9022	1
13181	475	1
7895	11164	1
868	1266	1
5204	5205	1
1207	1564	1
342	3380	1
12986	7880	1
10447	10968	1
8492	4724	1
9477	7049	1
7570	7262	1
8690	5090	1
2935	835	1
278	8140	1
6185	11883	1
5125	3978	1
5377	6438	1
6816	2914	1
540	628	1
9331	13142	1
8056	3613	1
10447	12200	1
5065	8859	1
10738	8619	1
11272	9300	1
25	26	1
488	1514	1
5797	8092	1
7502	3380	1
8115	1149	1
4770	3380	1
12617	7324	1
4485	770	1
11405	5411	1
9009	10639	1
5573	7657	1
13197	13197	1
4840	6372	1
9678	13198	1
8467	3454	1
9022	10389	1
7800	10389	1
4724	8492	1
9934	3950	1
3834	2371	1
95	70	1
9251	10389	1
835	2935	1
5087	5086	1
12748	1010	1
11573	3279	1
5411	4062	1
5374	3689	1
7804	4062	1
4969	3855	1
1595	2946	1
13141	13141	1
5722	2421	1
7446	9687	1
6492	2480	1
1163	2480	1
9687	7446	1
12508	4554	1
3647	11797	1
12881	12882	1
3668	466	1
5800	7031	1
6301	3240	1
10123	9456	1
12406	10811	1
4133	4662	1
5332	7028	1
12751	7645	1
5427	8711	1
12978	2322	1
8924	8925	1
13199	4598	1
1980	12177	1
6444	13200	1
4598	13199	1
4451	4450	1
13165	816	1
4084	2017	1
8092	5893	1
6104	8609	1
8521	13021	1
524	816	1
8802	8975	1
4980	9431	1
5893	5047	1
5047	5893	1
8925	8924	1
8536	1396	1
7031	380	1
3125	3487	1
4532	4533	1
4647	5888	1
13011	3303	1
5267	425	1
1050	1175	1
5411	5047	1
5253	536	1
12177	1980	1
13116	13201	1
3405	6769	1
5047	5411	1
6556	1175	1
10447	8845	1
4518	9714	1
13202	12689	1
9239	4487	1
5411	11405	1
7810	4346	1
12840	12672	1
12508	4308	1
5796	2721	1
3166	2721	1
3825	4383	1
2043	2863	1
4577	2873	1
7657	5573	1
10273	11730	1
11734	9388	1
5536	7367	1
4577	9388	1
2420	9300	1
7117	5888	1
12271	5888	1
6030	5888	1
9671	5888	1
3137	13104	1
1134	5888	1
7088	11849	1
1973	800	1
5191	5888	1
2933	5693	1
592	946	1
8711	12736	1
342	7009	1
1064	6267	1
10574	5888	1
12843	11669	1
13201	13116	1
931	12001	1
9863	10423	1
8854	6585	1
2415	562	1
4346	7810	1
13203	6062	1
3392	3561	1
4940	5988	1
5840	3561	1
13156	13174	1
6585	8854	1
573	645	1
6771	6056	1
6513	2379	1
550	1538	1
11657	10208	1
3303	2735	1
11762	2735	1
4528	2735	1
6824	6825	1
4696	6577	1
3512	4034	1
4384	6210	1
425	5267	1
2579	3559	1
8711	5427	1
8490	13204	1
4765	4217	1
6210	4384	1
2713	2059	1
7228	9041	1
1438	12567	1
385	447	1
9300	10811	1
13187	13187	1
2997	3561	1
10811	9300	1
3476	1797	1
12567	1438	1
8492	4408	1
3559	2579	1
4157	8369	1
10447	5449	1
9515	8369	1
2122	2186	1
5086	5087	1
1247	4690	1
7260	7853	1
7853	7260	1
12271	12953	1
13205	13205	1
8369	4157	1
11777	13206	1
5400	3828	1
6564	9105	1
9936	2578	1
3476	4369	1
4439	11952	1
243	6161	1
13207	12292	1
3059	7651	1
11807	7764	1
2186	2122	1
12096	11952	1
954	7824	1
2451	546	1
4969	527	1
4383	4835	1
6372	4840	1
9575	9575	1
1705	7130	1
5191	9785	1
4522	3426	1
5286	460	1
1425	6183	1
2480	6492	1
460	5286	1
7592	460	1
3476	9328	1
3426	4522	1
11730	10273	1
7940	10208	1
4881	914	1
4862	3587	1
8474	8474	1
3217	5187	1
5656	6245	1
460	410	1
3984	1485	1
12233	11077	1
7940	7262	1
1184	1572	1
3967	9184	1
11164	7895	1
10292	13150	1
1577	6721	1
11031	5648	1
13208	5065	1
2765	899	1
6245	3450	1
5414	4789	1
7324	12617	1
5835	3186	1
3186	5835	1
1615	3171	1
4446	6436	1
3426	10340	1
8031	8824	1
3269	2896	1
9789	9789	1
2148	3186	1
2095	13150	1
5121	5120	1
5120	5121	1
13209	13209	1
3450	6245	1
10574	4525	1
266	265	1
5857	5824	1
1135	2804	1
9388	11734	1
10560	5932	1
1289	1254	1
6055	5904	1
2873	4577	1
931	6344	1
10122	1279	1
1872	1370	1
11382	5506	1
2465	3634	1
7484	6485	1
6407	3585	1
10574	1134	1
4647	1134	1
3668	6475	1
3512	4577	1
5354	4215	1
5598	6648	1
3716	1485	1
4577	3512	1
6485	7484	1
6466	13210	1
3014	3015	1
2147	2147	1
12288	12091	1
8235	7484	1
3493	4368	1
2015	1446	1
460	7592	1
4439	5301	1
7484	8235	1
5716	11823	1
5904	6055	1
4905	5411	1
4409	3950	1
4597	3826	1
814	5948	1
3950	4409	1
5844	5843	1
6337	1624	1
9380	4368	1
5695	1208	1
6486	4905	1
5411	4905	1
849	1584	1
5904	5374	1
2946	1595	1
11952	12096	1
3279	11573	1
10735	12483	1
13070	12091	1
5358	5402	1
6577	4696	1
11797	10935	1
10935	11797	1
6301	13177	1
12136	8204	1
8707	7501	1
