6017	6184	1
12396	9949	1
6891	7126	1
13350	6320	1
996	1406	1
10330	13415	1
6649	6721	1
6037	9888	1
4981	5206	1
1561	1188	1
5690	3241	1
13427	13287	1
5206	4981	1
9670	6604	1
1243	705	1
3021	10968	1
4477	4653	1
1188	1561	1
6037	2483	1
8402	10778	1
1426	11070	1
5965	8454	1
9876	11704	1
11513	9735	1
9368	2647	1
1608	12482	1
5047	6300	1
6845	6485	1
2706	4475	1
2011	2110	1
12666	9834	1
10192	12015	1
6786	6354	1
13097	12936	1
2483	6037	1
12944	12944	1
5047	5797	1
728	5532	1
5518	5170	1
6354	6786	1
5068	5170	1
6056	6037	1
7308	2543	1
5797	5047	1
12936	13097	1
8545	9587	1
5411	2543	1
6724	6723	1
11044	9389	1
6301	12896	1
4905	2543	1
6642	4426	1
13428	13428	1
1231	2616	1
11730	9717	1
6236	7495	1
4333	2543	1
4653	4477	1
10120	3480	1
12015	9223	1
6300	5047	1
4624	1002	1
5047	5612	1
1851	2704	1
10192	9223	1
4624	6869	1
3041	6513	1
10968	3021	1
21	1094	1
5825	5826	1
8137	5622	1
6177	2543	1
7228	13289	1
7868	12544	1
13175	2161	1
11817	12896	1
2616	1064	1
1010	12748	1
11972	9391	1
8763	6787	1
1064	2616	1
13429	334	1
6787	8763	1
6845	2801	1
2911	12580	1
11657	10208	1
5027	5234	1
1926	4979	1
8721	1840	1
6322	4506	1
3791	6627	1
6466	11009	1
9412	13123	1
10360	9805	1
5170	5518	1
10615	13123	1
5173	12484	1
9391	8680	1
1305	3527	1
1406	996	1
7032	6127	1
241	242	1
3480	10120	1
11852	12622	1
653	718	1
11009	6466	1
5598	6648	1
13418	9639	1
1444	8411	1
227	6654	1
5489	1599	1
5561	6654	1
11033	11427	1
50	4309	1
6897	4020	1
2209	2210	1
6316	6804	1
6521	9709	1
10054	4020	1
12622	11852	1
2260	2259	1
2004	5090	1
9687	7045	1
11012	7480	1
6458	1005	1
4486	62	1
8607	9983	1
9690	10188	1
6146	9470	1
3754	9470	1
13302	13302	1
8903	8734	1
2308	9962	1
12188	12189	1
13256	13430	1
6372	8040	1
5783	5939	1
5939	5783	1
4025	2666	1
12896	6301	1
1781	2452	1
6429	13149	1
6385	13431	1
5377	7370	1
676	5263	1
1285	4265	1
5753	7083	1
12482	1608	1
13404	5997	1
13236	13236	1
9709	6521	1
6845	2260	1
7902	2671	1
2478	2671	1
5709	6128	1
1800	8930	1
875	8867	1
9414	12259	1
13426	13425	1
8867	875	1
7138	9248	1
2260	4442	1
11702	490	1
5234	5027	1
9209	1797	1
252	2188	1
9936	2578	1
1797	1797	1
5623	184	1
1926	1653	1
7323	12546	1
2496	2646	1
7532	8420	1
11598	6182	1
7258	8150	1
1642	604	1
3176	1797	1
3920	1797	1
2348	2349	1
3585	2420	1
2969	4280	1
11258	6930	1
13289	7228	1
3458	12598	1
2873	8141	1
6120	8141	1
9266	7154	1
243	6161	1
10192	9584	1
185	3549	1
5354	7209	1
6845	3068	1
13432	13432	1
2652	13150	1
13433	1802	1
906	2371	1
1022	12010	1
6315	9364	1
12361	12010	1
11445	13137	1
4169	3126	1
447	3601	1
6724	10929	1
2328	2328	1
11065	11065	1
1928	5853	1
13264	10479	1
1797	3920	1
11344	7521	1
9174	7780	1
11061	13434	1
1553	1741	1
9966	7334	1
10929	6724	1
4983	5384	1
7108	3315	1
5194	2520	1
7651	2520	1
7260	515	1
8013	4504	1
4692	3546	1
13150	2652	1
3389	2520	1
9966	705	1
1462	2520	1
2206	624	1
13097	10172	1
8909	7780	1
442	2520	1
12751	9594	1
8141	6120	1
13418	13213	1
8705	10183	1
294	5628	1
7181	10374	1
185	8258	1
5628	294	1
9966	10508	1
8492	4445	1
4959	2520	1
6845	5673	1
10172	13097	1
464	3088	1
13007	13435	1
1358	1504	1
2188	252	1
2966	596	1
5671	9136	1
4445	8492	1
8302	1407	1
2260	7550	1
12361	10890	1
100	101	1
2520	7651	1
7449	6562	1
13213	13418	1
624	2206	1
10455	9021	1
11511	12870	1
2520	1462	1
5485	5642	1
3014	3015	1
13187	13187	1
13208	13097	1
7126	6891	1
4624	3080	1
3475	9754	1
3743	5791	1
13097	13208	1
13413	12572	1
1797	3176	1
13436	2511	1
12280	12060	1
2489	9687	1
7045	9687	1
6236	10783	1
6354	9687	1
2675	8707	1
12010	1022	1
9687	6354	1
1774	4692	1
5356	6729	1
13215	4195	1
3241	5690	1
3315	7108	1
906	1266	1
1931	768	1
11382	5506	1
8512	9069	1
7776	7621	1
2260	622	1
12544	7868	1
11479	3137	1
6845	6364	1
7655	13354	1
6967	7868	1
11958	4568	1
2652	6321	1
3992	5503	1
9754	3475	1
6414	10807	1
6564	6994	1
1741	1553	1
11630	11630	1
10861	5740	1
7126	6321	1
2260	6321	1
3054	6716	1
8006	8005	1
6845	6321	1
5783	5810	1
4282	6260	1
5521	9285	1
689	1886	1
184	5810	1
2511	13436	1
3241	645	1
2646	6507	1
12918	7009	1
210	8255	1
10620	13308	1
1096	1517	1
5897	3621	1
13425	13426	1
1517	1096	1
11845	7835	1
7162	7501	1
5506	11382	1
2671	7902	1
2004	10614	1
692	2962	1
11403	8903	1
2480	7223	1
30	13	1
10374	7181	1
5028	4738	1
9966	10335	1
6845	8421	1
11777	7401	1
11553	7401	1
13437	13437	1
11630	1985	1
13390	8951	1
7153	11931	1
7401	11777	1
4753	5536	1
3077	9041	1
3471	4618	1
5065	4781	1
5813	2399	1
8228	4738	1
1220	985	1
5929	5951	1
9966	5301	1
1985	11630	1
13438	4715	1
6321	2652	1
7780	9174	1
7303	5988	1
997	2855	1
10313	5301	1
5524	7443	1
5217	4409	1
7429	7944	1
6648	5598	1
2969	1393	1
11419	3004	1
4730	7452	1
1081	737	1
5481	1188	1
1188	5481	1
4409	5217	1
5904	4135	1
6994	6564	1
8322	9929	1
5928	3451	1
1954	3160	1
2543	5411	1
9675	2315	1
2969	2745	1
2334	1188	1
7589	7807	1
10816	5614	1
4838	422	1
4592	3370	1
9533	13439	1
2671	2478	1
518	518	1
10614	2004	1
8172	6564	1
8049	6218	1
13440	7713	1
3370	4592	1
2969	2870	1
588	5730	1
7452	4730	1
5988	6564	1
8195	6489	1
13441	13441	1
3294	3294	1
8570	7813	1
4345	4602	1
3451	5928	1
2904	1933	1
8898	2848	1
10741	13442	1
737	1081	1
4624	8975	1
4613	323	1
2452	11002	1
2936	8784	1
13439	9533	1
1120	1119	1
1838	7876	1
1504	1358	1
4161	4221	1
9665	965	1
1346	965	1
993	3270	1
9825	9825	1
1005	6458	1
645	3241	1
7223	226	1
2543	7308	1
12453	11950	1
5173	7308	1
4624	8618	1
1933	2904	1
6845	5280	1
960	82	1
1008	801	1
876	3190	1
3093	1208	1
7040	11223	1
6234	6380	1
5561	4393	1
2595	3852	1
4389	8959	1
4862	6850	1
2623	3384	1
9414	8544	1
7919	6613	1
5826	5825	1
6845	4704	1
1501	6613	1
13443	7444	1
3353	7645	1
11530	5463	1
1969	1708	1
11070	1426	1
5536	4753	1
1064	13390	1
5463	11530	1
8974	9166	1
6845	12674	1
9138	13360	1
3777	1208	1
13083	10164	1
4624	2297	1
2106	13019	1
2194	1468	1
7989	3225	1
6284	9223	1
9041	3077	1
4757	4572	1
10910	6729	1
3467	2386	1
11707	252	1
11451	9860	1
10634	8620	1
2386	3467	1
6845	12008	1
4384	4956	1
9223	12015	1
8222	8680	1
7813	8570	1
12176	7927	1
8082	5230	1
5200	1640	1
1802	2548	1
4844	4844	1
4956	4384	1
5266	1619	1
518	1905	1
9277	12949	1
4163	1905	1
4251	3944	1
5400	3828	1
7228	12397	1
2948	3567	1
1622	10208	1
8162	5790	1
1905	4163	1
6380	6234	1
1653	4962	1
8402	13213	1
6613	1501	1
5390	10208	1
3004	11419	1
3190	1584	1
13444	13444	1
3970	5586	1
4962	1653	1
12664	12650	1
1740	3674	1
5762	11212	1
1851	3169	1
7517	13213	1
6845	5706	1
2557	1352	1
2969	425	1
13410	13410	1
13445	13445	1
9083	6930	1
1939	12721	1
338	1847	1
6260	4282	1
5485	3561	1
11455	3581	1
9620	3100	1
13442	10741	1
12835	6037	1
5221	12073	1
3100	9620	1
4020	6897	1
3287	3288	1
8545	1620	1
6037	12835	1
12208	11244	1
10389	9251	1
2969	2087	1
1062	3082	1
3082	1062	1
12394	8415	1
12540	6901	1
12721	1939	1
4368	1708	1
4855	3078	1
2855	997	1
8210	6076	1
11497	12394	1
6076	8210	1
5943	6037	1
5018	3826	1
1653	1926	1
8925	8924	1
12606	8533	1
4135	5904	1
8258	185	1
6055	5904	1
2198	6127	1
7362	6127	1
6246	6127	1
5197	6127	1
2650	6127	1
6083	6127	1
11438	6127	1
7401	11553	1
12580	2911	1
3924	13117	1
4950	4836	1
1619	5266	1
7083	5753	1
2651	5187	1
3111	5187	1
13254	10309	1
6901	12540	1
2260	4945	1
6604	7403	1
13019	2106	1
7309	9410	1
8785	11186	1
12911	13027	1
2260	2881	1
12867	11731	1
10699	1910	1
1872	4577	1
10704	5301	1
6721	6649	1
6930	11258	1
6930	9083	1
6923	7688	1
7643	7442	1
6447	4362	1
828	9375	1
472	473	1
5952	10699	1
12397	7442	1
9375	828	1
4568	11958	1
150	7779	1
2969	13446	1
13308	10620	1
4519	4303	1
12531	6004	1
4505	7989	1
6021	11972	1
1584	3190	1
3225	7989	1
4983	4561	1
5281	11905	1
3970	3969	1
3763	11751	1
1584	4789	1
10802	5042	1
11972	6021	1
1410	3547	1
11530	11988	1
9752	6927	1
12908	5942	1
7622	9276	1
4836	4950	1
7741	4087	1
4346	7810	1
11164	5096	1
8644	9325	1
3241	3240	1
10450	4793	1
3043	9957	1
10807	6414	1
6396	3581	1
321	3581	1
821	5659	1
3084	5307	1
4087	7741	1
12249	13303	1
5181	4047	1
13360	9138	1
4624	3948	1
10192	1457	1
6489	8195	1
6802	6802	1
10220	12093	1
4578	11735	1
12340	1897	1
4303	4519	1
6729	10910	1
6146	6649	1
10685	13097	1
6367	6022	1
2260	7126	1
13097	13097	1
7741	10546	1
11808	10682	1
4480	3158	1
13404	7017	1
9041	7442	1
3617	9273	1
2985	9825	1
2260	4183	1
11988	11530	1
3088	464	1
13117	3924	1
4047	8967	1
12127	12127	1
6414	7714	1
5366	12779	1
6564	5988	1
987	902	1
3545	6185	1
5283	2623	1
13447	13447	1
12835	5640	1
1491	1135	1
9276	7622	1
13303	12249	1
10778	8402	1
13213	8402	1
7501	10208	1
5047	6185	1
10415	6564	1
7303	6564	1
4618	3471	1
2933	8897	1
8756	1093	1
11445	10208	1
12896	11817	1
6845	10968	1
5897	7487	1
7403	6604	1
8451	5613	1
8243	5650	1
9452	6911	1
13448	8906	1
5659	821	1
11669	9687	1
1108	3645	1
13420	10538	1
6845	4905	1
7179	7731	1
28	6185	1
7731	7179	1
9687	11669	1
7784	11048	1
28	5622	1
9825	2985	1
6184	6017	1
7810	4346	1
10164	13083	1
9173	7004	1
9325	8644	1
2283	6185	1
6649	6146	1
13449	13449	1
8233	6657	1
12720	13314	1
7442	7643	1
7780	8909	1
6352	1469	1
3852	2595	1
6518	5379	1
1897	12340	1
10816	10815	1
5910	5187	1
4724	3323	1
10324	10753	1
3054	72	1
6850	4862	1
1093	8756	1
6524	7214	1
1548	9331	1
11212	648	1
13448	13448	1
10192	11243	1
12015	11243	1
4175	8123	1
3288	3287	1
2969	1823	1
10753	10324	1
5612	8973	1
4106	6783	1
3241	3563	1
12598	3458	1
5836	4592	1
10192	7302	1
8903	10814	1
9924	7216	1
1586	677	1
12006	11416	1
11416	12006	1
5047	5935	1
2765	5627	1
4557	677	1
2004	6539	1
3093	233	1
13354	7204	1
2704	1851	1
13450	6539	1
3669	6505	1
7714	6414	1
6757	11407	1
5463	1884	1
4246	7776	1
6286	10877	1
8973	5612	1
5823	3944	1
11407	6757	1
9966	8976	1
12067	12297	1
10699	5952	1
11553	11777	1
12015	13451	1
6343	4883	1
11738	10886	1
1788	2005	1
13424	13424	1
564	4475	1
6649	9470	1
5859	7535	1
4592	5836	1
8611	5096	1
10560	5932	1
7829	4577	1
1055	13452	1
4418	8051	1
5642	3563	1
13452	1055	1
8150	7258	1
6671	3480	1
2260	4956	1
6845	4956	1
10192	4956	1
10546	7741	1
2260	10994	1
6236	4317	1
11777	11553	1
13453	1184	1
7442	9041	1
6218	8049	1
12565	5116	1
7776	4246	1
13390	1064	1
5859	6145	1
1469	3723	1
4498	11829	1
2962	692	1
5452	5458	1
13213	7517	1
8420	7532	1
