9021	1132	1
993	3587	1
6635	6700	1
4303	4556	1
13063	12659	1
240	2242	1
3376	7182	1
4370	708	1
4862	3587	1
5047	5935	1
6322	4506	1
6230	5935	1
5087	11018	1
2041	4668	1
4364	4365	1
2480	2297	1
996	1294	1
7813	6354	1
6458	1005	1
2671	2478	1
7226	7202	1
13011	13011	1
5555	4251	1
5640	6034	1
13401	13401	1
4370	5354	1
1556	993	1
3084	993	1
7884	6810	1
2652	993	1
4485	3767	1
6867	13083	1
2620	1096	1
5202	3767	1
10172	13097	1
1666	3949	1
11817	6301	1
8948	6562	1
3480	10120	1
4556	4303	1
4617	3682	1
1243	5671	1
4087	12660	1
7032	7597	1
4334	1884	1
424	23	1
6245	993	1
3901	4197	1
5988	7303	1
6957	10654	1
10626	993	1
10120	3480	1
8216	3309	1
5725	12675	1
2616	993	1
5089	8903	1
11451	1031	1
3985	1031	1
3901	6700	1
7642	7597	1
4884	4457	1
2478	4077	1
10778	8903	1
5227	5188	1
10611	8903	1
6657	13150	1
11130	12675	1
10814	8903	1
6540	7597	1
3615	10293	1
5783	5939	1
3217	4077	1
6789	7597	1
12353	8903	1
11387	8903	1
3738	5128	1
5019	8398	1
1333	8398	1
7120	6721	1
7180	8903	1
2573	2571	1
5939	5783	1
8013	9498	1
12596	13402	1
2573	878	1
4384	8452	1
3458	12006	1
7318	7319	1
5712	2204	1
4983	6329	1
2702	2826	1
2204	5712	1
4430	4989	1
9470	6649	1
2912	4250	1
6721	6649	1
7739	13311	1
4610	10200	1
6272	13403	1
8452	4384	1
7922	4020	1
11704	9876	1
7780	9174	1
1064	10153	1
10325	10153	1
8369	993	1
5266	1619	1
11961	1935	1
8556	11657	1
11657	8556	1
13394	13394	1
3288	3287	1
4257	6119	1
3563	6303	1
6155	5880	1
12145	1869	1
10265	10265	1
11043	5227	1
6343	11044	1
3368	2113	1
4747	2543	1
7453	8621	1
82	960	1
11044	6343	1
5607	6372	1
4077	2478	1
1512	2543	1
6021	6021	1
12297	12067	1
5167	2028	1
7654	7409	1
1243	705	1
3547	2457	1
1031	1493	1
240	438	1
5671	705	1
1185	2718	1
8711	4989	1
13403	6272	1
1031	6743	1
2163	2669	1
6649	9470	1
10615	13123	1
2163	1099	1
13404	1667	1
8688	7543	1
3824	10487	1
9874	1537	1
259	8989	1
1305	2572	1
4169	1919	1
9854	9924	1
8736	7386	1
10123	5364	1
7830	13405	1
12889	6362	1
6845	2260	1
676	5263	1
6604	9670	1
4020	7922	1
4506	6322	1
2578	9936	1
12675	11130	1
4169	7480	1
5354	7209	1
5356	7209	1
4370	7209	1
4592	5836	1
5	27	1
11858	11859	1
7495	6236	1
426	1289	1
1031	10767	1
7228	13289	1
10882	10882	1
2958	6908	1
8492	6040	1
6908	2958	1
2480	12340	1
13150	3516	1
2004	4748	1
3458	12598	1
12172	11013	1
4139	9680	1
11416	12598	1
9021	9010	1
6729	10413	1
8195	8587	1
1797	3176	1
3950	3826	1
2873	8141	1
2416	2475	1
5829	9258	1
705	5671	1
7235	2914	1
1713	1712	1
2116	3068	1
8899	12546	1
4477	6814	1
7211	5524	1
1469	6352	1
7644	9207	1
5047	3068	1
11264	9806	1
12660	4087	1
1076	12420	1
3668	3668	1
598	12751	1
6374	937	1
7780	3445	1
701	2311	1
1716	7093	1
3633	6453	1
3767	5217	1
1532	1937	1
2725	5217	1
7448	4981	1
2467	9942	1
1368	1625	1
1031	9248	1
669	668	1
4169	296	1
7258	8150	1
2163	1835	1
9258	5829	1
8903	11387	1
677	1586	1
10413	6729	1
8479	8475	1
5880	6155	1
5356	6729	1
5981	6155	1
8484	2200	1
1072	382	1
6814	4477	1
3555	8897	1
3345	2200	1
4345	4346	1
1553	1741	1
13406	8632	1
7235	4555	1
6127	5520	1
5628	2109	1
8629	7410	1
13407	8280	1
4748	2004	1
4534	5561	1
7767	5993	1
4199	3769	1
9695	9807	1
4169	3783	1
2948	2632	1
5227	11821	1
6300	3673	1
2209	2210	1
2163	9368	1
4657	4885	1
13200	6444	1
7597	7032	1
4886	1170	1
11689	9248	1
3923	13117	1
13117	3923	1
12756	11948	1
1884	5463	1
9714	13326	1
13011	9697	1
3549	185	1
8889	9697	1
3569	12447	1
7128	6729	1
11859	11858	1
5041	8781	1
4519	4812	1
11876	4520	1
1530	3785	1
12622	12005	1
4812	4519	1
5628	294	1
7209	5354	1
7120	9626	1
9807	3837	1
13408	10632	1
294	5628	1
2051	1558	1
3938	13172	1
5227	11043	1
4215	5354	1
2478	2671	1
5217	2725	1
5869	8421	1
12172	13409	1
8489	1997	1
5826	5825	1
8109	1523	1
2304	84	1
6038	13348	1
1126	1462	1
4169	1869	1
3718	13348	1
573	526	1
4445	8492	1
4252	5258	1
5258	5258	1
12750	2901	1
2532	1162	1
1462	5187	1
3642	1997	1
3615	5187	1
3217	5187	1
8492	4445	1
2855	1517	1
7246	7245	1
11498	6354	1
1031	12958	1
9825	5187	1
3849	12908	1
2163	1517	1
7060	6193	1
6724	6723	1
6729	5356	1
3921	1517	1
210	8255	1
8013	4504	1
6547	5345	1
2671	5187	1
1402	5674	1
2562	4504	1
1072	186	1
11855	11605	1
2546	6161	1
2116	6836	1
1541	1281	1
1791	926	1
3954	2234	1
6444	7602	1
8903	10814	1
11610	9076	1
12507	12320	1
8903	6507	1
8204	5187	1
1622	1622	1
6301	11817	1
12675	11445	1
385	9941	1
12630	5970	1
2304	5187	1
12750	8562	1
9174	7780	1
2653	5187	1
8451	8867	1
13410	13410	1
6193	7952	1
3769	4199	1
1625	1368	1
2666	4025	1
7989	4505	1
12795	12630	1
12263	12649	1
4055	3437	1
1462	1126	1
2255	768	1
2671	1780	1
3728	12052	1
1243	5202	1
1599	5489	1
1835	12005	1
13372	12128	1
3741	5489	1
5217	3767	1
5489	1599	1
2334	5187	1
3767	8619	1
2163	8181	1
8947	3812	1
8802	8619	1
5257	5187	1
1677	1022	1
4077	5187	1
4767	4766	1
8619	3767	1
2578	4766	1
13342	13342	1
1622	11657	1
2762	9353	1
9807	9695	1
2646	6507	1
5489	4438	1
13038	13038	1
4438	5489	1
9690	11451	1
12172	12104	1
9860	11451	1
188	5187	1
2671	3217	1
54	4913	1
7338	5862	1
8490	9368	1
6646	5187	1
5330	5187	1
13411	13412	1
5217	4409	1
976	5187	1
1081	2855	1
3563	5642	1
9669	6321	1
1285	4265	1
5977	5176	1
2254	2009	1
2095	5187	1
12630	12795	1
2623	5187	1
8763	6787	1
5993	7767	1
13413	6787	1
10118	7619	1
8402	13213	1
12124	11957	1
4409	5217	1
9049	5187	1
7619	10118	1
3563	3561	1
7338	7767	1
3891	2777	1
12432	12432	1
6673	2386	1
3514	9945	1
110	5110	1
8897	3555	1
10765	12861	1
6787	13413	1
6123	10811	1
3924	13117	1
2420	5187	1
11069	4439	1
10376	13117	1
7922	4439	1
4577	5187	1
9412	9680	1
2643	5187	1
4796	173	1
364	310	1
8013	4122	1
2163	2855	1
16	1142	1
2985	5187	1
12606	8533	1
13187	13187	1
3396	5187	1
7245	7246	1
10216	5187	1
9506	5187	1
7874	2009	1
11502	5187	1
11419	5603	1
9353	2762	1
1338	1523	1
1935	9645	1
4777	2299	1
4551	5187	1
1608	12482	1
10266	5187	1
11809	5187	1
2299	4777	1
2855	1081	1
6745	5187	1
7880	5187	1
10811	6123	1
295	5187	1
4169	3126	1
1741	1553	1
2481	5187	1
13350	10904	1
8621	7453	1
1305	3527	1
5637	5187	1
7602	9085	1
9082	5187	1
1188	5187	1
8165	4251	1
13350	9085	1
3616	5187	1
6729	13414	1
2163	2478	1
1105	13354	1
6444	9085	1
11062	11062	1
1356	6024	1
10330	13415	1
737	1081	1
12546	8899	1
11044	8614	1
3434	5187	1
11344	8899	1
2386	6673	1
2942	5187	1
3068	5047	1
3837	9807	1
4265	1285	1
4822	6095	1
3389	5187	1
1081	737	1
1031	10621	1
8619	8802	1
4250	2912	1
4650	5440	1
2478	6188	1
7158	13380	1
3217	3217	1
5463	11530	1
11010	12865	1
518	1939	1
8852	5064	1
9133	12107	1
10796	2363	1
4611	6525	1
3263	12107	1
1149	8115	1
8896	8280	1
95	190	1
12977	12977	1
7220	5920	1
6193	9369	1
7560	427	1
9138	13360	1
3215	9704	1
1935	3426	1
10494	5343	1
2420	1969	1
5797	5047	1
5343	10494	1
1969	2420	1
6977	10276	1
2958	2958	1
427	7560	1
2958	3450	1
1782	2694	1
13311	585	1
5440	4650	1
6037	12991	1
7196	6155	1
5411	5047	1
278	8140	1
11530	5463	1
6765	9957	1
4504	8013	1
4169	7744	1
10054	4020	1
1563	1166	1
867	6439	1
9957	6765	1
4251	3944	1
5047	5411	1
1243	4415	1
2163	3240	1
9470	3754	1
11074	12274	1
12908	3849	1
9765	5090	1
12233	11077	1
7360	11036	1
6301	3240	1
13416	13416	1
5797	6220	1
1072	11824	1
6528	11598	1
1072	2634	1
3628	5187	1
13380	7158	1
11018	5087	1
1441	21	1
8974	9166	1
1094	21	1
11031	7334	1
1461	5187	1
1077	5187	1
3547	1996	1
2607	4313	1
6723	6724	1
1584	3190	1
12991	6037	1
2288	5187	1
4169	5687	1
6788	2343	1
518	5187	1
2549	2553	1
6874	4025	1
1072	2182	1
13417	11451	1
10842	7442	1
3450	2958	1
12750	623	1
3450	6646	1
5603	11419	1
6646	3450	1
7442	10842	1
906	2371	1
1176	5187	1
1072	4552	1
21	1441	1
9503	812	1
5263	676	1
3458	3616	1
627	12336	1
4025	2666	1
11012	10397	1
1517	3921	1
2935	2935	1
1642	604	1
3826	4597	1
1517	12517	1
13418	12336	1
7162	7501	1
9369	6193	1
5555	6352	1
7164	9949	1
13175	2161	1
11563	3542	1
4597	3826	1
242	241	1
6372	5607	1
812	9503	1
4989	8711	1
12795	12936	1
1937	1532	1
7181	10374	1
10449	9192	1
2779	2371	1
11959	11960	1
13117	3924	1
9325	4647	1
4647	9325	1
1031	7119	1
8092	2784	1
10415	5234	1
585	13311	1
13419	13419	1
3775	28	1
10632	13408	1
7507	10861	1
2163	696	1
5804	5803	1
9812	396	1
6994	6564	1
8748	8748	1
2934	2942	1
11751	11445	1
7796	9368	1
4020	6897	1
3669	6505	1
9361	9361	1
2110	2011	1
5110	110	1
10345	7715	1
396	9812	1
12517	1517	1
5803	5804	1
6444	13200	1
7811	7857	1
12598	3458	1
8302	1407	1
7260	515	1
3616	3458	1
12006	3458	1
12751	598	1
2890	5187	1
4577	5039	1
1466	5187	1
3585	13387	1
4034	9184	1
8013	9430	1
13360	9138	1
7431	1266	1
10427	3479	1
7517	11111	1
6871	6403	1
518	1905	1
1905	518	1
9207	7644	1
2489	9687	1
4020	10054	1
2297	2480	1
8822	6564	1
13323	10538	1
12340	2480	1
12168	9943	1
13420	10538	1
8150	7258	1
10455	9021	1
2163	2141	1
10778	8402	1
6197	11745	1
1132	9021	1
4890	7309	1
4771	5388	1
13421	10174	1
10025	12277	1
1074	1075	1
13422	13422	1
5885	5187	1
7501	7162	1
5197	5617	1
13076	13076	1
11111	7517	1
12005	944	1
9276	10351	1
12748	2902	1
1701	13306	1
12396	12741	1
13273	12932	1
375	10742	1
830	830	1
8724	10886	1
9302	8814	1
5065	5388	1
11924	13383	1
62	4486	1
7267	953	1
5234	10415	1
3479	1566	1
12546	7323	1
12823	12824	1
12649	12263	1
3867	207	1
12019	9391	1
1566	3479	1
2942	11160	1
4981	5206	1
6193	7060	1
6787	8763	1
12936	12795	1
12482	1608	1
1781	2452	1
364	1742	1
13201	13116	1
9273	3617	1
4167	6372	1
3041	6444	1
1514	2083	1
1059	72	1
6184	6017	1
1351	9761	1
11708	8421	1
4313	2607	1
1514	2077	1
28	3775	1
4855	3078	1
2838	13348	1
10049	5068	1
5170	5068	1
8903	5089	1
3088	464	1
5463	1884	1
1667	13404	1
10685	13097	1
3767	4485	1
12396	9949	1
2161	13175	1
8420	7532	1
10164	13083	1
13311	7739	1
8867	875	1
8204	1064	1
13395	326	1
1468	2194	1
3426	4484	1
11033	4226	1
10538	13420	1
3502	1064	1
8899	6146	1
8936	17	1
13404	5444	1
9470	6146	1
10374	7181	1
5206	4981	1
745	5419	1
2958	3775	1
5296	420	1
9697	13011	1
1904	13011	1
2605	11865	1
4827	13404	1
10769	5065	1
1333	13423	1
1105	6113	1
5612	5047	1
5116	12565	1
3479	10427	1
9936	2578	1
6804	6316	1
9364	6315	1
6564	8822	1
5065	11044	1
8141	2873	1
1407	8302	1
953	7267	1
12537	13292	1
11044	9368	1
4346	4345	1
4602	4345	1
4169	2546	1
12271	12953	1
5419	745	1
3171	4045	1
6752	4045	1
10877	6286	1
7391	6033	1
1243	2343	1
2958	5047	1
3775	2958	1
5047	2958	1
2004	6539	1
7801	4692	1
5388	11817	1
10847	10847	1
6033	7162	1
6352	3932	1
6220	5797	1
4193	4194	1
944	12005	1
1797	3920	1
7308	7290	1
13097	10685	1
1102	2260	1
8803	10236	1
9391	12019	1
4836	8967	1
5598	10478	1
3545	3333	1
12336	8967	1
13200	467	1
4207	8738	1
10153	10325	1
4907	2616	1
4034	2433	1
8049	8365	1
3287	3288	1
6891	7126	1
11745	6197	1
4047	8967	1
13354	1105	1
5634	7885	1
5057	7126	1
9276	7622	1
6321	7126	1
467	13200	1
9251	10389	1
6236	10783	1
11140	7162	1
1162	2532	1
2483	5382	1
9687	2489	1
12867	11731	1
4045	3171	1
13268	11170	1
722	6375	1
6539	2004	1
11044	7074	1
7715	10345	1
5997	13404	1
2874	11244	1
23	424	1
6646	6246	1
7466	11598	1
6722	449	1
4477	6344	1
6850	4862	1
12953	12271	1
12415	9830	1
1064	3502	1
3245	5078	1
13306	1701	1
1243	1209	1
11598	7466	1
9331	1548	1
13424	13424	1
1851	2700	1
8533	12606	1
13116	13201	1
6021	6564	1
8365	8049	1
6765	12606	1
9966	3728	1
325	326	1
9166	8974	1
8897	2933	1
1022	5187	1
5382	2483	1
10200	2902	1
4801	3853	1
32	31	1
7074	11044	1
9834	12666	1
5026	5027	1
5234	5027	1
7215	7625	1
5027	5026	1
4161	3662	1
1119	1120	1
6321	10576	1
4457	5774	1
11100	13375	1
10357	2826	1
6155	7196	1
2452	1781	1
7309	4890	1
11594	11228	1
8192	6055	1
6851	5187	1
4158	12675	1
2855	997	1
9368	7796	1
6564	6021	1
11931	7153	1
13390	1064	1
13097	10172	1
13137	11445	1
11731	12867	1
3240	6301	1
8207	9368	1
13425	13426	1
7126	6891	1
