7331	5845	1
13296	12562	1
3450	6646	1
12544	7868	1
6646	3450	1
5379	6518	1
8654	5400	1
1010	12748	1
8439	13264	1
2483	5382	1
6454	6533	1
6037	12991	1
6977	12898	1
9612	5735	1
12153	12396	1
3817	4027	1
6942	11553	1
13105	12396	1
698	2065	1
5753	4027	1
635	3121	1
5553	3849	1
7862	3950	1
10593	7642	1
7597	7642	1
13249	7642	1
5281	6103	1
1618	10615	1
10615	13123	1
13123	10615	1
13183	11034	1
13269	12777	1
6860	12496	1
12568	11069	1
9256	11069	1
1618	9945	1
6431	6768	1
6763	2814	1
11530	6190	1
4983	4796	1
2852	4073	1
13156	13174	1
1618	6296	1
7196	7885	1
11553	6942	1
564	4119	1
12170	8412	1
4573	6513	1
4422	616	1
420	2585	1
4813	1321	1
13263	2204	1
7784	7033	1
8453	8452	1
4422	1869	1
3950	7862	1
9550	8898	1
4103	4048	1
2997	3561	1
13275	12340	1
9165	8898	1
2646	6507	1
6492	12340	1
4580	8898	1
8453	8453	1
4226	11681	1
8813	2236	1
8475	13287	1
12008	5188	1
1108	1254	1
1176	10340	1
10788	1565	1
4962	1653	1
1120	869	1
10154	2686	1
3502	1064	1
11751	7543	1
5155	1117	1
1822	3723	1
427	869	1
5047	7543	1
2707	2707	1
4408	5863	1
5617	6700	1
8810	8700	1
420	1835	1
10762	12861	1
5234	10464	1
12816	6700	1
7228	13289	1
9502	12091	1
1441	788	1
10332	2758	1
10172	13097	1
7043	6371	1
8711	12736	1
7334	6784	1
6316	6784	1
6343	3358	1
5893	7543	1
10308	5490	1
13140	13140	1
259	8989	1
12624	13140	1
7209	5354	1
2514	9310	1
13097	10172	1
2873	7543	1
7022	1842	1
11689	7258	1
1835	420	1
4086	2260	1
4086	1447	1
3122	7561	1
9021	10455	1
3575	8021	1
12991	6037	1
6266	2335	1
2776	271	1
5832	5833	1
11744	9197	1
10328	10972	1
4146	4146	1
1081	9409	1
1231	9409	1
997	9409	1
4250	2331	1
2749	5831	1
2192	3068	1
10415	5027	1
10614	2004	1
5281	5197	1
7398	7398	1
5863	4408	1
12008	3242	1
4422	543	1
13111	6668	1
10765	875	1
8398	3471	1
6782	13219	1
4422	1022	1
7916	9248	1
13297	13298	1
6282	12494	1
12038	12217	1
2017	1268	1
6172	12217	1
1622	10149	1
6816	2914	1
9256	7941	1
2898	452	1
7782	9761	1
8426	9264	1
1618	2241	1
7258	11689	1
29	424	1
680	283	1
12563	4743	1
1618	7306	1
420	3585	1
612	5730	1
7452	744	1
7211	5524	1
11455	3581	1
3662	4221	1
7508	9777	1
1063	45	1
9248	7916	1
5524	7211	1
7370	7211	1
1128	2980	1
10413	6729	1
283	680	1
1618	3274	1
12008	11043	1
8037	5372	1
4161	4221	1
1618	770	1
4423	4873	1
2380	170	1
12568	8331	1
4577	2807	1
2646	3944	1
1358	1504	1
3111	2686	1
4836	4950	1
5197	5281	1
4526	5290	1
10420	4950	1
12870	7336	1
5481	3043	1
5893	5047	1
5354	7209	1
1338	1523	1
1608	5278	1
9924	7396	1
7402	5278	1
2483	7396	1
5381	7396	1
5343	1349	1
1091	2589	1
749	715	1
11109	11109	1
12318	9359	1
4578	10933	1
9777	7508	1
13299	13300	1
12484	12791	1
170	2380	1
6306	7396	1
7079	7078	1
13301	7508	1
2843	2832	1
7323	12546	1
5278	5748	1
9620	10781	1
13264	8439	1
1504	1358	1
6230	5935	1
2017	824	1
3068	5935	1
8133	11473	1
4438	2479	1
424	29	1
9913	1254	1
6286	7082	1
2532	1162	1
4445	8492	1
10415	5353	1
5222	9273	1
3043	5481	1
10814	8903	1
6243	10024	1
3217	2653	1
2494	5497	1
4507	1622	1
9133	5497	1
13302	10312	1
13303	12249	1
4422	2962	1
5497	2494	1
2923	3126	1
7180	8903	1
13132	5380	1
7975	4658	1
2494	9649	1
3105	4343	1
12484	12361	1
13279	3071	1
10988	8903	1
4950	10420	1
9649	2494	1
8152	8153	1
4422	1512	1
2985	11144	1
6729	10413	1
13215	4195	1
10611	8903	1
4423	2616	1
5378	1921	1
12757	13304	1
4034	2433	1
10743	10675	1
12008	9570	1
9041	3077	1
5353	5234	1
1810	2009	1
5871	1769	1
1745	979	1
7561	3122	1
420	2441	1
1564	1207	1
9031	3546	1
4079	1207	1
3137	11479	1
5089	8903	1
13305	12709	1
8734	8903	1
5039	7543	1
12654	12654	1
9310	2514	1
13306	1701	1
7843	8052	1
713	2735	1
4423	2735	1
9031	4692	1
8260	8903	1
10569	12650	1
1393	2315	1
12670	4781	1
10413	9100	1
5047	5893	1
12010	8844	1
11479	3137	1
713	1617	1
713	5706	1
8844	12010	1
12008	5706	1
8492	4445	1
12709	13305	1
13307	13307	1
11762	2735	1
6316	8909	1
5706	713	1
424	5091	1
5835	7125	1
1617	713	1
12540	6901	1
4018	4504	1
1096	1517	1
2735	713	1
953	7564	1
12008	7847	1
4227	5111	1
8785	2	1
1517	1096	1
420	3462	1
12294	5816	1
9477	10574	1
13308	10620	1
4422	2912	1
960	8776	1
876	3190	1
6080	5161	1
8776	960	1
7246	7245	1
2433	4034	1
5788	5536	1
420	3707	1
2735	11762	1
6321	10576	1
9197	11744	1
7128	10343	1
6654	5561	1
7223	1897	1
7245	7246	1
4227	6352	1
12340	1897	1
13275	1897	1
6727	6040	1
5343	6222	1
5497	9133	1
9067	13193	1
3343	10232	1
6649	3754	1
12336	8967	1
12723	9298	1
12546	10742	1
10620	5892	1
9291	9291	1
13219	6782	1
4422	4956	1
8763	12134	1
2335	3144	1
3088	6017	1
3315	2914	1
1841	12466	1
420	2420	1
715	749	1
4422	2420	1
420	2070	1
5390	10208	1
8785	11186	1
6901	12540	1
12568	12540	1
8903	10814	1
1630	4840	1
1980	12177	1
1741	1741	1
2017	4084	1
7825	6321	1
7082	6702	1
3541	7925	1
6190	11530	1
3471	8398	1
12791	10890	1
12494	6282	1
12568	6282	1
13097	13097	1
8491	2192	1
5382	2483	1
62	988	1
5366	1504	1
13264	7934	1
8909	6316	1
11497	12394	1
12487	3358	1
5353	5027	1
4504	4018	1
12660	4087	1
13291	13291	1
7469	8571	1
12568	4430	1
3471	2654	1
13309	13310	1
5234	5353	1
5027	5353	1
13111	3190	1
7502	3380	1
12466	13151	1
8976	6729	1
4830	4763	1
6220	5797	1
2807	4577	1
7792	3183	1
13151	12466	1
420	1522	1
4800	3773	1
2646	7857	1
6576	6513	1
11108	11109	1
10232	3343	1
8779	12650	1
5617	5197	1
12008	8228	1
5221	681	1
3353	7645	1
12598	11416	1
4282	6260	1
12894	12107	1
294	1120	1
8903	6507	1
8593	8731	1
4901	9011	1
1120	294	1
12484	10890	1
974	1571	1
4174	4207	1
2836	3078	1
10123	5364	1
8190	9011	1
3252	1804	1
8925	8924	1
13292	2083	1
5871	1195	1
2540	4147	1
72	1279	1
13175	13311	1
4257	9493	1
9865	12142	1
4578	1937	1
4989	6270	1
472	473	1
3497	1891	1
12107	12894	1
7654	7409	1
2193	2349	1
7022	1209	1
11416	12598	1
1618	6066	1
3545	7108	1
1504	5366	1
5419	11164	1
7107	13312	1
9942	2467	1
4988	5185	1
10293	3615	1
12500	4605	1
1701	13306	1
6371	7043	1
13187	13187	1
788	1441	1
719	11729	1
10466	86	1
7005	9300	1
10121	5073	1
6489	8195	1
2619	4230	1
216	2797	1
1761	299	1
483	3613	1
3082	2613	1
12393	12394	1
2264	573	1
3426	6840	1
5111	3723	1
6840	3426	1
2672	2428	1
5346	2428	1
12432	12134	1
564	40	1
5091	424	1
420	2163	1
13165	524	1
5068	7158	1
7642	7597	1
7178	12197	1
13266	12739	1
7995	12197	1
9300	7005	1
9493	4257	1
13100	13100	1
12173	7786	1
3970	5586	1
2654	3471	1
4763	4561	1
2653	3217	1
4905	7331	1
8731	8593	1
7885	7196	1
6119	4257	1
1713	9861	1
5198	5195	1
6213	1599	1
4505	7989	1
7331	4905	1
7236	13031	1
13313	7282	1
287	5747	1
9344	2179	1
821	5747	1
2646	4251	1
519	2065	1
11724	5248	1
12568	4084	1
2589	1091	1
7022	705	1
7022	5671	1
1745	238	1
10988	6883	1
1064	3502	1
5816	12294	1
7308	11166	1
12134	8763	1
6245	6700	1
3310	3964	1
7179	7731	1
5735	9612	1
49	50	1
5361	8967	1
11166	7308	1
9863	12545	1
7929	3078	1
13188	546	1
4950	4836	1
3170	8707	1
4422	5411	1
749	4651	1
2808	1674	1
10054	4020	1
7022	12116	1
3850	4273	1
3446	1710	1
3445	7780	1
1393	8282	1
5922	5	1
12519	13060	1
12177	1980	1
3545	4446	1
3144	2335	1
4422	885	1
13146	8068	1
1622	11657	1
885	885	1
420	4163	1
11657	10208	1
5581	11943	1
8282	1393	1
8959	10834	1
1455	382	1
563	5303	1
6642	4426	1
11177	11177	1
4422	6265	1
7786	12173	1
6197	9524	1
1179	1810	1
2009	1810	1
1810	1179	1
13150	6657	1
382	1455	1
10427	3479	1
13314	12720	1
3479	10427	1
7949	11007	1
8903	5089	1
2122	5203	1
9359	12318	1
7989	4505	1
12197	7995	1
12568	7780	1
5111	4227	1
2	8785	1
3426	1935	1
7360	11036	1
6352	4227	1
10255	9165	1
13315	13316	1
1625	1280	1
9910	10427	1
713	4117	1
4084	2017	1
1804	7254	1
5195	5198	1
11186	8785	1
2234	696	1
9872	3353	1
9404	8533	1
3722	3232	1
13292	1514	1
1930	2894	1
6868	6867	1
2911	7481	1
4272	8533	1
13317	8231	1
1034	1937	1
11657	1622	1
10561	1607	1
4446	3545	1
2922	13051	1
7108	3545	1
1897	7223	1
1450	13318	1
1607	10561	1
10276	6977	1
12197	7121	1
1638	4164	1
4257	6119	1
9391	6119	1
10758	11406	1
10458	8313	1
8153	8152	1
12197	7178	1
9413	7121	1
6891	7126	1
6635	6700	1
12791	12484	1
4409	7126	1
12361	12484	1
6454	2077	1
7196	10574	1
10890	12484	1
1280	1625	1
7236	12898	1
10635	10635	1
13085	7519	1
4265	1285	1
13306	13306	1
8313	10458	1
45	2077	1
7496	2737	1
8654	5888	1
13319	2219	1
2019	3232	1
1063	2077	1
4422	2245	1
7012	3160	1
1797	9209	1
5516	3230	1
1937	4578	1
696	2234	1
1096	2620	1
2335	6266	1
5524	1711	1
10345	9626	1
13320	9600	1
7492	6752	1
9626	7120	1
12239	9479	1
7022	3785	1
4073	2852	1
6941	6941	1
3471	4704	1
8364	3817	1
12467	12870	1
7225	13268	1
2894	1389	1
3190	876	1
1523	437	1
5120	5121	1
5565	3559	1
4651	749	1
1579	1580	1
573	2264	1
2826	10357	1
7502	7502	1
3130	3186	1
4753	5536	1
4422	897	1
8533	9404	1
3186	3130	1
12598	12006	1
4172	1897	1
8534	12006	1
12688	12006	1
3073	3080	1
12007	12006	1
649	10153	1
7502	6992	1
9105	4946	1
4422	1677	1
9502	9997	1
4577	4946	1
10024	6243	1
9861	1713	1
3543	1104	1
4422	4116	1
10945	12006	1
10989	12006	1
13321	4946	1
6687	10471	1
2620	1096	1
4946	4577	1
6867	6868	1
7078	7079	1
705	1209	1
1937	1034	1
8282	6274	1
11601	1034	1
8924	10582	1
3471	3966	1
13311	5678	1
5084	10236	1
13322	12249	1
218	4346	1
5823	3768	1
3966	3471	1
4345	4346	1
9429	9428	1
7810	4346	1
9735	10582	1
13215	6783	1
1284	4288	1
8947	2145	1
4723	3005	1
6683	8593	1
5606	5607	1
9470	6146	1
4407	3420	1
6120	6120	1
1791	4346	1
7386	1742	1
6146	9470	1
1394	1394	1
12898	6112	1
4288	1791	1
3071	13279	1
1791	4288	1
4176	4193	1
12413	7143	1
4342	4118	1
7413	5096	1
4086	2272	1
10955	8684	1
8611	5096	1
10856	7302	1
8068	13146	1
1847	6123	1
5600	3185	1
4664	6783	1
11228	11594	1
12886	13176	1
9524	6197	1
2698	9104	1
1487	5302	1
9829	9829	1
2051	1558	1
7501	2735	1
6003	1217	1
4946	13321	1
4954	9236	1
8750	8575	1
11455	9829	1
12162	9829	1
801	1008	1
12153	2585	1
4457	5774	1
1393	2969	1
6055	8192	1
12568	7639	1
8398	7519	1
6564	5789	1
11194	4857	1
3768	7764	1
3512	4034	1
4193	13323	1
5536	4753	1
9502	8618	1
156	2771	1
13323	7695	1
7570	7262	1
12936	12936	1
680	9584	1
1093	7262	1
4796	4983	1
2019	3818	1
9007	3137	1
1220	985	1
7940	7262	1
13323	1900	1
13323	7736	1
13323	4193	1
4176	4732	1
9131	7804	1
1900	13323	1
7128	10491	1
12100	12936	1
6786	6354	1
7736	13323	1
1455	12111	1
5789	6564	1
10826	10827	1
5901	6783	1
3818	2019	1
10568	10567	1
6052	2677	1
3190	13111	1
7764	3768	1
420	2141	1
6649	9470	1
10427	9910	1
9550	3975	1
7728	702	1
12592	5622	1
10285	8425	1
4034	3512	1
3119	8783	1
6359	2629	1
7076	8783	1
13324	8783	1
702	7728	1
3137	9007	1
5607	5606	1
9918	8783	1
7804	9131	1
4162	1886	1
5840	3561	1
299	1761	1
5364	10123	1
7660	816	1
13264	11640	1
8911	7451	1
8051	8067	1
7220	5920	1
2725	5774	1
4592	5836	1
12111	1455	1
6658	1214	1
3353	9872	1
12827	8783	1
10820	12906	1
214	1520	1
4002	7451	1
12894	12357	1
3403	4313	1
4504	10743	1
