12785	8172	1
5120	5121	1
4205	4206	1
3647	11797	1
2420	1708	1
10615	13123	1
3137	13104	1
3528	1635	1
10324	5966	1
13241	13241	1
9604	8071	1
8301	9639	1
6021	1493	1
13123	10615	1
3088	6017	1
5086	2381	1
2381	5086	1
9067	9581	1
3816	3616	1
9069	9581	1
8847	12744	1
2699	5849	1
10685	3787	1
3718	6556	1
5047	7082	1
7082	5047	1
4538	13046	1
10685	6562	1
5789	6564	1
6922	6564	1
8125	13242	1
12397	12773	1
12500	5941	1
10930	9391	1
3043	9930	1
8501	3335	1
6017	5219	1
8123	4175	1
7082	6793	1
2725	5072	1
10930	10634	1
4020	4027	1
563	564	1
5219	6017	1
3043	6243	1
1025	2616	1
9731	8835	1
9207	7644	1
6585	8854	1
8711	5427	1
13243	13243	1
5966	10324	1
1182	1169	1
6520	13244	1
10374	8499	1
5374	3109	1
1667	4172	1
3043	3010	1
32	219	1
1620	3109	1
9517	4482	1
5423	9223	1
7558	12516	1
3109	5374	1
6530	2902	1
3502	3489	1
3302	2902	1
6816	2914	1
6845	10968	1
9610	11777	1
10440	11017	1
1077	1077	1
8536	1396	1
9248	5843	1
9223	5423	1
11553	11777	1
342	8989	1
6385	6397	1
11195	3353	1
9997	13237	1
1163	2480	1
10054	4020	1
12870	12870	1
9412	10615	1
11539	13237	1
10049	10615	1
4801	4020	1
4172	1667	1
8191	2364	1
12748	1010	1
13245	13245	1
13246	13212	1
4020	4801	1
1420	5717	1
11135	5234	1
4727	4727	1
5353	5234	1
10464	5234	1
8676	6212	1
2247	475	1
72	1059	1
6720	2343	1
10108	13220	1
5166	1411	1
13220	10108	1
13247	10108	1
2480	6492	1
1493	6021	1
4748	5932	1
9310	2514	1
8889	7868	1
13157	13157	1
7796	7543	1
10206	9	1
12668	5223	1
1514	12062	1
12516	7558	1
379	861	1
826	693	1
3043	4930	1
1532	8864	1
1050	1175	1
3950	3950	1
11777	9610	1
5789	9133	1
5226	5223	1
2192	9973	1
428	1175	1
3122	5666	1
12575	3840	1
1937	1937	1
9267	8321	1
12491	5385	1
2705	10116	1
5197	5281	1
4362	6447	1
2065	698	1
3043	9957	1
912	515	1
2813	5990	1
6316	9402	1
7260	515	1
3975	11981	1
242	241	1
8499	10374	1
5526	4221	1
3912	5608	1
10574	4525	1
3787	10685	1
6562	10685	1
1813	5335	1
9581	9069	1
9769	3546	1
6017	3088	1
9198	9198	1
10319	8975	1
5381	10387	1
5893	5047	1
5789	11164	1
8018	6243	1
238	730	1
13248	6265	1
6763	2814	1
12067	12068	1
4020	10054	1
4572	4757	1
7558	9303	1
3668	3668	1
6227	6228	1
5172	2446	1
5789	3463	1
8684	10955	1
5843	9248	1
6068	5223	1
1060	2734	1
7660	816	1
9693	12536	1
11797	3647	1
11981	3975	1
12153	12153	1
241	242	1
4748	484	1
12580	7481	1
9128	7481	1
3708	7481	1
2962	1289	1
529	4004	1
2837	2836	1
5789	9248	1
3348	4601	1
2207	2207	1
9649	2294	1
6243	11831	1
4375	5893	1
5055	9959	1
5047	5893	1
11777	11553	1
9964	3432	1
3849	4485	1
3716	2167	1
5789	5096	1
2766	11190	1
8162	3688	1
3754	11485	1
10060	5430	1
1647	4164	1
9248	9248	1
3458	4181	1
7413	5096	1
12217	12038	1
5705	3673	1
10582	8924	1
12731	12263	1
1554	3380	1
10280	5150	1
12575	8614	1
9718	5875	1
8975	10319	1
9587	9242	1
9620	3100	1
8492	4445	1
1666	3723	1
11151	13030	1
4662	4133	1
4601	3348	1
1162	2532	1
10685	8568	1
13121	6864	1
11625	6864	1
1059	72	1
5234	5353	1
4983	4561	1
3762	3194	1
3100	9620	1
9041	3077	1
4868	1558	1
5650	8243	1
9402	6316	1
3925	2346	1
3217	5187	1
2766	594	1
1930	1791	1
956	2476	1
475	2247	1
2565	466	1
11016	6197	1
2476	2476	1
2699	12108	1
11598	7739	1
11702	10788	1
2699	7213	1
12717	8772	1
5572	1408	1
6864	13121	1
3077	9041	1
5427	8711	1
5354	7209	1
9242	7672	1
4318	1460	1
10570	4555	1
6265	13248	1
11831	6243	1
8144	10611	1
5223	5226	1
13249	13249	1
5266	1619	1
4251	6507	1
4176	4732	1
8579	8228	1
2589	1091	1
10255	8228	1
10778	8903	1
8903	10611	1
10788	11702	1
8228	8579	1
12787	3849	1
987	579	1
5789	3162	1
4580	9550	1
1396	8536	1
3043	3450	1
9767	4603	1
6769	3405	1
998	1380	1
2699	2532	1
9493	4257	1
5335	11267	1
11455	11455	1
3512	4034	1
3020	3450	1
475	11300	1
6864	11625	1
6897	4020	1
3240	8526	1
8772	12717	1
944	8526	1
2127	8526	1
3450	3020	1
5234	10464	1
13014	3186	1
1529	12717	1
10415	10464	1
4034	3512	1
3404	10507	1
10389	9251	1
10685	4115	1
11751	7543	1
2630	2260	1
9022	9251	1
8688	7543	1
7940	1889	1
6128	10741	1
1168	2420	1
13250	7940	1
4020	6897	1
9391	7893	1
3405	6769	1
13251	13251	1
4836	8967	1
4345	8967	1
9251	10389	1
4757	4572	1
5789	4717	1
1059	4383	1
13252	13252	1
7070	7069	1
7492	2125	1
21	388	1
9754	12913	1
9562	2954	1
7489	5169	1
13253	7143	1
8323	2912	1
13011	13125	1
3950	7862	1
2699	4287	1
185	2894	1
5745	5920	1
7791	7761	1
11751	9472	1
13254	6022	1
1532	4577	1
6750	5753	1
6084	7292	1
2721	3335	1
4084	5231	1
6752	2125	1
10796	1624	1
9568	5920	1
2872	1360	1
3043	2935	1
3186	13014	1
10615	9412	1
12772	1969	1
5720	1620	1
1134	6906	1
3043	3084	1
3109	1620	1
1969	12772	1
4836	4950	1
12861	8973	1
6007	6008	1
1134	13255	1
12067	12297	1
4164	1647	1
2399	3931	1
6146	9470	1
3043	3114	1
12258	12258	1
7940	13250	1
7089	9687	1
868	5341	1
12539	5341	1
5608	3912	1
7825	9687	1
1411	5166	1
7446	9687	1
5191	9785	1
13256	13256	1
12773	12397	1
9755	10153	1
4626	12728	1
6654	5561	1
628	627	1
12728	4626	1
4577	1532	1
1607	7009	1
484	4748	1
8568	10685	1
5932	4748	1
4115	10685	1
5445	5711	1
8943	8943	1
1855	2870	1
2870	1855	1
3255	4337	1
3287	7079	1
10397	8314	1
5750	2399	1
4692	9031	1
4293	13257	1
4288	1284	1
13258	9570	1
13259	13259	1
10739	2196	1
3258	2646	1
8975	4842	1
7079	3287	1
8341	4499	1
13260	13260	1
835	908	1
8233	908	1
6421	4906	1
4499	8341	1
5231	4084	1
2017	4084	1
3925	5363	1
1791	1930	1
8505	11205	1
7665	1034	1
7884	6810	1
13174	13156	1
7427	12906	1
12271	12953	1
3270	6227	1
3405	3404	1
9959	5055	1
3068	5935	1
13261	8130	1
5047	5935	1
6230	5935	1
9861	1713	1
13262	5890	1
1031	10767	1
271	272	1
9356	5893	1
8676	10250	1
4660	3545	1
6545	12340	1
6119	4257	1
2713	2059	1
7348	7348	1
2646	3258	1
1166	7665	1
3549	2800	1
3730	8614	1
7980	6193	1
7665	1166	1
12906	7427	1
3043	908	1
4274	4255	1
3171	4045	1
10494	5343	1
13122	10621	1
3629	3358	1
6752	4045	1
5905	2127	1
3897	4341	1
1487	2509	1
3998	4279	1
5783	4485	1
10621	13122	1
1512	21	1
4536	8753	1
10116	2705	1
3043	3316	1
730	238	1
12266	4384	1
12266	12266	1
4384	12266	1
10972	7336	1
9550	4580	1
1619	5266	1
1022	1176	1
11552	12301	1
13263	2204	1
11957	3294	1
5502	5909	1
11205	8505	1
12124	425	1
3294	11957	1
5411	11405	1
6485	7484	1
5612	7484	1
2203	6424	1
4045	6752	1
10479	13264	1
8839	8315	1
11405	5411	1
10228	13139	1
6649	3753	1
8579	8579	1
6922	6081	1
465	425	1
4678	2048	1
10739	717	1
2264	4209	1
9237	3358	1
3820	6279	1
627	628	1
1096	425	1
3849	12787	1
2234	3010	1
13139	13139	1
7564	5542	1
8541	10677	1
4255	4274	1
3085	6289	1
11354	10615	1
8092	11405	1
6120	6251	1
13156	13174	1
2446	425	1
5789	10896	1
10615	11354	1
10868	8665	1
10025	2384	1
2651	12153	1
6122	8665	1
4956	4384	1
4384	4956	1
6343	11044	1
2873	9472	1
1075	4920	1
9510	9510	1
9735	2911	1
11502	1612	1
5840	3561	1
2204	13263	1
2894	1930	1
4337	3255	1
2384	10025	1
12315	10179	1
11017	10440	1
9776	3853	1
12161	8455	1
2514	9310	1
7739	10736	1
2911	9735	1
5753	6750	1
2941	10663	1
7642	7283	1
10570	5862	1
2034	7283	1
12540	6901	1
2756	2544	1
13131	7283	1
10767	1031	1
