13424	10478	1
5307	3084	1
10861	5740	1
4250	6700	1
10753	12599	1
8973	5612	1
7181	10374	1
5612	8973	1
1884	5463	1
7442	12397	1
13377	6879	1
5489	10195	1
7228	13289	1
1619	5266	1
4250	4250	1
1611	10911	1
11445	10208	1
2228	3673	1
1064	13390	1
12501	5845	1
5640	5700	1
13431	6385	1
2228	3020	1
11284	12925	1
2399	5667	1
6635	6700	1
11243	12015	1
13451	12015	1
11044	9389	1
5237	4334	1
3965	6241	1
8452	4384	1
4384	8452	1
2399	4988	1
9237	3358	1
9721	7598	1
1220	985	1
9223	12015	1
9276	7622	1
2004	2242	1
4303	4519	1
2452	6915	1
3479	5326	1
9687	6354	1
3682	4617	1
4511	13	1
5351	6361	1
6879	13377	1
11130	12675	1
2455	8966	1
3041	6513	1
11427	11033	1
11553	7401	1
11777	7401	1
2228	12200	1
5952	10699	1
1840	6513	1
2004	5090	1
8792	12734	1
3079	7119	1
6134	6709	1
12015	9223	1
6564	6994	1
12865	3673	1
6284	9223	1
2004	4748	1
9222	9223	1
6300	3673	1
4451	7421	1
3647	11797	1
502	510	1
10778	252	1
6775	8656	1
10254	4092	1
10630	10630	1
3190	876	1
6185	5047	1
13017	13017	1
5060	8031	1
472	473	1
1404	1249	1
10756	10756	1
13401	13401	1
12960	10779	1
5411	11009	1
1640	5200	1
6967	12544	1
11669	9687	1
6354	9687	1
13176	9687	1
6021	1493	1
10787	3036	1
3036	10787	1
6845	9230	1
4009	4010	1
8096	2245	1
8623	8329	1
4455	7309	1
5518	5170	1
13418	9639	1
13104	4332	1
1651	6784	1
5047	5935	1
1969	1509	1
8096	10200	1
2807	13248	1
1352	1352	1
10360	9805	1
7030	12292	1
7667	12665	1
5993	7767	1
6564	9105	1
2228	4980	1
10890	12361	1
12010	12361	1
7767	5993	1
13416	12361	1
1022	12361	1
5160	4489	1
6839	1499	1
2106	13019	1
12361	13416	1
887	888	1
1509	1969	1
8140	11157	1
5572	1408	1
6385	13431	1
3920	1797	1
3176	1797	1
13442	10741	1
2452	11002	1
4164	1638	1
11530	11691	1
4652	3176	1
847	3176	1
9551	13331	1
3190	1584	1
5734	3652	1
13019	2106	1
12361	1022	1
1647	10900	1
8222	2913	1
12397	7228	1
7331	5845	1
6811	13432	1
5642	7228	1
6671	3480	1
7622	9276	1
1488	7519	1
13454	11285	1
28	5622	1
6915	2452	1
7421	4451	1
12675	9268	1
2335	3144	1
5278	7273	1
1638	4164	1
4977	8361	1
7517	13213	1
4489	5160	1
1064	8204	1
159	2712	1
2858	4670	1
10900	4164	1
11807	7764	1
9067	13193	1
12015	13451	1
2209	2210	1
7764	11807	1
11514	6614	1
11164	6079	1
13021	13331	1
6359	8022	1
12320	12320	1
4317	6236	1
345	625	1
6602	3568	1
3709	12804	1
1461	623	1
6079	11164	1
4227	12804	1
1391	10365	1
251	6022	1
6869	9790	1
12304	3944	1
11514	11514	1
425	465	1
6994	6564	1
5932	10560	1
6186	10634	1
12910	12910	1
3479	6985	1
10930	10634	1
1229	9159	1
5223	12668	1
4934	3603	1
10634	10930	1
2930	3279	1
12151	12151	1
1969	1168	1
2228	10803	1
2528	4961	1
12133	11537	1
1584	4789	1
4617	3682	1
12038	12422	1
7267	13455	1
10741	13442	1
13308	10620	1
4362	6447	1
277	2273	1
2228	2420	1
1969	2420	1
1969	5717	1
13390	8290	1
1813	5335	1
4216	11025	1
12500	4605	1
7401	11553	1
5518	2265	1
3632	2265	1
6146	6649	1
7267	4432	1
1251	1250	1
5869	6118	1
8903	11797	1
13311	11797	1
3969	3970	1
6829	3335	1
1969	2604	1
936	1266	1
3323	4724	1
3450	5090	1
3480	6671	1
6985	3479	1
7228	5642	1
10397	13456	1
374	10742	1
12086	7862	1
159	6713	1
4950	8967	1
6547	5345	1
54	4913	1
4724	3323	1
3983	6020	1
1404	5411	1
7776	7621	1
6539	13450	1
1969	4956	1
2004	11069	1
12307	6228	1
6374	1266	1
1404	11120	1
2228	835	1
12108	5424	1
10120	3480	1
4836	4950	1
9364	6315	1
6141	4950	1
4836	8967	1
5258	3160	1
4250	2912	1
7927	12176	1
12659	10230	1
10673	10674	1
2616	1231	1
6284	10451	1
7402	8702	1
2452	2277	1
252	10778	1
12176	7927	1
1231	2616	1
10560	5932	1
5257	1935	1
6118	5869	1
4031	10639	1
4025	3607	1
12153	13457	1
6409	9969	1
6041	1257	1
7876	1838	1
10930	8620	1
6100	993	1
677	4557	1
6635	993	1
3817	2290	1
8909	7780	1
3019	4334	1
7532	8420	1
7986	12970	1
7145	7780	1
7754	7780	1
7741	13458	1
10174	12961	1
13187	13187	1
11233	11630	1
10645	10811	1
8024	8025	1
6127	7032	1
4706	4707	1
4983	4763	1
13459	13021	1
7411	3021	1
12580	7481	1
10811	10645	1
6145	5859	1
2228	4380	1
5424	12108	1
1969	634	1
7519	1488	1
4407	11889	1
6829	6564	1
12551	1545	1
98	732	1
2228	7680	1
4020	10054	1
10699	5952	1
6757	11407	1
8889	7868	1
11751	5047	1
3703	3703	1
5047	11751	1
5060	4905	1
3593	5909	1
5379	6518	1
7032	6127	1
6765	9687	1
5869	8421	1
4257	7453	1
9687	6765	1
2725	3444	1
9756	3575	1
11407	6757	1
2585	8533	1
3480	10120	1
6671	10120	1
12970	7986	1
12606	8533	1
8871	8533	1
2228	3088	1
7267	6893	1
1969	1858	1
8533	8614	1
8533	2585	1
1666	11465	1
4272	8533	1
8024	8533	1
4763	4983	1
6962	8533	1
6513	1840	1
2848	8533	1
1481	5822	1
1969	676	1
8533	8533	1
3279	2930	1
12827	13460	1
13461	13461	1
10420	8967	1
5116	12565	1
6068	10165	1
1969	11732	1
4692	3546	1
7712	8533	1
3605	8533	1
9404	8533	1
10764	8533	1
7353	8533	1
4758	8533	1
2228	12842	1
6952	8533	1
2253	3765	1
4033	8533	1
13084	10778	1
12580	2911	1
4507	8533	1
2651	8533	1
4265	1285	1
1532	8533	1
6228	12307	1
2420	1969	1
12665	7667	1
2604	1969	1
4956	1969	1
634	1969	1
10140	4241	1
1858	1969	1
676	1969	1
11732	1969	1
2415	13385	1
4241	6848	1
4557	677	1
13434	10226	1
2399	5750	1
7267	6348	1
4940	8522	1
9687	13176	1
11630	4260	1
13420	8435	1
13450	6539	1
3021	7411	1
2004	6539	1
1969	13232	1
5734	5353	1
3019	5531	1
8040	6372	1
732	98	1
10752	2328	1
4409	3950	1
1462	2520	1
4260	11630	1
3196	4691	1
5707	5258	1
7651	2520	1
12472	6843	1
5060	2484	1
2855	997	1
6288	9816	1
705	1209	1
13462	13463	1
22	11900	1
13464	13464	1
11403	11387	1
9735	11513	1
7741	5800	1
1509	2520	1
13387	3585	1
11387	11403	1
828	9375	1
2228	1854	1
2520	1509	1
13465	13465	1
13466	9811	1
926	1791	1
8402	13213	1
5847	5000	1
12336	13213	1
5167	2119	1
1201	2324	1
10674	10673	1
13432	6811	1
2911	12580	1
6171	6615	1
13467	936	1
8386	5875	1
2547	486	1
7228	12397	1
7083	6059	1
6829	3263	1
8358	8696	1
12541	1926	1
2646	7857	1
7432	7433	1
5789	12344	1
4009	689	1
3998	2520	1
12898	7236	1
9160	9161	1
13432	13432	1
6843	13468	1
1620	8545	1
9969	6409	1
6884	2520	1
6211	6211	1
5832	2520	1
11513	9735	1
5833	2520	1
5734	8909	1
3892	7736	1
9626	12666	1
11960	11959	1
8676	10706	1
5469	11817	1
636	4302	1
10183	8705	1
6243	8018	1
13213	8402	1
3512	4034	1
8866	13469	1
13213	12336	1
2228	3450	1
13470	13469	1
6524	1869	1
2420	1708	1
13468	6843	1
10682	11808	1
3568	1247	1
7859	6977	1
6183	12154	1
3444	2725	1
7066	10128	1
12154	6183	1
2228	5977	1
4053	2194	1
7216	10062	1
2616	1064	1
1064	2616	1
6343	11044	1
9687	11669	1
11455	3581	1
4034	4851	1
11768	169	1
5905	2127	1
683	4334	1
4851	4034	1
11101	9523	1
10755	10755	1
1108	3645	1
8744	13432	1
11797	10935	1
1407	10355	1
8644	9325	1
4133	6783	1
936	13467	1
11797	13311	1
997	2855	1
6320	5142	1
2870	1485	1
3186	3673	1
6713	159	1
6564	10415	1
4284	518	1
6869	6849	1
5142	6320	1
12665	7854	1
6977	6112	1
2228	1232	1
1404	1232	1
3084	5307	1
2228	3316	1
1969	635	1
1055	13452	1
5797	11751	1
13339	13339	1
11344	7521	1
7466	11598	1
5897	7487	1
2446	4755	1
4755	2446	1
1872	1872	1
11465	1666	1
2520	1462	1
13471	9888	1
1926	12541	1
7394	9888	1
988	2813	1
6033	7391	1
2520	5833	1
3343	5130	1
7453	4257	1
8545	1620	1
6119	4257	1
2004	7930	1
486	3926	1
3743	1144	1
2855	1081	1
4034	3512	1
5823	3944	1
13232	1969	1
1969	4780	1
3765	2253	1
1081	2855	1
1969	1708	1
4157	7059	1
4407	5761	1
5065	13097	1
13299	13299	1
336	62	1
1132	4196	1
5617	6344	1
4780	1969	1
6041	5008	1
328	272	1
1274	10421	1
2228	6344	1
1969	6344	1
5266	1619	1
1406	1294	1
1404	1913	1
7514	12323	1
6977	7859	1
13472	12323	1
635	1969	1
12830	9615	1
9017	9017	1
271	2776	1
328	2776	1
6112	6977	1
12323	13472	1
11479	3137	1
12961	10174	1
2776	271	1
1172	1172	1
3867	3868	1
1404	2334	1
4246	7776	1
1523	1117	1
13473	5849	1
271	272	1
10479	13264	1
10639	4031	1
4380	4866	1
5563	6782	1
5210	4741	1
12323	7514	1
13474	9436	1
11731	12867	1
8329	8623	1
5564	5882	1
4077	2478	1
6867	6868	1
13460	12827	1
