717	3009	1
12336	9639	1
3754	6649	1
6048	5009	1
188	5187	1
1209	705	1
13325	13325	1
13063	12659	1
5009	6048	1
10174	6428	1
7866	7813	1
902	987	1
3964	3310	1
7126	4409	1
5476	5475	1
6702	7082	1
8425	10285	1
1285	4265	1
13326	9714	1
8192	6055	1
7451	8911	1
8848	1840	1
4409	7126	1
6055	8192	1
13327	6529	1
4407	4358	1
13120	10293	1
1897	5535	1
13328	10293	1
6564	5789	1
8018	4144	1
3304	3401	1
9581	9069	1
4346	7810	1
10172	8614	1
12622	10108	1
8903	10778	1
2814	6763	1
5382	2483	1
13329	11550	1
875	12861	1
2308	3647	1
3654	6763	1
7303	5988	1
2771	156	1
4578	10933	1
1701	13306	1
2019	3232	1
6123	1847	1
12659	13063	1
7074	11044	1
11034	8864	1
10179	12315	1
7025	9805	1
7108	3545	1
690	6169	1
5197	6103	1
4983	4796	1
5490	6397	1
5004	6456	1
6037	12991	1
5281	6344	1
1162	2532	1
7196	7885	1
4163	1677	1
1022	1677	1
6037	6056	1
2807	4577	1
10614	12865	1
9105	9380	1
3364	3458	1
5803	5804	1
1034	11601	1
10567	10568	1
3458	4181	1
546	13188	1
7309	10634	1
10736	7739	1
10634	7309	1
12675	11445	1
2924	5408	1
17	8936	1
2422	10755	1
2451	546	1
9031	9769	1
3559	5565	1
11948	275	1
546	2451	1
1677	1022	1
5076	800	1
12217	12422	1
12894	12357	1
6270	4989	1
8228	12008	1
271	272	1
5789	12344	1
5762	10368	1
12344	5789	1
7847	12008	1
5706	12008	1
9570	12008	1
11043	12008	1
3242	12008	1
5188	12008	1
11033	11034	1
12008	8228	1
1007	1007	1
4657	4885	1
11597	11597	1
3418	18	1
11194	4857	1
1340	573	1
6642	4426	1
4408	5863	1
9001	13330	1
9974	4447	1
788	21	1
9006	12816	1
9777	7508	1
8684	10955	1
6783	5901	1
21	788	1
6942	11553	1
10308	10308	1
1677	4163	1
11849	7088	1
1077	4980	1
156	2771	1
4980	1077	1
13331	13021	1
12751	8989	1
7423	12481	1
1522	420	1
13157	13157	1
6354	6786	1
12530	12517	1
13299	13299	1
5028	5690	1
8936	17	1
5380	13021	1
3353	11195	1
1231	9409	1
3722	3232	1
11416	12598	1
424	5091	1
3616	3816	1
8215	3384	1
3816	3384	1
5380	1504	1
5366	1504	1
2698	2194	1
7254	1804	1
5221	681	1
1358	1504	1
3973	2380	1
4439	11069	1
7866	6183	1
7866	13332	1
4836	8967	1
12262	12150	1
7916	9248	1
5863	4408	1
2479	4438	1
2193	2349	1
4597	3826	1
10755	2422	1
12102	12127	1
5536	4753	1
3549	2800	1
1407	10355	1
2698	5853	1
12102	12102	1
2619	4230	1
12127	12102	1
5357	8899	1
1455	777	1
9144	7025	1
243	6161	1
7258	8150	1
2428	5346	1
1034	1937	1
8254	966	1
9872	3353	1
11195	3353	1
960	8776	1
11472	12009	1
1031	5549	1
6649	3754	1
3241	5690	1
3855	5026	1
10542	7309	1
9410	7309	1
1523	366	1
6234	2785	1
5091	424	1
669	668	1
5402	8899	1
371	623	1
4313	2607	1
622	623	1
11601	1937	1
11759	11984	1
7866	3009	1
1937	11601	1
6962	8533	1
11625	6864	1
12296	6864	1
2737	7496	1
8989	12751	1
11625	11625	1
7780	3445	1
13316	13315	1
2735	7501	1
1514	2083	1
3849	4125	1
1356	6024	1
1429	2901	1
13333	12546	1
11601	11601	1
9829	3581	1
7542	8649	1
13021	5380	1
11455	3581	1
6264	6023	1
1504	5380	1
3605	6424	1
437	1523	1
366	1523	1
800	5076	1
5804	5803	1
3063	6502	1
1368	1625	1
1462	1126	1
11679	11679	1
7866	6635	1
12008	3242	1
2852	4073	1
3177	3391	1
6657	13150	1
9248	7916	1
13172	3938	1
5901	6783	1
5565	3559	1
3970	5586	1
5380	6729	1
1625	2276	1
1064	3502	1
3426	1935	1
13176	12886	1
4125	3849	1
2276	1625	1
6374	1266	1
4073	2852	1
3973	9945	1
9727	10634	1
6306	3026	1
2204	13263	1
4439	5301	1
5448	13318	1
4441	1022	1
5365	5301	1
2209	2210	1
5353	5027	1
13292	2083	1
2120	4634	1
8260	8903	1
6048	7862	1
1455	4372	1
8172	11135	1
13084	11135	1
113	131	1
6841	8398	1
4147	13146	1
10611	8260	1
5849	6893	1
11679	11680	1
5156	3581	1
8150	7258	1
1937	1034	1
11601	1034	1
12675	13137	1
6236	10783	1
4796	4983	1
13334	13334	1
4439	2364	1
3547	2457	1
13335	2721	1
12991	6037	1
6056	6037	1
1580	1579	1
4250	1094	1
8195	1094	1
1401	1094	1
4905	1094	1
1512	1094	1
2616	1094	1
1441	1094	1
594	2766	1
1935	3426	1
3027	3028	1
5047	5893	1
9077	4155	1
1625	1368	1
6198	7544	1
737	1094	1
7260	515	1
710	1094	1
874	3194	1
2295	3544	1
425	1094	1
3077	9041	1
8903	10611	1
3426	3426	1
11036	7360	1
5524	6502	1
1746	7544	1
8260	10611	1
7037	5716	1
12008	7847	1
5147	5909	1
3185	5600	1
627	628	1
2063	5145	1
7088	5635	1
5735	9612	1
4047	8967	1
181	1022	1
5380	8595	1
2595	5395	1
6190	11530	1
12009	11472	1
6899	328	1
8903	10814	1
5347	13336	1
4439	7213	1
271	328	1
12394	12394	1
2776	328	1
11497	12394	1
3451	5928	1
12393	12394	1
7813	6354	1
5589	12371	1
7982	5090	1
11420	12394	1
3458	3364	1
2698	11196	1
6893	5849	1
11199	7030	1
4812	4832	1
2115	3945	1
6354	7813	1
1455	5767	1
7143	12413	1
5216	12142	1
6604	7403	1
9766	8121	1
7866	7930	1
2041	1342	1
2400	4070	1
988	4913	1
9488	9234	1
4358	4407	1
9874	1537	1
5635	7088	1
705	1209	1
6119	4257	1
12263	12943	1
885	885	1
2330	6361	1
638	10396	1
4372	1455	1
13334	2216	1
2469	3119	1
13337	12943	1
2555	2446	1
6845	6364	1
5135	7856	1
1227	1934	1
12048	12048	1
2691	13069	1
5027	5353	1
3982	1891	1
1937	8864	1
13183	3945	1
10284	13121	1
12816	9006	1
1108	2065	1
3420	4407	1
6552	6553	1
9280	4549	1
5871	3640	1
2080	13033	1
12592	5622	1
702	7728	1
11530	6190	1
6055	8609	1
4257	6119	1
1746	3342	1
4358	13338	1
12413	7143	1
2698	5598	1
5767	1455	1
6321	9472	1
7866	9472	1
5880	5981	1
4968	2560	1
8160	10634	1
10355	1407	1
1666	3944	1
8021	3575	1
4251	3944	1
4989	6270	1
11519	6107	1
1353	12905	1
91	9861	1
12495	13323	1
28	3775	1
9669	6321	1
6108	7810	1
3739	3999	1
13339	13339	1
3302	8526	1
7866	5090	1
6923	7688	1
3768	7764	1
11605	11855	1
777	1455	1
7866	3673	1
13336	5347	1
8756	9018	1
6218	8049	1
7597	7283	1
13304	12757	1
13340	6188	1
13129	13129	1
12905	1353	1
3243	7775	1
3217	2653	1
10713	9133	1
13341	6156	1
13342	13342	1
8595	5380	1
8785	11186	1
9514	11186	1
4313	3403	1
997	1081	1
1429	2087	1
8924	8925	1
11186	8785	1
869	1120	1
4445	4724	1
6172	12217	1
10814	8903	1
11451	8855	1
10123	5364	1
6236	6136	1
2352	2087	1
5281	1509	1
12038	12217	1
12008	9570	1
6788	2343	1
3623	10200	1
4980	9431	1
12517	1517	1
6112	12898	1
3323	5948	1
5346	2428	1
7082	6702	1
1119	1120	1
6381	1215	1
4950	9242	1
1897	1900	1
1081	9409	1
5497	9133	1
9133	5497	1
2939	3471	1
7866	5706	1
1622	10149	1
3640	5871	1
39	320	1
13150	6657	1
12943	13337	1
4458	2234	1
9612	5735	1
5047	5797	1
3136	11132	1
5085	9612	1
5345	6547	1
11140	9568	1
3563	11051	1
8512	8320	1
4753	5536	1
4439	11164	1
8700	8810	1
1031	10767	1
9807	9695	1
5663	5001	1
1900	8975	1
5981	5880	1
7120	9626	1
3999	3739	1
10743	10675	1
8575	8750	1
6784	7334	1
7967	13343	1
1010	12748	1
4050	13344	1
9273	1036	1
8975	1900	1
11132	3136	1
543	9080	1
6646	3450	1
10025	6458	1
9390	8228	1
6458	10025	1
2297	2480	1
3370	6765	1
5353	5234	1
2192	12842	1
11144	2985	1
10389	9251	1
12107	3263	1
10753	10324	1
1229	1900	1
1248	4935	1
12420	9576	1
4560	4876	1
9380	9105	1
7866	3240	1
11144	4059	1
7919	10208	1
6841	6430	1
9750	3327	1
2041	8068	1
11186	5875	1
9626	7120	1
4983	4561	1
4954	9236	1
8534	9576	1
7841	6295	1
13345	2260	1
10427	3479	1
1120	1119	1
8848	9880	1
12748	2902	1
4544	3497	1
9612	5085	1
12664	12650	1
5402	9262	1
6843	12472	1
7444	7786	1
4549	9280	1
2116	6836	1
8654	7778	1
6321	10576	1
10023	12399	1
3068	5935	1
10816	10815	1
9541	6836	1
7925	6836	1
13346	3078	1
6576	6444	1
3445	7780	1
6034	6022	1
7866	8421	1
8533	4272	1
5411	5047	1
240	2242	1
13261	8049	1
1501	6613	1
10120	3480	1
2242	240	1
9368	9368	1
1108	3645	1
8772	12717	1
9031	4692	1
4334	8666	1
10988	12353	1
5047	6246	1
13325	5041	1
3450	6246	1
3391	3177	1
4272	8533	1
5301	5365	1
6490	8328	1
9369	6193	1
9165	10255	1
9368	8490	1
12399	10023	1
11051	3563	1
4439	7345	1
10955	8684	1
3480	10120	1
12746	10463	1
8656	6775	1
7334	6784	1
9892	7401	1
3413	605	1
2065	1108	1
9584	680	1
7866	1635	1
4440	1635	1
12886	13176	1
1215	6381	1
5047	5411	1
10767	1031	1
1561	1188	1
10582	9735	1
2573	2571	1
92	4809	1
6037	5540	1
4983	6329	1
1188	1561	1
12717	8772	1
6867	9009	1
4368	9380	1
12835	9888	1
3647	12221	1
8891	8644	1
12353	10988	1
2017	4084	1
7866	3886	1
7178	12197	1
10475	5161	1
3613	483	1
12630	8668	1
2585	8533	1
13347	13347	1
6381	1618	1
13348	2116	1
6729	10413	1
9100	10413	1
3440	11989	1
72	1059	1
9431	4980	1
5852	5851	1
5065	11044	1
2870	1485	1
8533	2585	1
9903	3027	1
13349	13349	1
5234	5353	1
1517	1096	1
10538	13323	1
9009	6867	1
10568	3405	1
7764	3768	1
6769	3405	1
11989	3440	1
3186	13014	1
9229	8393	1
10108	12622	1
6354	13014	1
8404	4883	1
13350	9085	1
6343	4883	1
2766	594	1
3607	4025	1
10695	12153	1
7688	6923	1
8607	8607	1
8228	3512	1
1853	7372	1
4025	3607	1
932	1757	1
12488	6627	1
338	1847	1
2698	5888	1
9962	2308	1
6260	4282	1
4084	2017	1
5840	3561	1
1635	13351	1
12748	3426	1
3768	5823	1
8903	12353	1
11208	13352	1
4748	5932	1
1039	5533	1
5504	11731	1
7487	5932	1
1555	11186	1
5206	5041	1
7866	4905	1
13111	3190	1
3904	8361	1
4901	5000	1
2484	1816	1
3190	3190	1
13353	8763	1
8609	6055	1
2325	1742	1
8935	12999	1
5224	5223	1
8537	8537	1
7856	11380	1
4348	2710	1
8533	6962	1
1716	10844	1
7236	6977	1
2480	2297	1
6190	6448	1
12898	6977	1
6112	6977	1
1740	2127	1
2041	5532	1
13354	7655	1
13014	6354	1
4164	1638	1
10787	10787	1
11014	10259	1
1742	2325	1
12197	7178	1
1757	932	1
10413	9100	1
1638	4164	1
6977	12898	1
6765	3370	1
1085	6809	1
10413	6729	1
10414	12175	1
12487	3358	1
4006	7359	1
4006	3274	1
10968	3021	1
7154	9266	1
8398	7519	1
6321	5057	1
5000	4901	1
4300	8665	1
12736	10508	1
10508	12736	1
8599	4657	1
12861	875	1
1816	2484	1
13289	12967	1
6381	1800	1
11702	7734	1
5039	4577	1
543	616	1
13355	3186	1
680	283	1
749	4651	1
10060	10060	1
2698	2699	1
4439	11952	1
3645	1108	1
7145	7780	1
12967	13289	1
12734	13356	1
10570	3829	1
2420	1009	1
4809	92	1
13357	6120	1
13358	13358	1
518	1241	1
8152	8153	1
1162	3568	1
12221	3647	1
7866	1241	1
3829	10570	1
5731	13359	1
5027	5026	1
2698	3647	1
2677	6052	1
4288	1791	1
8750	8575	1
8213	11817	1
4668	6034	1
8844	11734	1
9380	4368	1
2127	1740	1
5047	11751	1
8976	4730	1
12883	12883	1
1847	6123	1
11571	6739	1
10750	10750	1
283	680	1
12754	4844	1
6547	5345	1
2646	2496	1
12675	4158	1
5039	5039	1
1445	1902	1
11044	5065	1
4603	1981	1
11948	11948	1
2698	5043	1
4207	4036	1
2380	3973	1
5248	4036	1
3640	5288	1
8262	2973	1
1076	5717	1
7309	9410	1
10368	13237	1
9136	5671	1
9022	12847	1
5041	13325	1
1120	869	1
3984	5363	1
3176	4652	1
11734	8844	1
9945	3973	1
13323	12495	1
8644	8891	1
3450	2284	1
6428	10174	1
9138	13360	1
13149	6927	1
9234	9488	1
7025	9144	1
12100	5065	1
11203	8446	1
5223	5224	1
5065	12100	1
7540	3918	1
7534	7535	1
13360	9138	1
12483	10735	1
11135	8172	1
2110	8548	1
4439	7944	1
2619	4017	1
8402	13213	1
8172	13361	1
2004	6539	1
7734	11702	1
7993	5874	1
10344	3615	1
13161	13362	1
7501	7162	1
8238	7136	1
7108	2914	1
5510	5808	1
