1556	2420	1
10320	7141	1
3450	5047	1
2420	1556	1
7744	6389	1
5047	3450	1
4939	4769	1
5821	5820	1
271	328	1
12961	9229	1
5870	9612	1
12456	11776	1
3457	2011	1
705	1209	1
4603	9389	1
6878	10924	1
680	283	1
9863	4101	1
328	271	1
6899	271	1
12599	13404	1
283	680	1
12096	6977	1
13476	8903	1
540	1786	1
10814	8903	1
540	628	1
12585	4102	1
2901	1321	1
3512	2496	1
13673	6977	1
8331	7639	1
1993	2972	1
151	152	1
7804	9131	1
9894	12496	1
914	13343	1
6784	5796	1
1985	1077	1
271	375	1
10054	4020	1
3825	426	1
6119	4257	1
886	375	1
5459	707	1
10407	1842	1
11372	6898	1
12580	8903	1
4380	3673	1
2079	2505	1
1666	3723	1
8014	6036	1
10375	3096	1
4578	3391	1
6925	8903	1
7484	9576	1
10778	8903	1
8903	12580	1
11417	11416	1
6804	11216	1
13408	8903	1
13079	13080	1
6354	9213	1
9072	5426	1
9213	6354	1
12396	7506	1
8903	10778	1
4092	4092	1
6218	12174	1
134	3671	1
7506	12396	1
9246	8176	1
4603	10208	1
12620	11379	1
11751	11445	1
7639	8331	1
12137	9706	1
2913	8222	1
9775	2102	1
4280	1051	1
1622	10149	1
10020	10020	1
812	5022	1
11699	10605	1
9059	9059	1
11661	1893	1
8700	7449	1
5252	110	1
12223	13674	1
11445	9105	1
3186	13014	1
529	1958	1
9105	11445	1
11294	10471	1
10471	11294	1
13675	7944	1
13676	13048	1
3817	2290	1
5796	6784	1
11502	12886	1
5217	10130	1
9131	7804	1
510	13665	1
7668	5879	1
13677	9924	1
1441	788	1
10319	9966	1
19	6163	1
3523	11844	1
1662	5712	1
13187	12886	1
12221	3647	1
12457	9798	1
7228	12397	1
2102	9775	1
4912	1552	1
627	8333	1
2422	5365	1
5423	8515	1
12787	3849	1
7512	8460	1
10499	4717	1
6646	10222	1
13048	13601	1
2505	2079	1
13678	13678	1
3428	4930	1
2416	3550	1
2873	4930	1
13679	133	1
9897	6236	1
7495	6236	1
6485	6845	1
4769	4939	1
12197	7178	1
5003	6618	1
11523	11523	1
2678	2679	1
12481	12481	1
13674	12223	1
9057	9057	1
12361	1022	1
8460	7512	1
5087	7119	1
13680	9080	1
1022	12361	1
9426	7932	1
10130	5217	1
13668	13667	1
12009	11472	1
13681	13681	1
12174	6218	1
2230	2231	1
11721	10961	1
11067	696	1
4603	7507	1
2321	2749	1
6454	5446	1
529	4004	1
7029	986	1
5335	1813	1
8929	13682	1
6618	5003	1
5419	11164	1
186	4346	1
6284	11713	1
7969	4070	1
12886	8571	1
4763	4983	1
9066	9066	1
2420	1708	1
5354	7209	1
6236	10783	1
13187	2024	1
13669	11808	1
8903	10814	1
9769	4692	1
2673	10484	1
13683	11776	1
788	1441	1
13667	13668	1
3817	8330	1
12361	6951	1
11776	13683	1
5951	1584	1
8656	6775	1
4603	6343	1
5977	12842	1
5553	579	1
13684	13684	1
2321	5031	1
4416	13685	1
3543	7241	1
9570	5047	1
7512	1365	1
529	3978	1
4578	3043	1
7319	7318	1
11212	8962	1
5481	3043	1
6760	8359	1
13686	9049	1
12019	8136	1
11730	6052	1
4603	2420	1
6236	7495	1
5673	12447	1
861	437	1
7449	8700	1
3245	5582	1
10210	6989	1
1746	2371	1
1523	6989	1
10738	8071	1
564	905	1
12361	12484	1
11645	1937	1
4092	9888	1
5976	6183	1
5786	2040	1
4982	4200	1
5673	10096	1
3430	3234	1
7900	2000	1
5381	10387	1
4890	4899	1
5832	5833	1
8014	2331	1
1144	705	1
7209	5354	1
1209	705	1
1872	1872	1
6374	10580	1
1160	6340	1
8541	6135	1
10580	6374	1
688	689	1
4101	9863	1
4603	5280	1
186	3232	1
8880	6113	1
12599	8584	1
8763	12134	1
12396	12153	1
5287	4983	1
186	252	1
13597	6183	1
1762	3059	1
8125	6513	1
9346	1792	1
12766	9331	1
375	886	1
12886	11502	1
12491	5385	1
4006	1727	1
6901	12775	1
10724	10724	1
13014	3186	1
13491	3186	1
4592	5836	1
10677	11191	1
594	13	1
11818	12104	1
5753	5924	1
5041	13325	1
4215	5354	1
10860	816	1
10650	13048	1
8071	10738	1
13687	12664	1
1160	10062	1
4301	4302	1
8515	5423	1
134	447	1
4603	1850	1
375	6899	1
3968	8521	1
2321	1983	1
12062	9351	1
5354	5897	1
7030	12292	1
10645	1858	1
12218	9142	1
7028	9834	1
5897	5354	1
186	8803	1
6765	3370	1
4603	7930	1
3370	6765	1
4757	6765	1
2420	1009	1
8391	9431	1
3152	12687	1
529	559	1
11164	5419	1
10639	12533	1
7741	7031	1
13688	12533	1
186	3176	1
12568	7639	1
13573	12533	1
11379	8044	1
1375	2022	1
996	1406	1
4578	9842	1
12861	10765	1
13292	11356	1
8014	6864	1
4029	8247	1
5198	5195	1
6187	5070	1
7639	12568	1
13	594	1
3647	12221	1
7211	5524	1
2465	1702	1
8451	10765	1
737	1081	1
11031	13689	1
10163	9669	1
805	13046	1
5817	6577	1
1017	1076	1
4363	8967	1
12153	12396	1
13434	11061	1
6899	375	1
5976	5065	1
2422	4113	1
688	4009	1
9865	957	1
9041	3077	1
13261	10347	1
186	648	1
2646	3723	1
8935	6380	1
13595	13367	1
8903	6925	1
5419	5537	1
6380	8935	1
13689	11031	1
529	7560	1
886	467	1
9612	5870	1
186	467	1
186	2182	1
5670	9896	1
4800	3733	1
13187	1913	1
6577	5817	1
7413	8611	1
4603	9767	1
6977	12096	1
5211	11824	1
8940	4090	1
6901	12568	1
875	10765	1
4836	4950	1
12775	12568	1
9133	8676	1
4950	4836	1
12396	4873	1
4983	5287	1
5365	4084	1
8818	6034	1
13685	4416	1
12292	7030	1
3196	6135	1
930	9207	1
10645	9237	1
5976	10626	1
129	4064	1
2308	10506	1
968	4084	1
7181	6022	1
10765	3069	1
1714	3408	1
3739	13689	1
8830	4038	1
13325	5041	1
13690	13690	1
8247	4029	1
13538	7739	1
6654	2349	1
2151	7451	1
12221	4726	1
4589	8767	1
8773	13266	1
4568	6854	1
10003	10677	1
10317	4981	1
13691	13691	1
6556	6854	1
11565	4946	1
3048	50	1
7015	50	1
5582	3245	1
8014	7718	1
886	4415	1
8051	4418	1
10096	5673	1
6220	10208	1
2801	6845	1
12447	5673	1
4084	968	1
1669	410	1
3128	2832	1
3353	13373	1
4418	8051	1
4333	3850	1
13344	4050	1
2874	2489	1
7235	4555	1
4603	5307	1
12396	1369	1
2935	2489	1
7076	4341	1
5513	6181	1
1740	3674	1
13553	7299	1
3850	4333	1
13665	510	1
7299	13553	1
12396	4459	1
5716	9881	1
2141	2489	1
13481	4666	1
437	861	1
3493	9669	1
4025	6874	1
185	8258	1
3970	7384	1
563	4457	1
221	7214	1
5366	12779	1
186	2019	1
13689	3739	1
10765	12861	1
5820	5821	1
8741	7005	1
1469	3723	1
11445	11751	1
11092	10822	1
6688	6146	1
6257	2863	1
2985	9825	1
3514	9945	1
5797	11751	1
2503	3815	1
4035	2031	1
9669	10163	1
11579	5847	1
3443	3444	1
11960	11960	1
12620	7484	1
11959	11960	1
13086	13087	1
5365	2422	1
9415	6879	1
12668	5223	1
11469	2616	1
5481	3210	1
2616	11469	1
7484	12620	1
6034	8818	1
5095	5095	1
12116	936	1
1608	12482	1
9207	930	1
7487	5898	1
13367	13595	1
8654	13373	1
13266	8773	1
2544	1508	1
563	564	1
13467	936	1
887	888	1
5684	6085	1
2756	1508	1
12565	6804	1
12986	13595	1
6940	8973	1
6267	1064	1
2616	1064	1
110	5252	1
363	357	1
2420	357	1
6804	12565	1
186	5695	1
4113	2422	1
5901	6783	1
7804	5411	1
13187	8570	1
5485	3561	1
6783	5901	1
7880	13595	1
1987	2379	1
9270	6200	1
11356	2190	1
12361	3707	1
6845	6485	1
1064	5188	1
13692	8506	1
13373	8654	1
519	7090	1
5188	1064	1
331	2568	1
7925	9957	1
4728	207	1
7340	7130	1
5301	10313	1
1905	2446	1
1064	2616	1
11009	7130	1
6227	3270	1
4981	10317	1
10990	7130	1
3002	4233	1
12635	2912	1
9300	6637	1
65	13291	1
2489	2935	1
6079	11164	1
8903	8354	1
4138	3295	1
1045	786	1
4459	12396	1
7355	410	1
13593	2548	1
357	2420	1
3319	4048	1
2997	3561	1
13693	4765	1
1406	996	1
4208	11801	1
5222	9273	1
7612	7612	1
11121	4029	1
2894	1930	1
6038	4062	1
8935	6329	1
10765	11817	1
10330	13694	1
1339	447	1
9204	12529	1
6727	6040	1
4047	4346	1
11689	4939	1
13695	4029	1
4603	8421	1
7318	7319	1
5563	7004	1
705	1144	1
1727	3234	1
6135	3196	1
12482	1608	1
490	1565	1
4983	4561	1
5278	1608	1
12533	13688	1
10645	2555	1
10313	5301	1
5688	4039	1
4877	4039	1
1081	737	1
6007	380	1
12898	12898	1
6743	1069	1
12	7414	1
3501	2069	1
186	3647	1
7090	519	1
6493	13696	1
4937	4938	1
1565	490	1
13187	6251	1
5014	1472	1
9069	10179	1
5188	5227	1
7423	6540	1
8258	185	1
5411	7804	1
1407	10355	1
5227	5188	1
4693	9561	1
1954	7323	1
8452	8453	1
1653	7068	1
2540	1898	1
2231	2230	1
13697	13051	1
13294	13294	1
4863	4864	1
4250	2912	1
10032	10032	1
6989	1523	1
4603	2479	1
11831	6243	1
4780	1969	1
1933	1754	1
5898	7487	1
4556	4303	1
7114	9188	1
7761	4303	1
835	3633	1
9789	9789	1
4723	3005	1
7020	10179	1
13694	7204	1
10067	2873	1
7810	4346	1
936	12116	1
4237	8812	1
12174	10754	1
8837	1103	1
3567	1103	1
2732	3227	1
3383	1126	1
3543	8292	1
4603	6309	1
3184	10834	1
2596	6513	1
13146	8068	1
467	886	1
5684	8609	1
7004	5563	1
4415	886	1
3176	1781	1
13567	11472	1
5823	3944	1
11472	13567	1
13492	12551	1
186	3343	1
10232	3487	1
9276	10351	1
13698	11844	1
3543	5459	1
2308	5190	1
6784	5206	1
1126	3383	1
5047	7543	1
2311	5915	1
13699	13699	1
4039	5688	1
6481	5688	1
10765	2244	1
375	271	1
12286	12287	1
8069	5653	1
6168	5688	1
2912	4250	1
9798	12457	1
12861	5688	1
4905	5688	1
8213	5688	1
10351	9276	1
9397	5688	1
863	564	1
1754	1933	1
4603	4577	1
4409	5217	1
4086	3759	1
4601	246	1
2912	12635	1
28	3775	1
186	2276	1
7654	5688	1
10682	6309	1
2738	7764	1
2260	3759	1
6637	4444	1
4603	1981	1
9966	10319	1
2446	9825	1
9207	7644	1
5976	1981	1
5217	4409	1
10762	12861	1
4730	5217	1
9825	2446	1
6899	328	1
13367	8290	1
13700	13701	1
13514	6674	1
8014	6222	1
13702	8237	1
7644	9207	1
4337	3255	1
1381	8864	1
2031	4035	1
10507	6769	1
10210	11923	1
4810	7986	1
10222	6646	1
9470	6649	1
13703	13703	1
6646	3069	1
12671	13021	1
4346	7810	1
4015	11426	1
7407	3069	1
8812	4237	1
4325	6424	1
11186	9514	1
5656	3069	1
12666	10345	1
8451	8867	1
4303	7761	1
12481	4578	1
1712	1136	1
9365	2004	1
3043	4578	1
1103	8837	1
9842	4578	1
4034	3512	1
7688	7672	1
4597	1847	1
12936	13367	1
13367	12936	1
4603	6765	1
207	4728	1
7236	13673	1
2801	2609	1
13704	13367	1
12664	12650	1
13175	13705	1
7229	7204	1
9539	2245	1
13706	12777	1
10569	12650	1
13707	13708	1
12777	13706	1
380	6007	1
2696	13048	1
4118	4117	1
13367	13367	1
