4084	8197	1
13367	12936	1
12116	936	1
12936	13367	1
4205	6083	1
9271	12274	1
13706	12777	1
12457	9798	1
6048	6938	1
5301	10313	1
13709	10141	1
6183	5976	1
12777	13706	1
5904	5374	1
2033	3512	1
12664	12650	1
8773	13266	1
10626	5976	1
5065	5976	1
8749	12777	1
13705	13175	1
1398	1399	1
3759	2260	1
5758	6113	1
4603	5386	1
1399	1398	1
3730	4458	1
13095	12650	1
12624	5693	1
9894	12496	1
13367	13704	1
1160	708	1
9031	4692	1
905	861	1
2609	2801	1
8068	13146	1
10677	10003	1
9865	287	1
6897	13710	1
9314	8950	1
2942	4458	1
6795	5601	1
2934	4458	1
10506	4114	1
5673	5994	1
12344	5789	1
13700	13711	1
10096	5994	1
9069	10737	1
1462	4458	1
2234	4458	1
10351	9276	1
6845	2801	1
9863	4101	1
1762	2588	1
8935	6329	1
7030	12292	1
2433	2588	1
4020	13710	1
5994	5673	1
13710	4020	1
13556	9223	1
13021	12671	1
8366	11369	1
7432	7433	1
4250	6700	1
13698	13698	1
4728	207	1
13712	9408	1
4101	9863	1
4368	6265	1
11144	2985	1
3512	2033	1
7761	4303	1
11224	4044	1
4257	6119	1
6037	12991	1
519	7090	1
12671	13021	1
3400	4303	1
13713	6185	1
5223	12668	1
7893	9391	1
5047	6185	1
89	7046	1
3257	6700	1
6185	5047	1
13714	13714	1
3255	4337	1
5773	3160	1
6485	6845	1
4822	13715	1
6845	6485	1
13032	13032	1
625	5062	1
4075	3010	1
2588	2433	1
7764	2738	1
10968	6845	1
5500	5501	1
8587	11967	1
13716	10475	1
7451	2151	1
2418	1842	1
9643	9644	1
13685	10651	1
10605	10651	1
7360	9099	1
6637	9300	1
4404	3671	1
6465	6020	1
8818	6034	1
6879	13717	1
2801	6845	1
5258	13626	1
5047	7543	1
6105	4930	1
13367	4206	1
9069	9735	1
6021	6021	1
12991	6037	1
11033	4226	1
8690	5090	1
3257	4422	1
5543	5523	1
4216	5354	1
3210	5481	1
1064	12899	1
2781	12993	1
13048	13601	1
7662	13665	1
7178	940	1
4199	1972	1
1556	2420	1
3741	7308	1
2420	1556	1
986	7029	1
6264	6023	1
861	905	1
1411	5166	1
11094	8620	1
2781	718	1
4603	5107	1
3257	3210	1
9276	10351	1
6899	271	1
6820	7066	1
676	12091	1
11430	11430	1
8903	13408	1
283	680	1
12975	12561	1
4066	2260	1
3642	259	1
10355	1407	1
1512	1441	1
5915	2311	1
1022	1176	1
2601	2602	1
1136	1712	1
6197	11016	1
2738	7764	1
7501	9239	1
7100	7100	1
4506	13203	1
10420	8967	1
8358	2935	1
5166	1411	1
4769	4939	1
4075	2935	1
786	1045	1
1407	10355	1
6779	2349	1
3257	616	1
9269	9991	1
8076	5812	1
10743	2349	1
5365	2422	1
2342	13671	1
3257	5699	1
13718	13718	1
6083	4205	1
13719	1537	1
5173	12484	1
271	328	1
7108	3545	1
6590	6427	1
1429	1429	1
12791	12484	1
4983	4763	1
9568	1718	1
5431	5503	1
12568	6282	1
10035	4902	1
11016	6197	1
6083	4781	1
7235	4555	1
2418	5171	1
6017	3088	1
6113	8880	1
10758	4555	1
530	8255	1
10651	13685	1
9391	8680	1
9587	9718	1
1725	84	1
271	6899	1
530	614	1
13557	13117	1
10507	9067	1
295	107	1
5177	833	1
11649	2084	1
10924	6878	1
6967	7478	1
7334	9542	1
7354	1792	1
1045	786	1
1762	9619	1
13093	9917	1
6024	2142	1
6286	13655	1
10121	6729	1
13720	13720	1
13203	4506	1
13571	6977	1
7645	3353	1
2418	658	1
3257	4250	1
12671	13219	1
9069	8031	1
2873	4250	1
7448	13219	1
2004	9365	1
5943	4948	1
13721	380	1
4939	4769	1
9300	6637	1
2503	4200	1
4207	5670	1
6146	8899	1
7086	3004	1
3617	3912	1
9351	12062	1
9917	668	1
10024	8421	1
1441	788	1
1321	2901	1
13722	13722	1
221	294	1
7804	5411	1
294	221	1
3894	469	1
9644	9643	1
3257	5411	1
8976	6729	1
1926	3761	1
1718	7974	1
10420	4950	1
7291	9104	1
1584	5951	1
12568	6901	1
6613	7082	1
12775	6901	1
6987	6637	1
5951	1584	1
919	7192	1
1207	12709	1
1762	2564	1
11111	7688	1
10420	4836	1
11910	7543	1
3270	1207	1
4444	6637	1
9628	7543	1
8401	12898	1
7031	7741	1
10420	5234	1
13655	6286	1
1905	1207	1
10313	5301	1
12484	12791	1
2873	6321	1
10856	8506	1
5411	5047	1
10475	13716	1
8401	8803	1
7316	8506	1
3763	5047	1
5047	5411	1
540	5078	1
12777	8749	1
5353	8609	1
12709	1207	1
3302	515	1
6060	9934	1
9325	5301	1
5976	10626	1
3626	3166	1
7508	7508	1
11161	6708	1
4118	2360	1
7154	9266	1
1781	3176	1
4167	6372	1
3186	9365	1
3088	6017	1
160	154	1
3257	4555	1
2091	2616	1
243	1388	1
6105	4179	1
2882	10563	1
1441	1512	1
10974	746	1
2503	4201	1
13723	12591	1
12591	13723	1
3270	6227	1
3921	1517	1
12899	1064	1
7155	7156	1
5248	5670	1
4341	7076	1
7941	1569	1
7602	3021	1
5922	5	1
11023	12094	1
1905	3475	1
3021	7602	1
13594	11696	1
4517	4516	1
260	550	1
10756	1905	1
4422	1905	1
1210	5	1
10083	8903	1
1305	3527	1
905	3183	1
3773	3476	1
9219	8237	1
8609	5353	1
3567	1905	1
7209	4370	1
4755	12356	1
5354	4370	1
1207	1109	1
4389	4856	1
469	3894	1
1608	12482	1
4163	1905	1
2962	1905	1
897	1905	1
4652	4537	1
4765	1905	1
4026	2544	1
708	4370	1
9069	12315	1
4578	3043	1
663	13018	1
8219	8162	1
7020	7544	1
3257	7602	1
746	10974	1
13373	8654	1
4516	4517	1
12414	8680	1
11730	6052	1
13724	9152	1
9069	10741	1
2446	1905	1
1463	5747	1
6840	4484	1
2418	2218	1
13711	13700	1
5570	5946	1
4945	1529	1
8308	8721	1
2985	11144	1
12717	1529	1
12356	4755	1
1529	518	1
12477	12477	1
13187	13187	1
3059	4247	1
8899	6146	1
9924	13677	1
10420	5684	1
13725	13726	1
4755	6160	1
10420	6923	1
1647	4164	1
10645	10645	1
4164	10900	1
12174	10754	1
10900	4164	1
564	863	1
5047	3763	1
13727	5003	1
6160	4755	1
13728	13728	1
11369	8366	1
635	4035	1
11818	12104	1
912	1599	1
1599	2562	1
9365	3186	1
4118	11062	1
873	475	1
3738	5128	1
3671	4404	1
2418	6682	1
737	1081	1
11182	4418	1
7623	5503	1
271	375	1
4164	1647	1
4062	6038	1
11727	11727	1
6804	4320	1
12865	13729	1
8959	5503	1
11193	11834	1
7429	7944	1
13626	5258	1
7688	7672	1
530	15	1
13491	3186	1
12659	10521	1
12267	12011	1
5379	6518	1
5768	5569	1
6549	6518	1
4808	4763	1
1144	1711	1
5	1210	1
3297	11455	1
8644	6760	1
5	27	1
2169	6527	1
13595	13367	1
8401	9022	1
6637	6987	1
8050	3024	1
4075	8452	1
3356	13730	1
13731	12009	1
6987	5503	1
13654	12954	1
265	4421	1
3761	1926	1
13732	11405	1
1093	7162	1
5003	13727	1
6637	4444	1
8943	7543	1
1787	50	1
6227	3270	1
2616	2091	1
6162	1488	1
3291	3288	1
3288	3291	1
5354	7209	1
3617	645	1
1134	13476	1
9179	5967	1
6343	9144	1
13733	13733	1
4334	13476	1
4370	7209	1
13476	4334	1
10765	875	1
8950	9314	1
2004	3186	1
5301	9325	1
5375	6419	1
3407	3408	1
12726	1935	1
5400	3828	1
9365	2004	1
12790	269	1
3186	2004	1
9099	7360	1
4029	11121	1
5887	6419	1
1905	4163	1
8490	2647	1
7974	1718	1
7841	6295	1
13590	6419	1
736	736	1
13150	1517	1
936	1266	1
12094	12472	1
6343	11044	1
8021	3575	1
1199	7210	1
4370	708	1
4512	10090	1
13266	8773	1
6649	9470	1
634	1985	1
10067	8404	1
7004	4729	1
6576	6513	1
782	781	1
87	1606	1
5296	1517	1
3512	4034	1
6105	3947	1
6105	2343	1
2446	425	1
4729	7004	1
6842	2142	1
5537	5536	1
1381	8421	1
1905	718	1
9612	5085	1
13734	5642	1
9725	12364	1
12724	3812	1
2832	12364	1
3202	2203	1
7367	6564	1
1642	604	1
13587	13587	1
3545	4660	1
1933	1266	1
13453	5050	1
5693	12624	1
4350	2426	1
5188	5227	1
10780	10780	1
8404	10067	1
1178	1177	1
3607	3606	1
12062	5503	1
4370	5354	1
2855	1517	1
5415	11297	1
3186	13491	1
13215	4195	1
5366	12779	1
540	226	1
835	2935	1
530	4159	1
6374	936	1
6146	6688	1
7688	11111	1
1802	2548	1
2935	835	1
13735	13735	1
9718	181	1
13144	8614	1
1300	4392	1
13736	7597	1
6932	11734	1
2801	2609	1
3947	6105	1
6901	12568	1
11734	6932	1
13737	10620	1
4404	2113	1
12573	2131	1
13738	13738	1
6282	12568	1
2503	12588	1
4968	3904	1
4029	13695	1
8654	10537	1
9357	2096	1
7588	2096	1
2102	2096	1
3030	2096	1
13739	6203	1
1985	634	1
158	158	1
5946	5570	1
6843	10488	1
8880	6113	1
9718	8216	1
781	782	1
2972	1993	1
10130	9373	1
425	2446	1
13205	13740	1
12758	8113	1
13741	7718	1
912	4422	1
12856	13469	1
6760	8644	1
4409	5537	1
2969	1537	1
4026	382	1
2399	5750	1
12561	12975	1
3041	6513	1
2903	2903	1
4034	3512	1
11893	3089	1
7162	1093	1
4660	3545	1
13176	9687	1
13150	5697	1
225	6317	1
6855	6855	1
1523	6989	1
12094	11023	1
8113	12758	1
5354	4216	1
5537	4409	1
1081	737	1
10645	2960	1
8469	5523	1
8244	4873	1
3476	3773	1
1388	243	1
9084	10742	1
13726	13725	1
1762	3462	1
6419	5375	1
5485	3561	1
9936	13493	1
2503	5236	1
3483	680	1
3583	1709	1
3974	2380	1
5203	6312	1
1566	6854	1
4171	1055	1
12546	10742	1
10537	8654	1
8049	10347	1
9604	7893	1
13742	1370	1
10347	8049	1
9391	7893	1
8333	627	1
7291	8617	1
1569	7941	1
6037	9397	1
13097	10172	1
12989	2450	1
3214	6854	1
7980	6193	1
13743	13743	1
8136	7893	1
3583	5227	1
3650	3940	1
7448	8649	1
4250	2873	1
2114	1195	1
4026	4346	1
375	10742	1
9687	13176	1
8085	10742	1
13048	10240	1
10130	8802	1
11807	7764	1
34	1240	1
2589	3480	1
8819	10742	1
987	579	1
6977	13571	1
13744	1516	1
1529	4945	1
5085	9612	1
1762	5599	1
3257	3080	1
80	81	1
3722	2712	1
6220	7570	1
4346	1697	1
8506	6320	1
13692	6320	1
3613	762	1
13717	6879	1
13553	13737	1
13474	9368	1
13745	13745	1
5419	10285	1
6320	8506	1
3037	1062	1
1284	4288	1
328	271	1
13408	4857	1
530	210	1
10420	5888	1
13730	3356	1
9065	11909	1
9270	6200	1
2122	5203	1
6693	797	1
12073	2663	1
13746	1269	1
13747	4029	1
4303	3400	1
5967	9179	1
4706	4707	1
5860	6357	1
9402	4029	1
2131	12573	1
3257	4905	1
9568	1532	1
1937	11645	1
2518	2519	1
9022	8401	1
8803	8401	1
12898	8401	1
7570	6220	1
3606	3607	1
12892	5684	1
4566	4438	1
6357	5860	1
6193	7980	1
13538	5678	1
6938	6048	1
8506	7316	1
8007	5419	1
7364	13748	1
8940	9301	1
13737	5892	1
4469	3010	1
13418	13213	1
9144	6343	1
11044	6343	1
10188	12174	1
1081	9409	1
3877	5902	1
50	1787	1
696	2234	1
8072	697	1
1607	8386	1
4255	9126	1
10188	9690	1
8975	1900	1
8404	4883	1
9402	9452	1
1987	2379	1
5673	12447	1
1517	3921	1
3812	12724	1
10240	13048	1
5374	3109	1
8092	5893	1
13737	13553	1
11094	9139	1
989	989	1
1762	7932	1
12954	13654	1
8802	10130	1
9239	7501	1
4075	6805	1
11513	9377	1
1905	3567	1
12500	12477	1
6118	6165	1
8721	8308	1
486	2547	1
11396	13620	1
1762	10771	1
242	241	1
10232	3487	1
3783	4058	1
1034	2647	1
6113	5758	1
855	670	1
8649	7448	1
9334	8076	1
6185	13713	1
5660	4537	1
357	363	1
9880	4857	1
4983	4561	1
8774	4029	1
8401	12096	1
9301	8940	1
9470	6649	1
8903	10814	1
5266	4561	1
2116	2192	1
7723	6417	1
2192	2116	1
1055	4171	1
8386	1607	1
12533	13573	1
8654	13373	1
3405	6769	1
7739	13311	1
6730	5301	1
12517	12530	1
6513	8125	1
5107	4603	1
9346	9619	1
6257	2863	1
13123	10615	1
13573	12533	1
3068	3450	1
13688	12533	1
912	2440	1
13493	9936	1
845	12533	1
13749	12533	1
8036	12551	1
3404	3405	1
876	876	1
8700	7449	1
5582	3245	1
6977	12096	1
3450	3068	1
9397	6037	1
1762	9204	1
9542	7017	1
6765	4603	1
8125	6513	1
5386	4603	1
10563	2882	1
4577	4603	1
6309	4603	1
5339	5339	1
2193	2349	1
2479	4603	1
5455	9705	1
12533	845	1
5307	4603	1
1926	10253	1
9767	4603	1
11094	7983	1
6540	7423	1
12551	8036	1
9277	6377	1
2234	696	1
81	80	1
1711	3536	1
4029	9402	1
9452	9402	1
3024	8050	1
11983	8763	1
7930	4603	1
1850	4603	1
3809	5781	1
5280	4603	1
10386	13750	1
2420	4603	1
6343	4603	1
12096	6977	1
3245	5582	1
5678	13538	1
5474	5490	1
3257	613	1
241	242	1
181	9718	1
1508	5818	1
8364	4363	1
8216	9718	1
8837	1103	1
9412	10615	1
4603	10208	1
4603	6309	1
5419	8007	1
11201	1564	1
4034	3523	1
6989	1523	1
4039	4877	1
3523	4034	1
9956	5627	1
7622	3523	1
5047	9570	1
2065	13237	1
9334	9394	1
5944	13626	1
5297	5774	1
12068	12067	1
4431	4144	1
3523	3523	1
4457	5774	1
8924	8925	1
11762	7125	1
3333	3523	1
8293	2754	1
530	6296	1
6989	5642	1
7029	986	1
5047	5797	1
6693	4362	1
879	878	1
5797	5047	1
2901	1321	1
5817	5642	1
5084	10236	1
2427	8548	1
3817	4514	1
9570	5047	1
13665	7662	1
12544	8336	1
13751	2297	1
13567	11472	1
13750	10386	1
11445	12675	1
12724	9736	1
768	5050	1
847	3176	1
12675	11445	1
11405	13732	1
4439	7345	1
11967	8587	1
5490	5474	1
11817	10765	1
5248	4036	1
12174	6218	1
5922	8057	1
5537	5419	1
7919	10208	1
11164	5419	1
2065	4421	1
1220	985	1
11724	4036	1
2506	9234	1
13752	13752	1
3319	4048	1
8541	7535	1
7810	3234	1
5301	6730	1
676	2433	1
8446	6490	1
6243	11831	1
13721	276	1
4703	2114	1
6613	13753	1
3389	8548	1
8049	12174	1
5402	5402	1
8903	11387	1
6218	12174	1
9736	12724	1
9675	2934	1
5390	2611	1
