11513	9488	1
7215	7625	1
3509	1943	1
2497	2141	1
5382	5382	1
4438	518	1
12668	5223	1
4384	2141	1
11259	4445	1
3109	5374	1
5206	4981	1
7083	5374	1
156	524	1
2520	3998	1
902	706	1
4666	13481	1
5223	12668	1
7613	10208	1
11657	10208	1
8208	2428	1
3333	3545	1
7225	10904	1
6957	10654	1
13502	3489	1
11762	2735	1
9687	13176	1
6112	6614	1
5984	9460	1
4603	10208	1
2141	2497	1
5952	10704	1
13176	9687	1
383	382	1
4227	1030	1
4406	3824	1
4445	11259	1
12599	13404	1
8317	8421	1
6899	271	1
5993	7767	1
6112	7859	1
13503	5234	1
1188	1428	1
8214	4363	1
5234	13503	1
1058	1030	1
4084	5365	1
13295	3347	1
1232	2284	1
7408	9301	1
2807	2433	1
13165	5909	1
4187	3230	1
4084	2017	1
4505	7989	1
6185	2284	1
9301	7408	1
5732	4891	1
6343	11044	1
11044	6343	1
3230	4187	1
13477	7020	1
6775	8656	1
3479	10427	1
12837	4207	1
3512	4034	1
4881	7555	1
9752	6927	1
4034	3512	1
11156	8031	1
2086	3689	1
13211	13212	1
5227	9230	1
10415	5234	1
5859	3849	1
2399	5813	1
11751	5047	1
10900	1647	1
3849	5859	1
6513	1840	1
3950	6319	1
4984	13413	1
8848	1840	1
8688	7613	1
9777	8084	1
6185	5047	1
7613	8688	1
7833	5188	1
5188	9230	1
9230	5188	1
3568	5813	1
6171	6184	1
8393	9229	1
1358	3284	1
11506	10153	1
9041	12773	1
10704	5952	1
11243	4810	1
9301	8940	1
5285	5354	1
6185	3545	1
6037	12991	1
12397	12773	1
7228	12773	1
5188	1064	1
6079	13487	1
7164	4226	1
7106	1269	1
5223	6068	1
7209	5354	1
1926	3616	1
5266	1619	1
12894	12357	1
9133	12107	1
12015	6419	1
5887	6419	1
9200	6419	1
10437	11194	1
4363	8214	1
9734	7708	1
9202	6419	1
13099	996	1
8599	11539	1
6644	5	1
9001	4437	1
4409	5217	1
2807	3730	1
986	7029	1
3532	10200	1
8975	1900	1
672	672	1
2497	10200	1
3532	3242	1
5282	7309	1
972	1062	1
8317	4487	1
5003	628	1
4025	4162	1
1847	1814	1
382	383	1
13504	6537	1
11002	2452	1
12221	1900	1
7517	8402	1
1573	10801	1
13213	8402	1
76	444	1
13505	13505	1
1647	10900	1
2234	2686	1
6007	6008	1
13506	13506	1
12755	7067	1
5640	12835	1
868	1266	1
8690	13132	1
3389	8292	1
3992	5503	1
1853	7372	1
12453	11950	1
7833	9404	1
8690	13219	1
1371	13453	1
447	3601	1
4084	6136	1
4317	5719	1
6241	3965	1
4946	3434	1
7228	9041	1
7421	5663	1
5694	9262	1
12073	5221	1
1219	1097	1
1608	5278	1
12773	9041	1
13232	7925	1
8317	6309	1
2843	2832	1
3512	5240	1
13299	13299	1
4084	11069	1
8880	12217	1
13202	12689	1
6729	10413	1
295	107	1
6167	6167	1
10396	13466	1
3965	6241	1
13507	13507	1
628	627	1
4346	1793	1
4025	2666	1
8897	585	1
13432	11696	1
9714	13317	1
11502	1612	1
13176	12886	1
6284	9223	1
5354	5285	1
1276	1155	1
5952	10699	1
10647	12217	1
5694	11127	1
2116	7925	1
6419	9200	1
4199	3769	1
5778	7039	1
7820	3574	1
11910	2282	1
8763	12134	1
5318	3826	1
7925	13232	1
3532	4757	1
11421	966	1
12773	12397	1
7164	6836	1
2467	9942	1
9041	12397	1
6068	5223	1
9270	9272	1
4384	6681	1
4084	5027	1
5329	1499	1
8222	8680	1
4679	3051	1
9541	6836	1
2116	6836	1
2807	4715	1
3969	3970	1
11630	11630	1
13187	13187	1
4084	5231	1
8889	7868	1
3998	2520	1
7074	11758	1
5047	7082	1
4084	6977	1
12217	8880	1
10200	3532	1
5563	6782	1
7566	4073	1
7082	5047	1
13219	6782	1
7211	5524	1
5833	2520	1
7508	7508	1
3242	3532	1
1462	2520	1
189	196	1
2418	1842	1
1436	3194	1
6782	13219	1
4757	3532	1
7833	11521	1
7508	12217	1
10758	4555	1
13508	6947	1
3284	3214	1
5832	2520	1
5045	5046	1
3111	2686	1
2807	6265	1
1509	718	1
1066	1066	1
8402	7517	1
6321	10576	1
6724	5385	1
2478	4077	1
9234	9488	1
4073	7566	1
425	1942	1
13247	10108	1
5296	1517	1
3920	1797	1
6213	1599	1
11048	7784	1
846	1797	1
2911	3079	1
7164	4873	1
5217	4409	1
13481	6079	1
7833	8570	1
8261	2686	1
310	364	1
5861	4830	1
10611	8260	1
1742	364	1
13487	6079	1
7813	8570	1
6079	13481	1
11156	7204	1
1599	6213	1
13509	3621	1
10945	12598	1
3532	1641	1
8570	7813	1
1641	3532	1
737	1081	1
3924	3924	1
13507	3264	1
5177	833	1
11976	11976	1
2084	833	1
10699	5952	1
3532	3370	1
4384	8814	1
3532	3967	1
7859	6112	1
914	1451	1
7444	7786	1
1081	737	1
11777	7401	1
13358	13358	1
12010	3426	1
3370	3532	1
3967	3532	1
13365	13364	1
8333	8676	1
1358	1504	1
4007	9133	1
8935	12999	1
8478	7703	1
3918	7540	1
7625	7215	1
4139	9680	1
3576	6165	1
1030	4227	1
3426	12010	1
7952	8741	1
13284	13284	1
4092	1681	1
4084	8192	1
1599	9133	1
5028	9133	1
2627	1451	1
1716	1716	1
10900	4164	1
5176	5977	1
1132	4196	1
12954	12955	1
4934	3603	1
10421	7079	1
4164	10900	1
13130	6564	1
1886	2113	1
4110	3826	1
13137	10208	1
7164	9479	1
260	261	1
13041	11930	1
3467	3467	1
11077	11675	1
13413	4984	1
11762	11010	1
4726	4984	1
11930	13041	1
5537	5536	1
13510	13133	1
325	4372	1
2787	4230	1
4164	1647	1
1531	1375	1
13511	13511	1
9798	9071	1
6035	9138	1
7786	7444	1
3014	3015	1
1647	4164	1
2154	8318	1
10153	11506	1
8973	5612	1
4047	8967	1
11565	13494	1
13494	11565	1
4836	8967	1
13490	9597	1
7455	9311	1
13512	13512	1
3621	13509	1
2520	1509	1
9138	6035	1
3434	4946	1
7925	2116	1
13373	8654	1
1586	5408	1
2324	1201	1
12960	10779	1
2323	1201	1
10351	9276	1
2560	2559	1
4511	13	1
4372	325	1
12073	681	1
10149	1622	1
13510	12249	1
12599	10753	1
11405	4946	1
1622	10149	1
8656	6775	1
11194	10437	1
1509	3940	1
7856	11380	1
12732	12732	1
6658	10126	1
3163	12073	1
4084	8331	1
5797	6220	1
2260	4547	1
10801	1573	1
8233	6657	1
768	1347	1
6752	6657	1
1185	3232	1
7703	6361	1
3892	4550	1
1942	425	1
9325	8644	1
10639	4031	1
151	152	1
7599	121	1
4265	1285	1
13291	13291	1
13097	13230	1
4077	2478	1
13513	13513	1
8119	730	1
8261	13514	1
12886	13176	1
1451	730	1
12843	12843	1
4187	5503	1
8333	2621	1
11661	6270	1
7859	6023	1
13515	5970	1
13212	13211	1
1810	5437	1
1900	4029	1
1666	11465	1
4084	7302	1
11817	5469	1
12217	10647	1
692	1854	1
8317	5307	1
6270	11661	1
12498	7967	1
4084	5519	1
1171	12592	1
6644	344	1
8498	8498	1
11563	11563	1
3451	5928	1
7079	10421	1
7595	7592	1
2874	9372	1
10054	4020	1
8339	1816	1
5663	5001	1
13516	11025	1
5688	7654	1
876	3190	1
8084	9777	1
9300	7654	1
5813	3568	1
6897	4020	1
8402	13213	1
861	437	1
10563	9953	1
13178	12682	1
1531	3549	1
1508	11100	1
1285	4265	1
11958	4568	1
5715	5711	1
7654	9300	1
11025	13516	1
437	861	1
9271	12496	1
12568	6901	1
6282	12494	1
375	10742	1
3389	5330	1
5845	5047	1
6023	7859	1
2646	3944	1
5345	6547	1
13514	8261	1
8732	8732	1
8317	5107	1
7619	11696	1
6901	12568	1
9644	9992	1
10704	4543	1
6286	10208	1
4084	12568	1
13517	13517	1
3992	4921	1
10570	4555	1
6721	6146	1
242	241	1
163	34	1
13076	13076	1
159	2712	1
9897	10783	1
3079	2911	1
6193	8040	1
3465	4731	1
6242	6333	1
8447	6692	1
6849	12867	1
8312	5229	1
1212	1806	1
1199	7210	1
12539	5341	1
34	2294	1
8876	4589	1
10761	2294	1
2520	6884	1
5047	9356	1
3532	2787	1
716	8206	1
7318	9381	1
7833	6424	1
3952	5962	1
11797	3647	1
755	6564	1
2454	3824	1
6005	12148	1
4084	3965	1
9138	13360	1
1711	10754	1
11163	10754	1
953	7267	1
12944	12944	1
13518	13518	1
6220	5797	1
4939	10778	1
12148	6005	1
10962	3610	1
4020	6897	1
13230	13097	1
4983	4763	1
7164	7089	1
7833	7089	1
5047	5845	1
7764	3768	1
6005	6005	1
6788	5234	1
4437	9001	1
11009	7130	1
12494	6282	1
4525	10574	1
7989	4505	1
12867	6849	1
3850	4333	1
2337	12281	1
3339	3339	1
8567	1057	1
3768	7764	1
9929	8322	1
8899	5357	1
8063	9001	1
4939	10415	1
7967	12498	1
3532	710	1
7654	5688	1
8260	10611	1
6319	3950	1
5234	10415	1
10164	2532	1
5374	3109	1
4547	2260	1
6644	5922	1
2616	1025	1
3532	11160	1
2749	5831	1
4577	2873	1
9356	5047	1
6429	3172	1
3763	5047	1
2807	1257	1
4939	9248	1
1025	2616	1
8763	12832	1
4345	4346	1
9488	9234	1
6010	13519	1
12832	8763	1
12134	8763	1
11451	11711	1
4020	10054	1
2807	8784	1
1816	8339	1
2874	6757	1
2322	9234	1
1155	1276	1
4649	9234	1
2506	9234	1
1606	154	1
6544	1257	1
1257	6544	1
5258	5707	1
1456	4227	1
13442	10741	1
13431	6385	1
9637	9273	1
7067	12755	1
7453	8621	1
8545	1620	1
9992	9644	1
8621	7453	1
4241	10140	1
13075	13039	1
8903	1238	1
4084	8618	1
241	242	1
12318	9359	1
5929	5951	1
2787	3532	1
710	3532	1
4408	4605	1
2646	7857	1
11074	12336	1
3190	5363	1
13424	5598	1
7980	8935	1
2544	1508	1
2282	11910	1
2338	1242	1
7260	515	1
5363	3190	1
2873	4930	1
5424	5598	1
10140	4241	1
13105	8835	1
7225	13268	1
4763	4983	1
4084	5742	1
5598	5424	1
9359	12318	1
13122	7073	1
13418	9639	1
9762	6849	1
13481	4666	1
13404	7017	1
11159	10811	1
5424	6059	1
7949	8435	1
4534	5561	1
8452	7484	1
4946	11405	1
1508	2544	1
9687	11669	1
2807	1556	1
1539	6815	1
5711	5715	1
4983	4561	1
8676	3190	1
5335	1813	1
6485	7484	1
13520	7528	1
11669	9687	1
12095	7484	1
5388	11949	1
8093	7484	1
5469	11817	1
5366	12779	1
9368	9709	1
1045	3947	1
5365	5742	1
5278	1608	1
6657	6752	1
8654	5952	1
7484	12095	1
12135	9620	1
9709	9368	1
6564	8172	1
5388	11817	1
11205	9026	1
13360	9138	1
5840	3561	1
8654	13373	1
11987	11987	1
2666	4025	1
6247	8668	1
11177	11177	1
6849	9762	1
11459	12924	1
12469	6022	1
12795	8668	1
5203	2113	1
13301	2019	1
1851	2701	1
1813	5335	1
1619	5266	1
4084	3647	1
1451	5335	1
2849	4389	1
12238	12431	1
9709	9709	1
7484	8452	1
13521	13522	1
3921	518	1
5946	5570	1
13523	13523	1
10154	2686	1
13524	13491	1
4084	10387	1
13525	13522	1
2019	13301	1
5188	7130	1
6055	4135	1
2192	2116	1
5636	11442	1
205	1143	1
4389	2849	1
6227	3270	1
6021	6022	1
11479	3137	1
11163	6868	1
6965	8367	1
8891	9192	1
3270	993	1
9669	10163	1
7020	13477	1
5524	6502	1
10574	4525	1
3549	1531	1
13388	5973	1
6644	2273	1
1176	1022	1
5934	6506	1
7164	11009	1
1022	1176	1
6765	4384	1
869	1269	1
8392	2796	1
5613	8451	1
12336	11074	1
4951	1116	1
4424	4384	1
8452	4384	1
1854	692	1
7967	13343	1
2653	546	1
7813	7866	1
8814	4384	1
12861	8451	1
9936	13493	1
13508	4714	1
3761	1926	1
7164	3895	1
2141	4384	1
34	163	1
545	223	1
5028	4738	1
4162	4025	1
9477	7049	1
3485	1570	1
12111	11276	1
4956	4384	1
6243	4384	1
821	5455	1
4577	4384	1
11276	12111	1
6210	4384	1
4603	4384	1
391	5455	1
341	5455	1
13522	13521	1
4333	3850	1
3262	5455	1
4437	4384	1
7164	2116	1
843	7861	1
6201	6201	1
13031	8195	1
6668	7519	1
1143	226	1
7577	2733	1
10605	11699	1
13526	7813	1
11537	4384	1
13268	10904	1
5693	4384	1
1938	1939	1
2807	10626	1
2874	4384	1
653	6892	1
696	6892	1
4084	968	1
1265	6892	1
1818	6892	1
635	6892	1
1939	1938	1
5419	899	1
2565	6704	1
1930	1791	1
5380	5904	1
2873	4577	1
8935	7980	1
5869	8421	1
2874	12056	1
6352	4227	1
1220	985	1
4981	5206	1
4962	6892	1
8880	11273	1
2655	9144	1
6118	5869	1
11699	10605	1
9011	4901	1
4196	9010	1
6317	257	1
2116	2192	1
4800	2910	1
3240	6301	1
5742	5365	1
4729	5869	1
13515	9320	1
13527	13527	1
5000	4901	1
9273	6754	1
5047	3450	1
6812	6931	1
6146	6721	1
3450	5047	1
5726	2284	1
5047	3020	1
9262	5694	1
6831	3919	1
12813	252	1
6316	7334	1
1243	1209	1
3020	2284	1
5256	8548	1
11831	6243	1
13410	13410	1
1096	2620	1
6243	8421	1
13528	5010	1
