13418	9639	1
2228	2935	1
10297	5221	1
4036	5670	1
2234	3954	1
5121	5120	1
10397	13456	1
9687	13176	1
2858	4670	1
3768	7764	1
4031	10639	1
3954	2234	1
10415	6564	1
9105	6564	1
9649	717	1
1493	6021	1
1451	914	1
11044	8614	1
10569	12650	1
2497	1835	1
13420	8435	1
2433	2588	1
10634	8931	1
5617	6344	1
275	7618	1
4421	2065	1
2051	1558	1
10120	6671	1
4349	2478	1
7433	7432	1
8402	13213	1
8361	4977	1
13366	13366	1
4384	6765	1
7484	6485	1
7228	13289	1
1666	3949	1
10761	2294	1
13213	8402	1
425	449	1
13475	7610	1
12960	10779	1
9615	12830	1
13431	6385	1
5504	7119	1
1619	5266	1
11537	12133	1
1469	3723	1
12666	9626	1
425	1441	1
13476	8903	1
1611	2109	1
6564	6994	1
7411	3021	1
6994	6564	1
13477	13477	1
623	1461	1
6789	7597	1
4384	8421	1
6613	7082	1
2497	2441	1
98	1104	1
6671	10120	1
425	4422	1
5489	2234	1
7370	6438	1
8950	6135	1
5283	3426	1
13176	9687	1
13478	13478	1
4384	4424	1
13479	5365	1
1936	4260	1
1172	1172	1
7922	7345	1
3323	3444	1
13480	4092	1
8328	12580	1
2289	5553	1
3950	4409	1
8018	6243	1
4384	8452	1
2855	5090	1
5455	3262	1
3447	4233	1
4120	5691	1
1358	3284	1
2514	9310	1
7309	5282	1
4507	2735	1
2452	6915	1
11797	3647	1
2781	718	1
425	7480	1
4950	4836	1
7216	9924	1
5078	3245	1
11043	12008	1
9570	12008	1
3242	12008	1
2697	3083	1
2913	8222	1
6409	9969	1
7764	3768	1
1553	1741	1
3605	13133	1
12314	664	1
11904	10257	1
8822	6564	1
2383	4355	1
6927	9752	1
6849	6869	1
1144	3743	1
6657	8233	1
1410	3180	1
10890	12361	1
3284	1358	1
425	420	1
3262	5455	1
4950	5392	1
10421	7079	1
13481	2725	1
7859	6977	1
13452	1055	1
4384	2874	1
6385	13431	1
5455	341	1
1461	623	1
705	858	1
11689	4939	1
645	858	1
3176	847	1
847	3176	1
1108	2065	1
10935	11797	1
3647	11797	1
4227	5111	1
4380	1719	1
7453	7119	1
5111	4227	1
425	2446	1
7893	9391	1
11430	13482	1
6135	8950	1
13483	12855	1
2804	4640	1
7432	7433	1
6757	2874	1
6622	10729	1
6564	8822	1
6079	13481	1
3302	515	1
54	4913	1
1620	858	1
2725	13481	1
11242	11168	1
5871	858	1
1969	11732	1
7556	858	1
3444	3323	1
7260	515	1
11613	3323	1
2327	2315	1
374	13484	1
11514	6614	1
13405	12131	1
6977	7859	1
4890	3849	1
11751	5797	1
1620	8545	1
12432	5902	1
4384	5693	1
7566	4073	1
5366	12779	1
2952	12413	1
3768	5823	1
5455	9705	1
6185	2284	1
6301	3240	1
13122	7073	1
7514	12323	1
13485	13485	1
4384	11537	1
5883	3566	1
12133	11537	1
4950	7801	1
1969	2604	1
4009	4009	1
4501	4200	1
8534	13486	1
2588	2433	1
425	1512	1
4666	13481	1
5348	5349	1
11797	9894	1
3323	2212	1
6218	8152	1
7319	7318	1
10395	13477	1
13487	6079	1
4640	2804	1
3849	4890	1
5339	5339	1
13488	11806	1
12107	9133	1
2559	2560	1
13481	6079	1
2604	1969	1
4891	5732	1
3817	2290	1
3027	9903	1
13489	6048	1
2666	4025	1
3818	2019	1
6268	3298	1
6509	6034	1
7368	9299	1
185	8258	1
4346	1791	1
5904	5374	1
1436	4921	1
5266	1619	1
6869	6849	1
12015	9223	1
4227	1030	1
10174	12961	1
10706	8676	1
7451	4002	1
2954	9562	1
4162	4025	1
11451	13417	1
3967	1381	1
5455	391	1
7741	9788	1
425	1022	1
4836	4950	1
4073	7566	1
12131	13405	1
7801	4950	1
3988	238	1
238	3988	1
2646	7857	1
8454	5965	1
2497	2478	1
12867	6849	1
9248	4939	1
7138	4939	1
5234	4939	1
12832	4939	1
6860	4939	1
1247	3568	1
10415	4939	1
4101	7309	1
3109	5374	1
6788	4939	1
4939	5234	1
12400	4939	1
7916	4939	1
13084	4939	1
10778	4939	1
10464	4939	1
3923	10376	1
2245	8096	1
5761	4407	1
4939	7916	1
2874	6757	1
10200	8096	1
3389	10563	1
1793	4346	1
13490	13490	1
1037	6647	1
5860	4115	1
5227	8859	1
3923	4034	1
8859	5227	1
3077	9041	1
7780	9174	1
425	3401	1
5419	8007	1
11121	5234	1
12020	3673	1
4025	6874	1
706	902	1
10645	3401	1
2497	2915	1
4939	11689	1
2436	5728	1
2497	3401	1
1175	428	1
13097	10685	1
996	1294	1
5234	11121	1
1410	8799	1
11751	3763	1
1903	8204	1
7059	4157	1
1872	1872	1
6539	2004	1
9880	4857	1
13491	6793	1
4748	2004	1
11069	2004	1
7930	2004	1
9299	7368	1
7986	12970	1
428	1175	1
6789	4946	1
11405	4946	1
6973	6973	1
4393	5561	1
6845	5520	1
8903	13476	1
4950	8967	1
4939	6860	1
5952	10699	1
9620	12135	1
4384	9389	1
4836	8967	1
5110	5818	1
10793	9505	1
9994	9174	1
6118	3479	1
5860	6448	1
70	1769	1
6530	1599	1
1257	6041	1
9133	1599	1
5008	6041	1
1599	4181	1
425	1126	1
3323	4724	1
2277	2452	1
5341	12539	1
12889	12889	1
10837	10452	1
4724	3323	1
12668	5223	1
2616	4907	1
7108	2914	1
5678	8333	1
2427	420	1
4907	2616	1
13492	12551	1
6171	5562	1
12580	7481	1
9545	9545	1
7060	8333	1
7066	10128	1
10699	5952	1
9552	9876	1
10043	9973	1
4939	12400	1
5206	4981	1
4384	4437	1
7654	9300	1
9894	11797	1
5952	10704	1
3389	1466	1
4543	10704	1
8880	11273	1
9105	4946	1
10704	5952	1
4571	4488	1
12970	7986	1
2585	8533	1
1835	2497	1
10685	13097	1
4939	10415	1
13401	13401	1
7236	6977	1
9404	8533	1
2478	2497	1
12648	11719	1
2915	2497	1
11635	11719	1
1230	13481	1
1814	1847	1
6034	2457	1
6783	4133	1
3923	9479	1
10794	4418	1
3509	1943	1
11719	11635	1
2478	2671	1
6544	11635	1
3434	4946	1
2985	2985	1
3840	11635	1
1060	2734	1
13213	13213	1
8911	7620	1
12648	11635	1
13493	2578	1
11109	11108	1
7079	10421	1
3800	7626	1
3134	3380	1
634	677	1
11618	11635	1
7517	8402	1
5318	3826	1
1943	13097	1
8219	9009	1
4408	4605	1
5205	5204	1
9009	8219	1
7570	7262	1
9041	3077	1
10574	4525	1
4133	6783	1
7141	11175	1
2497	10200	1
2734	1060	1
1599	4341	1
12664	12650	1
13481	4666	1
9223	6284	1
5411	11536	1
3575	7854	1
9517	8756	1
677	634	1
8690	7486	1
11635	6544	1
801	1008	1
11497	12709	1
11828	11828	1
1849	8533	1
2706	4475	1
1853	7372	1
11719	6544	1
3840	6544	1
3576	6783	1
5365	13479	1
4946	11405	1
1599	9133	1
564	5774	1
12170	4303	1
634	635	1
3575	5137	1
2119	2028	1
4939	12939	1
10413	6729	1
2569	4001	1
998	2865	1
3501	2069	1
1116	4951	1
6021	1493	1
5455	821	1
2671	2478	1
562	7254	1
1840	6513	1
635	634	1
4384	4603	1
3923	2588	1
4380	2686	1
5670	4036	1
6284	9223	1
3323	1573	1
7723	6417	1
3287	3288	1
5977	5176	1
13268	13264	1
6107	4320	1
2497	2427	1
5046	5045	1
10574	5237	1
1573	3323	1
2386	3467	1
2019	3818	1
6522	708	1
9300	7654	1
9	1208	1
7831	8757	1
4507	12590	1
8757	7831	1
334	13429	1
4983	4561	1
708	6522	1
7859	6112	1
4528	4528	1
10246	9300	1
425	2751	1
8534	11096	1
7654	7654	1
3137	11479	1
13494	11565	1
13495	13495	1
1072	4921	1
7841	6295	1
8084	9777	1
6162	11138	1
4005	2113	1
7989	4505	1
3323	11205	1
11273	8880	1
13449	13449	1
11130	8452	1
3079	7481	1
5468	5783	1
8333	5678	1
8452	11130	1
10729	6622	1
2544	6783	1
7881	4317	1
5818	5110	1
3115	9126	1
5860	6792	1
13467	936	1
1681	4092	1
13496	7054	1
6218	8049	1
13230	13097	1
3134	858	1
4346	4345	1
1224	500	1
4317	7881	1
2465	6087	1
6844	6982	1
6783	2544	1
11108	11109	1
4409	3950	1
6086	8894	1
4384	6210	1
11205	3323	1
1943	3509	1
6157	6157	1
12173	5190	1
3288	3287	1
4525	10574	1
8402	7517	1
5237	10574	1
12096	11952	1
11457	12362	1
13497	11792	1
2427	2497	1
10200	2497	1
10427	3479	1
10759	2096	1
6319	3950	1
8897	7195	1
3323	11613	1
7334	6316	1
12670	4781	1
10572	8181	1
8040	6193	1
11266	8639	1
3389	3401	1
6606	6605	1
8152	6218	1
8533	8614	1
877	5382	1
4389	2849	1
5797	11751	1
1096	1653	1
21	1512	1
705	5671	1
4504	4122	1
4384	4577	1
9314	3950	1
8909	6112	1
1930	130	1
11178	13498	1
11635	12648	1
768	1931	1
11719	12648	1
13318	5448	1
6364	5520	1
1532	8533	1
10705	12648	1
10351	9276	1
5448	13318	1
11096	8534	1
8333	7060	1
11758	7074	1
5374	7083	1
4384	6243	1
8533	1532	1
3450	6646	1
5130	3343	1
5414	4789	1
936	13467	1
11952	12096	1
4950	4569	1
7067	12755	1
3111	2686	1
1030	4227	1
5347	10250	1
3947	1045	1
6646	3450	1
3743	5791	1
8051	10794	1
8398	7519	1
6341	12175	1
7519	8398	1
4418	10794	1
13433	300	1
12048	7223	1
5719	4317	1
6729	10413	1
3333	7223	1
10654	6957	1
4384	4956	1
3923	4956	1
3707	12361	1
1132	4196	1
4507	1622	1
3575	11876	1
2906	2607	1
12541	2297	1
1155	1276	1
7886	1607	1
5204	5205	1
9230	5188	1
7988	8763	1
11797	11797	1
130	1930	1
4939	12832	1
13432	11696	1
2655	13499	1
13088	447	1
7401	11777	1
3840	11719	1
6782	5563	1
5381	10387	1
6037	12991	1
13212	13211	1
5563	6782	1
9138	6035	1
3826	5318	1
724	930	1
905	352	1
1969	7158	1
715	749	1
12832	8763	1
8763	12134	1
352	905	1
7158	1969	1
6783	3576	1
12134	8763	1
11650	3458	1
993	6245	1
1064	5188	1
2287	4544	1
6783	4106	1
7886	7402	1
3389	1126	1
5536	5537	1
6171	5563	1
7367	5537	1
6927	1586	1
12991	6037	1
7540	3918	1
12544	6967	1
5047	6185	1
2027	2028	1
5537	7367	1
11657	10208	1
149	7172	1
3190	8676	1
3923	8980	1
11968	11968	1
1352	2557	1
3166	4735	1
518	4438	1
2456	2457	1
10687	4287	1
2365	7453	1
10639	5314	1
3176	4652	1
12200	13500	1
4981	5206	1
1075	1074	1
9310	2514	1
1797	3920	1
2268	1262	1
5374	3109	1
7625	7215	1
7868	8889	1
3532	13501	1
1112	2204	1
5288	4490	1
2497	2011	1
1897	1900	1
5223	12668	1
3297	7042	1
1347	768	1
1188	1428	1
7017	13404	1
7626	3800	1
2045	2044	1
