6243	8421	1
13477	10395	1
13529	13356	1
8548	5256	1
5726	2284	1
4257	6119	1
1232	2284	1
7602	3258	1
3450	5047	1
5257	657	1
5047	3450	1
2588	3923	1
3512	5240	1
6282	12494	1
3020	2284	1
9896	5670	1
9234	9488	1
4543	10704	1
3923	2588	1
6284	9223	1
5952	10704	1
5256	8548	1
11732	5717	1
3999	3834	1
627	628	1
3167	3168	1
13530	5708	1
10704	5952	1
2807	8859	1
8222	8031	1
13213	8402	1
2675	2675	1
10510	10510	1
3020	5047	1
13137	10208	1
6286	10208	1
2334	1404	1
4227	1456	1
8976	8763	1
1913	1404	1
5612	5047	1
12056	2874	1
1232	1404	1
1404	1232	1
4135	6055	1
1143	3960	1
10827	10826	1
11120	1404	1
5411	1404	1
8451	8867	1
1249	1404	1
8402	7517	1
730	1451	1
5335	1451	1
4550	3892	1
10695	12153	1
5138	10285	1
7980	8935	1
11074	12336	1
628	8935	1
146	146	1
1185	3232	1
1823	1051	1
2214	2213	1
8402	13213	1
8206	716	1
3258	3258	1
6438	7370	1
8124	7514	1
7334	6316	1
2848	8898	1
6651	9980	1
8740	8741	1
12111	11276	1
2156	9980	1
12944	12944	1
2620	1096	1
6804	12565	1
11259	4445	1
4959	13149	1
12176	7927	1
12153	10695	1
1647	9300	1
11807	13531	1
11792	13497	1
1143	205	1
3339	5604	1
9380	13497	1
1647	4164	1
4983	4796	1
159	2712	1
5047	3020	1
3636	4816	1
12008	9570	1
1269	2750	1
3799	5203	1
8451	12861	1
6782	5563	1
3428	4930	1
8222	8680	1
2750	1269	1
13401	13401	1
11465	1666	1
7012	3569	1
8891	1096	1
8261	11844	1
10808	12153	1
6118	4876	1
5084	6915	1
5818	9690	1
1666	3949	1
6061	1133	1
3068	1294	1
3924	3924	1
5869	6118	1
3212	7912	1
12318	9359	1
5893	5047	1
3950	6319	1
9223	12015	1
6419	12015	1
3745	3092	1
5047	5893	1
12015	6419	1
3270	6227	1
10759	2096	1
11135	4939	1
7314	3834	1
9368	9709	1
3532	1010	1
7668	5879	1
3647	11797	1
2253	131	1
5489	2611	1
8740	9554	1
1647	1175	1
12500	2725	1
3364	3458	1
10368	5762	1
10273	9717	1
2096	2199	1
3830	131	1
11711	8162	1
4257	6648	1
40	1208	1
50	3048	1
112	131	1
10735	11539	1
12048	12048	1
8317	9230	1
13513	1379	1
3263	4320	1
4077	1428	1
113	131	1
8696	8358	1
4657	1786	1
1786	4657	1
4418	2611	1
6760	4940	1
4940	6760	1
1599	9133	1
1674	2611	1
160	1606	1
2969	1537	1
5572	4909	1
11205	9026	1
13532	12075	1
2168	3005	1
4164	10900	1
5084	865	1
4169	3126	1
3545	7108	1
1499	5329	1
10796	1624	1
35	12719	1
5248	11724	1
10801	1573	1
7067	12755	1
328	272	1
5084	6457	1
271	272	1
6128	10741	1
185	3826	1
185	8258	1
9344	9344	1
12755	7067	1
5084	1043	1
4536	3165	1
12494	6282	1
6354	11498	1
13533	6690	1
185	186	1
11498	6354	1
4227	6352	1
12217	7508	1
4418	11182	1
1242	2338	1
252	12813	1
2416	2475	1
6385	13431	1
4034	3512	1
5455	391	1
11797	7780	1
13534	13535	1
5084	3068	1
8261	3068	1
7151	7780	1
10647	12217	1
8880	12217	1
7508	12217	1
9276	7409	1
12466	4059	1
1508	1506	1
2021	7686	1
12260	5612	1
12898	6977	1
4139	9680	1
2807	7847	1
3137	11211	1
2191	9795	1
295	107	1
2194	9795	1
1508	205	1
1143	226	1
11910	2282	1
1396	8536	1
6454	5446	1
3960	1143	1
5188	5227	1
3824	2454	1
7597	7283	1
9234	2506	1
1175	1647	1
4164	1647	1
1108	2065	1
9300	1647	1
7447	10890	1
6454	6533	1
257	6317	1
4568	11958	1
12865	3673	1
6317	257	1
1608	5278	1
12546	10742	1
12832	9248	1
35	11702	1
1508	5233	1
11002	2452	1
4353	1585	1
8261	2935	1
3545	3004	1
10572	8181	1
11273	8880	1
12217	8880	1
3293	4618	1
920	6312	1
3230	4187	1
3004	3545	1
12918	7009	1
7108	3545	1
11689	9248	1
9392	1119	1
12755	10902	1
3082	2613	1
8935	7980	1
5990	2813	1
1969	11732	1
3258	7602	1
11002	11002	1
5217	4409	1
13517	5278	1
5627	2765	1
5278	13517	1
6732	6724	1
6119	4328	1
7409	9276	1
5974	5974	1
4343	3105	1
5694	9262	1
10922	3105	1
11211	3137	1
3125	3105	1
2765	5627	1
12758	13536	1
7154	9266	1
11795	12245	1
1711	3736	1
4796	4983	1
10413	1607	1
11182	4418	1
11817	5388	1
8740	7681	1
3736	1711	1
11061	5388	1
8929	5008	1
13418	13213	1
3849	5496	1
4383	1059	1
4445	11259	1
5084	3985	1
8171	1934	1
13441	6836	1
10003	12336	1
12580	9250	1
8336	10904	1
12592	5576	1
7013	6206	1
13537	13537	1
2116	6836	1
1997	3642	1
9541	6836	1
9311	7455	1
13538	7407	1
8261	5047	1
7334	6206	1
1681	4092	1
12773	12397	1
9717	10273	1
4536	4559	1
1010	3532	1
3502	1064	1
5334	5334	1
5223	12668	1
7859	6023	1
6183	12154	1
7012	7122	1
12432	12432	1
3642	1997	1
6997	9523	1
7804	6127	1
1321	1529	1
4714	13508	1
12717	1529	1
6947	13508	1
8261	6167	1
13539	10010	1
4939	11135	1
6868	9009	1
12307	6228	1
4535	11010	1
2653	2546	1
1508	6968	1
5234	6788	1
6788	5234	1
3792	2051	1
11732	1969	1
3051	4679	1
7228	12397	1
6023	7859	1
12067	12068	1
8623	1250	1
7517	13213	1
2586	3247	1
5723	4006	1
4384	6765	1
1456	4227	1
6352	4227	1
12668	5223	1
2427	2441	1
2051	3792	1
12159	12160	1
8899	6649	1
4838	422	1
1585	4353	1
441	6227	1
13176	9687	1
4459	5197	1
185	1146	1
4135	5560	1
11044	6343	1
8262	4039	1
11135	5234	1
8322	7326	1
9626	12666	1
10459	7688	1
8935	628	1
5203	3799	1
10108	13247	1
9336	7293	1
5612	8973	1
1215	1998	1
9009	6868	1
8812	1997	1
12154	6183	1
3849	5859	1
8973	5612	1
8748	8748	1
8894	6086	1
4901	5000	1
10421	9592	1
5642	3558	1
2221	410	1
11010	11762	1
6786	6354	1
7813	6354	1
4039	8262	1
7029	986	1
9735	11513	1
4830	5861	1
12991	6037	1
6228	12307	1
7741	7031	1
9488	11513	1
9391	8680	1
10163	7899	1
8045	9592	1
6080	5161	1
4032	6680	1
13540	13540	1
5160	4489	1
12553	4555	1
2646	6513	1
4333	4915	1
12842	2228	1
3512	4034	1
13521	13522	1
9690	5818	1
5197	4459	1
5563	6782	1
4758	8533	1
13541	13541	1
5749	5749	1
9234	4649	1
3569	7012	1
11762	11010	1
5047	5411	1
5329	1499	1
6190	9512	1
8261	8943	1
4624	5622	1
6637	4444	1
1031	5549	1
13213	13418	1
5979	1620	1
13097	13097	1
1969	1708	1
6343	1708	1
13542	8614	1
1997	8812	1
8533	8614	1
8261	2334	1
7183	7184	1
3738	5128	1
7922	7688	1
5363	3190	1
2399	5950	1
11817	5469	1
2520	3998	1
6454	7318	1
7764	11807	1
11807	7764	1
11818	12104	1
3118	3119	1
12372	12754	1
10054	10054	1
4983	4561	1
3068	5612	1
3633	835	1
5798	4477	1
8483	8666	1
13196	610	1
9202	4773	1
9687	13176	1
4828	855	1
294	5628	1
6243	9372	1
7940	7940	1
9452	9402	1
6692	8447	1
5234	11135	1
5529	5050	1
3353	7645	1
11591	13291	1
5455	3262	1
389	2371	1
8611	8150	1
11016	6197	1
5411	5047	1
5612	3068	1
3545	4660	1
4959	4959	1
13515	11161	1
2725	12500	1
5497	5498	1
13543	13543	1
5845	5047	1
444	76	1
2653	2334	1
8141	1096	1
7645	3353	1
6752	8228	1
1508	352	1
8027	7598	1
5047	3068	1
170	2380	1
2380	170	1
6564	755	1
10811	11159	1
9223	6284	1
11485	11344	1
4187	3230	1
1508	3828	1
8564	2040	1
8085	1419	1
2416	3550	1
10216	11160	1
13477	7020	1
1615	3171	1
3079	2911	1
3262	5455	1
5047	5845	1
391	5455	1
10930	8620	1
364	1742	1
6454	2077	1
4601	246	1
4950	4836	1
6055	4135	1
11866	11887	1
1576	70	1
9248	11776	1
12019	4135	1
3200	3201	1
4275	4275	1
5084	5988	1
11310	2087	1
3396	3786	1
4535	5469	1
628	627	1
5028	9133	1
1029	209	1
7487	5932	1
4281	11779	1
6510	6510	1
3087	5354	1
10232	3487	1
5753	5924	1
6319	3950	1
2894	3487	1
7012	4836	1
6957	691	1
9346	9619	1
3125	3487	1
13213	7517	1
2820	3019	1
3302	515	1
5904	5374	1
12010	8844	1
3376	5910	1
5156	3581	1
8536	1396	1
185	2634	1
1647	6556	1
8899	12546	1
7521	11344	1
12698	12699	1
1508	6783	1
7025	5107	1
1064	3502	1
11319	7294	1
1321	2901	1
8844	12010	1
223	545	1
6765	2427	1
12423	6854	1
7780	11797	1
11150	6335	1
4568	6854	1
6146	6649	1
10861	7507	1
7429	7944	1
2427	6765	1
7267	953	1
1077	1985	1
5762	7024	1
518	3921	1
2646	7857	1
7017	13404	1
3921	518	1
163	34	1
4147	1810	1
12582	2184	1
1925	1935	1
10389	9251	1
9541	5977	1
8499	10374	1
4135	12019	1
11711	11451	1
34	163	1
4406	4025	1
10413	6729	1
1886	1737	1
9949	12366	1
11797	3647	1
1133	6061	1
8891	9192	1
5678	9477	1
5904	5380	1
13544	6571	1
7012	8967	1
7294	11319	1
1201	2430	1
4031	10639	1
4578	5806	1
9488	9234	1
3068	5047	1
3381	10180	1
3430	3234	1
5932	7487	1
2260	4547	1
12978	9234	1
1620	8545	1
4836	7012	1
7517	8402	1
5217	6259	1
4057	2360	1
6259	5217	1
8207	2252	1
8317	8605	1
7012	3160	1
996	1406	1
7684	7723	1
7784	8899	1
9126	9126	1
4489	5160	1
6107	4320	1
13545	13545	1
3440	4647	1
185	1531	1
3201	3200	1
2651	8181	1
4332	13356	1
2705	2704	1
8195	13031	1
4742	4741	1
1647	12030	1
13097	10172	1
7624	5075	1
9234	2107	1
10172	13097	1
993	3270	1
10778	8402	1
11302	11302	1
1508	5818	1
6343	11044	1
8367	6965	1
3389	2481	1
3270	993	1
185	467	1
12666	9626	1
3906	3270	1
13031	8195	1
5564	5133	1
5330	3786	1
13007	13007	1
13354	7204	1
5047	5935	1
5357	7715	1
11447	1810	1
13284	13284	1
10413	3230	1
8915	13546	1
1900	12221	1
1925	3270	1
2168	974	1
1216	1438	1
13547	1096	1
70	1576	1
7228	13289	1
4334	1238	1
5806	4578	1
6957	11344	1
6372	6614	1
6977	12898	1
7801	3817	1
6515	179	1
5705	3673	1
5952	10699	1
831	930	1
10538	8435	1
4938	4937	1
11425	7158	1
831	831	1
3092	3745	1
6537	6538	1
59	104	1
6513	2646	1
8875	8875	1
2704	2705	1
5612	12260	1
10163	9669	1
4707	4706	1
1902	698	1
8261	3450	1
4535	2735	1
953	7267	1
2228	3450	1
13548	7484	1
930	831	1
13325	13101	1
93	4259	1
5536	5537	1
7289	6584	1
4328	6119	1
185	2894	1
163	214	1
1059	4383	1
4647	3440	1
2865	1099	1
6530	1599	1
209	1029	1
1586	1096	1
3759	4086	1
3258	2646	1
1321	1599	1
1791	1930	1
3626	6021	1
6807	6808	1
5000	4901	1
11163	8162	1
5354	3087	1
6303	9929	1
8891	1599	1
5205	5204	1
1096	1586	1
3234	3430	1
8790	13549	1
6190	11530	1
13550	11072	1
6375	6375	1
5388	11817	1
5469	11817	1
5898	5897	1
2101	2943	1
12800	13356	1
5897	5898	1
4980	9431	1
4407	11889	1
11824	5211	1
8772	6424	1
13404	7017	1
2646	3258	1
12046	1842	1
6927	9752	1
5811	4021	1
1368	1625	1
3919	6831	1
1872	1872	1
2372	1644	1
5374	5904	1
5380	5904	1
7012	6034	1
7784	11048	1
2040	1338	1
186	1338	1
2422	4114	1
1523	1338	1
6037	12991	1
4547	2260	1
6197	11016	1
9431	4980	1
12304	3944	1
13522	13525	1
13086	13087	1
7031	7741	1
13356	12800	1
5006	13027	1
7012	7106	1
13525	13522	1
5849	7158	1
9345	3380	1
8027	2915	1
7407	13538	1
12006	11416	1
3893	11048	1
7158	5849	1
8261	9320	1
1321	10805	1
4333	3850	1
2430	1201	1
1338	186	1
1630	5742	1
7225	10904	1
5497	9133	1
8799	1410	1
13551	8668	1
5897	7487	1
9133	5497	1
11554	2280	1
8261	8668	1
3092	9066	1
13552	4034	1
11181	4213	1
9584	680	1
6940	8973	1
4529	2610	1
2481	3786	1
4409	5217	1
7012	12456	1
4816	3636	1
13503	6564	1
5910	3376	1
5570	5946	1
5932	4748	1
2017	5462	1
12061	5876	1
1737	1886	1
334	229	1
11530	6190	1
228	229	1
5910	5910	1
8740	6564	1
4034	13552	1
8533	2585	1
463	1391	1
10699	5952	1
11416	12006	1
10303	13481	1
13481	10303	1
8548	10380	1
11228	11594	1
3276	7499	1
252	6022	1
3999	1264	1
8051	4320	1
9234	2322	1
2289	2290	1
4571	4488	1
5374	6022	1
5854	4592	1
6167	4206	1
4103	5479	1
6804	4320	1
1917	6619	1
7715	6649	1
6337	7853	1
4703	477	1
10122	1279	1
9251	10389	1
3892	7736	1
3545	6185	1
12675	7266	1
3178	5753	1
13553	9887	1
5047	6185	1
10003	7736	1
12336	10003	1
1278	7283	1
7266	12675	1
4780	737	1
2115	2116	1
7736	10003	1
10524	7736	1
12721	1939	1
7083	5753	1
5203	2113	1
8179	5453	1
7509	13554	1
11018	5087	1
10984	5790	1
2116	2115	1
6556	1647	1
2095	4040	1
1939	12721	1
12067	12297	1
9279	8618	1
8453	8452	1
5753	3178	1
6649	7715	1
6321	6686	1
8609	10478	1
2422	10755	1
11776	9248	1
1599	8891	1
1733	3572	1
6372	4167	1
1268	2017	1
1607	9100	1
13497	11792	1
11072	13550	1
5753	7083	1
5204	5205	1
59	57	1
5087	11018	1
10324	3345	1
9402	6499	1
7532	7598	1
7225	8336	1
6444	9085	1
3439	2501	1
10666	4981	1
6316	7334	1
7083	5374	1
3109	5374	1
3021	7598	1
8336	7225	1
2797	1254	1
5374	3109	1
2483	5382	1
5382	2483	1
11416	11417	1
11417	11416	1
5582	3109	1
1099	2865	1
13554	7509	1
8261	7574	1
59	11969	1
13467	936	1
13291	11591	1
13552	4422	1
10332	1539	1
5870	5875	1
10087	13555	1
936	13467	1
35	2712	1
1973	8454	1
1338	5660	1
4422	13552	1
7020	13477	1
