1556	4674	1
6183	4755	1
1076	1017	1
11037	3380	1
1718	9568	1
1905	692	1
11379	12620	1
4674	1556	1
5188	9230	1
5330	3401	1
7082	6793	1
1375	2022	1
7974	11883	1
8512	9069	1
2721	5796	1
4983	6329	1
1081	737	1
3479	11031	1
9193	10094	1
3979	488	1
8451	12861	1
4742	5270	1
4970	8616	1
11438	6127	1
1556	6127	1
4706	4707	1
9198	13618	1
2478	4077	1
705	1243	1
6266	2924	1
12565	7308	1
4077	2478	1
7901	5606	1
2569	7673	1
13594	8618	1
431	234	1
1985	1077	1
13303	12249	1
13558	13558	1
7340	6804	1
6259	5217	1
6360	6127	1
2228	1096	1
690	6127	1
4852	4853	1
11135	7800	1
4235	3948	1
680	283	1
12908	3849	1
5047	7543	1
3924	3924	1
2169	564	1
6977	8773	1
5796	4876	1
1099	2865	1
2855	1370	1
5719	4317	1
12585	4102	1
12494	6282	1
4937	4193	1
4578	2652	1
1837	1185	1
12061	5876	1
8031	7204	1
2646	6507	1
2565	8548	1
6227	7204	1
1535	3080	1
9087	3999	1
2652	4578	1
13401	13401	1
6038	4062	1
7209	5354	1
13292	11356	1
4303	7791	1
10374	8499	1
13187	13187	1
6213	1599	1
7619	11696	1
2203	4206	1
3067	9193	1
13433	13433	1
7441	8451	1
2205	8522	1
2116	8451	1
5047	5893	1
8451	2116	1
1155	1276	1
9874	10309	1
7228	13289	1
4905	6127	1
11122	2588	1
13623	13624	1
11645	13616	1
2360	4057	1
6183	12154	1
10232	3487	1
12580	9250	1
3709	3080	1
11387	8903	1
5893	10208	1
828	9375	1
8451	2886	1
13625	13625	1
10459	12774	1
1611	13359	1
6637	6987	1
2004	5955	1
5689	12896	1
8523	6008	1
13534	3173	1
299	979	1
6187	8929	1
5979	13626	1
4092	11826	1
1517	2163	1
2289	3082	1
4800	2910	1
2613	1371	1
13627	13628	1
4983	4796	1
3099	923	1
13629	13292	1
1586	2260	1
5955	2004	1
8452	11130	1
11122	1735	1
8451	10762	1
7846	8002	1
219	896	1
8807	8002	1
4578	2647	1
1837	3722	1
9142	12218	1
7791	6454	1
10206	6320	1
13602	6454	1
6454	7791	1
8452	6765	1
13048	13601	1
5112	5113	1
9516	5113	1
3118	3119	1
7810	4346	1
12895	5511	1
12154	6183	1
3294	4217	1
11130	8452	1
6127	6360	1
13630	13630	1
9350	3862	1
12101	13349	1
9193	3067	1
1905	2420	1
13631	11628	1
3099	974	1
11817	8213	1
3617	8444	1
3119	4516	1
3099	7755	1
1112	12009	1
4516	3119	1
5893	5047	1
13632	7415	1
1371	2613	1
8773	6977	1
1905	3475	1
4578	1188	1
5353	5027	1
234	431	1
13262	4029	1
13618	9198	1
1905	1022	1
4102	12585	1
2077	13602	1
2663	12073	1
5745	1506	1
3669	1506	1
12675	7266	1
1954	2473	1
7988	6729	1
3099	2584	1
10795	10795	1
12732	12732	1
13593	1802	1
4250	7501	1
2578	8852	1
3111	1188	1
13633	6963	1
7810	3234	1
11324	2371	1
10724	2550	1
333	13634	1
5934	2482	1
2924	6266	1
1742	7386	1
2270	173	1
5796	2721	1
1077	1985	1
2520	3059	1
5280	2958	1
4578	1937	1
11730	10273	1
13635	13635	1
1905	718	1
13279	3059	1
3191	11630	1
1017	3059	1
4228	3059	1
3099	13088	1
10562	4414	1
6083	4781	1
11560	3059	1
3110	5346	1
1051	2969	1
1936	1203	1
6325	6700	1
11730	6052	1
3212	3059	1
6649	8899	1
6514	2877	1
2969	1051	1
4578	1034	1
2877	6514	1
3794	4257	1
12895	4977	1
1599	6213	1
7029	986	1
9518	10811	1
8929	6187	1
3623	12748	1
7013	6206	1
622	1792	1
6282	12494	1
1523	8109	1
1034	4578	1
979	299	1
1937	4578	1
9300	6637	1
1188	4578	1
13626	7688	1
4444	6637	1
1136	1712	1
5695	2386	1
968	5462	1
6452	6637	1
13593	145	1
5693	6637	1
7415	13632	1
3930	2304	1
12748	3623	1
9273	5222	1
8452	6940	1
4578	3043	1
12758	8113	1
1905	6354	1
5952	10699	1
6987	6637	1
8779	3756	1
3617	9273	1
13349	12101	1
1506	3669	1
4578	2488	1
5047	6185	1
9416	9416	1
5330	2481	1
276	2294	1
6314	13088	1
13586	13586	1
1473	2349	1
4578	10933	1
4763	4830	1
2797	1254	1
13636	287	1
7645	3353	1
7723	212	1
4227	5111	1
12773	7228	1
12397	7228	1
13289	7228	1
5581	858	1
8488	12080	1
10562	95	1
6444	9085	1
2386	5695	1
12008	9570	1
10324	3345	1
9237	3111	1
5120	5121	1
3353	7645	1
1188	3111	1
1051	6325	1
4062	6038	1
4578	2651	1
6325	1051	1
1933	1266	1
1905	10756	1
3315	7108	1
3629	3358	1
4830	4763	1
8452	2874	1
1237	7196	1
8452	3358	1
5673	6220	1
11128	11128	1
5354	7209	1
2163	1517	1
2958	5280	1
4069	5353	1
1163	2914	1
2077	45	1
8452	6251	1
5788	5045	1
13637	11246	1
9397	11470	1
6320	10206	1
4983	4763	1
8852	2578	1
8779	4447	1
6185	5047	1
625	3005	1
11955	12578	1
3330	3177	1
7736	11700	1
13567	11472	1
13262	1276	1
5111	3723	1
10699	5952	1
6220	5673	1
1905	4422	1
10466	1059	1
3829	4789	1
1905	575	1
7466	11598	1
5979	6059	1
10909	13638	1
266	3350	1
6729	7988	1
11470	9397	1
1144	705	1
2733	2113	1
6354	9213	1
8903	10814	1
7196	1237	1
1792	9619	1
8976	8763	1
10108	13247	1
10647	12217	1
10069	7526	1
4568	5684	1
88	986	1
6711	1266	1
7501	4250	1
6556	6854	1
5234	6788	1
4069	5301	1
3545	3004	1
5628	294	1
3234	7810	1
9605	3637	1
1499	2244	1
13606	12520	1
13628	13627	1
2454	3824	1
3736	329	1
6788	5234	1
334	2371	1
13592	11650	1
12174	6218	1
6637	9300	1
7639	12775	1
3629	3038	1
212	7723	1
11472	13567	1
9929	8322	1
8137	5825	1
27	5922	1
8452	7484	1
6708	11161	1
5028	4738	1
6967	7868	1
8113	12758	1
9397	6037	1
4796	4983	1
3099	2832	1
11182	8051	1
1501	6613	1
1178	1177	1
12685	10347	1
1962	1954	1
1120	7721	1
1406	6265	1
9213	6354	1
5922	5	1
6265	1406	1
13639	13639	1
7484	8452	1
6251	8452	1
2874	8452	1
10762	8451	1
3099	375	1
12861	8451	1
8867	8451	1
4069	4647	1
875	8451	1
7804	5411	1
7007	3989	1
6940	8452	1
5946	5570	1
11776	12456	1
11122	9474	1
9568	1718	1
4548	2234	1
1905	3567	1
2877	2877	1
8452	4384	1
6104	2379	1
4881	914	1
5175	2379	1
5366	12779	1
5773	6418	1
6708	8940	1
4578	13183	1
12961	9229	1
5356	6729	1
6037	9397	1
5197	6127	1
9808	6116	1
9736	717	1
11010	12578	1
10112	8533	1
3033	283	1
6220	10208	1
5257	420	1
5111	3949	1
9835	3563	1
4491	10208	1
13640	13640	1
1905	4163	1
7721	1120	1
4568	4585	1
4341	7076	1
2234	2360	1
2360	2234	1
9397	4666	1
843	844	1
8451	7441	1
8452	5283	1
6168	5588	1
13149	816	1
3784	3783	1
8824	8031	1
10856	8506	1
7108	3315	1
2548	1802	1
11976	10096	1
13534	13535	1
6952	10096	1
8322	9929	1
1813	5335	1
1498	5500	1
4707	4706	1
4257	5301	1
11762	7125	1
5500	1498	1
13039	13040	1
9126	13617	1
3783	3784	1
10241	44	1
13165	524	1
1837	3232	1
9229	12961	1
1635	3527	1
11344	7521	1
246	4601	1
6729	5356	1
8779	2209	1
4578	2558	1
270	512	1
9913	9914	1
13641	13641	1
9570	12008	1
4624	5622	1
4384	8452	1
5283	8452	1
13642	10437	1
6994	9880	1
13643	1260	1
10413	6729	1
11616	4352	1
10240	13048	1
13213	9880	1
5977	9541	1
1838	1837	1
12336	6994	1
8763	12134	1
6282	12568	1
1837	2712	1
9880	6994	1
11551	4778	1
7000	10415	1
1905	2962	1
9414	4281	1
8935	6380	1
1837	2718	1
601	10712	1
12568	6282	1
692	1905	1
4282	4281	1
4796	173	1
9931	4281	1
12568	4281	1
512	270	1
1905	897	1
13640	7518	1
4281	12568	1
10427	4281	1
6380	8935	1
11779	4281	1
12578	11010	1
3588	3214	1
1087	864	1
84	1725	1
9524	9067	1
4578	2167	1
13644	2191	1
13645	13645	1
3475	1905	1
9581	9067	1
721	11317	1
4692	9031	1
13579	9026	1
13492	12551	1
11758	11758	1
1528	38	1
5840	3561	1
3443	6051	1
13538	7739	1
1905	4765	1
2420	1905	1
4034	3512	1
6218	12174	1
1081	9409	1
3512	4034	1
11934	13580	1
8452	3370	1
3824	2454	1
6317	2126	1
9397	5688	1
1837	1838	1
3191	4280	1
3405	6769	1
12265	12696	1
3082	2289	1
2004	4632	1
6701	6701	1
11751	9472	1
5973	5973	1
4748	4632	1
7619	7838	1
788	21	1
64	1089	1
12010	12217	1
4241	6848	1
6055	5904	1
11510	943	1
6729	10413	1
4578	2492	1
5807	5806	1
13646	7090	1
12336	8935	1
7007	6552	1
13647	8592	1
3633	835	1
12217	12217	1
13325	13101	1
3348	3349	1
11986	13137	1
2228	835	1
3099	5447	1
5570	8935	1
8962	11212	1
12153	11617	1
5553	579	1
3479	11387	1
6957	11072	1
4069	5888	1
4408	4605	1
2565	6704	1
5293	4901	1
11864	3234	1
7228	12773	1
5786	2040	1
7838	7619	1
2590	4270	1
4270	2590	1
4257	3794	1
5591	5947	1
4578	9842	1
10025	12277	1
7996	11762	1
11127	9798	1
6757	11407	1
12770	11762	1
8452	7598	1
9069	8512	1
5859	3849	1
4832	4812	1
1051	4280	1
8320	8512	1
4812	4832	1
2573	2571	1
2820	2659	1
13648	13648	1
10761	2909	1
1126	3383	1
1338	1117	1
11031	3479	1
5411	7804	1
7737	761	1
1117	1338	1
13091	13011	1
13595	13367	1
531	1103	1
2672	715	1
4568	4569	1
13367	13367	1
13367	13595	1
10738	2364	1
12895	7563	1
4159	3852	1
715	2672	1
1469	3723	1
2620	3852	1
13011	13091	1
13219	7448	1
8903	11387	1
8452	11537	1
5335	1813	1
13580	11934	1
4384	11537	1
1096	2228	1
3450	2228	1
12649	11934	1
11023	11023	1
13649	13016	1
12094	11023	1
3273	7325	1
4869	6424	1
4621	6193	1
9067	9581	1
4755	6183	1
8213	11817	1
13650	2601	1
9062	10615	1
9320	13515	1
6702	6798	1
11700	7736	1
1517	12517	1
2737	1455	1
12362	11457	1
2135	3996	1
8721	5028	1
9808	2357	1
10010	13539	1
1377	6057	1
11826	4092	1
1506	5745	1
9477	10736	1
4317	5719	1
1103	531	1
10230	12439	1
2193	2349	1
8935	12336	1
2565	6752	1
8512	8320	1
11070	7804	1
5904	6055	1
8259	6793	1
4568	8967	1
3099	825	1
13311	8260	1
2040	5786	1
9510	9372	1
2855	3069	1
13203	4506	1
11852	11852	1
7031	12142	1
3452	3037	1
1576	70	1
8404	4883	1
8858	12022	1
5258	3160	1
12571	12599	1
5248	4207	1
11600	5977	1
5459	4883	1
12991	12599	1
5670	4207	1
9797	12599	1
8848	4883	1
4252	3160	1
9287	4883	1
12546	10742	1
10756	9697	1
5835	9001	1
2004	9365	1
3754	3753	1
4578	3391	1
277	1016	1
7415	7416	1
8451	875	1
11407	6757	1
6286	10877	1
7028	9834	1
11699	10605	1
9397	5303	1
13390	8290	1
4568	11958	1
13220	2011	1
5378	1921	1
6127	5197	1
914	13343	1
9070	11547	1
3173	13534	1
9735	7481	1
9009	13343	1
2948	5059	1
9067	9524	1
11122	546	1
10994	9474	1
13651	13206	1
5223	12668	1
4565	1573	1
5617	6127	1
