6490	8328	1
5039	4577	1
1987	9371	1
930	9207	1
12721	1939	1
8177	6039	1
9402	6499	1
10484	10485	1
2832	2819	1
7323	1954	1
4946	11565	1
11847	1954	1
3345	7042	1
7158	11599	1
6039	8177	1
7466	11598	1
6278	11598	1
1936	1203	1
11598	7466	1
11617	12153	1
8302	12588	1
8415	9017	1
8328	6490	1
9080	13030	1
6037	12991	1
2473	1954	1
5563	6782	1
13562	13020	1
13585	13585	1
9213	6354	1
6765	10715	1
10738	2364	1
4589	6513	1
7466	7944	1
9587	13573	1
8515	5423	1
2646	7857	1
13480	4092	1
8968	1406	1
4051	13586	1
4328	6119	1
11403	6930	1
5973	13388	1
12908	3849	1
6930	11403	1
13587	13388	1
3784	1094	1
12565	5849	1
8567	1396	1
5330	2481	1
6782	5563	1
12061	5876	1
5382	2483	1
6127	12899	1
3578	12899	1
10409	12899	1
13316	12899	1
5845	12899	1
5897	7487	1
1556	12899	1
885	12899	1
2650	12899	1
2198	12899	1
6246	12899	1
6951	12899	1
564	4119	1
8150	7514	1
12599	13588	1
7804	6127	1
7501	4250	1
5898	7487	1
10087	13555	1
6251	9105	1
9105	6251	1
7228	13289	1
9947	6127	1
5217	12500	1
7804	5411	1
2192	3010	1
4946	9105	1
6775	8656	1
12773	12397	1
10932	10933	1
12580	9250	1
5223	12668	1
12991	6037	1
11058	11675	1
3625	6355	1
10605	11699	1
3591	2963	1
1175	1599	1
5047	7543	1
6213	1599	1
1599	1175	1
4983	4796	1
11910	7543	1
8721	1840	1
6127	6700	1
2880	6338	1
12668	5223	1
3784	6700	1
7673	2569	1
11405	5411	1
6127	6279	1
8610	5223	1
10814	8903	1
5089	8903	1
1436	3194	1
8734	8903	1
874	3194	1
12924	12998	1
11797	8903	1
13476	8903	1
9301	7408	1
4485	4457	1
13200	467	1
6127	7804	1
11751	7543	1
4780	7804	1
10427	5234	1
4980	9689	1
5411	7804	1
9899	9899	1
5027	5234	1
2482	5934	1
3616	1926	1
9368	9709	1
9021	10455	1
10003	7736	1
9709	9368	1
6816	4555	1
13291	11591	1
7235	4555	1
13589	9368	1
12553	4555	1
10604	10839	1
914	13343	1
5411	5047	1
11445	10208	1
9017	8415	1
5047	5411	1
6760	4940	1
1912	8247	1
4580	9550	1
3043	4578	1
13479	3183	1
5822	2270	1
1200	2270	1
1501	6613	1
173	2270	1
13442	10741	1
13590	6419	1
3099	923	1
13289	7228	1
7684	3480	1
8610	3480	1
9550	4580	1
13291	2659	1
10962	2260	1
5045	5788	1
5378	2247	1
10206	6320	1
13567	11472	1
1939	12721	1
3681	3680	1
4723	3005	1
11342	3680	1
5455	3262	1
4949	5161	1
13059	6439	1
6242	6333	1
9735	10582	1
5675	5675	1
12494	6282	1
1841	12466	1
7528	13520	1
7448	13219	1
1401	4548	1
7423	9721	1
2348	2349	1
13591	13591	1
7020	10179	1
9543	416	1
386	13453	1
1971	10216	1
2894	1072	1
3111	2686	1
7020	5821	1
13586	4051	1
1175	1050	1
1364	2282	1
1576	4559	1
2636	6161	1
1905	1207	1
11910	2282	1
5599	1762	1
380	1558	1
6419	13590	1
8987	1297	1
4057	4516	1
391	5455	1
8444	4208	1
4970	5013	1
5365	2422	1
5296	1517	1
4036	8738	1
4844	4469	1
8530	6286	1
5455	391	1
4113	2422	1
4901	5093	1
1010	12748	1
5524	3063	1
9669	10163	1
625	5062	1
10216	1971	1
627	540	1
6613	1501	1
2308	5027	1
5027	2308	1
10712	601	1
1099	2865	1
12500	5217	1
5234	5027	1
5335	1813	1
4931	2234	1
10130	8803	1
12721	13564	1
242	241	1
13494	11565	1
7289	6584	1
11334	2710	1
12640	8172	1
9170	2287	1
13303	12249	1
1935	12249	1
13592	11650	1
5004	5601	1
12540	6901	1
12893	12893	1
8358	965	1
380	3340	1
2008	2287	1
11650	13592	1
1451	730	1
6310	6453	1
2478	10266	1
241	242	1
5062	625	1
4544	2287	1
5039	11883	1
4353	5501	1
1523	8109	1
7431	1266	1
8610	12668	1
11779	13580	1
7602	3258	1
10130	5217	1
6494	12250	1
2722	6213	1
12112	8628	1
12307	6228	1
6374	1266	1
8721	8308	1
6104	8609	1
8611	5096	1
6711	1266	1
3099	1451	1
8051	6230	1
1576	768	1
5553	579	1
6127	4158	1
3051	1279	1
3258	7602	1
3191	10872	1
11324	1266	1
1813	8020	1
2051	1558	1
9874	10309	1
12588	8302	1
4352	11616	1
5258	5707	1
11633	11628	1
4652	3176	1
4469	4844	1
6782	8950	1
2481	5330	1
5934	2482	1
8950	6782	1
6127	7082	1
10266	2478	1
13453	386	1
974	1571	1
3302	515	1
623	371	1
6127	6379	1
3784	6379	1
7260	515	1
13571	8773	1
1571	974	1
4370	708	1
5459	4780	1
10507	9069	1
3077	9041	1
6079	11164	1
2234	4548	1
3119	3118	1
629	630	1
257	6317	1
13388	13587	1
12565	10904	1
13437	4873	1
3784	5717	1
8609	10478	1
1014	13	1
1275	1275	1
2116	6836	1
12565	2727	1
5829	5829	1
6989	10210	1
9391	8680	1
1599	6213	1
13593	5615	1
12336	13213	1
11959	11960	1
11753	1599	1
10425	7343	1
6230	8051	1
10604	800	1
9451	4102	1
6127	885	1
3170	8707	1
8411	1444	1
7228	9041	1
7340	6804	1
5347	3082	1
3098	4102	1
8610	6883	1
7517	13213	1
11456	11456	1
7630	7657	1
4921	1072	1
6310	2440	1
1351	9761	1
1243	705	1
5796	4876	1
10508	5979	1
6898	4586	1
4580	11792	1
13593	1802	1
11792	4580	1
11600	5977	1
13594	8618	1
13433	1802	1
1831	4520	1
12991	12599	1
7013	6206	1
1444	8411	1
4952	849	1
6514	2877	1
2420	1009	1
4983	4763	1
11792	11792	1
630	629	1
10090	4512	1
4057	2360	1
13588	12599	1
564	4457	1
13404	12599	1
11010	11762	1
13595	13367	1
11117	11108	1
524	816	1
4457	564	1
13596	9573	1
8728	12599	1
1096	1517	1
2154	8318	1
13213	7517	1
13149	816	1
12571	12599	1
9207	930	1
6242	12175	1
2735	11762	1
12748	2902	1
2163	1517	1
2984	4230	1
10309	9874	1
4158	6127	1
7082	6127	1
6379	6127	1
9573	13596	1
885	6127	1
6286	8530	1
4901	5000	1
6371	8501	1
5093	4901	1
4970	3041	1
5000	4901	1
3063	5524	1
13597	673	1
1175	375	1
6127	9300	1
7810	4346	1
6211	11762	1
13367	13595	1
9300	6127	1
10900	4164	1
8929	6187	1
9808	6622	1
1207	1708	1
4970	4095	1
3243	7775	1
13598	10347	1
737	1081	1
8336	10904	1
2448	3643	1
1276	1155	1
7012	5684	1
9825	5187	1
10604	1838	1
4250	3258	1
3059	9619	1
2546	6161	1
3258	4250	1
9152	9914	1
11762	11010	1
13550	11072	1
842	4457	1
7178	12197	1
2289	3082	1
3487	10232	1
11201	5922	1
3234	7810	1
1081	12578	1
4346	7810	1
1081	737	1
11730	10273	1
8153	8152	1
12701	12701	1
9914	9152	1
3967	1709	1
7280	3544	1
13412	6062	1
12161	12161	1
10376	9619	1
3695	5712	1
6062	13412	1
453	9619	1
13213	12336	1
12435	13599	1
3750	3270	1
3784	3967	1
2713	2059	1
1517	1096	1
5222	9273	1
1954	3160	1
12599	12571	1
8676	10250	1
1762	5599	1
3136	3270	1
2077	45	1
1729	466	1
8333	10250	1
2877	6514	1
5979	10508	1
4970	6513	1
1063	45	1
4517	4516	1
5027	5026	1
12565	6513	1
876	3190	1
12126	13493	1
13595	11405	1
13418	13213	1
11628	11633	1
5446	45	1
1656	7088	1
3998	2520	1
5026	5027	1
8093	8093	1
4159	8255	1
11801	4208	1
5750	2399	1
4763	4983	1
1594	8093	1
4796	4983	1
6884	2520	1
6931	6812	1
8899	11344	1
5353	5027	1
13580	509	1
4227	5111	1
7657	7630	1
12915	2269	1
5537	11164	1
509	13580	1
5446	6454	1
2325	13292	1
11934	13580	1
11472	13567	1
5893	8093	1
10386	10386	1
7548	1997	1
7345	6182	1
3041	4970	1
4095	4970	1
6513	4970	1
8973	6940	1
6127	6635	1
6127	9389	1
9671	11143	1
5402	11344	1
75	1997	1
10466	86	1
6310	4055	1
1741	4021	1
1599	9525	1
11344	11485	1
6282	12494	1
5027	5353	1
8656	6775	1
13600	2104	1
1725	2609	1
13580	11779	1
2364	10738	1
10335	9966	1
3118	3119	1
2360	4057	1
7431	4168	1
13261	1504	1
10702	10146	1
13595	13558	1
3082	2289	1
12336	9639	1
9913	9914	1
6898	8278	1
2913	2289	1
5045	6854	1
7619	7838	1
13048	13601	1
1176	1022	1
3670	3669	1
4025	4162	1
1175	428	1
9273	6754	1
7267	4816	1
1030	1058	1
13197	2420	1
5221	12073	1
10577	10577	1
549	803	1
13580	11934	1
1207	1905	1
849	4952	1
13593	2548	1
6454	5446	1
45	5446	1
6127	11438	1
6127	1556	1
7121	7178	1
2077	5446	1
1175	1175	1
6898	6734	1
4334	1238	1
4816	7267	1
11724	5248	1
4763	4561	1
6127	7032	1
3784	7032	1
4036	5248	1
2172	5977	1
13602	2077	1
12634	11254	1
7880	12986	1
8541	6135	1
2077	13602	1
4207	5248	1
8109	1523	1
1175	6556	1
12599	12991	1
4983	4561	1
10122	1279	1
7386	1742	1
1933	410	1
6127	6702	1
10330	12975	1
1810	11447	1
6454	7791	1
4282	6260	1
12775	7639	1
10256	10256	1
4255	4255	1
11164	6079	1
6897	4020	1
3748	1353	1
6702	6127	1
6635	6127	1
7761	6977	1
4250	2912	1
6310	6265	1
13603	9857	1
1556	2420	1
9477	5678	1
10724	2550	1
1619	5266	1
4020	10054	1
12565	5678	1
2234	2360	1
2520	6884	1
1353	3748	1
8903	13476	1
6261	2004	1
2550	10724	1
10054	4020	1
13048	12964	1
2420	1556	1
12964	13048	1
8334	8005	1
13604	13604	1
2807	7032	1
4135	5904	1
2865	1099	1
715	749	1
13433	13433	1
6610	13605	1
6127	4905	1
4741	4742	1
5904	4135	1
8773	13571	1
12073	2663	1
5461	8609	1
12520	13606	1
8760	10471	1
1237	7196	1
8894	6086	1
9817	8609	1
13553	10620	1
8093	5893	1
9413	9503	1
4020	6897	1
1584	4554	1
13607	13608	1
4457	4485	1
1926	3616	1
7408	9301	1
2106	2107	1
10620	13553	1
13605	6610	1
4755	6183	1
12218	9142	1
6676	9924	1
13349	12101	1
1900	4386	1
5354	7209	1
11405	7262	1
8925	8924	1
788	1282	1
428	1175	1
1297	8987	1
5849	6893	1
6107	4320	1
6556	6854	1
3236	3442	1
3177	3330	1
13558	13595	1
4568	6854	1
8307	4164	1
6127	690	1
6354	9213	1
5893	10208	1
11405	13595	1
8521	12496	1
11031	10478	1
9597	13490	1
7343	10425	1
4565	1569	1
6218	12174	1
11224	868	1
6898	11127	1
2679	2678	1
2621	8333	1
10604	4525	1
13470	13469	1
8975	9966	1
9620	3100	1
5707	5258	1
13360	13609	1
5366	12779	1
9503	9413	1
13610	12763	1
4970	3080	1
9505	10793	1
13429	2371	1
13611	5686	1
10620	5892	1
4805	188	1
13059	10831	1
2748	9346	1
1396	8567	1
1535	3080	1
5893	5047	1
4386	1900	1
4250	3775	1
12173	2017	1
8165	7764	1
6637	9300	1
6893	5849	1
8328	8354	1
6426	6637	1
6987	6637	1
2776	9575	1
9600	13320	1
13453	5050	1
9936	2578	1
5266	1619	1
3559	5565	1
12898	6977	1
6977	7761	1
923	3099	1
4018	6022	1
1451	3099	1
6781	7831	1
11751	5797	1
1401	653	1
1529	12717	1
7334	9542	1
12795	13367	1
13367	12795	1
7083	5753	1
13612	12717	1
8924	8925	1
2282	11910	1
7831	6781	1
4217	3294	1
13261	10719	1
5446	2077	1
8333	2621	1
3136	11132	1
4084	5365	1
803	549	1
13613	13613	1
5561	4393	1
6899	6898	1
12111	13598	1
2749	5831	1
2942	2869	1
8935	12999	1
5047	3763	1
5598	13424	1
3791	4393	1
3763	5047	1
3571	9848	1
12336	6994	1
6104	2379	1
8763	7988	1
13553	11909	1
3849	12908	1
431	234	1
10153	11506	1
13614	9193	1
7723	6417	1
13523	13523	1
5849	13473	1
7619	11696	1
6804	7340	1
3892	4550	1
13615	13615	1
760	1093	1
13482	11430	1
10273	11730	1
9368	13589	1
12821	12022	1
6994	12336	1
6127	6344	1
2909	10761	1
1954	11847	1
10749	8185	1
4482	9560	1
5836	4592	1
7739	10736	1
190	203	1
13573	9587	1
3829	4789	1
10736	7739	1
3050	4875	1
13616	11645	1
1370	2855	1
13573	845	1
416	9543	1
13473	5849	1
5205	5204	1
3191	11755	1
835	3633	1
13617	9126	1
11810	11755	1
8213	11817	1
11645	13616	1
9346	3059	1
13618	9198	1
13616	13616	1
11387	3479	1
749	715	1
1096	2228	1
3450	2228	1
2873	4930	1
4383	5774	1
5474	5490	1
9193	3067	1
7031	7741	1
12565	7863	1
6368	11689	1
4227	1456	1
5634	7885	1
715	2672	1
7452	7988	1
13619	3343	1
7518	6187	1
4247	3059	1
11072	13550	1
5835	7125	1
12842	2228	1
8063	9001	1
7431	11256	1
4422	1380	1
2228	12842	1
5565	3559	1
9001	5835	1
5876	12061	1
10762	8451	1
1456	4227	1
3465	4731	1
3480	7684	1
11751	11883	1
5111	4227	1
9776	8950	1
9314	8950	1
3501	8713	1
9314	5009	1
12975	10330	1
3768	7764	1
2228	3450	1
11164	5537	1
12019	8136	1
6086	8894	1
11952	12096	1
980	1077	1
4034	3512	1
3512	4034	1
9374	13148	1
234	431	1
3186	13014	1
2481	3786	1
6127	6360	1
1050	1175	1
13014	3186	1
7739	13538	1
5217	6259	1
5753	5924	1
8333	9477	1
9835	12297	1
1517	1241	1
7791	4303	1
6310	9237	1
5248	11724	1
11396	13620	1
1841	13014	1
12022	12821	1
3849	5496	1
9031	9769	1
1762	2588	1
9575	2776	1
11506	10153	1
9237	3358	1
3121	635	1
6492	12340	1
1108	3645	1
9069	8512	1
1556	4674	1
3738	5128	1
11426	4015	1
4674	1556	1
2420	1708	1
7196	1237	1
12297	9835	1
11762	2735	1
7654	9300	1
3784	1556	1
564	2169	1
2985	9825	1
2569	2199	1
4730	7452	1
2924	6266	1
13621	12936	1
12100	12936	1
6183	4755	1
6467	5796	1
3591	6017	1
7838	7619	1
2735	2735	1
3563	9835	1
803	3611	1
8924	4783	1
3082	6614	1
271	375	1
3059	9346	1
10604	5315	1
6317	257	1
13318	5448	1
7581	5444	1
2725	5774	1
8950	9314	1
2287	2008	1
5009	9314	1
4303	10511	1
8051	11182	1
13622	13622	1
2659	13291	1
8136	12019	1
12249	13303	1
