9239	3202	1
5591	5947	1
13165	972	1
13685	12997	1
10351	7622	1
7338	4250	1
6435	6436	1
13767	8546	1
4250	3216	1
3216	4250	1
13876	3305	1
3305	13876	1
4574	5376	1
9100	7143	1
4801	7944	1
11659	11659	1
10582	13803	1
11702	12819	1
4037	13840	1
13803	13803	1
4106	5691	1
7570	5916	1
7453	8854	1
3438	3020	1
7383	11036	1
13883	5630	1
12079	8570	1
5230	13021	1
13884	5325	1
3722	2712	1
5673	5994	1
13567	11472	1
8280	7798	1
12559	11836	1
11182	4418	1
10479	13264	1
4037	6883	1
5041	4801	1
6555	6555	1
696	2234	1
3186	2148	1
6332	9592	1
13809	5972	1
3833	3833	1
11465	1459	1
48	2804	1
7739	7407	1
5166	1411	1
6628	5047	1
987	902	1
906	8934	1
5230	3951	1
4034	3512	1
11161	13140	1
7668	13653	1
2148	3186	1
5381	4977	1
9193	13885	1
13140	13140	1
6039	6351	1
13764	13764	1
10118	7619	1
13883	207	1
13392	12899	1
12372	12865	1
7364	13748	1
3284	1358	1
13788	7596	1
12758	5286	1
12079	623	1
9479	13583	1
3445	7780	1
8163	568	1
9707	623	1
554	5303	1
2234	696	1
1081	737	1
9373	5888	1
5977	12842	1
6300	3673	1
12997	13261	1
7619	11696	1
4447	13261	1
12574	13886	1
5524	5184	1
9374	11223	1
13567	12009	1
6648	4257	1
8063	9389	1
5634	3241	1
2517	2237	1
13887	5897	1
140	1204	1
5598	6648	1
4257	6648	1
6118	9480	1
22	1795	1
6334	6562	1
6556	1175	1
1175	6556	1
8676	10250	1
7085	6648	1
788	1441	1
13140	11161	1
2817	2297	1
7143	9100	1
4532	4533	1
5097	10815	1
3499	5321	1
5602	8164	1
13829	5593	1
5524	4012	1
6039	5678	1
5796	6467	1
3438	9027	1
6203	13739	1
554	7419	1
59	4011	1
10896	10859	1
9328	13773	1
5286	12758	1
5354	7209	1
1237	5678	1
4950	4836	1
5678	1237	1
1285	4265	1
3615	10293	1
7544	6198	1
9470	6624	1
12587	4341	1
1323	1237	1
5704	6624	1
7209	5354	1
12865	12372	1
7319	7318	1
10654	5357	1
5230	8591	1
6260	4282	1
11820	10183	1
11852	11852	1
12699	12698	1
8705	10183	1
7639	6901	1
8429	13767	1
3545	7108	1
4533	4532	1
8710	3940	1
93	4259	1
7407	7739	1
12578	11010	1
12671	12672	1
13331	12672	1
1667	3298	1
12009	13567	1
3438	2651	1
11472	13567	1
8164	5602	1
13418	13213	1
13659	13869	1
11113	2662	1
8365	4447	1
5230	6233	1
3138	5581	1
12574	12574	1
1390	1746	1
2662	11113	1
5374	3109	1
10570	3829	1
2116	2662	1
7401	11777	1
1884	5463	1
9959	254	1
668	9917	1
6113	13877	1
1441	788	1
447	3699	1
4577	4577	1
3438	5227	1
9383	5472	1
8412	1884	1
4763	4983	1
5463	1884	1
5472	9383	1
4937	4938	1
663	13018	1
5468	5926	1
13595	13367	1
8083	8083	1
12340	2480	1
12079	9131	1
7223	2480	1
13881	6962	1
12997	13685	1
1284	6826	1
476	1368	1
13888	10639	1
6760	8359	1
2065	519	1
4037	6099	1
4241	9759	1
5524	1711	1
3438	3763	1
8164	3723	1
3512	4034	1
11820	9717	1
6017	3088	1
6556	6854	1
1795	22	1
13261	6361	1
12587	12743	1
2763	6580	1
12743	12587	1
4905	2873	1
6962	13881	1
13462	13463	1
13877	6113	1
10639	13888	1
13889	5133	1
11113	3177	1
13890	13891	1
6624	5704	1
12672	13331	1
12406	10811	1
4346	7810	1
10240	13048	1
12672	12671	1
12079	12095	1
5524	10754	1
6490	8328	1
13647	8592	1
2873	4905	1
10620	13737	1
2399	5750	1
5635	7088	1
10896	12802	1
6760	8644	1
3438	1249	1
1647	4164	1
3438	3885	1
1750	8757	1
3438	3583	1
1749	8757	1
4800	3733	1
13737	10620	1
6869	6361	1
503	4196	1
7030	12292	1
10836	12758	1
13892	12308	1
3834	3999	1
7622	10351	1
3109	5374	1
5642	3999	1
6039	13414	1
5047	6245	1
7282	7282	1
5282	8802	1
6760	4940	1
5570	7048	1
3177	11113	1
9524	5860	1
10667	8162	1
5524	4241	1
2662	2558	1
1134	5678	1
10688	2331	1
10502	11922	1
5321	3499	1
8695	10826	1
6245	5047	1
12728	10374	1
11825	10826	1
7088	5635	1
2400	1504	1
6039	5635	1
10347	5509	1
13018	663	1
7309	6361	1
8162	10667	1
12277	10025	1
10582	9735	1
5524	3078	1
8671	7071	1
1897	4029	1
13086	13087	1
12292	2959	1
12592	5622	1
5678	1134	1
9714	13326	1
8899	6689	1
10859	5948	1
10688	13378	1
6068	5762	1
7810	4346	1
11569	5371	1
5027	5026	1
5860	9524	1
13893	5420	1
5234	5027	1
5026	5027	1
1897	8222	1
997	4289	1
6830	1269	1
6354	6786	1
2480	7223	1
5897	5898	1
12079	9404	1
3882	11263	1
3738	4209	1
12371	13776	1
13692	6320	1
10325	6786	1
8506	6320	1
5142	6320	1
8976	10896	1
1841	13014	1
13219	13021	1
12802	10896	1
4700	1022	1
10757	11254	1
9375	9374	1
5524	7442	1
5043	4692	1
4801	7780	1
11417	12006	1
4418	11182	1
1108	2065	1
11600	9416	1
7071	8671	1
13433	13433	1
1800	9605	1
1220	985	1
12133	8415	1
6562	6334	1
6135	7993	1
9234	9488	1
4029	11121	1
1900	11121	1
642	987	1
9480	6093	1
5524	5722	1
4762	7158	1
10174	13421	1
3287	3288	1
5966	10062	1
3689	2086	1
2074	2073	1
13894	12856	1
9373	7625	1
10815	5097	1
11922	10502	1
13797	6721	1
6037	12991	1
12197	8379	1
8162	8152	1
1284	3739	1
3438	4757	1
6768	11037	1
8328	6490	1
4319	6490	1
10960	9131	1
13895	4946	1
6989	9769	1
5366	12779	1
6039	9477	1
12991	6037	1
7993	6135	1
4351	3240	1
8757	1750	1
6357	12488	1
11965	8139	1
13678	13678	1
7318	7319	1
4988	2423	1
7983	9876	1
953	1366	1
12258	13868	1
4965	3240	1
2619	10627	1
3240	2873	1
8322	7326	1
7727	7154	1
1366	953	1
4011	59	1
2873	3240	1
10765	11817	1
6301	3240	1
3121	2873	1
3817	7801	1
1898	2540	1
10183	8705	1
265	266	1
4515	126	1
7225	8336	1
8935	12383	1
7501	8093	1
8336	7225	1
10960	8093	1
10389	9251	1
4801	5041	1
4568	12383	1
8093	10960	1
8093	7501	1
1438	12567	1
11121	1900	1
11792	13497	1
11836	12559	1
5518	5170	1
8757	1749	1
13756	13756	1
5904	5374	1
8512	8320	1
13718	13718	1
3738	5128	1
6228	456	1
12383	2347	1
9470	6649	1
10765	2244	1
8903	10814	1
8710	5136	1
8204	6267	1
609	4782	1
4578	10933	1
12258	6832	1
7072	7073	1
5684	5948	1
12643	13896	1
4250	2912	1
11967	7425	1
3202	9239	1
5372	11048	1
13398	11779	1
1278	10962	1
4983	5715	1
13897	13897	1
1269	6830	1
5170	5518	1
877	5382	1
12050	13856	1
9095	8897	1
11031	11797	1
5263	8897	1
6795	5601	1
2662	4873	1
13799	4873	1
6549	6518	1
5160	1005	1
9374	9375	1
4282	7004	1
2611	10715	1
2116	9541	1
2483	5382	1
1436	1523	1
13898	13898	1
4163	3940	1
10351	9276	1
12734	11512	1
12258	7082	1
13014	1841	1
564	4119	1
7868	10330	1
2984	12721	1
4240	2701	1
8136	12019	1
1030	4677	1
8897	9095	1
184	5623	1
13827	11142	1
5176	3317	1
5068	11142	1
5684	11111	1
5715	4983	1
3051	4679	1
7669	3893	1
4780	12842	1
11186	5875	1
10982	5875	1
2511	254	1
13663	10838	1
3785	5876	1
855	4828	1
8981	8982	1
7780	9174	1
6549	5379	1
3767	5217	1
5524	10390	1
1005	5160	1
6518	5379	1
4383	5774	1
9876	7983	1
10327	6539	1
2659	2191	1
12079	11628	1
987	642	1
13289	7228	1
4241	1349	1
12079	9930	1
6539	10327	1
