4580	11792	1
5155	12219	1
11792	4580	1
5206	5796	1
9266	7154	1
6467	5796	1
5726	8570	1
7040	13825	1
8570	5726	1
4409	3950	1
11997	13814	1
5281	5280	1
10347	5509	1
8654	13373	1
3157	5665	1
11731	6930	1
6518	6549	1
4506	6322	1
3626	5796	1
8746	5314	1
9381	6987	1
972	13165	1
5423	12175	1
1058	4408	1
6322	4506	1
3512	5240	1
2420	1556	1
7517	13213	1
13797	6721	1
7501	10208	1
5951	5796	1
3450	3020	1
4418	6985	1
5684	3160	1
10319	8802	1
7619	11696	1
13734	9589	1
6930	11731	1
5893	5047	1
4043	3581	1
13174	13174	1
3105	4343	1
12254	4343	1
4120	9567	1
12724	9736	1
5047	5893	1
672	1731	1
6228	456	1
10333	10518	1
10328	10328	1
3808	8570	1
12248	12191	1
12116	936	1
5606	5230	1
13770	10721	1
6039	8177	1
4034	3512	1
13694	13826	1
4244	7195	1
5726	1294	1
3512	4034	1
1020	11762	1
12802	6568	1
7211	5524	1
3037	3452	1
1058	1030	1
6262	5150	1
13031	8195	1
3088	6017	1
4578	9842	1
8358	5047	1
5072	2725	1
13059	6439	1
12565	13311	1
5281	8404	1
11259	4445	1
4451	4450	1
6037	12991	1
4525	4390	1
8305	5326	1
11142	13827	1
13534	13535	1
13703	13703	1
3950	6319	1
6348	6066	1
1093	13284	1
11451	11711	1
12800	13356	1
5966	3345	1
3547	3561	1
10273	9717	1
4727	4692	1
8152	9009	1
2935	8358	1
5047	8358	1
9897	12420	1
12991	6037	1
1062	1062	1
8086	9762	1
3184	5503	1
1884	9824	1
13165	972	1
9009	8152	1
13828	13828	1
13401	13401	1
13741	13741	1
9777	7508	1
12728	4626	1
6531	2260	1
5796	3626	1
13829	12882	1
13830	2154	1
3532	3370	1
1509	3940	1
8027	3370	1
13121	9689	1
13809	5972	1
3785	13815	1
564	4457	1
5160	920	1
7801	8214	1
4856	4389	1
4450	4451	1
2228	2686	1
9807	7668	1
5524	7211	1
1064	5188	1
8052	3284	1
212	4940	1
1284	6023	1
986	7029	1
13814	11997	1
13744	2914	1
13815	3785	1
7639	6071	1
3302	1653	1
7895	11164	1
1407	10355	1
5719	4317	1
13803	10582	1
3808	2616	1
10627	2619	1
3345	5966	1
121	7599	1
5026	5027	1
13534	13534	1
5281	8421	1
5796	5206	1
11563	10907	1
8600	10021	1
12970	7986	1
8896	6333	1
3532	3307	1
13358	1573	1
2315	10021	1
4679	5502	1
11514	10335	1
9028	4069	1
4317	5942	1
4626	12728	1
6321	10576	1
13831	1573	1
5281	6287	1
5447	294	1
3066	3826	1
4777	3395	1
243	6161	1
5942	4317	1
8358	2935	1
11455	3297	1
1573	13358	1
1149	8115	1
6721	13797	1
8136	6525	1
9163	11603	1
6987	9381	1
12758	4658	1
3287	5706	1
13819	9584	1
82	8776	1
4597	3826	1
2734	1060	1
3170	11161	1
11314	9722	1
10910	6729	1
8776	82	1
1060	2734	1
12773	12773	1
11161	3170	1
13626	4360	1
13832	1928	1
387	1184	1
5509	10347	1
8036	10081	1
998	2533	1
8806	2960	1
12758	5414	1
1278	10962	1
12706	9005	1
10355	1407	1
3302	8526	1
13833	13833	1
8177	6039	1
3297	11455	1
10328	11212	1
8844	12010	1
5366	12779	1
5500	1585	1
8745	8389	1
13834	13835	1
7310	6869	1
4120	6256	1
1420	3784	1
4602	1506	1
10081	8036	1
10025	2384	1
4457	564	1
1599	6213	1
12816	7407	1
11142	601	1
6609	601	1
10842	10568	1
10494	5343	1
6730	12456	1
4343	12254	1
5549	2052	1
1504	2052	1
11618	3730	1
11711	11451	1
3985	2052	1
10351	9276	1
212	1416	1
7134	2052	1
13626	9104	1
4069	9028	1
3808	13115	1
8152	12174	1
13836	13836	1
9430	9606	1
5424	8803	1
4120	8803	1
549	2607	1
13305	12709	1
9430	9771	1
1062	1059	1
4035	653	1
5281	4569	1
4389	4856	1
12664	12650	1
2052	1504	1
11852	11852	1
9391	8680	1
5188	1064	1
5482	4113	1
3009	3812	1
13837	7082	1
7602	3021	1
6243	8421	1
5281	6103	1
3954	2234	1
8109	9062	1
5853	18	1
9346	9528	1
259	1997	1
2931	1997	1
3176	847	1
2913	8680	1
5378	1921	1
10764	7469	1
4763	5874	1
13261	12997	1
2330	9880	1
3186	9365	1
13835	13834	1
12709	13305	1
371	623	1
11455	3581	1
10582	13803	1
7622	9276	1
7409	9276	1
6687	4730	1
8488	12080	1
6874	4025	1
4138	8680	1
13589	9722	1
11113	8739	1
10143	10143	1
12997	12997	1
10319	4730	1
2844	2878	1
6492	12340	1
897	897	1
1918	1155	1
13723	12591	1
5415	11297	1
4317	5719	1
4120	5691	1
3545	4660	1
7030	12292	1
11472	13567	1
5547	2652	1
5796	5951	1
2911	12889	1
8093	10208	1
3302	515	1
2652	5547	1
6213	1599	1
9736	10622	1
6985	12340	1
3617	9273	1
2052	5549	1
10284	13121	1
13788	8064	1
8903	10814	1
1599	9525	1
9430	5068	1
12161	11591	1
11142	5068	1
5281	1836	1
12256	12740	1
10349	6320	1
380	9574	1
4571	4488	1
4120	4662	1
13838	11730	1
3540	3540	1
7175	13824	1
12010	8844	1
1512	21	1
10805	9528	1
4158	5227	1
1441	21	1
10962	1278	1
7891	5307	1
8496	3673	1
6687	8785	1
10808	13803	1
9273	1036	1
11730	13838	1
3808	3583	1
9001	11563	1
2621	8333	1
13770	7672	1
13839	393	1
3567	10293	1
6320	10349	1
11938	11938	1
12348	8680	1
4120	3503	1
936	1266	1
212	7876	1
11762	2735	1
12174	10754	1
4727	8160	1
4383	5774	1
2524	5630	1
1040	1361	1
12954	13654	1
12420	9897	1
21	1512	1
5354	7209	1
4241	4239	1
653	9413	1
8152	8049	1
4113	8654	1
4037	13840	1
5817	5028	1
13841	3625	1
5628	294	1
5230	5606	1
2480	3333	1
8745	4814	1
1375	2022	1
5281	11905	1
11918	12174	1
2873	4930	1
2650	4507	1
5281	12902	1
393	13839	1
9553	11563	1
8903	11403	1
4120	13842	1
12174	6218	1
8366	9742	1
12364	2832	1
8333	2621	1
9365	3186	1
1662	13811	1
4447	13811	1
2735	11762	1
294	5628	1
4801	5041	1
12731	12649	1
4730	6687	1
11762	7125	1
2524	6071	1
1746	1390	1
2836	3078	1
9413	653	1
8745	6792	1
1986	1685	1
5307	7891	1
2673	1280	1
677	4557	1
12546	5317	1
5047	6245	1
1686	1685	1
3808	6245	1
12340	6985	1
12432	12432	1
2624	13843	1
12997	13261	1
13824	7175	1
1836	12479	1
6218	12174	1
9649	3954	1
1388	7387	1
6907	6163	1
4164	10900	1
513	5147	1
10293	3567	1
4120	4133	1
9067	6975	1
6609	8799	1
416	515	1
5281	8228	1
1176	1022	1
5028	5817	1
12773	10754	1
4241	10165	1
3625	13841	1
6549	6518	1
2912	4250	1
4250	2912	1
6105	4179	1
6245	5047	1
9202	4773	1
684	934	1
2549	2553	1
6864	7328	1
12728	1535	1
424	5091	1
2446	10266	1
1607	13768	1
5447	3099	1
11201	6066	1
5863	4408	1
8763	7128	1
5008	6183	1
529	4004	1
11751	11445	1
3465	4731	1
7853	6337	1
1022	1176	1
6337	7853	1
11445	11751	1
13311	12565	1
3808	2203	1
11472	12009	1
12568	7639	1
6901	7639	1
9807	9695	1
8818	7179	1
4039	2973	1
5753	314	1
11445	10208	1
717	3812	1
13803	12200	1
6649	9470	1
9620	3101	1
9722	2611	1
12200	13803	1
127	13844	1
7444	2083	1
2198	7082	1
2936	4992	1
12371	13776	1
5414	12758	1
13751	1897	1
4755	6160	1
12010	3785	1
7209	5354	1
5563	9173	1
1361	1040	1
1608	12482	1
9414	12600	1
9041	3077	1
9097	9097	1
13593	1802	1
5958	13822	1
13845	13287	1
3059	4247	1
12992	12992	1
12775	7639	1
2873	8141	1
6609	4738	1
9084	10742	1
12340	6492	1
4282	13574	1
2080	2081	1
11387	8903	1
5343	6222	1
2622	1548	1
3818	2634	1
5414	1667	1
13574	4282	1
7801	3817	1
13433	13433	1
3950	5230	1
751	862	1
1030	1058	1
13593	13433	1
13356	12800	1
13846	13847	1
9173	5563	1
4113	5482	1
4184	2954	1
4020	4027	1
4106	3810	1
6984	11683	1
9791	10236	1
4660	3545	1
11504	777	1
5581	858	1
2524	514	1
1642	604	1
1209	705	1
4029	9402	1
13644	11280	1
6975	9067	1
6146	7323	1
3099	5447	1
10542	9410	1
2912	9330	1
6135	9452	1
6556	6854	1
9452	6135	1
9031	4692	1
8222	1897	1
1059	1062	1
3808	3615	1
12009	11472	1
8600	8600	1
3970	9159	1
3950	4409	1
7688	12997	1
4351	3240	1
294	5447	1
7866	3240	1
8005	8006	1
4959	4959	1
3808	4280	1
2096	2199	1
13567	11472	1
3438	3763	1
9330	2912	1
7624	5075	1
13848	4313	1
3647	4133	1
9876	7983	1
7993	6135	1
2345	154	1
3240	4351	1
9470	6649	1
1420	5717	1
6417	7723	1
12910	12910	1
3763	3438	1
10466	10821	1
10266	2446	1
371	6216	1
1556	2420	1
6970	7024	1
2416	7254	1
7407	7739	1
10900	4164	1
9736	12724	1
2572	3401	1
2954	4184	1
2646	1457	1
5008	6267	1
6843	10488	1
6704	1676	1
13849	4164	1
4164	13849	1
8802	10319	1
3109	5374	1
6760	8644	1
4730	10319	1
8644	6760	1
9402	4029	1
2585	6424	1
8745	13343	1
8244	4873	1
9914	9152	1
7141	10320	1
6316	7334	1
13850	13850	1
6198	7544	1
5736	7621	1
12561	12975	1
5039	4577	1
185	3549	1
342	3581	1
13373	8654	1
4762	7158	1
1509	1009	1
4965	3674	1
4525	10886	1
1517	2855	1
3240	3674	1
1081	2855	1
6160	4755	1
11973	4755	1
13768	1607	1
1215	1862	1
7508	9777	1
10764	8533	1
7195	4244	1
5513	6181	1
12728	3851	1
11817	11932	1
8579	9356	1
5223	12668	1
220	5244	1
5281	5197	1
8420	6243	1
6243	8420	1
11932	11817	1
5497	5498	1
7602	3258	1
3938	13172	1
4773	9202	1
12292	7030	1
2885	9300	1
9095	5263	1
5281	5706	1
5598	6648	1
7244	2252	1
1608	5278	1
4788	1506	1
3501	6846	1
8357	2484	1
936	12116	1
13851	1987	1
4120	11074	1
13852	1581	1
6657	3401	1
1584	5951	1
13853	13853	1
1427	2315	1
10320	7141	1
13030	8420	1
11161	10255	1
1323	1237	1
5047	3763	1
7739	7407	1
8819	10742	1
265	266	1
2524	1460	1
4004	529	1
6319	3950	1
6301	2873	1
5230	3950	1
11031	10561	1
7228	13289	1
8688	2873	1
6729	10910	1
13264	10479	1
2622	2059	1
518	2873	1
3768	5823	1
12271	12953	1
1608	1532	1
8810	6562	1
3808	3730	1
6648	5598	1
10685	6562	1
8451	12861	1
9076	7455	1
680	9584	1
6183	5008	1
12019	8136	1
9314	3950	1
13011	6183	1
12671	12672	1
2855	1081	1
2308	7780	1
8071	10411	1
3808	2451	1
12682	13178	1
11127	9798	1
3345	7042	1
10255	11161	1
9277	13854	1
5447	1120	1
4763	4983	1
1740	3704	1
13594	8618	1
7429	7429	1
588	13471	1
10622	9736	1
13851	6513	1
7780	2308	1
13830	5090	1
13748	7364	1
1567	7543	1
11751	7543	1
4992	2936	1
3534	4061	1
5729	12174	1
6513	13851	1
1119	1120	1
5263	4751	1
1987	13851	1
12367	7756	1
4164	1638	1
12721	1939	1
5457	8969	1
13851	3315	1
2016	2616	1
10568	10569	1
9742	8366	1
9722	13589	1
3105	3427	1
11414	12668	1
11164	7895	1
4983	4763	1
3999	3834	1
3893	7669	1
6119	6615	1
5388	8312	1
3315	13851	1
5584	10232	1
4133	3647	1
7143	9100	1
6513	1987	1
5325	8280	1
2948	13014	1
5492	13855	1
9718	8216	1
10414	12175	1
13855	5492	1
7756	12367	1
13851	1839	1
1584	7024	1
1839	13851	1
3763	5047	1
1532	1608	1
8365	4447	1
8969	5457	1
8222	10173	1
13408	13408	1
7158	4762	1
5611	8216	1
2646	3723	1
13175	13705	1
4408	5863	1
1120	1119	1
12050	13856	1
5197	11369	1
805	13046	1
2315	1427	1
5951	1584	1
3753	8899	1
1269	7106	1
3186	13014	1
8934	10924	1
5898	5897	1
6809	11175	1
7997	9394	1
10687	4287	1
6984	6850	1
490	11702	1
13857	5808	1
13261	4447	1
3808	8204	1
12587	12743	1
