7780	10003	1
5133	4857	1
13053	13670	1
13374	10886	1
11777	7401	1
3203	1378	1
7324	11246	1
3136	3270	1
8404	4905	1
11738	10886	1
7401	11777	1
7232	8695	1
10886	11738	1
14090	10386	1
5084	6915	1
14112	8728	1
4102	14113	1
6364	6845	1
9697	9819	1
6301	3240	1
9854	5566	1
2691	3240	1
14114	10432	1
9314	3950	1
4409	3950	1
14115	11017	1
14116	3242	1
6549	3242	1
3072	13974	1
6485	6845	1
10706	13476	1
9383	14115	1
2136	13974	1
998	13974	1
3242	14116	1
8335	1268	1
6163	1545	1
13476	1238	1
13289	12773	1
2725	5072	1
5072	5896	1
6409	6397	1
3479	6985	1
11704	9876	1
10488	6843	1
1662	7273	1
5072	2725	1
13830	10896	1
6300	3673	1
3	2	1
8785	2	1
6987	10896	1
10993	14103	1
9514	13770	1
12865	3673	1
8695	10826	1
5721	8081	1
4445	11259	1
4062	3502	1
4227	1456	1
10003	7780	1
8194	4857	1
13529	13356	1
6897	13710	1
4704	3471	1
10054	4020	1
1456	4227	1
10073	10826	1
6983	10898	1
9083	11258	1
13770	9514	1
12408	12516	1
7273	1662	1
13830	5368	1
8123	4175	1
3951	5230	1
5693	3463	1
2650	3502	1
1500	3679	1
3242	6549	1
5733	5720	1
6897	4020	1
6985	3479	1
10069	9158	1
14117	8699	1
12758	5150	1
7228	7229	1
11031	10427	1
2804	1135	1
1456	3723	1
8699	14117	1
6187	10715	1
8903	11387	1
6513	4589	1
12892	5164	1
9063	5568	1
8451	7441	1
13710	8247	1
11387	1238	1
8247	13710	1
5366	12779	1
1456	3949	1
7767	3949	1
2813	2204	1
10896	6987	1
2588	2433	1
6485	5457	1
13398	10449	1
3671	6377	1
5188	1064	1
9600	10449	1
5059	9472	1
12689	13202	1
2018	235	1
9228	10061	1
4950	4836	1
11258	9083	1
7211	5524	1
2075	5731	1
1622	10149	1
13367	12285	1
5457	6485	1
690	6127	1
6111	1584	1
12197	8379	1
8451	8867	1
1133	3849	1
6187	5070	1
13157	13157	1
6646	6332	1
13157	14108	1
3849	1133	1
9493	1133	1
8735	14062	1
5354	7209	1
12773	13289	1
6485	12095	1
2227	2234	1
14115	9383	1
6384	9584	1
11704	5648	1
4518	9714	1
814	460	1
4362	4555	1
11816	11379	1
5027	5026	1
1817	8839	1
3777	1218	1
13202	12689	1
13199	4598	1
5731	2075	1
11512	12734	1
10379	12734	1
12482	7398	1
1108	13122	1
9453	9456	1
12832	5537	1
12870	7336	1
2433	2588	1
3985	1031	1
5482	9962	1
2912	3258	1
7398	12482	1
1358	3284	1
4020	10054	1
12073	681	1
10753	14118	1
13122	1108	1
7486	14119	1
715	749	1
10898	6983	1
1657	2311	1
12516	12408	1
10778	10415	1
1031	7119	1
12732	9069	1
2958	5047	1
5047	7543	1
9041	3077	1
14120	14121	1
6898	5372	1
11379	11816	1
14122	282	1
838	839	1
14121	14120	1
8935	6982	1
190	65	1
5712	12470	1
14085	14085	1
7179	13965	1
9480	6093	1
7487	5897	1
11135	10415	1
5047	2958	1
13626	10146	1
8451	875	1
14123	9452	1
3937	4603	1
5712	2319	1
12598	14069	1
6485	7484	1
2234	696	1
3937	4905	1
5897	7487	1
4140	4426	1
6363	5753	1
6898	13985	1
4863	4864	1
3190	876	1
3011	14109	1
7907	3437	1
2042	9159	1
3992	5503	1
1134	8676	1
159	6713	1
1666	3949	1
13737	10620	1
7318	7319	1
4836	4950	1
7228	13289	1
8575	8750	1
5753	4027	1
6713	159	1
3695	12470	1
5707	4029	1
3626	5796	1
6485	3068	1
6646	3068	1
10457	14069	1
460	814	1
8451	2116	1
4726	2842	1
11704	2116	1
876	3190	1
4020	6897	1
13710	6897	1
10415	11135	1
8081	5721	1
5896	5072	1
3937	4366	1
715	2672	1
10570	8222	1
7209	5354	1
10415	10778	1
2042	2842	1
5942	4317	1
3950	4409	1
5693	9099	1
12580	7481	1
11258	6930	1
10449	9600	1
6646	3069	1
5343	10494	1
8452	4384	1
7780	6206	1
11704	5532	1
6646	9095	1
6309	4231	1
6068	6230	1
13626	5933	1
1745	3666	1
7025	5307	1
14124	9110	1
14125	7725	1
13063	11507	1
1031	3985	1
3437	7907	1
10364	10737	1
8451	2838	1
6915	5084	1
13215	4195	1
3629	9755	1
5509	10347	1
4692	4303	1
1451	1452	1
824	2017	1
4084	2017	1
2607	549	1
6646	2492	1
5217	6259	1
4994	9722	1
2429	2448	1
7922	12981	1
8938	10538	1
11704	5559	1
6646	2934	1
6230	6068	1
7116	6911	1
4303	4692	1
7922	4020	1
6648	5598	1
7319	7318	1
1452	1451	1
3037	7583	1
3960	4952	1
1176	12611	1
14126	8844	1
7085	5598	1
5642	3558	1
7002	8206	1
9669	7130	1
13877	6036	1
9669	13267	1
14127	2922	1
2063	5145	1
1055	4569	1
5929	6417	1
11507	13063	1
11734	7130	1
7006	4287	1
13670	13053	1
2842	4726	1
4251	3944	1
11128	11128	1
7764	8165	1
13753	6286	1
11968	5134	1
13889	4857	1
6930	11258	1
6409	12766	1
8816	8593	1
834	158	1
7666	5951	1
6646	5845	1
5230	3951	1
4102	2842	1
6485	13514	1
14128	13153	1
3098	2842	1
2017	4084	1
5569	4915	1
1064	12899	1
14129	14129	1
14130	14130	1
13626	7625	1
4033	12899	1
4571	8698	1
13756	1631	1
2185	1631	1
368	12781	1
7582	5444	1
13920	1631	1
8313	10458	1
1631	2185	1
2478	4567	1
4287	7006	1
5457	8969	1
994	1254	1
328	271	1
7885	13958	1
320	38	1
1426	4940	1
5537	899	1
1898	2540	1
8969	5457	1
13830	2154	1
5845	5047	1
2540	13920	1
8969	8181	1
6117	12255	1
5744	946	1
10427	11031	1
12006	14069	1
10232	3234	1
5047	5845	1
212	7723	1
11565	13494	1
12255	6117	1
1489	9300	1
6843	10488	1
5006	1100	1
6141	4950	1
5227	8614	1
9477	8333	1
1338	5660	1
1100	5006	1
4446	9323	1
3545	4660	1
13958	7885	1
38	320	1
5598	6648	1
13489	14131	1
6259	5217	1
8333	9477	1
9568	9816	1
4319	6490	1
7334	4114	1
14132	4167	1
8328	6490	1
4084	4114	1
4803	4804	1
696	2234	1
12843	11669	1
5354	8185	1
8185	5354	1
1742	2083	1
9342	7020	1
320	4011	1
5215	2729	1
10574	6346	1
13626	905	1
6024	3047	1
10347	5509	1
13042	13041	1
7020	9342	1
1006	3102	1
8165	7764	1
3088	3450	1
3020	3450	1
6485	1171	1
1884	7695	1
10724	10724	1
6646	3450	1
10896	5096	1
3909	6657	1
8593	8816	1
2420	1674	1
1749	1750	1
4660	3545	1
5300	12395	1
8774	3817	1
6646	7332	1
8802	8803	1
6864	9877	1
1634	6952	1
3471	4704	1
7725	4260	1
2185	13146	1
14133	11417	1
14134	11417	1
5720	5733	1
320	39	1
1411	3716	1
1105	13354	1
10900	1647	1
4167	14132	1
5869	5326	1
13862	10843	1
39	320	1
1010	3623	1
13188	546	1
4282	13580	1
581	503	1
4343	3105	1
5818	6113	1
3908	3907	1
12766	6409	1
4567	2478	1
6646	2116	1
6738	7921	1
9070	11547	1
3333	4393	1
11109	11109	1
5693	10770	1
6037	6056	1
13538	7949	1
1323	7949	1
6113	10180	1
6929	9210	1
6646	4318	1
1674	2420	1
4689	13571	1
5818	5110	1
6417	5929	1
6339	3826	1
1631	13920	1
920	1023	1
495	1023	1
14032	9291	1
12263	12912	1
6274	132	1
10228	6056	1
5632	5631	1
7805	9538	1
5327	132	1
14135	817	1
6646	8707	1
2621	10062	1
1897	8680	1
4251	3949	1
12423	4568	1
3826	6339	1
10096	8496	1
595	7480	1
5513	432	1
5266	1619	1
6230	14095	1
9190	5355	1
12400	5537	1
9274	9274	1
9136	410	1
4447	12498	1
4029	5707	1
4950	6141	1
1746	4012	1
2304	1919	1
6056	6037	1
5753	6363	1
16	1142	1
14136	7796	1
7083	4012	1
6346	10574	1
8260	8260	1
2659	4012	1
8611	5096	1
9419	4012	1
12371	8680	1
8393	13876	1
13041	13042	1
8050	3024	1
303	1373	1
5127	7580	1
5693	6211	1
12899	1064	1
3555	6211	1
3937	3542	1
4592	5836	1
14137	11440	1
4777	6294	1
14138	14138	1
1142	16	1
9202	13764	1
1144	1711	1
13571	4689	1
17	8936	1
11689	14031	1
9101	13140	1
7031	7741	1
6727	6040	1
817	14135	1
4020	14031	1
3270	3136	1
14139	14139	1
11163	13273	1
3024	8050	1
13734	5485	1
3709	3708	1
253	13335	1
4810	5314	1
8140	11157	1
12219	10835	1
10224	13574	1
7188	4038	1
5463	6113	1
278	11157	1
8427	2853	1
10835	12219	1
3322	8482	1
5693	11734	1
2922	14127	1
8482	8499	1
8482	8482	1
9291	14032	1
904	191	1
14050	1606	1
2137	2228	1
8482	14140	1
10180	6113	1
138	614	1
10496	4019	1
2842	4102	1
8891	3310	1
14105	11509	1
4457	5774	1
9210	5781	1
6811	14025	1
4037	3479	1
7868	10330	1
1003	2782	1
4250	3775	1
1269	13746	1
1619	5266	1
6844	6982	1
1002	9300	1
10877	6286	1
5485	13734	1
12842	5977	1
8379	12197	1
14141	11512	1
10309	9874	1
9318	7072	1
1423	868	1
10413	3230	1
5820	5821	1
13367	8290	1
5753	3178	1
6562	8280	1
6539	3178	1
8161	9431	1
14140	8482	1
5325	8280	1
4184	3229	1
3310	8891	1
6490	4319	1
2735	3170	1
4720	9435	1
3229	4184	1
10044	3294	1
295	2446	1
5598	7085	1
6648	7085	1
5202	7780	1
2308	7780	1
9435	4720	1
14142	8278	1
3230	10413	1
3775	4250	1
5045	6854	1
13273	11163	1
9275	8210	1
6485	7543	1
14072	4018	1
8189	4428	1
2	8785	1
10624	4091	1
1997	259	1
5003	628	1
6646	753	1
4038	6320	1
9300	1002	1
1817	921	1
8452	6765	1
1224	500	1
6765	8452	1
9453	6615	1
3302	2875	1
1949	4091	1
3642	259	1
266	265	1
75	259	1
12624	3098	1
1800	9605	1
11157	278	1
1311	14143	1
6646	2611	1
730	1451	1
3178	6539	1
6765	1188	1
9453	6119	1
9506	13974	1
9854	5948	1
1064	8614	1
3098	12624	1
6724	5385	1
6187	2611	1
1188	6765	1
9453	9888	1
11864	3234	1
4091	10624	1
13746	1269	1
6485	5411	1
10609	8785	1
13869	13989	1
7602	3258	1
7128	10343	1
5660	1338	1
4231	6309	1
12540	6901	1
3294	10044	1
10235	1647	1
14144	3230	1
10531	5411	1
8425	7780	1
2842	3098	1
3817	7085	1
3178	5753	1
6320	4038	1
9909	7291	1
6646	7195	1
3184	1338	1
3258	2912	1
4822	9706	1
2264	4209	1
2904	1933	1
1904	7195	1
13354	1105	1
3177	6309	1
3404	14145	1
3768	3949	1
10214	8523	1
6485	9930	1
13920	3851	1
1933	2904	1
