1826	4721	1
564	2169	1
3138	858	1
2412	781	1
3098	1482	1
3077	9041	1
4414	95	1
8491	2192	1
10507	11016	1
14035	14036	1
2716	1000	1
2873	993	1
3288	3287	1
10376	9389	1
1175	6556	1
6642	4426	1
4384	8452	1
4743	4917	1
8452	4384	1
13776	5303	1
3457	1835	1
7228	13289	1
7884	7780	1
9412	10615	1
11069	8331	1
1081	737	1
12967	13289	1
11216	11009	1
2364	4257	1
1053	1858	1
10376	3923	1
1278	1277	1
1599	8891	1
6987	9381	1
204	1656	1
9317	6210	1
8451	12861	1
9381	6987	1
7739	13976	1
3753	7033	1
2465	1835	1
2427	10768	1
11727	11727	1
13732	11445	1
2234	2227	1
8259	6793	1
2046	12830	1
4414	1954	1
7214	221	1
13960	7452	1
2403	6782	1
8491	12677	1
8654	11727	1
5762	5420	1
8609	5353	1
11044	6343	1
1037	819	1
11077	13267	1
10376	4034	1
1958	5495	1
7154	9230	1
4655	6454	1
5266	1619	1
7228	12773	1
10309	9874	1
14037	14038	1
13829	5854	1
13976	7739	1
11387	8903	1
6218	11276	1
9874	10309	1
13466	10396	1
13538	7407	1
1439	2596	1
10254	14039	1
2808	6120	1
8903	11387	1
6343	11044	1
8183	6700	1
11826	14039	1
749	715	1
10736	11562	1
11561	11562	1
5120	5121	1
510	13665	1
13665	510	1
9727	6361	1
2331	10685	1
11161	3170	1
11033	11427	1
10466	1059	1
10376	2874	1
13048	13601	1
10814	8903	1
10778	8903	1
13289	7228	1
4362	4930	1
5287	4930	1
6934	8903	1
5828	5690	1
2260	543	1
5329	5690	1
647	6987	1
14034	13476	1
4485	5877	1
3826	4597	1
10736	11598	1
2465	4163	1
4318	9924	1
1411	5166	1
2499	11055	1
5166	1411	1
4534	5561	1
2477	7363	1
2904	4955	1
371	13974	1
5561	4534	1
5287	2343	1
543	2260	1
10102	13961	1
14040	14040	1
13289	12967	1
13032	11851	1
9335	383	1
7811	11407	1
6265	12420	1
13021	13219	1
4836	4950	1
9276	10351	1
488	2749	1
2930	3279	1
13889	3382	1
12592	2484	1
5719	4317	1
9230	1381	1
5353	8609	1
386	1933	1
1473	2349	1
715	749	1
9230	8421	1
4836	8967	1
12263	12649	1
6804	4320	1
764	3187	1
9546	9547	1
2749	488	1
10351	9276	1
3240	2754	1
3138	5581	1
6193	876	1
2465	2024	1
13187	13187	1
776	2491	1
221	7214	1
9230	5706	1
9193	10094	1
265	266	1
11016	10507	1
8429	9334	1
383	9335	1
5121	5120	1
8402	9022	1
3800	7626	1
14038	14037	1
9714	13326	1
5335	2553	1
1693	222	1
2922	11645	1
1000	222	1
1277	1278	1
4317	2109	1
2820	5221	1
1220	985	1
222	1693	1
1231	3211	1
7840	4091	1
5054	4523	1
5628	2109	1
9391	8680	1
7525	3239	1
2479	2653	1
9391	12960	1
12537	80	1
8844	12010	1
59	4011	1
2407	2776	1
1268	8335	1
13481	1230	1
10376	9619	1
788	1441	1
3501	8713	1
5800	7741	1
5659	1097	1
4477	5798	1
10911	1611	1
13273	12932	1
13622	6143	1
4950	4836	1
4216	11025	1
12439	10266	1
2465	6087	1
3604	2113	1
1523	8109	1
10376	10139	1
7000	6783	1
4704	1709	1
5415	1611	1
9230	6845	1
3170	11161	1
12953	4429	1
5632	5631	1
3943	5111	1
10376	11161	1
4597	3826	1
10376	2588	1
11727	8654	1
6782	2403	1
12732	13737	1
11472	13567	1
13567	11472	1
10911	7209	1
13917	9210	1
7654	2829	1
12010	8844	1
1517	1096	1
13226	13227	1
5354	7209	1
1352	1353	1
6104	8609	1
7209	5354	1
2802	4525	1
11430	13482	1
3794	8609	1
10736	9736	1
2017	824	1
8050	7931	1
13083	13598	1
10266	12439	1
8880	12217	1
14028	10563	1
5495	1958	1
9719	3033	1
5287	4561	1
5287	3335	1
4751	5683	1
11164	9066	1
11641	11641	1
12960	9391	1
8654	14041	1
6729	5356	1
960	82	1
5360	1958	1
13176	9687	1
1100	6424	1
9066	11164	1
14042	10993	1
2297	4555	1
1625	1280	1
11628	12986	1
6783	7000	1
1280	13671	1
8109	1523	1
12919	12482	1
13989	13869	1
11074	13869	1
805	13046	1
4288	6023	1
5356	6729	1
4782	887	1
8335	1268	1
9366	9366	1
9477	9799	1
5366	12779	1
12869	6867	1
4414	12011	1
9235	8600	1
1534	5566	1
6572	5566	1
1608	12482	1
4836	10420	1
10420	4836	1
627	5566	1
4091	10624	1
8415	2203	1
10736	4801	1
3795	5566	1
680	9584	1
13219	13021	1
14043	14043	1
7884	8331	1
9230	10770	1
10376	10770	1
8491	5977	1
10799	11943	1
11943	10799	1
994	1074	1
8402	13213	1
11630	11630	1
8307	1941	1
1642	604	1
12624	11161	1
5804	6983	1
10736	8361	1
21	1512	1
3528	1635	1
8763	7128	1
10911	5354	1
12123	13829	1
604	1642	1
49	50	1
4653	8824	1
10199	271	1
12592	5710	1
3270	993	1
9136	410	1
8031	8824	1
1894	3869	1
3755	3270	1
14044	13829	1
7548	1997	1
11221	2929	1
4362	5411	1
3353	7645	1
7413	8150	1
13829	12123	1
2046	8705	1
1546	1546	1
1669	410	1
8998	10285	1
5798	6457	1
2873	11984	1
1635	3528	1
10574	13476	1
4836	12497	1
14039	11826	1
14045	7061	1
7949	1323	1
12747	12747	1
2037	1266	1
2138	9621	1
1584	4561	1
4075	897	1
8768	7271	1
4362	4555	1
1406	1294	1
5223	12668	1
2094	1891	1
996	1294	1
10736	5678	1
13976	10080	1
9584	680	1
7952	13770	1
1280	1625	1
10721	13770	1
271	10199	1
13367	12285	1
10024	8421	1
1656	3999	1
1611	5415	1
5360	7465	1
3739	3999	1
12331	3999	1
12336	13213	1
1389	3487	1
13857	5808	1
8490	2647	1
5222	9273	1
2046	5320	1
13418	13213	1
1647	4164	1
12869	13083	1
7517	13213	1
8280	6562	1
12178	12178	1
1096	1517	1
13770	10721	1
3286	3286	1
4362	5856	1
9880	13213	1
3287	3288	1
7318	9852	1
8402	8967	1
14046	5762	1
1817	2735	1
6414	10807	1
9356	5047	1
2052	5485	1
11212	8962	1
14047	14047	1
12086	8711	1
11251	8140	1
13227	13226	1
5789	12344	1
5566	3795	1
8247	7703	1
12592	7767	1
3170	8707	1
5549	2052	1
850	8721	1
7215	7625	1
9267	9280	1
1118	1407	1
4782	609	1
6218	5793	1
3068	1294	1
1053	1052	1
3487	10232	1
8621	10759	1
14031	4020	1
8331	11069	1
8491	3068	1
4886	13974	1
1005	920	1
5966	13878	1
2653	13974	1
737	13974	1
7061	14045	1
3187	764	1
13266	13266	1
10302	10302	1
11870	6430	1
1132	8122	1
5419	4100	1
4134	13974	1
12217	8880	1
12497	4836	1
2129	14048	1
9291	14032	1
13021	3058	1
13974	737	1
6351	6039	1
13869	13989	1
13932	8208	1
4836	6559	1
5258	3160	1
13756	2185	1
10473	2484	1
3569	3160	1
1535	2185	1
13580	13574	1
3035	5013	1
9230	5280	1
1983	2321	1
4726	6783	1
9799	9477	1
7542	579	1
4664	6783	1
3585	3610	1
6113	11256	1
1681	4885	1
7801	8214	1
4836	6141	1
3610	3585	1
10736	6363	1
14049	14049	1
10116	1928	1
4100	5419	1
13175	13705	1
13514	13514	1
12890	9754	1
13213	13418	1
7128	8763	1
7884	5202	1
13829	12882	1
5994	7125	1
14050	3276	1
2227	2234	1
9273	126	1
6113	9997	1
6559	4836	1
6141	4836	1
2691	3240	1
6706	5307	1
6301	3240	1
11840	9997	1
2754	3240	1
14051	737	1
7940	7262	1
5360	23	1
13145	12913	1
4708	8222	1
3822	858	1
2884	2010	1
737	14051	1
2255	768	1
571	7179	1
3877	2347	1
1519	3707	1
11797	8903	1
6533	7791	1
11851	13032	1
2390	5924	1
1928	10116	1
3999	12331	1
5193	13089	1
10359	12930	1
8962	11212	1
1945	2321	1
802	3537	1
8127	4221	1
6845	10968	1
6783	4664	1
1922	110	1
4008	6274	1
7989	627	1
2043	2863	1
10968	6845	1
13706	13508	1
4954	5542	1
1069	6564	1
2465	1378	1
8824	4653	1
8609	6104	1
2046	9613	1
11372	7786	1
13574	13580	1
1813	5335	1
14052	4979	1
4777	575	1
5922	5	1
13377	13237	1
12946	4333	1
9852	7318	1
8600	9235	1
4890	3849	1
5762	14046	1
11417	4207	1
4333	12946	1
3458	3457	1
481	12281	1
1647	10900	1
1192	14053	1
7179	13965	1
768	2255	1
82	960	1
2109	4317	1
5068	5170	1
10376	11009	1
687	14054	1
13830	12802	1
953	1366	1
12802	10896	1
1213	4692	1
328	272	1
5298	8444	1
8491	12479	1
1201	10607	1
14052	4980	1
6897	4020	1
1469	3723	1
12592	10742	1
4020	10054	1
14055	12747	1
5962	13399	1
10054	4020	1
4020	6897	1
6556	6854	1
4801	4020	1
2330	4692	1
13977	5694	1
4094	12336	1
7995	8379	1
4848	3594	1
4504	12472	1
13213	12336	1
5360	2255	1
9868	3594	1
4836	5888	1
8402	5888	1
13974	10226	1
14056	6143	1
1060	2734	1
627	7989	1
4020	4801	1
4981	1840	1
7452	7988	1
10685	2331	1
1835	2465	1
11276	6218	1
14039	6843	1
4519	3400	1
4163	2465	1
9230	5188	1
2024	2465	1
14032	9291	1
13737	12732	1
717	3009	1
1840	4981	1
6037	12991	1
380	1558	1
9649	3009	1
14057	14057	1
3270	8204	1
13183	13777	1
1958	972	1
14058	3479	1
4091	1949	1
1388	587	1
10054	10054	1
3242	10904	1
10376	2433	1
11025	14059	1
628	1108	1
6444	2480	1
1523	1338	1
14060	11874	1
9672	9727	1
6539	7125	1
6894	11060	1
6321	7126	1
8379	7995	1
11540	13538	1
4917	4743	1
10736	8676	1
1740	4743	1
5411	4743	1
3240	6301	1
2420	1009	1
2264	4209	1
3808	3270	1
13213	9880	1
13593	6200	1
10900	1647	1
9670	8320	1
10488	6843	1
12553	1897	1
5414	1667	1
8903	12353	1
6039	6351	1
6842	2142	1
4836	4569	1
12336	8967	1
13476	10574	1
4362	6303	1
2234	3010	1
5287	5468	1
4250	3775	1
1459	2712	1
14061	11166	1
12912	12263	1
10002	8967	1
7179	7731	1
6906	10285	1
7126	6321	1
9280	9267	1
13644	10116	1
8402	9880	1
6901	12568	1
8844	13949	1
9687	13176	1
7731	7179	1
7334	8425	1
3077	1921	1
9230	6757	1
1689	3815	1
3623	371	1
6727	2698	1
9754	9474	1
9239	5307	1
6023	4288	1
2421	5722	1
3136	3270	1
12472	4504	1
10390	8205	1
3286	10152	1
10116	13644	1
4414	3427	1
2289	2290	1
7012	8651	1
8443	14005	1
12675	10320	1
7988	7452	1
4836	6034	1
2333	1578	1
9270	9272	1
9819	9697	1
9230	6056	1
3633	10320	1
4336	9697	1
6987	647	1
1797	9209	1
6843	14039	1
7074	11043	1
936	12116	1
1489	1002	1
10736	9559	1
902	1002	1
13878	5966	1
1619	5266	1
7916	11689	1
4882	5109	1
8824	8031	1
5111	3723	1
6843	10488	1
10494	5343	1
10330	8031	1
11705	14039	1
12745	12116	1
12592	5577	1
3270	3136	1
10359	10360	1
1997	2931	1
8402	8822	1
1239	1240	1
5287	4763	1
8037	6552	1
1338	2894	1
13593	13433	1
13829	14044	1
3487	2894	1
14062	6414	1
821	5659	1
9109	9345	1
4717	14063	1
10116	10116	1
13433	13593	1
2018	2501	1
8320	9670	1
12508	7345	1
12591	9551	1
14049	1120	1
2260	2335	1
10852	10852	1
6266	2335	1
3009	9649	1
13579	9026	1
3493	4368	1
3270	3808	1
1996	12933	1
3547	1996	1
7345	12508	1
5715	4763	1
920	1005	1
6783	4726	1
4317	5719	1
8690	13021	1
2894	1338	1
4061	1338	1
8965	447	1
7487	5897	1
1338	5660	1
5660	1338	1
2018	1338	1
12666	10345	1
12336	4094	1
8491	4157	1
3784	1420	1
8037	10345	1
11405	7182	1
6414	14062	1
13089	5193	1
4362	4753	1
222	1687	1
12592	4753	1
13956	13839	1
8491	10149	1
8402	7884	1
2595	5530	1
4568	11958	1
2018	575	1
2484	10473	1
7884	11069	1
2465	2427	1
2820	2142	1
10396	13466	1
2163	3383	1
8139	11965	1
11689	7916	1
11965	8139	1
3767	5217	1
2483	5382	1
877	5382	1
2465	2492	1
7432	8139	1
1389	1433	1
705	1243	1
12553	14062	1
2894	3487	1
9727	4038	1
12174	13273	1
814	7104	1
2100	539	1
12671	10054	1
5602	6442	1
5897	7487	1
271	328	1
10376	9165	1
8587	11967	1
8844	10551	1
5217	3767	1
9158	7526	1
8491	10409	1
1622	10208	1
13858	13858	1
8139	7432	1
3297	9488	1
972	1958	1
5381	10387	1
11561	7360	1
2185	13756	1
10376	1265	1
4675	4676	1
5859	12908	1
12477	3687	1
1381	9230	1
8037	7033	1
9327	7033	1
2427	2465	1
5706	9230	1
1582	13756	1
6014	1106	1
6845	9230	1
1106	6014	1
14064	14064	1
