5372	6898	1
6985	3479	1
3479	6985	1
9612	5735	1
11967	8587	1
3367	6377	1
2567	10380	1
11485	6898	1
13777	8261	1
12498	7967	1
9518	8616	1
9819	9697	1
9769	5952	1
7316	8741	1
5904	6055	1
14087	9717	1
6294	4777	1
8484	2912	1
6322	4777	1
12802	5096	1
12483	9717	1
14088	8741	1
455	4426	1
2276	2190	1
13706	13508	1
9230	6757	1
7761	1884	1
12898	7109	1
4704	6757	1
12630	5970	1
1651	6784	1
1243	705	1
705	1243	1
8976	8763	1
238	564	1
3353	13373	1
13131	8290	1
10900	1647	1
10003	7780	1
11826	14039	1
4445	11259	1
3087	5354	1
7319	7318	1
7731	7179	1
3834	3999	1
11874	14060	1
7398	1608	1
6845	6485	1
5388	4851	1
3111	2686	1
7780	10003	1
9586	9735	1
1608	7398	1
972	1062	1
10284	8570	1
14089	14089	1
14090	10386	1
7126	3944	1
6056	10228	1
14045	7061	1
13123	10615	1
8139	7432	1
12134	7495	1
3950	12500	1
11502	1428	1
2017	3934	1
8222	4708	1
1002	902	1
987	902	1
9697	9819	1
10386	10386	1
11194	9325	1
1456	4227	1
13294	13294	1
8512	5423	1
6983	10898	1
8587	11967	1
12457	9798	1
13123	13123	1
14091	14092	1
10531	6700	1
9717	12483	1
8123	4175	1
6727	6040	1
4777	896	1
8185	5354	1
13809	8695	1
10370	12631	1
1055	4569	1
13480	4092	1
6832	13868	1
4227	3723	1
2373	3123	1
5068	5170	1
10859	5948	1
9722	2611	1
2	3	1
9630	3123	1
676	1305	1
2801	6845	1
5170	5068	1
730	1451	1
9699	410	1
10284	9930	1
238	979	1
7583	3037	1
4362	6303	1
12022	8363	1
13508	13706	1
5817	6982	1
119	118	1
6982	5817	1
3509	3509	1
9854	9924	1
778	764	1
9325	11194	1
5160	4028	1
1426	4940	1
7061	14045	1
3847	11322	1
5825	8137	1
9193	3577	1
1105	6113	1
9997	6113	1
11507	13063	1
9957	9957	1
6989	10210	1
12318	7089	1
9874	10309	1
1647	10900	1
12580	7481	1
3716	1411	1
10341	357	1
238	1598	1
13647	8592	1
8195	13909	1
11137	11137	1
1791	4611	1
2820	3019	1
7781	5549	1
3077	9041	1
3184	5503	1
3184	814	1
5354	7209	1
1919	2304	1
8822	6564	1
9066	11164	1
10386	14090	1
11161	12624	1
238	1745	1
6564	12110	1
8404	12806	1
5495	1958	1
13868	6832	1
10900	4164	1
1647	4164	1
6757	4704	1
14060	11874	1
5277	9071	1
11483	6185	1
12110	6564	1
6612	7838	1
3479	14058	1
7660	816	1
12541	14062	1
524	816	1
9067	10507	1
4983	4763	1
4763	4983	1
4012	1746	1
4597	3826	1
11258	9083	1
13868	7109	1
5735	9612	1
10898	6983	1
7209	5354	1
5678	9409	1
14071	6200	1
3842	10150	1
43	10150	1
12482	1608	1
14041	13381	1
1064	3502	1
3171	4270	1
4270	3171	1
3855	2422	1
9161	9160	1
4983	4561	1
10139	11043	1
10958	7052	1
14040	14040	1
4226	2647	1
9699	4955	1
8404	5673	1
1733	3155	1
14044	13829	1
11224	868	1
3992	5503	1
2811	14049	1
344	227	1
8404	5047	1
8609	6104	1
3513	14049	1
4569	1055	1
13122	1108	1
6104	8609	1
11390	9493	1
5461	8609	1
1096	4384	1
12773	7228	1
6055	8609	1
4164	1647	1
9037	9037	1
8006	8005	1
11989	6783	1
1251	1250	1
12747	14055	1
4251	3949	1
4553	13844	1
9041	7228	1
10139	12200	1
9374	9375	1
7375	2588	1
1456	3949	1
11127	9798	1
13963	13963	1
7228	9041	1
7228	13289	1
13289	7228	1
7767	3949	1
10309	9874	1
10150	43	1
6564	8822	1
5259	14051	1
2496	3949	1
3768	3949	1
6727	2698	1
2234	696	1
10396	13466	1
3294	10044	1
1608	12482	1
3302	515	1
12713	9816	1
238	7560	1
7228	12773	1
13914	13914	1
10025	12277	1
9550	9550	1
3450	3088	1
7597	7642	1
8037	6689	1
39	320	1
7078	7079	1
13710	8763	1
6845	9472	1
11416	14069	1
14077	11071	1
4018	2562	1
12773	13289	1
1897	12553	1
7228	5642	1
7884	11401	1
5335	1813	1
11943	14069	1
7495	12134	1
8609	6055	1
13914	10139	1
13215	4195	1
4317	5942	1
4683	13588	1
1509	2109	1
5817	5642	1
8037	9263	1
4706	4707	1
696	2234	1
5642	7228	1
9854	1534	1
11455	3581	1
13538	11540	1
563	564	1
5642	5817	1
12267	12011	1
5979	7791	1
13018	663	1
8404	11043	1
460	814	1
9878	14093	1
14094	6419	1
9773	9690	1
4553	843	1
9200	6419	1
29	23	1
2042	2842	1
238	3666	1
11009	7130	1
10531	3897	1
7811	2874	1
1134	13900	1
6052	2677	1
7407	13900	1
8336	11751	1
12180	5860	1
4994	9722	1
1817	4206	1
12500	3950	1
7791	5979	1
8934	906	1
3121	1305	1
1389	1804	1
10368	14095	1
9559	7213	1
7484	12203	1
3033	9719	1
8861	8861	1
2390	5924	1
13367	12285	1
8363	12022	1
12203	7484	1
9880	12336	1
2588	7375	1
8103	8102	1
8093	12203	1
6265	12203	1
1105	1842	1
11751	8336	1
8654	14041	1
13381	14041	1
7398	12482	1
10139	11407	1
6183	1913	1
4840	10677	1
8404	6845	1
4704	6845	1
1913	6183	1
1069	1031	1
1689	1514	1
8593	8816	1
705	1209	1
14096	14097	1
3907	3908	1
10876	11503	1
4566	11503	1
10205	11503	1
10204	11503	1
11506	11503	1
5673	11503	1
564	563	1
5725	5845	1
10139	10376	1
5111	3723	1
5715	4983	1
12372	10798	1
2403	6782	1
4012	3655	1
12336	9880	1
795	14003	1
6577	4696	1
387	1184	1
1817	7308	1
3240	2691	1
6944	5708	1
10507	9067	1
10455	12718	1
10335	10469	1
8750	8575	1
6899	328	1
6845	4704	1
13063	11507	1
10673	7780	1
11943	10799	1
13581	5142	1
5156	3581	1
10799	11943	1
345	625	1
1635	2363	1
4704	11905	1
10112	2125	1
2797	1254	1
13900	7407	1
8816	8593	1
6982	8935	1
11630	4260	1
5979	8773	1
5366	12779	1
1787	14079	1
4260	11630	1
328	271	1
1813	5335	1
10015	10014	1
3400	4519	1
4207	11417	1
5414	4658	1
977	4200	1
1897	4029	1
12787	3849	1
12624	11161	1
8071	9604	1
7791	4692	1
4704	6591	1
979	238	1
4507	3043	1
8093	6591	1
4282	7606	1
1711	4814	1
5934	9669	1
11478	8014	1
13734	9589	1
11259	4445	1
10469	10335	1
14040	14098	1
1534	9854	1
7120	14099	1
1368	1280	1
6419	9200	1
11941	11941	1
14049	3513	1
10347	5509	1
12943	12943	1
7606	4282	1
271	328	1
6612	13851	1
4946	12675	1
11164	9066	1
1566	6854	1
4409	3950	1
5065	9409	1
4029	5707	1
4940	1426	1
3950	4409	1
3043	4507	1
8404	8421	1
4704	8421	1
1119	6854	1
814	460	1
8404	8647	1
12675	4946	1
9493	11390	1
3853	2379	1
14100	14100	1
8935	5570	1
4012	7083	1
238	4001	1
3	2	1
8820	6193	1
2478	4567	1
13553	11909	1
10865	3246	1
2842	2596	1
5753	4027	1
10427	11031	1
4983	5715	1
4704	12902	1
9477	8333	1
5570	8935	1
2017	4084	1
6299	6575	1
1598	238	1
1745	238	1
4696	6577	1
4084	2017	1
7560	238	1
3666	238	1
8333	9477	1
10677	4840	1
12516	12408	1
6897	4020	1
6591	8093	1
12870	7336	1
9514	5875	1
5419	5537	1
10139	3177	1
14093	9878	1
5720	5733	1
12487	3358	1
13911	8453	1
5009	7218	1
2596	2842	1
5266	1619	1
14101	765	1
2691	13069	1
4012	2659	1
7407	13538	1
6286	13753	1
27	5	1
8903	10814	1
9273	1036	1
12288	14102	1
14103	10993	1
12283	14102	1
8839	1817	1
4623	3513	1
13070	14102	1
13958	7885	1
9722	4994	1
3950	9314	1
8950	9314	1
14003	795	1
4938	6848	1
3934	2017	1
3047	6024	1
986	4471	1
13808	13856	1
1356	6024	1
13975	14104	1
765	14101	1
7969	5924	1
2102	1921	1
2313	2347	1
10531	2306	1
7178	12197	1
11514	9966	1
3817	8774	1
5378	1921	1
3450	3020	1
14105	11509	1
3479	11387	1
10139	12091	1
906	8934	1
8695	7232	1
5972	14106	1
9253	9070	1
10040	14106	1
1619	5266	1
876	3190	1
8404	6056	1
13538	7407	1
1100	5006	1
4012	9419	1
5684	5948	1
190	203	1
11246	7324	1
13053	13670	1
4020	6897	1
663	13018	1
1571	974	1
3666	1745	1
7273	1662	1
13670	13053	1
13202	12689	1
4567	2478	1
3754	5332	1
805	3835	1
3999	3739	1
7967	12498	1
3575	8021	1
1662	7273	1
4428	4427	1
8037	14107	1
12470	5712	1
4427	4428	1
9314	8950	1
13046	13046	1
6983	5804	1
4231	6309	1
11905	4704	1
6591	4704	1
12902	4704	1
8404	5706	1
4704	5706	1
5419	899	1
5537	899	1
447	8965	1
10014	12527	1
50	3048	1
5706	4704	1
8404	5280	1
371	2902	1
5537	5419	1
10255	8668	1
14017	14017	1
13157	14108	1
828	9375	1
2932	2888	1
12631	10370	1
1594	1077	1
9719	4632	1
6115	8650	1
5897	7487	1
6843	10488	1
13777	8668	1
5673	5994	1
8262	4039	1
12260	5612	1
7324	11246	1
3669	6505	1
12606	3108	1
10284	11034	1
13830	13919	1
3011	14109	1
14050	1606	1
14110	7049	1
8600	8538	1
11650	8538	1
14109	3011	1
10364	5316	1
6485	6845	1
2234	2227	1
12742	12742	1
10139	13627	1
8482	3322	1
14111	3270	1
5798	6397	1
9605	1800	1
5133	4857	1
