1213	4692	1
4267	9483	1
12112	8628	1
5847	11579	1
6286	597	1
6322	5253	1
9087	3999	1
12732	9069	1
12958	7082	1
8707	2675	1
12116	936	1
6560	10061	1
5573	1254	1
7082	12958	1
3501	6846	1
11608	5391	1
13998	13998	1
4113	6788	1
5353	6059	1
9174	7780	1
8600	9235	1
4281	13775	1
4227	3949	1
11608	5392	1
13969	13567	1
6788	4113	1
13117	13557	1
7780	9174	1
2102	7402	1
7413	8611	1
13665	510	1
4950	4836	1
6352	13021	1
3270	4907	1
8243	5650	1
6518	6549	1
6868	6867	1
13491	7082	1
8174	28	1
13542	6544	1
13999	13932	1
4250	6700	1
10685	6562	1
13744	5813	1
8774	7291	1
3353	13373	1
13749	12174	1
6635	6700	1
10363	8931	1
7308	1556	1
7082	13491	1
1556	7308	1
5234	10464	1
11069	7213	1
7157	6414	1
9488	4649	1
2646	3723	1
3177	3330	1
2420	1556	1
9404	8024	1
11472	13969	1
3330	3177	1
2667	2668	1
10807	6414	1
8164	3723	1
12718	10455	1
1619	5266	1
13602	2077	1
13325	9007	1
3271	10072	1
2888	2932	1
7179	7731	1
7731	7179	1
3528	1635	1
9007	13325	1
3999	3739	1
1039	5533	1
5047	6246	1
10542	7119	1
10570	5856	1
13976	7739	1
9069	12732	1
3440	4662	1
6363	13787	1
2679	14000	1
8024	9404	1
9594	6790	1
7625	7215	1
4777	6294	1
597	6286	1
1599	6213	1
14001	14001	1
3999	12331	1
7739	13976	1
7402	2102	1
6294	4777	1
1656	3999	1
14002	14002	1
3261	2891	1
9973	5588	1
9874	10309	1
13326	9714	1
9381	6987	1
12668	5223	1
510	13665	1
5043	5750	1
6597	8721	1
3999	1656	1
1456	4227	1
6183	1981	1
795	14003	1
8228	4738	1
6352	4227	1
902	987	1
9613	5499	1
14003	795	1
14004	13974	1
4227	1456	1
6843	10488	1
8579	8228	1
5869	6118	1
12354	11445	1
5495	5360	1
3082	5360	1
10464	5234	1
13401	13401	1
13289	7228	1
4182	28	1
9041	3077	1
4806	5408	1
6736	7058	1
7989	627	1
4170	8948	1
4575	6902	1
4578	10933	1
1105	6113	1
10180	6113	1
12871	6113	1
5602	8164	1
8880	6113	1
5818	6113	1
8334	6113	1
10259	6113	1
11052	7249	1
10008	6113	1
9276	10351	1
8153	6113	1
5463	6113	1
8775	6113	1
1745	3666	1
3499	6113	1
4743	4759	1
9335	383	1
2209	6113	1
5758	6113	1
6189	6113	1
11256	6113	1
540	6113	1
8133	6113	1
9830	6183	1
3668	3668	1
2102	12855	1
2496	5581	1
4288	6023	1
10351	9276	1
1785	6113	1
9997	6113	1
7622	9276	1
6494	6113	1
2102	6113	1
2588	2433	1
13397	6113	1
2421	6113	1
8993	7718	1
3457	9204	1
10153	2645	1
3457	13987	1
14005	5778	1
3077	9041	1
8512	8320	1
5742	4976	1
14006	14007	1
14008	4187	1
3261	3171	1
14005	14005	1
5561	4534	1
7228	13289	1
14002	12439	1
4343	10922	1
3105	10922	1
7487	5897	1
4801	3536	1
10466	86	1
13917	9210	1
1132	12721	1
7502	11432	1
5266	1619	1
9584	14009	1
6562	8700	1
543	7680	1
7145	7780	1
2436	3270	1
11758	8421	1
3270	3502	1
4368	3493	1
3502	3270	1
5670	4036	1
383	9335	1
2296	1279	1
10626	3270	1
28	8174	1
6113	2102	1
10123	4294	1
4490	5288	1
7442	3078	1
10607	2194	1
3440	6783	1
6987	9381	1
6257	2863	1
6265	12420	1
6454	4655	1
5708	6944	1
2043	2863	1
4409	4730	1
2822	2194	1
14010	14010	1
12295	2192	1
12816	3287	1
4655	6454	1
511	1572	1
13961	12500	1
9973	2192	1
11069	4439	1
8139	11965	1
7228	9041	1
1050	1175	1
6414	5824	1
2935	835	1
13835	13834	1
5897	7487	1
3270	4522	1
11851	13032	1
1556	2420	1
14011	14012	1
14013	14013	1
3438	11854	1
4145	13383	1
5977	835	1
4522	3270	1
1631	13756	1
1897	12340	1
3329	14014	1
4227	6352	1
8903	11403	1
5142	5206	1
3742	7580	1
3490	1188	1
9210	13917	1
9251	10389	1
4901	5000	1
4907	2616	1
11069	7780	1
3270	2616	1
3440	4950	1
4981	10666	1
13471	588	1
10666	4981	1
627	7989	1
1308	1308	1
1599	9133	1
5252	110	1
2433	2588	1
5468	164	1
4730	4409	1
110	5252	1
1451	5335	1
4603	1981	1
7309	9790	1
6267	8204	1
3699	447	1
3440	5691	1
12898	5756	1
5860	6357	1
4025	164	1
391	164	1
5915	2311	1
2652	6584	1
11702	12819	1
10389	9251	1
4597	3826	1
4007	9133	1
3440	5206	1
2616	3270	1
4743	2165	1
11311	14015	1
13048	2696	1
13969	11472	1
4742	5271	1
14016	13965	1
2169	564	1
6937	10347	1
5191	9785	1
781	2412	1
1902	1011	1
4534	5561	1
2652	2922	1
3457	2478	1
4006	6386	1
5288	4490	1
5301	12456	1
10437	11194	1
8844	13949	1
835	5977	1
3575	11026	1
8924	8925	1
6868	13083	1
13464	6589	1
2412	781	1
8935	5769	1
3270	3750	1
3242	2902	1
5659	1097	1
12664	12650	1
7909	12744	1
6867	6868	1
2203	1709	1
4300	464	1
1390	1746	1
3261	7446	1
7360	13266	1
8651	7012	1
8935	5570	1
464	4300	1
12482	12919	1
6220	5994	1
6530	2902	1
3750	3270	1
3440	4107	1
5623	184	1
13203	11779	1
5280	4384	1
14017	14017	1
3924	9184	1
8688	2873	1
6562	10685	1
5581	3138	1
14011	7209	1
3475	9918	1
1132	2335	1
6413	7736	1
609	14018	1
2383	4355	1
3440	4836	1
14019	14019	1
13144	13881	1
3440	8967	1
1716	10844	1
5354	7209	1
14020	8442	1
6473	126	1
6134	6709	1
10759	2096	1
5502	4679	1
1622	10149	1
14018	609	1
2813	2204	1
7209	5354	1
10149	1622	1
5366	12779	1
12908	4666	1
14021	8934	1
6357	5860	1
5820	5821	1
5506	13974	1
11920	10569	1
1054	2960	1
10759	8621	1
10767	1031	1
12580	7481	1
1069	1031	1
3457	3462	1
3457	3458	1
13745	4422	1
8925	8924	1
7104	9428	1
11779	13398	1
12420	6265	1
9299	10390	1
5381	10387	1
4981	9085	1
13311	12565	1
9670	6811	1
3261	8707	1
2675	8707	1
4384	5280	1
676	1305	1
9133	1599	1
5335	1813	1
7731	7731	1
13685	10651	1
5870	10605	1
10153	11506	1
10651	10605	1
5382	877	1
1635	3528	1
1746	1390	1
11506	10153	1
14022	14022	1
1268	2017	1
2154	8318	1
10768	2585	1
10876	11506	1
1629	11506	1
14023	11506	1
4355	2383	1
6811	9670	1
10457	14024	1
1586	677	1
14024	10457	1
1996	2457	1
13246	11817	1
11503	11506	1
2192	12295	1
8903	11387	1
10444	11506	1
11533	11506	1
10876	11503	1
1598	3666	1
4094	12336	1
2651	922	1
8653	10163	1
5263	8897	1
9067	10507	1
13770	10721	1
11468	3276	1
13032	11851	1
8201	6299	1
4801	3853	1
3211	1231	1
4851	1926	1
2585	1181	1
3666	1598	1
6811	14025	1
3323	2212	1
3853	4801	1
4383	5774	1
9568	9816	1
1181	2585	1
3202	2585	1
6985	3479	1
4384	8452	1
2420	3020	1
3020	2420	1
7901	10677	1
5176	5977	1
8052	3284	1
13916	6618	1
7413	5096	1
3826	4597	1
11965	8139	1
3440	5191	1
2776	2407	1
6386	4006	1
14026	14027	1
3730	14028	1
2696	13048	1
2165	4743	1
4759	4743	1
8852	2578	1
1100	6424	1
2585	3202	1
13989	13869	1
10768	9550	1
10363	7604	1
4743	5411	1
7484	7484	1
2205	8522	1
13949	8844	1
11618	6325	1
2204	2813	1
6023	4288	1
9413	653	1
2611	6245	1
2194	10607	1
3109	5374	1
1647	10900	1
2491	776	1
10900	1647	1
5223	12668	1
7931	8050	1
14029	14030	1
4707	4706	1
8452	4384	1
7949	13538	1
11044	9368	1
4956	4384	1
4424	4384	1
10924	8934	1
3389	2565	1
5821	5820	1
9376	9377	1
8222	4708	1
5068	5170	1
4708	4708	1
2585	10768	1
1656	204	1
9550	10768	1
2276	2673	1
4164	1647	1
6485	6845	1
4743	1740	1
12530	12517	1
8934	14021	1
9428	7104	1
3279	2930	1
7175	9365	1
10605	5870	1
12173	7786	1
9742	8366	1
2185	1535	1
13373	3353	1
4836	8967	1
12889	8780	1
447	3699	1
8049	6218	1
11276	6218	1
1229	9159	1
11107	5279	1
221	7214	1
12336	4094	1
10330	7868	1
2185	13756	1
7604	10363	1
10938	13538	1
11427	11033	1
7961	13476	1
13398	11779	1
1031	10767	1
345	9300	1
7407	13538	1
5636	3560	1
824	2017	1
2192	857	1
14031	5691	1
6556	1175	1
9719	4632	1
11107	5671	1
651	857	1
5266	4561	1
4384	4956	1
5715	4561	1
5287	4561	1
4900	4888	1
2879	857	1
4683	857	1
9973	5474	1
488	2749	1
6352	3726	1
9369	6193	1
265	266	1
5835	4384	1
266	265	1
5253	6322	1
5170	5068	1
876	6193	1
6786	6786	1
4442	2260	1
543	2260	1
2203	8415	1
2616	1064	1
4692	1213	1
4384	5835	1
1064	2616	1
3457	2901	1
4087	5800	1
98	11889	1
11199	7030	1
7741	5800	1
9230	7154	1
3288	3287	1
13219	13021	1
61	482	1
7715	7715	1
5423	8320	1
3440	12011	1
10768	2427	1
6893	5849	1
1230	13481	1
3457	9944	1
8204	3270	1
3368	2113	1
2162	447	1
13869	13989	1
10569	12650	1
482	61	1
13088	447	1
1933	386	1
6804	4320	1
13676	13048	1
10396	13466	1
2701	2700	1
3849	5496	1
3854	5496	1
3287	3288	1
14032	9291	1
11407	7811	1
5769	8935	1
7240	14033	1
7811	11407	1
5570	8935	1
4704	1709	1
6073	7109	1
2677	6052	1
5722	2421	1
5800	4087	1
5849	6893	1
13580	509	1
4666	13481	1
1118	1117	1
10607	1201	1
4439	11069	1
7780	11069	1
7736	6413	1
13481	4666	1
7006	4287	1
13777	12795	1
9008	6893	1
4294	10123	1
13203	11602	1
1840	4981	1
14034	13476	1
9775	9775	1
4763	12052	1
13476	14034	1
13227	13226	1
2749	488	1
5154	4888	1
6522	708	1
3629	3102	1
5835	7522	1
9830	9697	1
5142	4930	1
3102	3629	1
3440	6034	1
5474	5490	1
12732	12732	1
3479	6985	1
12271	8354	1
7363	2477	1
3923	10376	1
12785	8354	1
737	1081	1
10376	3923	1
7304	9119	1
8320	5423	1
