6036	13877	1
2842	2042	1
9488	3297	1
11734	7130	1
14146	9727	1
4965	515	1
3234	11864	1
2611	10715	1
3314	2902	1
1523	211	1
6309	3177	1
3353	7645	1
14147	14147	1
8451	13077	1
8929	5008	1
14148	1910	1
10432	14114	1
3924	4977	1
8924	13599	1
9930	8093	1
9575	9575	1
14114	10432	1
14135	14135	1
4020	6897	1
5008	8929	1
9876	11704	1
5648	11704	1
2102	5758	1
2116	11704	1
5532	11704	1
13165	972	1
1338	3996	1
14149	9250	1
6309	4231	1
12336	9880	1
946	5744	1
921	1817	1
9727	14146	1
5721	8081	1
10054	6897	1
12781	368	1
3105	4343	1
3461	1956	1
5587	380	1
8222	10173	1
4603	11759	1
5084	6915	1
1636	12011	1
2137	3068	1
7866	7175	1
2137	6017	1
5374	3109	1
11759	4603	1
4020	13710	1
8412	1910	1
12546	9872	1
3109	5374	1
9880	12336	1
563	564	1
7989	5215	1
5753	6363	1
6566	6567	1
6001	1000	1
6165	5869	1
13756	3851	1
8260	8144	1
10449	9600	1
12779	5366	1
10386	10386	1
1817	921	1
10044	1622	1
8081	5721	1
10374	8144	1
10611	8144	1
1881	1880	1
8141	1096	1
8160	6059	1
1968	380	1
10531	1096	1
4696	6577	1
7780	5202	1
6899	271	1
5163	6135	1
4660	3545	1
14050	1062	1
265	266	1
6007	380	1
13958	7885	1
6048	6938	1
7645	3353	1
197	14150	1
10232	3487	1
5366	12779	1
7885	13958	1
10054	13710	1
13710	4020	1
5463	1884	1
13710	10054	1
14031	4020	1
6897	13710	1
9391	5553	1
753	8336	1
5553	9391	1
6930	11258	1
5097	9966	1
6934	10353	1
13869	11074	1
13553	11330	1
6783	5894	1
5419	4100	1
5758	2102	1
9966	5097	1
10054	4020	1
4940	1426	1
564	905	1
5894	6783	1
319	1111	1
7986	12970	1
4384	1096	1
1517	1096	1
6122	4300	1
8490	2647	1
4303	3400	1
4519	3400	1
9456	9453	1
5553	12787	1
4726	6783	1
6119	9453	1
1904	12249	1
4664	6783	1
6637	4444	1
10750	11166	1
12787	3849	1
4020	10054	1
14140	7616	1
9453	6119	1
9374	601	1
6897	4020	1
14151	3345	1
240	438	1
11815	7917	1
1426	4940	1
13951	8490	1
6047	5899	1
6722	449	1
319	7450	1
14152	8505	1
6187	8929	1
13048	11233	1
3068	1294	1
9136	1266	1
3302	8526	1
12571	11301	1
9453	9888	1
10896	6987	1
2873	4930	1
7917	11815	1
4459	1369	1
5934	6506	1
1647	10900	1
6047	12969	1
10759	8621	1
10831	13059	1
4689	13571	1
11469	2616	1
11128	11530	1
14123	9402	1
4939	9248	1
7017	9248	1
14153	14153	1
2646	6507	1
696	12420	1
2420	1674	1
278	11157	1
5537	12400	1
5026	5027	1
12271	12953	1
3937	10907	1
8592	13647	1
12400	5537	1
4007	9133	1
9518	8616	1
1625	1280	1
7188	10377	1
5318	3826	1
319	1504	1
14040	14098	1
4726	9567	1
5215	7989	1
8936	17	1
9453	6615	1
5354	7209	1
11469	12091	1
5849	910	1
13059	10831	1
3826	5318	1
14154	9193	1
8050	3024	1
432	5513	1
6832	13868	1
1368	1625	1
14040	14040	1
6706	8739	1
14155	14156	1
1187	653	1
1534	4599	1
4726	4084	1
9722	4994	1
4726	2017	1
3297	11455	1
11530	11128	1
14017	14017	1
6742	1737	1
5625	5461	1
4863	4864	1
13868	6832	1
11469	6963	1
271	6899	1
14157	14157	1
13294	13294	1
13647	8592	1
7718	8993	1
2137	10890	1
2448	2429	1
14158	966	1
14159	751	1
11469	8181	1
3245	5078	1
2137	3088	1
13580	4282	1
1636	5584	1
12580	7481	1
11596	13772	1
1451	14078	1
751	14159	1
6849	10826	1
3450	3088	1
334	3826	1
12271	6924	1
2137	5355	1
10415	11135	1
4726	7083	1
3088	5355	1
2347	500	1
1904	13011	1
320	3122	1
11062	11062	1
2366	2813	1
13187	13187	1
6303	4362	1
10611	8260	1
6265	1406	1
5856	4362	1
814	460	1
3016	4765	1
4753	4362	1
10192	11407	1
1599	9133	1
4362	4753	1
2616	11469	1
9133	1599	1
10748	13718	1
6513	1988	1
1625	1368	1
910	5849	1
364	310	1
3996	1338	1
8547	6151	1
9110	14124	1
10820	3480	1
708	6522	1
13133	10153	1
13134	10153	1
6522	708	1
13215	2997	1
12598	14069	1
12580	9250	1
2137	1718	1
10449	13398	1
13572	13572	1
9084	10826	1
9070	9253	1
5202	7780	1
3258	7602	1
12591	13723	1
319	1358	1
293	9995	1
1622	10044	1
7916	9248	1
4357	5489	1
2019	1072	1
9541	7563	1
13215	6783	1
7780	6206	1
12953	12271	1
11689	9248	1
14127	2922	1
319	3262	1
14160	13644	1
3623	12748	1
3852	5633	1
12008	7847	1
12748	3623	1
696	11067	1
5502	1264	1
259	1997	1
9707	623	1
3400	4303	1
4231	6309	1
11730	14161	1
3177	6309	1
2453	1071	1
460	814	1
9327	7784	1
14162	2202	1
11126	10737	1
623	5013	1
7086	6492	1
14078	1451	1
6845	5520	1
14143	1311	1
10538	8938	1
5072	2725	1
319	1769	1
227	344	1
10121	5073	1
2224	3317	1
10335	10469	1
9248	4939	1
2627	1452	1
11123	5177	1
3708	3709	1
7179	7731	1
11233	8173	1
2137	3450	1
2137	8940	1
696	1517	1
4578	3043	1
3230	10413	1
9345	9109	1
6128	10741	1
3088	3450	1
2137	3020	1
2677	13879	1
4569	1055	1
9918	3475	1
5047	3450	1
2209	2210	1
12420	9897	1
8938	10538	1
3450	5047	1
12660	4087	1
1096	1517	1
5934	3450	1
9914	13682	1
9041	3077	1
5796	2721	1
205	4968	1
13957	6556	1
10469	10335	1
12870	7336	1
11589	11589	1
368	12781	1
1884	5463	1
2234	2227	1
12787	5553	1
5133	13889	1
10826	6849	1
7398	12482	1
1369	4459	1
13881	13144	1
2646	7857	1
8222	10570	1
6566	12161	1
11233	13048	1
12336	8967	1
4227	3723	1
11910	12292	1
6638	5812	1
13920	2540	1
11258	6930	1
1630	2540	1
3170	2735	1
4886	2528	1
13776	422	1
1829	653	1
11762	2735	1
320	3785	1
11547	9070	1
12748	2902	1
9248	11689	1
3826	334	1
3629	3358	1
3098	4102	1
737	1081	1
13061	13491	1
9253	9070	1
8536	8536	1
11126	13354	1
8824	10569	1
1199	7210	1
1666	3949	1
10900	1647	1
9897	12420	1
11128	14163	1
1904	1130	1
1854	8405	1
9541	6836	1
14164	10826	1
6370	8405	1
1636	1998	1
8483	4308	1
6117	12255	1
4828	855	1
14165	13900	1
13784	10547	1
9330	14117	1
10413	3230	1
14136	6246	1
13165	2229	1
1280	1625	1
1869	1509	1
7318	7319	1
5660	4537	1
3907	3908	1
7487	5898	1
9174	12991	1
2601	2602	1
6845	6364	1
6814	6541	1
3479	4037	1
2576	4397	1
426	3825	1
5307	14166	1
3668	1138	1
8243	5650	1
9807	9695	1
11201	6066	1
5817	5028	1
14167	206	1
5028	5817	1
5869	6165	1
13144	13881	1
5898	7487	1
12599	2501	1
4428	8189	1
242	241	1
9695	9807	1
1081	737	1
7031	5800	1
7741	5800	1
1711	10754	1
4288	6023	1
4597	3826	1
7446	3578	1
13030	3578	1
1392	4755	1
241	242	1
14138	14168	1
6251	3578	1
5630	6903	1
6379	3578	1
6635	3578	1
531	466	1
6245	3578	1
8785	10609	1
513	13485	1
10501	10609	1
4603	3578	1
3578	6635	1
12561	2021	1
4755	1392	1
14168	14138	1
7909	8839	1
3513	14049	1
2501	12599	1
12255	6117	1
2713	2059	1
14165	12540	1
6135	5163	1
2017	824	1
12067	12068	1
2137	5411	1
4833	3938	1
4390	4525	1
8929	6187	1
2611	6187	1
2483	5382	1
6127	690	1
3923	13117	1
11921	11899	1
2364	8619	1
13719	1537	1
3041	11981	1
1572	511	1
4343	10922	1
13877	13877	1
2085	11688	1
3105	10922	1
13989	13869	1
974	1571	1
11074	13869	1
11287	11433	1
13485	513	1
8756	10610	1
3924	13117	1
13557	13117	1
1636	5092	1
249	14169	1
13879	2677	1
6887	11164	1
4120	4816	1
690	6127	1
653	1829	1
12908	5859	1
12009	13567	1
14170	14170	1
7907	3437	1
6187	2611	1
5088	579	1
628	5003	1
5371	14171	1
8696	5047	1
10780	10780	1
9367	9669	1
11688	2085	1
5432	8862	1
5047	8696	1
2137	11120	1
3578	7446	1
14169	14169	1
12292	11910	1
9669	9367	1
6938	6048	1
14051	5259	1
11233	11233	1
5485	3561	1
7195	1904	1
5642	3561	1
5753	5531	1
3825	426	1
3547	2457	1
2832	3278	1
1064	4755	1
13011	1904	1
7780	10673	1
1245	5537	1
12249	1904	1
6982	6982	1
6317	257	1
5045	10244	1
5885	1487	1
4362	6303	1
7804	5411	1
13889	5133	1
8899	6146	1
2102	13423	1
5411	7804	1
6286	10877	1
6743	1069	1
10826	14164	1
14172	3444	1
4133	4241	1
3240	6301	1
8611	5096	1
2234	696	1
10610	8756	1
14173	5936	1
12975	12975	1
14174	518	1
17	8936	1
1051	2960	1
9813	6467	1
13849	2085	1
5513	432	1
5371	11569	1
14175	1981	1
14176	14176	1
5217	2725	1
1072	2019	1
4362	5856	1
319	569	1
5013	623	1
8137	1897	1
2904	1933	1
3345	14151	1
1933	2904	1
6987	10896	1
5749	5749	1
3258	14114	1
9600	10449	1
12482	12919	1
2725	5217	1
14031	11689	1
11304	4181	1
12340	1897	1
9248	7017	1
11688	14114	1
13838	14161	1
11469	4873	1
6467	9813	1
1338	3184	1
12336	7051	1
4833	8640	1
12870	12108	1
3750	3270	1
207	2102	1
5977	9541	1
4393	3333	1
12108	12870	1
13021	13331	1
14177	14177	1
12870	5054	1
12207	4349	1
5054	12870	1
7731	7179	1
2085	13849	1
9659	7442	1
1791	4288	1
4251	3949	1
2900	8228	1
4525	4390	1
11128	13237	1
4848	3594	1
5859	12908	1
8062	1388	1
546	13188	1
424	4446	1
3305	13876	1
3578	6245	1
5461	5625	1
2769	6472	1
3923	10376	1
13117	10376	1
7085	3817	1
4726	10982	1
11472	13567	1
13567	11472	1
11401	7884	1
13215	4195	1
10982	10376	1
9153	9094	1
696	5466	1
10376	10982	1
9390	10376	1
6024	6025	1
11591	13291	1
13331	13021	1
5334	5334	1
2864	6908	1
257	6317	1
13046	4538	1
7340	10982	1
13747	4029	1
7718	7409	1
9248	11776	1
2137	9930	1
4020	14031	1
4217	6584	1
10609	8785	1
11689	14031	1
4538	13046	1
9518	10811	1
696	2915	1
3137	11479	1
2662	2662	1
7920	6270	1
3178	5753	1
11258	5564	1
6363	5753	1
14178	14178	1
10389	9251	1
11762	11010	1
13960	7452	1
8740	8741	1
4446	9323	1
380	1968	1
4282	13580	1
6908	2864	1
6489	1514	1
13356	13529	1
5188	1064	1
9094	9153	1
2102	207	1
380	5587	1
1897	8680	1
12537	720	1
13472	13243	1
3908	3907	1
5951	7666	1
4295	601	1
5524	7211	1
13243	13472	1
6549	5379	1
6492	2480	1
1517	696	1
13201	3361	1
3849	6869	1
4241	4133	1
3950	6319	1
10154	2651	1
2651	10154	1
5789	12344	1
4888	5154	1
5570	8935	1
14179	12006	1
2137	10154	1
8935	5570	1
1622	10208	1
14166	5307	1
13567	12009	1
5227	2848	1
13599	8924	1
3234	10232	1
9049	7613	1
8452	9372	1
3623	1010	1
11164	6887	1
9488	2107	1
1674	2420	1
2137	1402	1
7810	4346	1
14180	10067	1
13602	2077	1
8144	10374	1
6987	3992	1
14181	11110	1
10224	10374	1
6319	3950	1
7452	13960	1
10922	3105	1
601	4295	1
4346	7810	1
13323	13476	1
4726	7143	1
9470	6649	1
14182	14095	1
13503	3492	1
6118	5869	1
3623	3307	1
2021	12561	1
9356	3020	1
1389	1433	1
9251	10389	1
3849	1133	1
3020	9356	1
10044	4351	1
2017	8011	1
10153	13133	1
11311	5020	1
6521	9669	1
9510	9510	1
6193	8820	1
5569	4915	1
13296	12562	1
6472	2769	1
11179	6143	1
14183	13502	1
9669	6521	1
6143	11179	1
4726	3636	1
4833	4743	1
7084	4743	1
7291	8721	1
8991	4743	1
12280	12280	1
7666	5951	1
3043	4578	1
331	332	1
9659	9254	1
4663	1822	1
7949	1323	1
4578	10933	1
2900	6445	1
2958	6908	1
6007	3664	1
7211	5524	1
2813	2366	1
524	816	1
7895	11164	1
3853	4027	1
4726	4662	1
13974	9781	1
876	3190	1
9659	5722	1
1215	6381	1
5266	1619	1
10877	6286	1
1799	6381	1
6381	1799	1
9964	3432	1
8195	13909	1
1619	5266	1
7319	7318	1
13220	13247	1
98	11889	1
905	564	1
7847	12008	1
6647	13355	1
2782	1003	1
5078	3245	1
5047	7543	1
6381	1215	1
4175	8123	1
6556	6854	1
2137	2686	1
2506	9835	1
4557	677	1
3492	13503	1
12698	12699	1
9969	6409	1
4020	7922	1
7216	13355	1
10210	11923	1
6893	5849	1
10112	8614	1
4726	4647	1
1399	3465	1
8987	2109	1
8935	6380	1
323	110	1
8189	4428	1
8398	7519	1
3066	6900	1
11128	9394	1
2703	7904	1
13117	13557	1
828	8721	1
1064	5188	1
12991	9174	1
4287	10687	1
10753	10753	1
14184	14184	1
8721	7291	1
9556	6112	1
10864	11783	1
9754	9474	1
13916	9719	1
7484	8452	1
6576	6513	1
7616	14140	1
5111	3723	1
11465	5111	1
10826	13234	1
8866	13469	1
4313	13848	1
1060	2734	1
13326	9714	1
14185	2866	1
9877	6864	1
6864	13121	1
13121	6864	1
3016	3541	1
12009	11472	1
2453	3725	1
14186	7796	1
13502	14183	1
10228	6056	1
4983	4983	1
319	6577	1
4765	3016	1
5287	4561	1
3541	3016	1
10673	7780	1
4983	4561	1
4199	1781	1
14187	11913	1
6380	8935	1
13876	3305	1
11683	12827	1
2453	2951	1
547	6183	1
4651	6222	1
6183	547	1
5301	12456	1
14001	14001	1
8049	8365	1
6444	6444	1
2749	488	1
2137	2585	1
1514	6489	1
5411	5047	1
1781	4199	1
1452	1451	1
1094	2870	1
6270	11661	1
2882	4755	1
13852	1581	1
7767	3949	1
3512	4034	1
4755	2882	1
11161	10376	1
5893	5047	1
9105	5047	1
7922	4020	1
6380	4717	1
705	7022	1
9065	4853	1
4557	753	1
5047	9105	1
6765	4384	1
4384	6765	1
1064	2616	1
1290	1290	1
4172	4386	1
4726	5783	1
6987	9381	1
2912	8484	1
357	10341	1
7602	5699	1
5047	5893	1
6765	10715	1
8336	753	1
9070	11547	1
8973	4384	1
4034	3512	1
10464	12785	1
2137	3895	1
8484	2912	1
