10770	9230	1
10069	7526	1
4020	10054	1
5280	9230	1
11427	11033	1
3383	2163	1
5876	5876	1
9239	10139	1
10054	4020	1
3767	5217	1
10736	7345	1
4676	4675	1
12991	6037	1
10054	10054	1
5188	9230	1
5869	5326	1
6757	9230	1
9230	4374	1
2163	3383	1
3400	4303	1
13710	6897	1
6084	1238	1
4227	3723	1
3563	356	1
5280	9389	1
1301	3821	1
788	1282	1
8331	7884	1
12211	12211	1
6321	6686	1
10575	3480	1
5485	2052	1
9470	2776	1
3190	3651	1
12208	11852	1
5202	7884	1
7791	6533	1
1420	3784	1
7638	7157	1
8512	5423	1
13756	1631	1
11069	7884	1
10891	9067	1
11472	13567	1
4251	3944	1
4489	1930	1
13567	11472	1
6113	5758	1
6897	13710	1
1631	13756	1
8512	12650	1
5955	4384	1
13920	13756	1
14024	11605	1
12668	5223	1
8667	8668	1
6037	12991	1
13949	8844	1
1301	2190	1
13710	4020	1
14065	14065	1
13508	13706	1
7145	8649	1
2018	2019	1
9763	7213	1
10551	8844	1
4020	13710	1
12116	936	1
13110	6265	1
12203	6265	1
14066	5191	1
857	2192	1
2276	2190	1
10677	5009	1
13367	8290	1
7956	763	1
4981	1840	1
5308	3270	1
12861	8451	1
3270	5308	1
8763	13353	1
8885	2190	1
10891	11513	1
9230	8647	1
9697	9819	1
3041	1840	1
8647	9230	1
11025	4216	1
6270	5043	1
14067	9957	1
1469	3723	1
1840	3041	1
6485	6845	1
9727	9672	1
5979	3366	1
5043	6270	1
3479	7048	1
5266	1619	1
3725	4025	1
5335	2553	1
6539	7125	1
7334	6316	1
11166	1650	1
4893	1441	1
11605	14024	1
21	1441	1
4250	6700	1
12908	5859	1
3578	6700	1
8331	7213	1
13223	13223	1
13371	2712	1
1926	4851	1
5047	7543	1
5366	12779	1
6804	4320	1
11376	7213	1
11513	13767	1
8429	13767	1
11468	11468	1
14039	11826	1
1530	14068	1
3366	5979	1
13048	13601	1
23	22	1
8123	4175	1
4836	4950	1
4836	6081	1
7917	11815	1
4950	4836	1
5758	6113	1
4241	9759	1
9997	6113	1
11256	6113	1
11618	7903	1
1840	4981	1
5489	1599	1
29	424	1
5542	4955	1
12006	14069	1
11416	14069	1
5581	3138	1
1647	10900	1
2931	259	1
258	259	1
1619	5266	1
1301	1782	1
10473	2484	1
795	791	1
1301	2452	1
2335	2260	1
21	12814	1
12676	14070	1
9230	5280	1
8948	12446	1
14070	12676	1
572	992	1
2820	992	1
6642	455	1
2081	2080	1
4755	6160	1
6686	6321	1
2193	2349	1
1967	3005	1
12913	13145	1
7407	3171	1
477	12737	1
6160	4755	1
7747	7747	1
1615	3171	1
3682	4131	1
5009	10677	1
6183	4755	1
2321	1983	1
12203	8093	1
4755	6183	1
7020	9342	1
6352	5111	1
4753	4362	1
8613	3522	1
13016	13649	1
4777	6294	1
6303	4362	1
10898	6983	1
6869	5282	1
12918	2275	1
9066	11164	1
5856	4362	1
4362	4753	1
9336	7293	1
2779	4187	1
21	4753	1
5411	4362	1
4893	4753	1
21	8368	1
11513	9488	1
221	6337	1
11618	6287	1
6492	12340	1
3651	3190	1
2491	776	1
1689	71	1
5257	4511	1
3578	4603	1
13973	9069	1
3784	1420	1
6829	3056	1
1302	485	1
10826	8695	1
14062	12553	1
9273	5222	1
238	3239	1
12553	14062	1
3487	5584	1
2579	3746	1
9852	7318	1
14071	6200	1
3532	3307	1
1338	3996	1
5951	5929	1
14072	3577	1
9235	8600	1
12263	12912	1
1120	14049	1
1813	5335	1
4146	14073	1
13471	588	1
960	82	1
9209	1797	1
588	13471	1
13176	9687	1
11727	8654	1
14041	8654	1
11369	5197	1
3671	134	1
5354	3087	1
6987	6637	1
1796	46	1
764	778	1
6845	5280	1
13140	9101	1
944	897	1
2985	11144	1
6337	221	1
12744	12744	1
6649	8899	1
9267	9280	1
3077	9041	1
7338	8222	1
2931	1997	1
8139	7432	1
11618	2091	1
1420	5717	1
13749	5729	1
2445	9683	1
7340	10890	1
9477	9799	1
1338	4162	1
7338	5862	1
3578	6245	1
8071	9604	1
3523	5862	1
4977	10387	1
21	1512	1
2289	2290	1
946	5744	1
5223	12668	1
6867	12869	1
13083	12869	1
7338	7767	1
12203	7484	1
819	1037	1
4675	4676	1
8489	1997	1
13756	2185	1
9995	3078	1
14074	14074	1
12010	8844	1
9581	12732	1
259	1997	1
3682	1997	1
13734	6982	1
6446	4431	1
7338	1897	1
2018	252	1
13231	12048	1
4777	6322	1
10626	3270	1
10615	3606	1
1997	3682	1
13726	13726	1
12340	1897	1
8844	12010	1
14075	11243	1
1243	3070	1
6297	8017	1
3606	10615	1
11082	11451	1
8137	5825	1
3111	2686	1
3171	7407	1
2545	1599	1
21	1094	1
425	1096	1
7318	9852	1
2080	2081	1
8707	3170	1
9210	12814	1
13894	12856	1
11259	4445	1
3170	8707	1
13538	11540	1
11630	4260	1
13353	8763	1
3578	6635	1
4216	11025	1
1897	8680	1
8836	8886	1
1134	13538	1
7338	5857	1
14076	12712	1
12732	9581	1
14073	4146	1
3578	6379	1
10376	11407	1
8877	8461	1
4227	3949	1
13273	12174	1
13881	13144	1
5121	5120	1
4260	11630	1
628	8935	1
4250	3949	1
11069	7213	1
3578	6251	1
11311	1886	1
2185	13146	1
2912	3949	1
2641	2895	1
1096	425	1
12203	12095	1
4506	6062	1
3547	2457	1
11161	12624	1
12456	5301	1
5354	7209	1
3043	4507	1
9342	7020	1
1072	2019	1
12467	12870	1
13059	6439	1
14077	14077	1
878	3056	1
3743	1921	1
6052	2677	1
441	10152	1
9488	4334	1
4334	9488	1
2230	10152	1
12624	11161	1
5715	6089	1
980	5481	1
6457	5798	1
6533	7791	1
1635	10152	1
3138	5581	1
3943	3949	1
7767	3949	1
9686	9268	1
9041	3077	1
11618	3840	1
5929	5951	1
1897	3949	1
3578	7332	1
10054	12671	1
1469	3949	1
3087	5354	1
7209	5354	1
6352	3949	1
1441	788	1
778	764	1
5307	7025	1
22	23	1
10335	10469	1
1011	1902	1
12203	13030	1
8935	628	1
10320	3633	1
1810	4147	1
14049	764	1
3578	13030	1
1282	788	1
13266	7360	1
13215	4195	1
5584	3487	1
13756	1582	1
8886	8836	1
4589	11527	1
764	14049	1
29	23	1
4696	6577	1
11048	5372	1
21	4893	1
6446	9567	1
5419	4100	1
6899	328	1
476	1368	1
12713	9816	1
950	3696	1
11618	11719	1
9022	7213	1
10891	13193	1
4523	5054	1
5715	4983	1
741	416	1
5952	9769	1
3921	7732	1
1094	7732	1
6446	8609	1
4983	5715	1
3253	908	1
6994	6564	1
13942	13942	1
10743	2349	1
11512	3446	1
10891	10093	1
4210	3623	1
12887	631	1
14078	1451	1
6704	2125	1
6577	4696	1
1451	14078	1
7548	75	1
795	416	1
21	4422	1
12787	5553	1
692	3650	1
8222	4708	1
291	2202	1
3849	5496	1
12624	13367	1
9133	4007	1
8512	7402	1
1571	974	1
12912	12263	1
5485	3561	1
13367	12624	1
4287	4007	1
3138	13938	1
13474	2651	1
9470	6624	1
6898	6624	1
9604	8071	1
5981	6155	1
5372	6624	1
13144	13881	1
13538	6646	1
12336	8967	1
2820	2374	1
8017	6297	1
8512	8320	1
13433	2548	1
6982	13734	1
13649	13016	1
8210	9275	1
7602	2912	1
3263	12107	1
2894	3487	1
6637	9300	1
730	1452	1
627	628	1
13706	13508	1
13691	13691	1
2483	5382	1
477	4785	1
2596	2812	1
5222	9273	1
1787	14079	1
313	314	1
2135	3996	1
5227	8614	1
10350	13367	1
1666	3949	1
10285	6906	1
2590	4270	1
5729	13749	1
6637	6987	1
11618	1081	1
4100	5419	1
4270	2590	1
13	30	1
4569	1055	1
6062	4506	1
5798	5798	1
11783	5368	1
9872	12546	1
9612	5735	1
2894	2634	1
13802	5792	1
2445	1379	1
13674	13674	1
8512	5748	1
5481	980	1
5037	5037	1
6646	13538	1
13146	2185	1
1689	2426	1
11540	13538	1
7604	7604	1
2884	2010	1
3696	950	1
1874	6508	1
485	1302	1
8499	10715	1
13373	3353	1
9995	293	1
3063	6502	1
9690	9773	1
1155	2109	1
267	9921	1
13969	13567	1
6419	9200	1
5922	5	1
1481	9727	1
987	642	1
2106	2506	1
3855	2422	1
2506	2106	1
3578	7446	1
1491	1135	1
4806	5408	1
5798	6457	1
8323	8322	1
6446	5560	1
5977	835	1
1749	1772	1
4851	5388	1
9722	2611	1
7739	13900	1
1689	1690	1
9404	6424	1
7452	7988	1
1832	5409	1
6906	10285	1
14062	6414	1
9727	1481	1
4147	1810	1
2611	9722	1
5282	6869	1
4888	439	1
4362	5856	1
6167	4090	1
6782	2403	1
293	9995	1
7265	9957	1
13538	1134	1
14009	9584	1
21	388	1
314	313	1
8379	12197	1
13900	1134	1
7432	8139	1
4706	4707	1
4303	3400	1
6284	9223	1
9804	8697	1
4654	5051	1
11068	5503	1
627	7989	1
10390	8205	1
3852	4159	1
7126	2260	1
5566	1534	1
6321	2260	1
2163	1099	1
4948	5943	1
974	2118	1
8763	12134	1
8600	9235	1
13737	5892	1
3522	8613	1
11650	7932	1
11751	8336	1
737	14051	1
666	1766	1
13989	5684	1
13130	6564	1
12134	8763	1
11514	9966	1
9402	9452	1
7732	3921	1
4360	10506	1
9105	6564	1
7338	4206	1
10507	9067	1
2390	5924	1
4439	7213	1
4801	7213	1
4777	3395	1
12107	3263	1
1930	4489	1
8899	6649	1
7831	12456	1
13213	13404	1
9083	11258	1
134	3671	1
6334	6334	1
3582	238	1
5564	11258	1
13032	11851	1
8144	10374	1
9880	12336	1
21	4930	1
2422	3855	1
3489	3502	1
5014	1472	1
12456	7831	1
6446	4666	1
7450	8609	1
2260	6321	1
7338	4555	1
8651	7012	1
2375	466	1
357	10341	1
13316	14080	1
5028	7090	1
9325	11194	1
9452	9402	1
10890	7340	1
5365	4084	1
6446	6234	1
9328	1800	1
3056	878	1
14031	11689	1
5735	9612	1
3623	3307	1
9158	10069	1
7345	12508	1
11445	11565	1
12336	9880	1
11826	14039	1
1516	13744	1
2954	9562	1
4983	4763	1
6985	3479	1
5526	4221	1
7781	5068	1
7098	5642	1
6113	9997	1
3741	6530	1
11258	9083	1
9375	9374	1
7318	7319	1
8102	8103	1
11390	3058	1
11917	5948	1
12197	8379	1
11943	14069	1
6944	5708	1
2018	7325	1
13962	5382	1
14049	2811	1
5642	13734	1
11530	11691	1
11565	11445	1
11783	7930	1
6982	5817	1
11151	11445	1
10469	10335	1
3353	13373	1
1897	12340	1
7090	5028	1
14075	14081	1
5062	625	1
1132	1132	1
4250	2912	1
4334	1238	1
13599	8924	1
2912	4250	1
5708	6944	1
455	6642	1
4313	3403	1
6552	8037	1
13335	253	1
3479	6985	1
12671	10054	1
5206	3382	1
4653	8824	1
1608	12482	1
1933	2904	1
14075	9723	1
328	6899	1
11007	11170	1
5497	5498	1
13978	13978	1
906	8934	1
62	54	1
12932	12932	1
10304	14082	1
8934	906	1
13367	10350	1
13006	5762	1
5423	8512	1
4175	8123	1
13900	7739	1
4362	5411	1
12580	7481	1
4949	8512	1
3666	1745	1
5630	6903	1
14083	14083	1
5684	13989	1
9327	8037	1
9193	3577	1
4707	4706	1
8937	3438	1
1958	5495	1
477	14084	1
7225	13268	1
14085	14086	1
4084	2017	1
12277	10025	1
13261	8049	1
6259	5217	1
3934	2017	1
439	4888	1
9488	9193	1
5376	42	1
23	29	1
12197	7178	1
3992	5503	1
2677	6052	1
1456	3723	1
12561	7686	1
10615	13123	1
13266	13266	1
7360	13266	1
12110	6564	1
758	759	1
2842	4726	1
2698	6727	1
13404	11296	1
5463	1921	1
11799	11800	1
11810	11755	1
8402	13213	1
9808	10083	1
13474	3897	1
8083	8083	1
6624	6898	1
