12743	12587	1
1667	5414	1
10479	9824	1
12587	12743	1
6181	5513	1
7382	7382	1
1237	5678	1
10411	8071	1
8280	5325	1
2281	7480	1
1010	3532	1
4037	6307	1
1427	2315	1
11762	7125	1
159	2712	1
2420	1556	1
8903	10778	1
9102	9165	1
8071	10411	1
8312	5388	1
9897	10783	1
5325	8280	1
5863	4408	1
1556	2420	1
3555	7195	1
3567	10293	1
48	2804	1
10351	9276	1
5482	4113	1
4377	5145	1
6562	10685	1
10232	5584	1
2942	2869	1
7340	6357	1
8301	13229	1
11702	490	1
13401	13401	1
13223	13223	1
6267	12899	1
12313	2611	1
820	3279	1
2873	4930	1
13858	13858	1
3784	3783	1
6243	11831	1
7788	7788	1
4034	3512	1
13776	12371	1
11831	6243	1
4360	13626	1
12936	11844	1
8052	3284	1
13360	13609	1
9897	12381	1
344	1097	1
7106	1269	1
4881	449	1
8990	2116	1
2804	48	1
10108	13247	1
1456	3949	1
13247	10108	1
9742	8366	1
1269	7106	1
3695	5712	1
7209	5354	1
5176	5977	1
1456	4227	1
4227	1456	1
7012	8506	1
4944	5354	1
6267	1064	1
2873	6301	1
8763	12134	1
8587	11967	1
635	1872	1
13598	13083	1
441	7204	1
2256	2712	1
6213	1599	1
601	6609	1
8799	6609	1
952	7042	1
5581	858	1
1599	6213	1
3950	6319	1
5653	8069	1
10611	8903	1
6513	13859	1
13784	10547	1
4881	1630	1
13408	8903	1
10814	8903	1
9735	9250	1
8451	2886	1
13860	11228	1
11228	13860	1
9	3501	1
5705	3186	1
13014	3186	1
3186	7813	1
8216	9718	1
12587	6846	1
4408	5863	1
10611	6507	1
905	564	1
6211	5240	1
5972	13809	1
10098	4102	1
837	3196	1
1506	4602	1
4102	10098	1
4881	3196	1
8935	6380	1
2234	12421	1
9356	8579	1
2662	11113	1
4227	3723	1
7668	13653	1
13405	12131	1
13737	10620	1
1018	5458	1
5485	3561	1
8280	7798	1
4025	2666	1
12344	5789	1
9132	9084	1
6513	2914	1
1163	2914	1
1064	12899	1
3532	1010	1
1284	6023	1
6816	2914	1
10764	6613	1
4755	11973	1
2532	5822	1
11751	7543	1
13157	13157	1
5366	12779	1
9383	11243	1
11243	9383	1
12481	12481	1
2325	13292	1
5513	6181	1
7895	11164	1
11792	4580	1
7813	10904	1
11472	13567	1
692	2962	1
10547	13784	1
12123	13829	1
1411	5166	1
5854	13829	1
9258	9258	1
13289	7228	1
13408	13408	1
12649	12731	1
11455	3581	1
11472	12009	1
2234	4757	1
2043	681	1
12134	12432	1
12502	10335	1
6105	4179	1
8372	13861	1
9100	7143	1
5414	4789	1
1756	5812	1
1062	2109	1
2234	1126	1
12587	6804	1
8222	10173	1
6119	6615	1
7936	1349	1
2234	10200	1
6334	6562	1
5678	1237	1
12511	13862	1
10843	13862	1
13863	5065	1
2234	6657	1
12541	1605	1
5524	3078	1
7228	13289	1
12174	5729	1
9170	11646	1
2873	3121	1
5715	5711	1
7858	6107	1
4511	13	1
1368	1625	1
594	13	1
7455	9076	1
13178	12682	1
4763	4983	1
10480	11628	1
13261	12997	1
10685	6562	1
11886	12015	1
2234	4548	1
3122	11100	1
4036	5248	1
13864	13864	1
5670	5248	1
12174	11918	1
1713	3828	1
5296	1517	1
4317	5719	1
1407	10355	1
11201	5922	1
3555	10531	1
1788	2005	1
10569	10568	1
3258	7602	1
564	905	1
7062	6840	1
13801	13821	1
13851	7108	1
2622	2059	1
5847	11579	1
13809	5972	1
4580	11792	1
12009	11472	1
5354	7209	1
4011	59	1
5281	9230	1
13567	11472	1
10764	2651	1
12174	6218	1
6183	5008	1
7602	3258	1
4926	11631	1
10330	7868	1
1220	985	1
543	616	1
5393	9272	1
7020	9342	1
4120	4816	1
11661	9456	1
13865	13865	1
12544	7868	1
1005	920	1
8903	11797	1
5415	11297	1
10335	11514	1
12587	11767	1
1499	9592	1
12587	5598	1
6043	6044	1
3491	4979	1
13653	7668	1
13187	13187	1
2234	2427	1
13088	447	1
9084	10742	1
9067	6975	1
2234	3401	1
8819	10742	1
11514	10335	1
6657	3401	1
321	2153	1
2234	3010	1
7712	7712	1
3287	585	1
3783	3784	1
6218	5793	1
2429	2448	1
8990	6243	1
4213	940	1
3671	6377	1
13770	7672	1
10764	5227	1
4741	5210	1
2234	3119	1
13822	5958	1
9918	3475	1
2611	9722	1
4881	6577	1
5958	13822	1
5008	6183	1
5353	8609	1
2234	4163	1
2820	13563	1
3405	3404	1
10764	9404	1
6055	4135	1
4163	1509	1
5904	4135	1
384	4606	1
1509	4163	1
1742	2083	1
3184	5503	1
737	1081	1
7615	7423	1
1081	737	1
7215	7625	1
13083	13598	1
4355	13866	1
6540	7423	1
3004	7086	1
7098	5642	1
6768	9498	1
1933	1266	1
10116	1928	1
8195	13031	1
2234	2492	1
2878	2844	1
13751	7086	1
460	13862	1
1791	6525	1
6549	6549	1
2646	3723	1
5977	5176	1
4881	6722	1
11517	3004	1
1599	2545	1
13048	12285	1
8609	5353	1
7235	4555	1
4983	4763	1
12908	5942	1
3741	12657	1
1516	13744	1
12371	13776	1
4855	3078	1
13839	393	1
5111	3723	1
7813	3186	1
12587	13183	1
13685	10651	1
7986	12970	1
5871	2341	1
1248	2335	1
13787	6363	1
7780	7884	1
11734	8749	1
696	11067	1
7514	8749	1
2611	10715	1
13867	8749	1
12323	8749	1
4164	1647	1
2873	8688	1
1284	12546	1
971	611	1
5210	4741	1
5248	4036	1
8688	2873	1
3752	3752	1
3849	5859	1
7703	8247	1
13744	1516	1
1900	4029	1
13012	13012	1
5563	9173	1
12082	2109	1
7884	7780	1
12111	10561	1
13676	13048	1
8903	10814	1
266	265	1
11455	3297	1
10183	8705	1
414	7733	1
13519	6357	1
4180	400	1
11310	2087	1
5984	6357	1
13868	13868	1
8006	8005	1
9728	216	1
13694	13826	1
13553	10620	1
9644	10620	1
4447	8365	1
5372	8899	1
12254	7779	1
3512	4034	1
11967	8587	1
6901	7639	1
11918	12174	1
5401	3047	1
7680	3210	1
10659	7680	1
5729	12174	1
4227	3949	1
6218	12174	1
2962	692	1
12488	6357	1
10568	10569	1
2228	5977	1
3658	6357	1
4247	3059	1
4312	8173	1
8083	11168	1
5812	1756	1
9467	13869	1
2818	13870	1
6513	2379	1
1215	1998	1
1786	1756	1
13713	6185	1
8206	7002	1
12432	12134	1
3210	7680	1
12587	5717	1
12970	7986	1
3775	6185	1
564	4119	1
8172	7558	1
13871	2383	1
13872	6128	1
11344	10742	1
12011	3200	1
6357	13519	1
10639	12533	1
8639	12533	1
845	12533	1
6395	12533	1
6319	3950	1
906	8934	1
10826	8695	1
190	95	1
13826	13694	1
2234	3801	1
13873	8415	1
12220	12220	1
6007	380	1
3047	5401	1
9719	4632	1
5091	424	1
3404	3405	1
1352	380	1
3121	2479	1
8172	8967	1
11111	3865	1
3297	11455	1
314	5753	1
1756	1786	1
13874	4406	1
2646	3944	1
1188	1428	1
10764	2461	1
11817	11932	1
1506	4788	1
380	1352	1
4788	1506	1
3405	6769	1
2672	3225	1
7762	6902	1
2012	6902	1
10620	13553	1
13875	2840	1
5286	12758	1
3567	4163	1
13870	2818	1
6628	5047	1
13787	6346	1
5047	6628	1
8247	7703	1
9084	9132	1
5642	3561	1
11201	5	1
4570	4571	1
11297	5415	1
8141	2873	1
5085	5870	1
689	8057	1
7319	7318	1
3950	5230	1
12773	10754	1
5321	3499	1
13219	12671	1
2662	2116	1
12587	2116	1
3852	5633	1
11060	6228	1
6228	11060	1
4538	10132	1
3699	447	1
5762	6068	1
13636	287	1
1786	13622	1
262	1361	1
6185	3775	1
2480	12340	1
2234	3383	1
9584	680	1
10626	3270	1
6843	10488	1
1810	11447	1
12568	6282	1
6282	12494	1
4345	4346	1
8415	8415	1
10611	8260	1
8152	8162	1
11127	9798	1
4965	3240	1
1928	10116	1
2203	8415	1
8162	8152	1
9722	2611	1
11387	3479	1
2448	1097	1
6985	3479	1
9276	7409	1
6128	13872	1
10488	6843	1
1749	1750	1
8934	906	1
4029	1900	1
8415	2203	1
10876	11503	1
5351	877	1
769	4184	1
5382	877	1
877	5351	1
4366	9017	1
3950	9314	1
13876	6893	1
3240	4965	1
1469	3723	1
3479	6985	1
5870	5085	1
5796	4876	1
2448	2429	1
3555	3964	1
9314	3950	1
4881	7318	1
11530	11691	1
4800	3773	1
10900	1647	1
7145	7780	1
2678	173	1
8412	9139	1
5532	728	1
4836	4950	1
4346	4345	1
12097	12239	1
7517	11111	1
4948	5943	1
7780	3445	1
3555	4603	1
7625	7215	1
1237	1323	1
4938	4937	1
3438	10226	1
10695	10226	1
2485	10226	1
6437	7722	1
13583	9479	1
13877	6113	1
11631	4926	1
2234	5489	1
12899	13392	1
6962	8533	1
5817	5028	1
13878	5966	1
2203	1709	1
7318	7319	1
7338	3523	1
5378	1921	1
7680	10659	1
3820	6279	1
2652	6584	1
12661	12661	1
13048	10240	1
6417	9611	1
10877	10240	1
503	4196	1
11111	5684	1
12292	7030	1
7810	4346	1
13213	5888	1
13215	4195	1
4196	503	1
8749	13867	1
3100	9620	1
8124	13867	1
3743	5791	1
12706	13867	1
12713	13867	1
5381	10387	1
13808	13867	1
9487	13460	1
5033	5017	1
13869	9467	1
2234	4057	1
12587	6782	1
2265	3632	1
3970	9159	1
874	28	1
13879	202	1
9239	3202	1
4577	5039	1
13219	7448	1
3202	9239	1
4289	997	1
2335	6266	1
3954	4057	1
13880	13770	1
7403	7404	1
7108	3545	1
8990	8992	1
12991	6037	1
6037	12991	1
3555	3171	1
3177	11113	1
8899	5372	1
2651	3111	1
3450	5090	1
3111	2651	1
3662	4221	1
13803	10808	1
1039	5533	1
3302	515	1
10808	13803	1
3964	12706	1
8929	6187	1
8640	3358	1
6962	13881	1
5943	6037	1
4688	7804	1
6333	8896	1
7798	8280	1
12706	3964	1
2237	2517	1
10183	11820	1
9611	6417	1
2399	5750	1
6769	3405	1
10620	9644	1
12599	11351	1
8944	3994	1
7922	7345	1
7660	816	1
9374	9375	1
10808	10808	1
8654	13373	1
13882	4320	1
828	9375	1
5711	5715	1
10293	3615	1
4881	8690	1
11852	11852	1
7163	12249	1
5097	10815	1
7722	6437	1
5799	5388	1
9541	5977	1
8524	6437	1
10815	5097	1
11175	11175	1
13574	1750	1
5054	4829	1
9367	9368	1
28	874	1
8899	3753	1
4418	11182	1
13215	3810	1
8990	2115	1
9735	10582	1
5028	5817	1
7143	9100	1
11111	7517	1
10132	4538	1
