7082	5047	1
8929	5008	1
13892	6784	1
9314	3950	1
4360	9556	1
4318	13787	1
10736	11562	1
1243	1209	1
12304	13367	1
13868	12258	1
854	13072	1
2192	11956	1
2749	488	1
5904	5374	1
9193	10094	1
5008	8929	1
13367	12304	1
788	1282	1
10350	13919	1
3826	5318	1
3450	5047	1
9381	6987	1
1922	110	1
13957	6556	1
12654	6564	1
3109	5374	1
11956	2192	1
4084	2017	1
12758	5150	1
13741	8625	1
5027	2308	1
5357	10654	1
5893	5047	1
10177	692	1
627	6034	1
2700	4240	1
996	1380	1
5047	5893	1
8836	8886	1
1406	996	1
1380	996	1
1209	1243	1
13787	13958	1
5366	12779	1
705	1243	1
13958	13787	1
7902	13959	1
12344	5789	1
11594	13946	1
13494	11565	1
4240	2700	1
11565	13494	1
3288	3287	1
3923	13911	1
10569	12650	1
3287	3288	1
737	1081	1
9174	7780	1
3445	7780	1
7780	9174	1
4145	8415	1
2894	186	1
11466	10511	1
13960	7452	1
4380	710	1
1081	9409	1
7452	13960	1
8876	6513	1
10302	10302	1
4020	6897	1
2017	4084	1
2691	13069	1
9404	8024	1
2776	5271	1
9248	13710	1
3480	5762	1
257	6317	1
3182	6859	1
13710	9248	1
2653	6251	1
13367	8290	1
2478	5404	1
5404	2478	1
5286	5285	1
3479	1566	1
3203	1378	1
5750	5043	1
4689	5043	1
1209	705	1
3077	9041	1
8621	7453	1
1176	10340	1
2829	7654	1
12748	1010	1
12816	8290	1
13367	4206	1
905	1372	1
5952	9769	1
4505	4506	1
4094	12336	1
4939	13710	1
3871	1800	1
3499	6128	1
8024	9404	1
12500	13961	1
10815	5097	1
1933	1266	1
386	1933	1
5382	2483	1
13962	2483	1
8415	2203	1
2203	8415	1
6934	10353	1
3647	13963	1
4485	9790	1
5424	12898	1
3020	11675	1
28	8174	1
9754	8710	1
9594	6790	1
10268	13959	1
3265	6200	1
1987	9371	1
719	4301	1
3880	3849	1
3849	3880	1
6637	6987	1
2873	8688	1
13159	9453	1
7229	7204	1
4401	1444	1
4571	4488	1
5360	3082	1
12148	6005	1
6005	6005	1
13123	10615	1
3988	238	1
1592	8019	1
5435	4032	1
3111	4134	1
11514	11514	1
6977	13571	1
13950	10900	1
5579	5580	1
1647	10900	1
9754	3475	1
1407	10355	1
3614	214	1
4404	4398	1
5573	4828	1
8322	7326	1
13021	13219	1
7727	6322	1
11144	2985	1
12263	12649	1
5688	6578	1
5600	7861	1
387	1184	1
6901	12540	1
9251	13964	1
3753	8899	1
6689	8899	1
7017	9248	1
10353	8616	1
5372	8899	1
3404	3405	1
11689	9248	1
4145	8002	1
4170	8948	1
11595	777	1
11135	9248	1
3514	1339	1
7764	3768	1
6539	314	1
3286	3123	1
1250	5241	1
4836	4950	1
1884	7145	1
1716	1716	1
1282	788	1
7916	7145	1
10061	6560	1
6556	13957	1
8899	6689	1
5347	1772	1
6351	6039	1
5047	3763	1
5693	6211	1
5678	6039	1
10615	13123	1
1509	1009	1
93	4259	1
7179	13965	1
2129	11610	1
1742	1565	1
3575	11026	1
1370	5227	1
4145	6265	1
13821	13801	1
12918	2275	1
1740	1381	1
9904	11628	1
13018	663	1
4838	422	1
6997	9523	1
8208	13932	1
5979	6977	1
5635	6039	1
9477	6039	1
1451	1452	1
13966	13967	1
13939	13939	1
11026	3575	1
4950	4836	1
5088	579	1
1010	12748	1
1449	766	1
12986	11628	1
13021	6352	1
3479	3480	1
8506	6320	1
2102	12855	1
13483	12855	1
13164	12025	1
5285	5286	1
2376	2488	1
5762	3480	1
10420	4950	1
6513	8876	1
13737	10620	1
13968	13835	1
13528	4650	1
13960	4092	1
3450	2284	1
8445	1548	1
13737	12732	1
1800	3871	1
3304	4469	1
1782	9587	1
6309	10682	1
4073	2138	1
13292	2325	1
11164	9066	1
11729	8880	1
12732	13737	1
10620	13737	1
12082	2109	1
10396	13466	1
13801	13821	1
9621	2138	1
10843	13862	1
4216	11025	1
7089	12318	1
6489	1997	1
1853	7372	1
242	241	1
9541	6836	1
8194	9104	1
7175	9365	1
8948	4170	1
3187	1407	1
936	12116	1
6122	6122	1
5424	8975	1
1900	8975	1
11128	11552	1
9966	8975	1
4258	7372	1
6322	4506	1
7727	4506	1
24	67	1
11766	11431	1
4277	5109	1
13367	12624	1
13274	496	1
2376	2652	1
3446	11512	1
8625	13741	1
13969	13567	1
11552	11128	1
13567	12009	1
1103	10496	1
10682	13970	1
6247	5717	1
11205	9026	1
777	11595	1
5241	1250	1
12009	13567	1
13806	1232	1
9769	5952	1
2232	768	1
2376	8955	1
3345	11285	1
2335	6266	1
2710	4348	1
3479	5691	1
1568	5952	1
3695	5712	1
13971	13972	1
1347	768	1
2308	5027	1
2376	4873	1
3082	2613	1
6146	5332	1
10235	1647	1
2114	4703	1
1103	4280	1
11762	11010	1
3457	1599	1
13973	3404	1
5354	7209	1
3796	5624	1
11931	6646	1
4318	6646	1
5047	6185	1
9707	623	1
164	6576	1
9431	13974	1
2711	13974	1
13975	13935	1
447	3699	1
3667	3671	1
3475	9754	1
5952	8654	1
8710	9754	1
11203	8446	1
6987	9381	1
8938	8446	1
13147	13974	1
13976	10080	1
8975	5424	1
2051	1558	1
3768	7764	1
10080	13976	1
12095	13974	1
6576	164	1
5177	2084	1
1400	9054	1
6185	5622	1
5694	13977	1
4227	3949	1
13616	2485	1
2232	2332	1
6367	1323	1
2935	835	1
2485	13616	1
10	1359	1
11246	13637	1
6485	7484	1
2112	2113	1
3923	13117	1
7668	9807	1
9428	7104	1
5670	11724	1
2348	2349	1
12865	13729	1
3361	11960	1
11959	11960	1
2080	13033	1
3924	13117	1
2325	13292	1
13628	13117	1
1338	5660	1
13974	13147	1
2376	1517	1
9365	7423	1
4138	3295	1
13418	11561	1
13567	11472	1
6977	5979	1
12870	7336	1
2376	2427	1
9695	9807	1
1096	1517	1
13978	13978	1
2376	2651	1
4708	8031	1
2562	4018	1
835	2935	1
6357	5860	1
1096	425	1
11255	8140	1
6193	9369	1
1647	4164	1
5581	13938	1
6155	1323	1
1791	926	1
5791	3743	1
1667	5414	1
13979	13864	1
2646	6507	1
4571	10865	1
4250	2912	1
10605	5870	1
11530	11691	1
1980	13974	1
2696	13048	1
3479	6883	1
10682	6309	1
8498	9018	1
9239	3741	1
2912	4250	1
4461	4263	1
11762	2735	1
13117	13628	1
12249	1935	1
13770	7952	1
12624	13367	1
12514	7686	1
2232	4974	1
1935	12249	1
2268	13980	1
3499	5321	1
4523	5054	1
4051	5994	1
2735	11762	1
13974	12095	1
543	7680	1
561	562	1
11737	12133	1
13981	13957	1
5570	8935	1
11010	11762	1
4259	93	1
6265	11762	1
9374	8721	1
8446	8938	1
13953	13273	1
7345	9693	1
8792	13982	1
4163	13092	1
2601	2602	1
11164	7895	1
6506	5934	1
8538	11650	1
11472	13567	1
6447	4362	1
1832	46	1
6301	3240	1
13864	13979	1
9456	10753	1
3138	5180	1
6545	12340	1
11762	6265	1
2611	6245	1
13835	13968	1
5602	8164	1
8538	8600	1
6322	10898	1
13983	13983	1
1716	10844	1
11625	12296	1
13970	10682	1
1897	12340	1
3763	5047	1
9670	6811	1
11618	2091	1
6185	5047	1
13602	6454	1
7452	7988	1
2376	3833	1
13806	10645	1
1323	6367	1
3479	8903	1
4571	8698	1
13273	13953	1
1810	4147	1
12354	6354	1
7988	7452	1
9807	7668	1
4207	5248	1
8251	4538	1
3479	11387	1
7299	631	1
4118	4342	1
8903	11387	1
6787	4801	1
9248	11135	1
1391	11868	1
4427	4428	1
1839	6513	1
3479	12496	1
926	1791	1
9365	7175	1
13984	12496	1
562	561	1
110	1922	1
10764	11210	1
6414	4555	1
6811	9670	1
6532	7535	1
13985	6898	1
4198	4814	1
3875	4582	1
1103	531	1
6251	7025	1
5273	5273	1
8127	4221	1
12340	6545	1
7272	7272	1
5234	4939	1
1407	3187	1
13973	10568	1
6827	6828	1
12336	4094	1
5485	13734	1
12565	6513	1
11687	7780	1
7087	13986	1
6413	7736	1
11205	8505	1
2376	11563	1
6414	5824	1
164	5468	1
3315	13851	1
11588	13974	1
4801	6787	1
5926	5468	1
2766	2153	1
4032	5435	1
10844	1716	1
7736	6413	1
11467	10742	1
9066	11164	1
7895	11164	1
6414	1897	1
4256	4255	1
5266	1619	1
7861	5600	1
653	653	1
7680	543	1
3240	2691	1
13851	3315	1
13964	9251	1
3737	13593	1
3667	4379	1
4029	1897	1
9569	2960	1
6039	6351	1
12340	1897	1
5977	2585	1
13367	12285	1
9874	2960	1
6788	6564	1
12553	1897	1
6869	7119	1
8619	10738	1
5054	4523	1
5671	9136	1
12977	12977	1
1250	764	1
4147	1810	1
764	1250	1
7307	3855	1
9070	11547	1
3261	2735	1
10174	13421	1
9617	9617	1
13117	13117	1
5097	10815	1
1956	3461	1
3950	9314	1
2282	3181	1
8164	5602	1
6245	2611	1
11547	9070	1
6864	7328	1
5043	4689	1
2585	5977	1
4890	3849	1
7209	5354	1
10546	7741	1
5678	9409	1
561	7254	1
7718	8993	1
10455	12718	1
8402	13213	1
4328	5902	1
8924	8925	1
6216	371	1
13956	13839	1
6193	8820	1
7980	8820	1
6562	6699	1
5248	4207	1
7952	8820	1
5754	10904	1
7801	3817	1
2021	12561	1
3817	7801	1
4366	12561	1
3849	4890	1
8222	10570	1
5856	10570	1
7452	10511	1
10511	7452	1
9248	7017	1
13976	7739	1
2802	4525	1
9785	5191	1
10570	8222	1
314	6539	1
3560	2907	1
483	9275	1
2011	2110	1
1543	744	1
2985	11144	1
11387	3479	1
2376	1188	1
1274	10421	1
4227	5111	1
6564	6788	1
4428	4427	1
7145	7916	1
3457	13987	1
7254	561	1
3871	1962	1
3170	8707	1
11644	10658	1
1193	8816	1
6788	4113	1
1372	3230	1
1727	13988	1
10667	8162	1
2259	2259	1
4329	3244	1
2675	8707	1
164	4025	1
8019	1592	1
10920	5874	1
7739	1134	1
906	1266	1
9977	747	1
4949	12051	1
4650	13528	1
4257	2364	1
13869	13989	1
3479	11031	1
9366	4069	1
4647	4069	1
1134	7739	1
164	391	1
13990	12395	1
8162	10667	1
4408	5874	1
6079	11164	1
5796	5874	1
13959	7902	1
12656	5142	1
13806	8640	1
1250	3232	1
8505	11205	1
6414	7157	1
11324	906	1
13213	5888	1
7739	13976	1
2376	1937	1
13974	11588	1
1897	12553	1
6352	5874	1
6021	5874	1
13117	13557	1
5022	13991	1
5111	4227	1
11783	13992	1
3560	5636	1
10706	10250	1
1103	1461	1
1647	13950	1
4863	5636	1
4348	2710	1
10765	11817	1
4200	3630	1
12561	7686	1
6765	4384	1
11807	7764	1
13557	13117	1
4742	5271	1
6322	6357	1
3943	4227	1
9104	8194	1
13905	13906	1
3732	5918	1
3177	2902	1
2232	3313	1
11031	3479	1
6804	4320	1
13993	13994	1
11628	7130	1
2657	5697	1
8824	6448	1
6646	4318	1
10746	3483	1
13092	4163	1
8141	3347	1
13787	4318	1
5566	4318	1
3353	13373	1
4907	3270	1
3056	6829	1
8399	906	1
10420	4836	1
2232	2765	1
1897	8680	1
9069	12732	1
9276	10351	1
95	3917	1
4069	4647	1
4241	7443	1
4317	4318	1
3667	3869	1
5281	6103	1
9736	4318	1
9924	4318	1
7442	4241	1
8925	8924	1
2636	1022	1
10351	9276	1
6211	5693	1
9568	9816	1
2376	2492	1
8071	7013	1
383	9335	1
7141	11905	1
3068	996	1
11579	5847	1
11758	8421	1
6237	11052	1
11610	2129	1
3400	4519	1
7249	11052	1
4238	2580	1
11728	3347	1
531	466	1
1243	5671	1
1103	690	1
9709	8207	1
13988	1727	1
3270	2436	1
3921	10153	1
8903	6934	1
4610	4484	1
4240	2701	1
10327	10576	1
3917	95	1
5870	10605	1
8363	8599	1
2700	2701	1
5897	7487	1
12100	12936	1
1781	4199	1
1022	2636	1
12664	12650	1
2000	7900	1
6322	10379	1
5581	2496	1
3689	4555	1
13992	11783	1
6591	8093	1
1188	3490	1
4844	4844	1
2376	2167	1
6322	2167	1
5206	5142	1
2192	12295	1
12540	6901	1
11427	11033	1
5715	4561	1
6789	8093	1
9390	8228	1
5287	4561	1
439	4888	1
4763	4561	1
4983	4561	1
13995	13995	1
5227	6954	1
2483	4561	1
4485	4561	1
5266	4561	1
1584	4561	1
259	3642	1
13996	12006	1
4506	6322	1
10898	6322	1
2870	1094	1
6357	6322	1
10379	6322	1
3479	5326	1
5497	5498	1
13787	6363	1
9452	9402	1
13997	692	1
5382	877	1
2337	12281	1
8700	6562	1
2433	2588	1
2153	2766	1
11972	12371	1
2895	2641	1
4376	2641	1
2669	6686	1
3240	6301	1
8579	8228	1
12219	5155	1
4134	3111	1
8204	2618	1
7973	12195	1
10677	7901	1
3244	4329	1
6294	4777	1
877	5382	1
5047	3450	1
10605	10651	1
380	1558	1
9094	9153	1
13685	10651	1
1459	2712	1
10651	10651	1
8975	9966	1
2376	4368	1
3082	5495	1
9198	13618	1
13618	9198	1
8654	5952	1
12802	10896	1
2932	2888	1
8207	9709	1
1064	3502	1
950	3696	1
6642	4426	1
6414	5857	1
12861	8451	1
1619	5266	1
922	2651	1
3696	950	1
3493	4368	1
24	243	1
10651	13685	1
13806	4351	1
2588	8668	1
11033	11427	1
2232	10978	1
13373	3353	1
6414	5782	1
5391	11608	1
12487	3358	1
3085	6289	1
8228	9390	1
1872	4577	1
190	203	1
4226	11681	1
510	13665	1
