5419	5537	1
1656	3999	1
10488	6843	1
5167	2028	1
13918	13918	1
4336	9697	1
5768	5570	1
4250	2912	1
2611	10715	1
4457	564	1
13889	3382	1
3607	391	1
2161	9697	1
4437	4980	1
5395	2595	1
861	437	1
459	2595	1
12239	2611	1
8999	8320	1
391	3607	1
7231	5783	1
8007	10285	1
4267	1702	1
4051	5994	1
5047	2959	1
4532	4533	1
863	864	1
564	864	1
12487	3358	1
9277	6377	1
4492	6545	1
12802	13919	1
3503	5288	1
7413	8611	1
6658	10126	1
3726	925	1
2407	2700	1
3951	5230	1
13920	1631	1
5847	5022	1
4708	8222	1
13772	624	1
7863	5849	1
3240	6301	1
6576	6513	1
4030	8330	1
1740	3704	1
9375	9374	1
547	6183	1
6513	6576	1
2909	10761	1
7450	4241	1
7863	7158	1
7002	6377	1
1702	798	1
3726	8342	1
9962	5482	1
13902	6883	1
6183	547	1
6671	13902	1
4113	5482	1
4416	13404	1
11296	13404	1
3704	1740	1
902	706	1
2532	5822	1
5043	5750	1
1740	4780	1
11982	13907	1
914	5987	1
9041	3077	1
5750	5043	1
6218	8049	1
2976	6978	1
5911	6700	1
6414	10807	1
5762	5223	1
7453	8621	1
3348	3349	1
9759	4241	1
1839	6513	1
2611	12239	1
13130	13130	1
13404	4416	1
6454	7894	1
10582	9735	1
5482	4113	1
6977	8773	1
10172	10172	1
7813	10614	1
4569	5066	1
7291	8774	1
2433	4851	1
11113	8739	1
4113	6788	1
11466	12776	1
59	4011	1
13892	12308	1
12170	3561	1
5084	10236	1
3555	9689	1
13921	8903	1
6843	10488	1
9381	6987	1
6934	8903	1
5549	1195	1
7241	4251	1
10363	7309	1
1554	5757	1
7688	7672	1
4106	5691	1
9629	8208	1
9488	4649	1
8295	8425	1
13076	13076	1
13392	12899	1
4250	6700	1
2102	10273	1
5223	5762	1
4318	9924	1
12340	6545	1
10273	2102	1
7866	3186	1
2148	3186	1
8654	13373	1
13882	4320	1
7894	6454	1
4973	6424	1
8052	3284	1
9924	9924	1
6789	9105	1
3353	7645	1
13922	13923	1
4650	13528	1
1726	668	1
6835	1650	1
12237	7543	1
1498	5500	1
12789	9167	1
6977	13571	1
13924	13114	1
8836	9587	1
6789	7597	1
9834	7028	1
857	2192	1
8962	3576	1
10363	4092	1
13114	13924	1
7448	13219	1
5911	3153	1
13925	13926	1
8425	7334	1
6322	6802	1
13021	13219	1
772	2386	1
5461	4751	1
13926	13927	1
7863	8830	1
13132	13219	1
5215	5216	1
1087	864	1
4572	4757	1
9714	13326	1
1372	624	1
1390	1746	1
12174	5729	1
5952	10699	1
13803	10582	1
4404	4398	1
7727	7154	1
9066	11164	1
11130	13140	1
13928	11038	1
13573	13929	1
2586	1784	1
12890	13214	1
4649	9488	1
1617	1612	1
13821	13801	1
13930	13930	1
11038	13928	1
202	13879	1
6789	3068	1
1187	653	1
13917	5454	1
3349	3348	1
700	13931	1
13772	642	1
987	642	1
5097	10815	1
8460	13932	1
3243	7775	1
572	992	1
4398	4404	1
82	8776	1
7004	4282	1
10807	6414	1
3271	12062	1
4380	2935	1
2138	8776	1
12918	2275	1
13931	700	1
10865	13912	1
3237	422	1
2115	8990	1
4262	1022	1
11468	579	1
6273	4730	1
3176	847	1
7145	7916	1
1546	1858	1
4380	616	1
2116	8990	1
4584	4093	1
8773	6977	1
6718	3343	1
6869	6415	1
13571	6977	1
11164	9066	1
7916	7145	1
2504	3122	1
8776	82	1
5729	12174	1
3726	1469	1
3311	3650	1
4679	5502	1
4380	3210	1
10750	13097	1
13772	13772	1
7853	6337	1
3616	12439	1
3950	4409	1
5684	10581	1
2776	272	1
2701	4240	1
6624	5372	1
4093	4584	1
12396	9949	1
6513	1839	1
5500	1498	1
12739	13266	1
6037	5943	1
5943	6037	1
2776	328	1
4708	8924	1
6138	4576	1
13772	11596	1
13801	13821	1
1187	9413	1
8925	8924	1
10896	12802	1
4755	2446	1
847	3176	1
4251	7241	1
9270	1372	1
12699	6003	1
4380	3316	1
1355	1279	1
5911	7032	1
12009	13567	1
624	1372	1
10737	7997	1
9876	9389	1
1370	5227	1
10122	1279	1
2276	2673	1
7997	10737	1
13926	13925	1
9131	10024	1
5089	13933	1
8654	5952	1
700	9926	1
4708	4555	1
10699	5952	1
13934	13935	1
13936	2741	1
13934	13934	1
5354	7209	1
2076	2910	1
13937	13937	1
11473	8133	1
13483	12855	1
5952	8654	1
7863	5826	1
6987	9381	1
13373	8654	1
1546	9842	1
11002	2452	1
1187	5826	1
705	1243	1
3236	7860	1
3241	5634	1
13935	13934	1
5762	5634	1
1546	5218	1
1175	6556	1
8711	12086	1
1372	5393	1
2504	4063	1
4726	6783	1
8330	4030	1
1451	2877	1
10302	10302	1
2912	5699	1
9830	6183	1
914	13343	1
364	575	1
3795	5566	1
1209	1243	1
7209	5354	1
9697	6183	1
4380	2827	1
6183	9697	1
717	5566	1
4380	4866	1
4432	5566	1
8658	5566	1
4829	5054	1
13311	13538	1
11026	3575	1
9007	3137	1
4983	5715	1
11807	7764	1
3726	7764	1
11758	8421	1
3768	7764	1
13289	12773	1
2580	4238	1
5750	2399	1
2452	11002	1
6624	9262	1
5699	2912	1
777	11595	1
4757	4572	1
5026	5027	1
6415	6869	1
6522	708	1
13906	13905	1
5693	11734	1
3059	2520	1
12010	8844	1
5482	6499	1
2663	3135	1
8707	3170	1
7613	12095	1
10466	1059	1
9541	6836	1
2399	5750	1
2446	4755	1
6789	7903	1
5832	2520	1
8844	12010	1
7940	7262	1
3186	7262	1
11734	5693	1
8740	8741	1
2123	672	1
3137	9007	1
4409	3950	1
9835	2506	1
12010	12010	1
10118	5438	1
8192	6059	1
1631	13920	1
4380	3673	1
1631	13756	1
9089	3453	1
8938	4730	1
10363	8931	1
8896	6333	1
5084	3985	1
1243	705	1
6190	6448	1
2123	1731	1
1372	1731	1
6266	2335	1
3726	6352	1
4241	7450	1
5979	4730	1
5227	1370	1
4171	1055	1
7863	10904	1
7882	11411	1
11052	6237	1
8739	11113	1
6380	8935	1
12383	8935	1
4380	2652	1
4584	4200	1
11762	2735	1
7126	6321	1
1647	4164	1
6321	2652	1
4230	3401	1
4380	1232	1
2652	6321	1
11931	7308	1
7614	10639	1
905	5774	1
4383	5774	1
4216	11025	1
13734	1273	1
5762	3480	1
6357	3658	1
12758	5286	1
3650	3311	1
9550	9550	1
13567	12009	1
7613	8570	1
5286	12758	1
3186	7930	1
2520	3059	1
1666	3949	1
10761	2294	1
5263	8897	1
11628	10480	1
4773	9202	1
5516	2959	1
2725	5774	1
12177	1980	1
3555	8897	1
4708	6513	1
8897	3555	1
2209	2210	1
4730	8938	1
5581	13938	1
10538	8938	1
13325	9022	1
10761	2909	1
11734	8844	1
7022	705	1
4011	59	1
9022	13325	1
8621	7453	1
9007	13325	1
3315	5683	1
992	572	1
5911	2616	1
1701	9550	1
4755	6160	1
6118	5822	1
4257	6648	1
5598	6648	1
13048	2696	1
6160	4755	1
13048	10240	1
9550	1701	1
1930	2654	1
2335	6266	1
9550	908	1
3985	5084	1
13939	13939	1
7514	13775	1
4664	6783	1
5288	3503	1
2843	2832	1
12865	13729	1
1740	1381	1
9754	9474	1
10844	5549	1
3450	6628	1
12908	6061	1
12263	12649	1
5952	9769	1
13940	13940	1
10842	10568	1
5869	5326	1
2485	13616	1
4708	8680	1
11468	3276	1
1204	140	1
6333	8896	1
5729	8153	1
6301	2891	1
10003	7736	1
4198	4814	1
8172	8967	1
10333	2891	1
4730	5979	1
5054	4829	1
2578	13493	1
9936	13493	1
1996	2457	1
3450	2284	1
6879	9415	1
11653	4469	1
1469	3723	1
6948	1071	1
1372	3230	1
6869	7310	1
13493	2578	1
5628	294	1
4939	9749	1
13941	13942	1
3820	2585	1
7804	5411	1
857	651	1
5411	7804	1
8897	5263	1
6648	5598	1
5393	1372	1
10285	5598	1
1791	6525	1
11025	4216	1
8547	5877	1
3230	1372	1
4708	1162	1
5454	13917	1
6869	5553	1
4199	1781	1
12690	12439	1
5553	6869	1
6899	328	1
2518	2519	1
4380	2352	1
271	328	1
12400	13710	1
4708	1897	1
1967	5343	1
13117	13911	1
5286	5285	1
4855	3078	1
2911	7481	1
10582	13803	1
5549	10844	1
8049	10347	1
13922	3605	1
9648	9590	1
6539	5753	1
10010	13940	1
11297	5415	1
13538	13311	1
4034	4851	1
7128	8763	1
1781	4199	1
4851	4034	1
12134	8763	1
1805	7113	1
11205	9026	1
2122	5272	1
13530	11025	1
9605	1800	1
1853	7372	1
4380	6126	1
4782	609	1
1187	9300	1
12732	13737	1
5683	3213	1
5257	3881	1
13314	11218	1
9069	10507	1
897	3044	1
3077	1921	1
1144	1921	1
8895	79	1
2891	6301	1
12565	2646	1
5762	7666	1
10507	9069	1
266	3350	1
3769	4199	1
13737	12732	1
5047	5815	1
9067	10507	1
5911	7308	1
13911	13117	1
4393	3332	1
13626	6030	1
7666	5762	1
12732	9069	1
5911	2618	1
10815	5097	1
5593	13829	1
2479	9528	1
4318	9736	1
6061	12908	1
13595	9290	1
3271	38	1
1897	8680	1
10753	9456	1
13943	13943	1
4061	3534	1
3954	10177	1
1805	2218	1
5415	11297	1
7660	816	1
7613	10208	1
3203	3240	1
931	13944	1
2289	2913	1
12178	3240	1
9368	13267	1
7423	9365	1
2651	9368	1
5343	1967	1
13710	13710	1
12540	6901	1
10024	9131	1
328	4523	1
8127	4221	1
6015	13737	1
3928	3929	1
6789	5411	1
2386	772	1
9350	10742	1
11598	8501	1
7274	10413	1
11637	11637	1
2203	1709	1
13794	11784	1
11514	11514	1
4380	2686	1
1051	11618	1
3784	1420	1
9368	2651	1
8676	10706	1
12173	7786	1
6325	11618	1
4983	4763	1
4318	4317	1
7444	7786	1
2641	5695	1
328	271	1
7786	12173	1
2611	9722	1
13945	13945	1
8998	13323	1
2234	1887	1
4730	6273	1
8153	5729	1
5447	1120	1
3614	214	1
623	9707	1
12580	7481	1
3079	7119	1
5715	4983	1
7780	3445	1
2941	2941	1
214	3614	1
4763	4983	1
3276	11468	1
10620	13737	1
4380	908	1
3513	1120	1
1887	11160	1
5631	5632	1
6118	6165	1
11285	3345	1
10363	579	1
7863	6320	1
5542	5541	1
2471	4811	1
13710	9248	1
2102	12855	1
10765	2244	1
383	382	1
5695	2641	1
9360	9359	1
5216	5215	1
1809	2244	1
8844	11734	1
10786	9017	1
6034	627	1
1045	4666	1
9551	12591	1
6023	4288	1
1284	4288	1
5511	8476	1
9365	7423	1
13219	13021	1
7982	2244	1
1987	9371	1
6321	7126	1
2696	13048	1
10240	13048	1
1499	2244	1
2483	5382	1
11931	7126	1
6628	3450	1
5267	6121	1
1188	3490	1
2973	4039	1
4956	4384	1
10458	8313	1
12482	12919	1
12773	13289	1
5836	5307	1
5377	10183	1
10507	9067	1
10363	9207	1
7863	6893	1
5541	5542	1
13737	10620	1
4862	9731	1
4164	1638	1
8724	12201	1
3490	1188	1
996	1294	1
4345	4346	1
12898	5424	1
888	887	1
1120	3513	1
3092	3395	1
4836	4950	1
7179	7731	1
875	10765	1
7293	9336	1
2154	10765	1
3607	2134	1
696	697	1
2913	2289	1
11817	10765	1
13175	13705	1
13946	11594	1
13088	3699	1
46	3050	1
9027	10226	1
3203	1103	1
1933	1266	1
5893	5047	1
5047	5893	1
7613	5799	1
2809	13743	1
6789	5799	1
9769	5952	1
12439	12690	1
5085	9612	1
12533	6395	1
9977	10974	1
906	1266	1
10542	7119	1
9069	12732	1
2485	10226	1
8031	9727	1
2654	1930	1
12561	2021	1
11565	4946	1
12428	10226	1
11466	10717	1
7731	7179	1
10765	2154	1
3763	10226	1
5388	10226	1
5013	3035	1
13947	6737	1
8975	5424	1
4200	4584	1
13637	11246	1
917	3616	1
7619	6442	1
5683	3315	1
2134	3607	1
3623	12748	1
6562	8700	1
8210	6076	1
4288	1284	1
6146	3754	1
2713	2059	1
6783	4726	1
12748	3623	1
6076	8210	1
11210	2246	1
4506	4505	1
5307	5836	1
3271	1135	1
10639	7614	1
5598	10285	1
3050	11889	1
110	5252	1
7786	7444	1
9612	5085	1
887	888	1
12500	4605	1
13948	13948	1
3741	9239	1
4141	8681	1
6727	6040	1
13949	8844	1
1805	10266	1
12748	2902	1
543	1022	1
9104	8194	1
12827	13460	1
13950	1647	1
5252	110	1
241	242	1
10355	1407	1
11702	490	1
2162	447	1
7613	6265	1
6689	7715	1
6257	2863	1
672	2123	1
543	7680	1
2043	2863	1
12491	5385	1
2201	16	1
7715	6689	1
4226	11681	1
11390	3058	1
9017	10786	1
7780	9174	1
4724	8160	1
5191	9785	1
708	5038	1
13494	13951	1
3950	9314	1
6918	1361	1
13952	11507	1
7801	3817	1
8214	3817	1
13273	13953	1
5902	4328	1
3817	7801	1
5382	2483	1
13494	11565	1
996	1406	1
11565	13494	1
4946	11565	1
13951	13494	1
5381	5382	1
13474	13494	1
7654	9300	1
857	2534	1
13954	13954	1
444	1419	1
5419	11164	1
877	5382	1
13862	10843	1
490	11702	1
1900	3525	1
5382	5381	1
2325	13292	1
8929	13682	1
7680	543	1
2646	12565	1
9727	8031	1
8501	11598	1
12850	12850	1
4848	3594	1
7673	2569	1
4567	2478	1
2687	4063	1
5632	5631	1
13367	12624	1
737	1081	1
13553	11909	1
6789	9237	1
11411	7882	1
9868	3594	1
1985	296	1
11605	4481	1
294	5628	1
5227	6954	1
5710	5622	1
1381	1740	1
12802	10896	1
1081	737	1
1372	905	1
4380	1718	1
4983	4796	1
12624	13367	1
5934	12475	1
4703	2114	1
5789	12344	1
4796	4983	1
9247	9247	1
8880	11729	1
8150	5096	1
382	781	1
7789	13538	1
5922	5	1
1565	1742	1
8962	11212	1
11777	13206	1
4666	1045	1
2138	4073	1
12539	5341	1
6781	10250	1
1884	7761	1
7501	7308	1
11807	12470	1
3754	6146	1
7030	11199	1
7761	1884	1
1666	3723	1
7308	7501	1
12201	8724	1
11481	8205	1
13955	3976	1
10390	8205	1
9722	2611	1
4318	5566	1
4523	328	1
7145	1884	1
2433	2434	1
13538	7789	1
2646	3723	1
7175	9365	1
4467	4468	1
9456	9456	1
13737	6015	1
8975	8802	1
13839	13956	1
7783	5357	1
13038	3932	1
7863	2390	1
10546	9788	1
9556	4360	1
13911	3923	1
8084	9777	1
5994	4051	1
2322	2322	1
11205	3323	1
9135	1188	1
13628	8668	1
4468	4467	1
5624	3796	1
3405	3404	1
692	10177	1
13616	2485	1
12919	12482	1
4301	719	1
13892	6784	1
9365	7175	1
3726	3949	1
3695	12470	1
6784	13892	1
5704	11372	1
4380	8233	1
7013	8071	1
11009	7130	1
2691	3240	1
843	11208	1
10738	8619	1
11628	7130	1
2503	4200	1
705	1209	1
12022	8363	1
10940	9669	1
9669	10940	1
13594	11696	1
8599	8363	1
5285	5286	1
4950	4836	1
3699	13088	1
12304	13367	1
3484	5601	1
5911	1817	1
13367	12304	1
11552	11128	1
