4250	5411	1
12732	12732	1
2251	5411	1
8935	5570	1
14306	14306	1
9718	14075	1
4250	4384	1
5039	4577	1
4577	5039	1
11285	3345	1
9331	6734	1
6591	4946	1
4087	12660	1
7895	4717	1
12675	4946	1
2715	12660	1
12721	1939	1
14174	677	1
8960	8961	1
10003	4027	1
3458	12657	1
14307	9727	1
3565	1992	1
7266	4946	1
2873	8951	1
3437	7815	1
1802	14308	1
4250	2331	1
14199	14049	1
12732	5161	1
14174	6657	1
7302	14132	1
8363	12022	1
9084	10826	1
6490	8974	1
9604	14085	1
1132	4196	1
10637	9436	1
3950	4409	1
14132	7302	1
7409	4747	1
10061	5648	1
4780	8452	1
11818	12104	1
14252	11997	1
10464	6788	1
12624	3098	1
9104	6034	1
6245	6700	1
14106	10826	1
13004	13268	1
2616	3502	1
3502	2616	1
13032	13032	1
1456	3949	1
6572	14298	1
6245	1064	1
5860	6197	1
8214	8247	1
14117	9330	1
6986	5725	1
4084	8192	1
14075	9718	1
14197	3315	1
3895	4206	1
8192	4084	1
3315	14197	1
8451	8867	1
979	1761	1
2091	6555	1
5518	2265	1
12706	12706	1
4780	8640	1
3091	221	1
1833	8890	1
623	9707	1
673	2585	1
10896	6987	1
676	1188	1
6216	4057	1
4299	1740	1
2936	6584	1
3515	14222	1
4780	5411	1
14222	14222	1
4344	4760	1
2873	5893	1
8734	4332	1
4386	4172	1
6216	2902	1
7504	5351	1
10823	8474	1
12565	9275	1
504	6146	1
10471	11294	1
10826	14106	1
14309	14309	1
10984	5790	1
1779	1093	1
9165	9550	1
4946	3720	1
645	1848	1
625	5062	1
5062	625	1
11564	6419	1
11451	14198	1
14094	6419	1
3347	3330	1
13829	12882	1
10379	10968	1
4880	2011	1
4200	3630	1
4886	1441	1
788	1441	1
979	238	1
486	3643	1
6419	11564	1
2102	6113	1
9351	12062	1
979	5314	1
3609	3826	1
11294	10471	1
6987	10896	1
6687	10471	1
3002	387	1
10844	5549	1
614	7480	1
2746	3155	1
1076	5717	1
1411	5450	1
4780	5717	1
3190	1584	1
5166	5450	1
13202	13202	1
614	210	1
12689	13202	1
7861	2474	1
11689	4939	1
6127	6083	1
12062	9351	1
12954	539	1
10761	2909	1
705	1243	1
7318	3196	1
4956	13974	1
798	2909	1
14310	14310	1
3098	12624	1
4780	9389	1
8935	12999	1
11896	14136	1
4691	13571	1
5711	12999	1
14273	5455	1
4886	7399	1
3609	12324	1
5450	1411	1
8681	7521	1
9707	623	1
6261	10057	1
8854	11060	1
2012	6902	1
325	326	1
4333	3850	1
12660	2715	1
7602	9085	1
159	6902	1
5435	10562	1
3658	3743	1
12833	12833	1
3609	1704	1
539	12954	1
1441	788	1
13654	12954	1
4880	9204	1
1062	1638	1
3405	4949	1
11514	9966	1
11807	13531	1
5719	6294	1
3420	4407	1
11455	3581	1
7223	6314	1
4747	7409	1
3330	3347	1
2479	5405	1
1188	1428	1
6729	10910	1
8453	8556	1
2421	5722	1
996	1294	1
7225	11007	1
3024	8050	1
4172	4386	1
4250	2873	1
3850	4333	1
5549	10844	1
5631	5632	1
14311	14311	1
14312	14312	1
12399	312	1
11130	3347	1
3086	9681	1
1740	3347	1
4780	635	1
8141	3347	1
14085	9604	1
194	1862	1
5648	10061	1
13048	5008	1
13777	8261	1
9813	4179	1
2809	12439	1
12709	12439	1
14214	14214	1
12439	12709	1
6216	4336	1
12779	5366	1
13088	6314	1
6489	1997	1
4828	855	1
10677	7993	1
11256	8880	1
14313	6608	1
5570	8935	1
2873	1188	1
2909	2294	1
8858	12022	1
13142	14303	1
1188	2873	1
6266	14314	1
13764	5472	1
1843	1465	1
10997	5131	1
14062	12541	1
14222	3515	1
9580	515	1
8973	9144	1
4983	4796	1
1550	1270	1
1884	6985	1
2338	12011	1
9669	9144	1
3501	8713	1
9144	8973	1
3138	5581	1
5990	9127	1
9275	12565	1
1050	1175	1
11734	8844	1
9325	5888	1
11574	5888	1
11625	6864	1
8317	4577	1
3347	8141	1
9144	9669	1
6864	11625	1
494	588	1
3396	3786	1
4886	4780	1
14310	13974	1
8676	4984	1
1076	11160	1
4226	11681	1
2265	5518	1
12009	13567	1
10758	6578	1
3237	422	1
4838	422	1
10910	6729	1
4842	8975	1
12009	1112	1
13202	12689	1
5267	5710	1
1848	645	1
14315	14315	1
5710	5267	1
2005	2006	1
10637	11452	1
1055	1727	1
1710	4777	1
1638	1062	1
1069	5549	1
14313	9879	1
194	4703	1
4886	1512	1
2873	6120	1
1465	1843	1
12685	1662	1
8226	8226	1
4853	4852	1
8609	6059	1
12670	7175	1
414	14149	1
2843	2010	1
6578	10758	1
4868	1558	1
14051	6183	1
4880	1858	1
13571	4691	1
4796	4983	1
12757	10244	1
12467	11301	1
11060	8854	1
6120	2873	1
11608	4363	1
11407	7857	1
1662	12685	1
7895	11164	1
2096	10759	1
6079	11164	1
5353	6059	1
4780	2116	1
4724	4408	1
13982	8792	1
14041	13381	1
9070	9071	1
4363	11608	1
3826	4605	1
11372	9470	1
4886	8871	1
13598	8618	1
6562	12175	1
5721	3546	1
7282	11949	1
14149	414	1
5599	7763	1
4780	1740	1
6608	14313	1
12965	12496	1
357	13344	1
1897	12340	1
12500	4605	1
4613	14263	1
3347	1740	1
1022	1176	1
6727	6040	1
4250	6481	1
979	299	1
9477	1134	1
5582	3245	1
3366	5482	1
4445	3931	1
4880	3462	1
8975	4842	1
7012	3046	1
5260	14292	1
10637	8490	1
11730	14161	1
6515	7469	1
6678	12127	1
828	9375	1
1517	2855	1
3245	5582	1
1094	737	1
9773	14198	1
12456	11776	1
1548	13910	1
10759	2096	1
8925	8924	1
2185	12728	1
9066	11164	1
12728	2185	1
6782	3950	1
1740	3674	1
11914	13276	1
8880	11256	1
6314	7223	1
14316	14316	1
5297	5774	1
3004	1484	1
2384	10025	1
6115	5810	1
8721	1840	1
10620	7361	1
1987	13851	1
13737	7361	1
8848	1840	1
7235	2914	1
2255	768	1
14198	9773	1
2596	1840	1
6037	12991	1
4880	9426	1
5435	2705	1
4217	13586	1
5715	4983	1
11779	3361	1
4485	4457	1
7916	4939	1
8208	8544	1
7116	6911	1
1664	5131	1
8430	10610	1
7145	7780	1
7786	12173	1
243	1397	1
2330	4692	1
2907	3560	1
14317	6320	1
4355	8011	1
4485	5877	1
1828	2043	1
12835	5640	1
14318	12249	1
4703	194	1
10374	9578	1
1997	6489	1
7233	10749	1
14288	6995	1
4457	4485	1
7881	4317	1
1484	3004	1
6995	14288	1
149	7172	1
8333	8676	1
4984	8676	1
7136	2083	1
8261	13777	1
2337	12281	1
13538	5678	1
6492	5689	1
12048	2086	1
14136	11896	1
8447	10413	1
1584	6111	1
12174	10754	1
6062	6111	1
4780	13121	1
4223	4224	1
14319	14319	1
5894	8192	1
2820	2142	1
11574	9863	1
205	4968	1
7158	813	1
5009	7318	1
8331	7318	1
328	3826	1
13571	6977	1
14032	7401	1
1567	2479	1
8848	9880	1
10109	4922	1
4949	3405	1
14191	6977	1
10484	10485	1
9511	7481	1
12991	6037	1
14320	14082	1
664	4390	1
6864	7328	1
4886	3585	1
4880	2545	1
9375	828	1
9438	10390	1
3707	2481	1
8525	8526	1
8844	11734	1
1353	1352	1
2127	8526	1
12401	12439	1
7980	6193	1
4983	5715	1
3950	6782	1
2345	154	1
3769	4199	1
7236	6977	1
12898	6977	1
5524	8444	1
2873	7796	1
8699	14117	1
6876	10995	1
1727	1055	1
2909	10761	1
11349	11350	1
3753	6649	1
4939	7916	1
949	4913	1
2241	3642	1
13529	13356	1
5253	536	1
9325	13775	1
10968	2646	1
1397	243	1
11574	4647	1
6977	13571	1
8044	11379	1
14174	635	1
7796	2873	1
2651	2686	1
9239	3202	1
1002	2686	1
4380	2686	1
4880	1702	1
12690	12439	1
4905	2873	1
4827	2873	1
953	1366	1
14321	14321	1
4408	4724	1
2873	4930	1
5212	903	1
10347	8049	1
9330	14117	1
5066	6914	1
3777	1218	1
65	13291	1
4780	7804	1
3479	6985	1
3202	9239	1
64	13291	1
3315	3545	1
5288	4490	1
11896	13974	1
8289	8288	1
7361	13737	1
14322	14323	1
2820	2476	1
5715	5711	1
13291	7468	1
5188	5227	1
2481	3707	1
3826	328	1
10637	9368	1
4880	7932	1
14263	4555	1
10988	10893	1
8184	11070	1
14062	4555	1
625	5843	1
10475	5161	1
4408	12840	1
2873	9472	1
7807	4132	1
5280	5520	1
6987	4132	1
13416	7891	1
7361	10620	1
6549	7484	1
7484	6549	1
6319	3950	1
3547	2456	1
12022	8858	1
13566	13566	1
6813	9246	1
7143	8976	1
1619	5266	1
4132	7807	1
2909	798	1
3108	1232	1
7281	6549	1
5896	5217	1
7801	3817	1
8330	3817	1
7318	8331	1
6811	14025	1
8710	9754	1
11164	9066	1
2569	7673	1
8976	7143	1
4946	7266	1
11472	13567	1
7318	5009	1
5528	14324	1
6849	6812	1
14144	13270	1
13851	1987	1
6931	6812	1
9325	11779	1
7066	10128	1
1064	5188	1
6649	7715	1
387	3002	1
8222	6812	1
11070	8184	1
6813	6812	1
12840	4408	1
266	3350	1
3545	3315	1
13121	6864	1
7318	6938	1
1232	3108	1
717	3009	1
8959	1998	1
