938	8118	1
2735	11762	1
10826	10827	1
11762	2735	1
14461	7703	1
65	13291	1
7066	1316	1
14515	12788	1
2715	12660	1
8208	6260	1
5377	8779	1
9131	10024	1
13781	12336	1
59	11969	1
1506	12324	1
4528	2735	1
7361	10620	1
5688	7654	1
13367	4206	1
11294	10471	1
3088	464	1
4288	3361	1
640	5690	1
257	6317	1
1372	9270	1
14516	14516	1
11960	3361	1
11841	11841	1
11243	14075	1
8404	12806	1
8203	5687	1
12806	13367	1
10319	8975	1
6163	9270	1
9226	8421	1
4853	9065	1
8210	4801	1
8587	11967	1
13367	12806	1
1724	71	1
9049	2478	1
12806	12806	1
5047	5935	1
1051	518	1
518	1051	1
6245	5934	1
10827	10826	1
3242	6549	1
13200	11831	1
4983	5715	1
6301	4851	1
10024	9131	1
1653	4851	1
11831	13200	1
6824	13795	1
7983	11704	1
2433	4851	1
13795	6824	1
11704	7983	1
4979	1232	1
7128	13917	1
2616	1687	1
23	1687	1
222	1687	1
1822	3723	1
4851	2433	1
4034	4851	1
842	1687	1
10146	1687	1
5893	7543	1
13687	12650	1
1402	4851	1
5299	5793	1
11235	14454	1
4707	4706	1
4375	4851	1
9880	13665	1
5357	10654	1
7901	8287	1
9087	3999	1
13467	936	1
6281	14517	1
4580	9550	1
9550	4580	1
11014	8836	1
12068	12067	1
9144	6343	1
3822	858	1
938	10925	1
14518	14518	1
4525	14509	1
6531	11767	1
5266	1619	1
5481	9689	1
1043	1427	1
997	12661	1
11767	6531	1
4259	93	1
5072	2725	1
2725	5072	1
13602	2077	1
13200	9229	1
9997	10140	1
9777	7508	1
12763	9550	1
8898	9550	1
14066	13659	1
13697	9689	1
10054	13710	1
13710	10054	1
5553	7309	1
5411	7543	1
8152	8162	1
7309	5553	1
7209	5354	1
10164	1247	1
14152	14001	1
13695	4029	1
625	6925	1
850	95	1
4992	9105	1
14519	14519	1
14520	11009	1
13605	4358	1
13553	9644	1
9106	6758	1
12732	9644	1
12161	8367	1
10620	9644	1
12498	7967	1
3515	14222	1
9643	9644	1
9240	9805	1
10713	6925	1
8898	7570	1
9527	4384	1
10164	6372	1
14510	4332	1
10494	5343	1
14505	12758	1
9049	3816	1
14305	12124	1
3747	11422	1
664	11644	1
12344	5789	1
6909	6909	1
6925	14394	1
6758	9106	1
8162	8152	1
14521	14521	1
5869	5326	1
997	2260	1
7550	2260	1
9644	12732	1
14522	14522	1
9106	12316	1
10061	14384	1
2164	13445	1
10844	1716	1
14346	7323	1
997	6530	1
1145	708	1
2646	4251	1
4492	3826	1
5728	2436	1
3217	3217	1
4077	3217	1
5506	1653	1
4377	5145	1
10427	12785	1
11074	12785	1
12607	7372	1
5690	640	1
7967	12498	1
12324	1506	1
1810	2009	1
1096	2620	1
5402	9262	1
4428	8189	1
12671	12785	1
14384	10061	1
2016	3217	1
6697	12785	1
9024	5296	1
7982	6569	1
2127	8526	1
623	6427	1
2620	1096	1
14001	14152	1
3231	2189	1
4377	5962	1
8896	6562	1
14523	14524	1
10164	7780	1
50	9959	1
1929	5827	1
4444	6637	1
7188	4038	1
14396	12011	1
4979	2935	1
3497	1891	1
1461	3217	1
10529	14525	1
4931	2935	1
7367	6564	1
2873	6321	1
6686	6321	1
6265	2990	1
936	13467	1
9108	14456	1
9300	6637	1
2653	3217	1
997	13437	1
10968	5240	1
1188	3217	1
1687	11315	1
4853	4852	1
12116	705	1
14526	14526	1
10164	1162	1
14503	3297	1
9644	10620	1
6321	6765	1
57	82	1
2832	12751	1
14375	82	1
10826	11825	1
9314	8950	1
10396	13466	1
1407	10355	1
14481	14482	1
13450	8012	1
5715	4983	1
3079	7602	1
12399	10023	1
997	7550	1
9383	5423	1
14442	13837	1
477	4703	1
13466	9811	1
8092	6328	1
13853	10550	1
2478	9049	1
3816	9049	1
425	425	1
14527	14527	1
5922	12167	1
8699	7449	1
5423	9383	1
1397	243	1
4092	1255	1
490	10788	1
7602	3079	1
13508	14370	1
14259	14235	1
3979	1891	1
1145	4250	1
1687	2616	1
4384	3121	1
2505	11868	1
14528	11868	1
7444	2083	1
2246	1034	1
1427	1043	1
6637	9300	1
9226	10770	1
11224	868	1
4979	9380	1
4035	1257	1
12466	4059	1
11743	12107	1
635	3121	1
9226	7308	1
2164	4201	1
3111	2869	1
788	1282	1
17	9664	1
8973	14529	1
5047	6646	1
10900	1647	1
5027	5026	1
8836	8886	1
14394	9715	1
7791	12831	1
6765	7025	1
13663	14530	1
9270	6163	1
7025	6765	1
11825	10826	1
6115	8650	1
9226	3171	1
1145	2116	1
4251	6507	1
708	1145	1
4250	1145	1
2116	1145	1
13466	10396	1
6343	9144	1
7639	13114	1
1853	7372	1
13931	257	1
1716	10844	1
1145	4753	1
4715	14130	1
12758	5150	1
9226	3578	1
14529	8973	1
464	3088	1
14456	9108	1
4201	2164	1
2735	4528	1
5506	98	1
6572	14298	1
13445	2164	1
5174	2284	1
7805	6195	1
14529	14529	1
10968	6485	1
4251	3944	1
10164	6316	1
6251	7469	1
1145	5824	1
5125	3978	1
1220	985	1
8579	8228	1
13188	546	1
6485	10968	1
11947	7813	1
8802	8975	1
13858	13858	1
9229	13200	1
2289	2913	1
4377	4559	1
9493	2913	1
8975	8802	1
2009	1810	1
9391	2913	1
10061	9250	1
4753	1145	1
4708	2913	1
4979	3068	1
9226	3068	1
14197	2913	1
10550	13853	1
12785	12671	1
8036	11540	1
3291	3288	1
612	5730	1
9226	12895	1
6282	12568	1
9226	7032	1
6564	10413	1
14197	3545	1
3584	4755	1
6845	6485	1
6765	6321	1
2909	2294	1
6297	8017	1
14531	12656	1
2455	8781	1
3669	7657	1
6646	5047	1
11164	7104	1
13962	2483	1
4992	2936	1
1201	2093	1
14532	1034	1
1938	737	1
14203	2842	1
2896	2895	1
9909	5164	1
4726	2842	1
13266	13266	1
6467	5796	1
1584	876	1
4144	4144	1
9226	3358	1
10413	6564	1
14222	3515	1
13151	12068	1
876	3190	1
13132	13219	1
14477	14496	1
906	1266	1
9868	14492	1
11608	5230	1
14533	14492	1
8690	13219	1
8583	10713	1
2116	3068	1
5928	3451	1
12067	12068	1
7993	5874	1
1034	2246	1
2264	4209	1
10529	2622	1
12257	14534	1
12785	11074	1
10243	4975	1
10355	1407	1
8728	4975	1
14496	14477	1
13032	4368	1
795	416	1
13663	12336	1
3286	3286	1
9115	3603	1
2874	6765	1
416	795	1
6994	3382	1
13476	10706	1
5230	11608	1
4492	205	1
13219	13132	1
14535	6320	1
7220	5920	1
7568	562	1
12580	14338	1
5351	5041	1
11047	11047	1
4377	2871	1
7703	7334	1
2216	416	1
3190	876	1
11186	5875	1
14535	7863	1
5517	3673	1
1064	6267	1
8793	8618	1
12785	10427	1
9517	3673	1
1554	2576	1
6354	3673	1
14536	7952	1
4960	4838	1
11552	8118	1
13273	11781	1
5566	3795	1
11943	14069	1
8404	4883	1
4270	10876	1
3271	12062	1
14537	14537	1
12970	7986	1
2883	4610	1
13985	12616	1
4569	6765	1
10645	2572	1
12116	936	1
6372	6270	1
7548	1997	1
9861	9861	1
2652	5547	1
7995	12197	1
4418	5420	1
1900	4909	1
4755	6183	1
4900	4888	1
6183	4755	1
2037	6523	1
12117	4647	1
876	1584	1
13476	1238	1
3545	3315	1
3004	3295	1
13710	6897	1
5482	4113	1
5459	3347	1
5582	11123	1
2325	13292	1
11475	14392	1
1687	10146	1
8974	8446	1
11472	13567	1
4038	7188	1
12568	6282	1
40	1208	1
6321	6686	1
6564	6022	1
3166	896	1
2093	1201	1
2842	4726	1
2298	2984	1
1782	2694	1
12428	14504	1
9253	9070	1
14538	14539	1
14509	4525	1
5859	5942	1
5923	1700	1
7654	5688	1
14540	1149	1
9070	9253	1
3507	8226	1
6523	2037	1
1149	14540	1
12785	12274	1
7066	10128	1
997	3384	1
11825	5969	1
2327	8963	1
10386	12559	1
7449	8699	1
3816	3384	1
14075	11243	1
12336	13781	1
14474	3384	1
14117	8699	1
5579	5580	1
6765	7045	1
4390	4525	1
5845	7331	1
14001	2102	1
14541	9131	1
9270	1372	1
4358	13605	1
1502	3821	1
12596	10663	1
1641	1173	1
997	6453	1
12374	12374	1
8929	10266	1
6382	6479	1
12383	3817	1
11445	6479	1
8026	6479	1
7162	6479	1
9930	6479	1
8439	13264	1
9480	8680	1
3068	2284	1
1901	2901	1
2189	3231	1
10266	8929	1
3347	4484	1
2651	6479	1
14542	14542	1
5642	3561	1
2842	14203	1
5354	7209	1
5047	2284	1
7801	3817	1
14543	14544	1
3377	6854	1
997	2420	1
11918	12174	1
5411	5047	1
6925	10713	1
6128	4673	1
9664	17	1
1971	6187	1
12274	12785	1
6187	1971	1
5437	3295	1
14545	5360	1
1282	788	1
2651	13474	1
5131	10997	1
14128	13153	1
14263	4555	1
14046	7024	1
8650	7024	1
4101	9863	1
4428	4428	1
6813	1605	1
3441	7986	1
13665	9880	1
6197	6198	1
10273	10620	1
9067	10507	1
1805	10266	1
124	590	1
7211	5524	1
13737	10620	1
98	5506	1
8891	8644	1
76	3823	1
4979	3450	1
14370	13508	1
14546	14546	1
3823	76	1
6925	625	1
10494	11992	1
9360	4487	1
14522	6982	1
14547	12978	1
10753	13492	1
4329	11992	1
12134	8763	1
9234	12978	1
4979	1294	1
7622	7495	1
4113	5482	1
11477	11477	1
12978	9234	1
10706	13476	1
14548	7598	1
6513	9330	1
7012	8651	1
2576	1554	1
9165	9550	1
2725	387	1
14549	6540	1
8793	9005	1
11767	9196	1
14530	13663	1
12336	13663	1
6604	14324	1
1793	110	1
14522	8935	1
12656	14531	1
562	7568	1
997	9409	1
1081	737	1
4979	5408	1
12592	5576	1
10838	13663	1
8763	12134	1
1315	7568	1
14550	7114	1
7952	14536	1
1601	1962	1
14493	11865	1
1584	3190	1
4763	5715	1
737	1081	1
7550	13437	1
9769	5380	1
11211	11479	1
9226	7930	1
14311	14311	1
159	6902	1
2532	5822	1
5922	5	1
8676	3190	1
10507	9067	1
5	5922	1
451	13437	1
2702	3050	1
1064	12899	1
3576	5822	1
2375	2375	1
9916	11625	1
1840	2532	1
7780	2532	1
2873	819	1
40	1240	1
5822	2532	1
10164	2532	1
2276	1781	1
9452	6911	1
7986	3441	1
10023	12399	1
1787	380	1
14551	9493	1
1555	1555	1
997	1081	1
9799	14090	1
14147	13974	1
7810	4346	1
14325	14069	1
12898	13213	1
1619	5266	1
110	1793	1
673	10514	1
4158	5227	1
7550	997	1
5224	12668	1
8506	14352	1
9424	9424	1
8367	12161	1
13474	2651	1
2734	3171	1
4492	858	1
6628	9527	1
11077	8668	1
2086	9246	1
3171	2734	1
9764	6499	1
10154	8668	1
9539	2245	1
10568	11909	1
6811	7056	1
4939	12939	1
8899	5372	1
2426	3814	1
6734	9331	1
13765	13765	1
1872	4374	1
6227	9265	1
1601	4196	1
10676	10676	1
271	272	1
13367	8290	1
7157	8031	1
3068	2116	1
4084	2017	1
7657	3669	1
57	11969	1
4428	4427	1
13671	4793	1
2742	10938	1
5047	6956	1
14313	9265	1
11628	1034	1
13219	8690	1
7495	7622	1
14552	14553	1
14553	14552	1
2532	7780	1
4294	5017	1
7126	2260	1
4427	4428	1
14342	7526	1
6321	2260	1
14490	3480	1
12173	7786	1
9527	9388	1
4346	7810	1
5012	3985	1
333	8115	1
11914	13276	1
12563	4743	1
4931	4154	1
11635	3840	1
7673	2569	1
11038	11038	1
2569	7673	1
11387	11403	1
8836	5984	1
5984	8836	1
14552	14552	1
5823	3944	1
3821	1502	1
9502	9997	1
3716	1485	1
1255	4092	1
7082	6127	1
2436	1925	1
3190	1584	1
8961	8960	1
6112	4779	1
6247	4374	1
7786	12173	1
9226	6251	1
3918	7540	1
2	8785	1
4317	5719	1
11969	57	1
3121	4384	1
82	57	1
2091	6555	1
4979	9930	1
6956	5047	1
5719	4317	1
14554	2506	1
2052	1483	1
