7319	7318	1
13331	12671	1
6486	4905	1
8745	12483	1
12496	9894	1
11455	3297	1
7807	4132	1
920	1005	1
2052	1483	1
14087	12483	1
13737	10620	1
5811	4021	1
8336	753	1
5426	4168	1
4034	7340	1
4801	10478	1
211	756	1
2652	1188	1
9330	6513	1
11502	9474	1
13961	12500	1
2651	2652	1
12500	13961	1
3854	1620	1
7340	4034	1
1188	2652	1
12908	5942	1
8844	13949	1
13393	1099	1
4288	1791	1
13911	13117	1
4132	7807	1
10993	14103	1
9104	6034	1
2652	2651	1
11314	9722	1
9105	10208	1
4132	6987	1
9897	9897	1
2163	9368	1
1727	1055	1
6987	4132	1
5513	432	1
9237	3401	1
5860	12180	1
6987	6987	1
591	1055	1
4988	5667	1
10165	7723	1
1232	1913	1
6897	4020	1
13710	4020	1
9165	9550	1
11258	5564	1
4020	13710	1
8451	12861	1
4806	5749	1
4205	4206	1
9514	13770	1
4780	635	1
7807	6987	1
1469	3723	1
3847	11322	1
7265	9957	1
11048	11187	1
3170	9722	1
7847	12008	1
2623	4578	1
11043	12008	1
3170	2735	1
14226	6987	1
6625	5439	1
13474	2651	1
9669	2651	1
5934	2651	1
14226	11516	1
6987	14226	1
10740	13770	1
12960	10779	1
13628	13117	1
4578	2623	1
11762	2735	1
4036	5670	1
6071	6915	1
4525	2802	1
12372	12372	1
4390	2802	1
11210	13974	1
7982	13974	1
5826	6320	1
2327	8452	1
8262	6320	1
8959	4947	1
6213	1599	1
1599	6213	1
5799	4102	1
4034	3512	1
4300	1859	1
1517	5296	1
10370	12631	1
14049	14199	1
6915	6071	1
5711	5715	1
13822	2190	1
3457	3458	1
8262	5849	1
912	1599	1
5121	2588	1
8839	7909	1
9993	10124	1
3568	1163	1
2636	1869	1
10568	3404	1
14052	371	1
371	14052	1
207	2102	1
3079	2911	1
7983	14151	1
5797	7543	1
11910	7543	1
5481	7543	1
11621	11622	1
828	8721	1
7993	1247	1
4159	3852	1
13231	12048	1
6319	12458	1
14227	12458	1
7909	8839	1
12458	14227	1
5988	822	1
10759	8621	1
2289	2290	1
13925	13927	1
3568	2914	1
12056	12056	1
14054	14054	1
9432	7243	1
2191	1752	1
14108	13157	1
5155	5201	1
14228	9167	1
13538	7407	1
4850	2051	1
10143	10143	1
3041	6311	1
319	1358	1
928	929	1
7969	5164	1
6248	6801	1
4376	1194	1
3528	4183	1
1040	1194	1
1599	3119	1
4760	3799	1
4284	4284	1
5318	3826	1
1599	6530	1
8936	17	1
11888	2651	1
9174	7780	1
5381	10387	1
8064	4797	1
12635	6236	1
1651	5503	1
3803	2901	1
1360	1361	1
2636	6161	1
7842	5966	1
2681	4721	1
2832	2843	1
3302	515	1
3297	11455	1
7260	515	1
10232	8115	1
6689	8899	1
10610	9018	1
1599	912	1
2327	515	1
5	27	1
4850	1558	1
1113	6514	1
1055	4171	1
12671	13331	1
3170	3171	1
3803	6427	1
4948	1620	1
3170	6332	1
4384	3302	1
10682	6309	1
2913	8680	1
2584	1654	1
2843	2832	1
5155	3834	1
4199	1781	1
2678	4032	1
1782	1781	1
8127	4221	1
4161	4221	1
5020	11311	1
4036	8738	1
5173	12484	1
2161	2707	1
11287	11433	1
12484	5173	1
6319	14194	1
269	12790	1
4384	2412	1
10888	2371	1
3970	5585	1
14146	5902	1
847	3176	1
5826	1187	1
13112	10335	1
12336	7051	1
1738	1716	1
1452	1451	1
2884	2380	1
9727	10634	1
5798	4477	1
5111	11465	1
3252	10902	1
6294	4777	1
7602	3258	1
12458	6319	1
2380	2884	1
14194	6319	1
12598	11416	1
6256	3503	1
425	3786	1
11502	1612	1
5778	3868	1
6864	3786	1
6187	10715	1
8654	10537	1
8650	6115	1
4163	13092	1
2253	1264	1
2327	5013	1
8076	5812	1
5630	2785	1
271	328	1
2327	7492	1
4763	4983	1
9480	8680	1
10761	2294	1
7807	3992	1
2327	2962	1
7099	3723	1
11591	13291	1
11416	12598	1
7644	9250	1
4183	3528	1
4777	6294	1
518	14174	1
5296	1517	1
9798	11127	1
1517	14174	1
4171	1055	1
10620	13737	1
432	5513	1
5252	110	1
11888	2652	1
14229	366	1
295	11160	1
1611	896	1
5194	1166	1
2962	897	1
14002	10563	1
10335	13112	1
12943	436	1
932	933	1
6236	12635	1
5033	5017	1
10415	11135	1
14230	12819	1
6341	14025	1
4198	7024	1
11472	13567	1
8115	10232	1
2776	328	1
12954	13654	1
5977	12842	1
9754	9474	1
4161	8127	1
7995	12197	1
5348	5349	1
6343	9144	1
3992	7807	1
12432	12432	1
242	241	1
3315	14197	1
2576	4397	1
13323	4977	1
6918	1361	1
8063	9389	1
3294	13586	1
14231	14231	1
11590	11590	1
10494	5343	1
14103	10993	1
3985	5084	1
4672	14232	1
1702	2465	1
13567	11472	1
2431	8761	1
2657	7026	1
3170	8707	1
9144	6343	1
241	242	1
7318	3196	1
3699	447	1
5853	18	1
1285	4265	1
2730	1362	1
4265	1285	1
12009	11472	1
14197	3315	1
4312	8173	1
6893	5849	1
2127	8526	1
14233	10179	1
3794	5817	1
14145	3404	1
11943	14069	1
5749	4806	1
13092	4163	1
3111	9237	1
5693	11734	1
5715	4983	1
10940	7930	1
14151	7983	1
5905	2127	1
7026	2657	1
1005	6458	1
3404	3405	1
2127	5905	1
1041	4538	1
14234	14235	1
3119	1599	1
5354	7209	1
1188	2873	1
2873	1188	1
328	2776	1
14232	4672	1
11243	9244	1
717	9736	1
11980	11980	1
623	9707	1
14101	8225	1
2327	1428	1
3170	12252	1
12892	8150	1
5711	1483	1
2985	11144	1
8076	14236	1
8011	2017	1
11062	11062	1
12827	13460	1
17	385	1
625	12107	1
12180	5860	1
3170	11161	1
2797	1254	1
627	3510	1
876	3190	1
824	2017	1
1584	3190	1
1651	6784	1
3595	2244	1
9235	8600	1
4735	2785	1
11972	12371	1
13349	12101	1
13756	2185	1
5951	2785	1
9722	4994	1
6337	1624	1
3502	1064	1
3315	7108	1
13920	1631	1
2865	1099	1
14197	7108	1
11820	4219	1
5084	3985	1
2327	8963	1
11689	4939	1
4334	1238	1
12785	10464	1
8244	1499	1
3988	238	1
5347	3230	1
4994	9722	1
13654	12954	1
13935	13934	1
6591	8093	1
8137	5622	1
7318	7319	1
10557	1034	1
7108	3315	1
12813	12010	1
3190	1584	1
1853	7372	1
7821	6900	1
1642	5072	1
13266	13266	1
10379	10968	1
5825	8137	1
7209	5354	1
12943	12943	1
6635	6246	1
9244	11243	1
5481	9689	1
21	12814	1
1099	2585	1
3405	3404	1
5966	7842	1
5628	1119	1
9714	13317	1
3503	6256	1
2585	1099	1
4597	3826	1
3803	4815	1
4092	10363	1
13317	9714	1
1064	12899	1
14174	677	1
10464	12785	1
9273	5222	1
385	17	1
2017	824	1
11469	3326	1
4525	4390	1
14237	5262	1
9894	12496	1
2984	2298	1
5826	5979	1
10179	10737	1
3326	11469	1
4477	5798	1
1362	2730	1
1119	5628	1
3136	3270	1
3270	3136	1
1368	1625	1
3849	6361	1
4947	8959	1
2651	9669	1
5133	3149	1
12805	14186	1
2412	4384	1
11734	5693	1
4058	1722	1
11088	11088	1
14198	9690	1
3302	4384	1
1625	1368	1
8600	5219	1
8295	901	1
10811	9518	1
7085	6648	1
14238	14239	1
1377	1493	1
5826	2604	1
1506	4602	1
2327	2420	1
5222	9273	1
3170	3673	1
7499	3276	1
10054	13710	1
10211	3601	1
1550	3445	1
12624	3673	1
9518	10811	1
294	1119	1
5072	1642	1
2999	10800	1
10800	2999	1
1716	1738	1
6419	13590	1
8363	12022	1
897	2962	1
1722	4058	1
12314	664	1
5541	12342	1
11812	6931	1
623	371	1
8076	6742	1
10737	10179	1
9707	371	1
1119	294	1
12814	21	1
677	14174	1
7711	7024	1
2327	1401	1
7051	12336	1
3170	3840	1
1493	1377	1
12605	13367	1
7780	9174	1
8587	11967	1
1996	12933	1
9690	14198	1
1257	4035	1
2423	4988	1
1099	2865	1
6952	13011	1
1598	3666	1
12991	9174	1
9791	9180	1
3149	5133	1
8452	11655	1
2636	11148	1
5351	7504	1
13969	13567	1
6115	8650	1
10506	4114	1
1913	1232	1
4692	2330	1
1377	1378	1
13091	11038	1
2052	4936	1
4977	13323	1
4948	814	1
12487	3358	1
12944	12944	1
7466	7944	1
5836	5307	1
4455	11661	1
7723	10165	1
2330	4692	1
2911	3079	1
7444	7786	1
1361	1360	1
13411	10993	1
1064	3502	1
8137	5825	1
14240	6963	1
1087	864	1
11368	6577	1
13325	13101	1
5054	4293	1
12107	625	1
11344	11485	1
2609	2801	1
3043	14136	1
5564	11258	1
14213	13436	1
12516	12408	1
7786	7444	1
3196	7318	1
6845	9472	1
10334	11038	1
696	2234	1
4705	3016	1
13492	12551	1
4806	6266	1
6768	923	1
6346	13787	1
2327	2315	1
9360	11038	1
2234	696	1
3803	6188	1
11931	14241	1
2807	4577	1
13011	6952	1
12986	7880	1
5753	5531	1
9693	12536	1
7901	5606	1
3768	7764	1
785	786	1
4362	4930	1
12011	1089	1
9083	11258	1
2416	3550	1
3908	3907	1
7761	1884	1
1884	1884	1
13367	5862	1
8262	7863	1
4664	4726	1
4384	4603	1
4652	3176	1
11603	9163	1
4446	9323	1
4612	5523	1
14109	14242	1
3560	2907	1
1361	6200	1
9671	5888	1
6314	7223	1
10626	3270	1
13787	6346	1
1651	13892	1
7108	14197	1
1506	2040	1
13298	13297	1
4983	5715	1
6266	4806	1
6864	7328	1
1651	5882	1
12775	7639	1
5285	14214	1
2040	1506	1
5286	14214	1
13764	9202	1
11483	10363	1
2874	11407	1
13547	1096	1
10243	10243	1
14243	4651	1
2636	4858	1
714	4651	1
4334	1884	1
13659	14066	1
231	10019	1
5826	4930	1
1727	2027	1
5191	14066	1
95	4258	1
399	398	1
11403	11387	1
14244	11815	1
8213	11817	1
14245	6144	1
3385	710	1
10993	13411	1
10993	11111	1
11121	5353	1
9237	3111	1
11258	8435	1
11939	9300	1
14238	7501	1
3170	7501	1
9300	11939	1
386	13453	1
7791	4303	1
4007	2428	1
3982	3497	1
4102	7175	1
4064	4159	1
7712	10044	1
12008	7847	1
6729	5356	1
12371	11972	1
4258	95	1
4485	5877	1
9239	7501	1
93	12985	1
4988	2423	1
10171	11997	1
11111	10993	1
5826	2390	1
1884	4334	1
4850	4165	1
11469	11997	1
6309	10682	1
6069	9325	1
5071	2597	1
2874	11244	1
7175	4102	1
12779	5366	1
8315	2077	1
14246	9798	1
15	1240	1
11799	13274	1
10431	1120	1
8195	13909	1
12899	1064	1
4217	6301	1
3605	13133	1
5155	1117	1
10363	11483	1
1184	1572	1
5188	1064	1
5353	11121	1
6319	3950	1
2636	1022	1
3170	3068	1
7863	8262	1
1099	13393	1
2327	3310	1
23	14247	1
1631	13920	1
1781	1782	1
1069	6743	1
6789	7266	1
12656	5142	1
294	1120	1
2327	11310	1
5347	7359	1
3404	14145	1
4564	974	1
2707	2161	1
3893	3754	1
5262	14237	1
7501	9239	1
3513	1120	1
3950	6319	1
2480	7223	1
1884	7761	1
10645	2960	1
3599	2118	1
5606	7901	1
4726	2842	1
7338	3258	1
11836	10935	1
7040	1636	1
9697	13011	1
887	870	1
2629	2960	1
3258	7338	1
1120	3513	1
398	399	1
1969	1708	1
2547	486	1
14248	14248	1
7223	6314	1
2327	2087	1
1687	10146	1
4939	11689	1
12372	10798	1
2672	6034	1
13298	14249	1
4020	7922	1
5715	5711	1
10561	9945	1
5582	8890	1
447	3699	1
9452	9402	1
12382	8192	1
12173	7786	1
10798	12372	1
5705	5970	1
14250	14250	1
14130	14130	1
10935	11836	1
8793	8618	1
14066	5191	1
11407	2874	1
14075	14081	1
9325	6069	1
3189	933	1
10777	10777	1
5142	1213	1
8523	10214	1
2027	1727	1
9018	10610	1
14251	14251	1
4934	3225	1
4948	6034	1
1213	5142	1
9578	10610	1
13025	4790	1
5828	3395	1
14151	10434	1
5155	10835	1
2636	3238	1
8405	1854	1
4983	4561	1
13200	8845	1
2620	6799	1
1638	1638	1
4790	13025	1
13201	13116	1
3523	5862	1
3523	3258	1
11994	11675	1
5000	4900	1
11993	11994	1
14081	14075	1
849	7384	1
5000	4901	1
5904	5374	1
13367	12605	1
14252	14240	1
2842	4726	1
4303	7791	1
4336	2291	1
3190	876	1
9174	12991	1
4901	4900	1
10434	14151	1
4580	12605	1
13101	13325	1
13860	11228	1
8575	9091	1
11054	6312	1
1620	3854	1
6188	3803	1
11655	8452	1
715	4302	1
3950	4409	1
4943	4196	1
12536	9693	1
4900	4901	1
13568	403	1
4815	3803	1
4250	14114	1
12977	12977	1
737	14051	1
2525	2526	1
14051	737	1
2715	12660	1
13598	5184	1
5378	1921	1
3024	8050	1
8845	13200	1
11127	9798	1
8050	3024	1
6427	3803	1
11707	14078	1
6034	2672	1
2901	3803	1
3834	3999	1
4796	4983	1
4836	3160	1
9600	10449	1
12334	5013	1
4729	5869	1
11967	8587	1
10968	10379	1
7128	7157	1
7145	7780	1
12008	11043	1
6034	6022	1
11530	11691	1
7487	5898	1
3258	3523	1
7318	8331	1
11405	7182	1
4946	1096	1
5772	7780	1
12494	6282	1
2327	9404	1
8973	5612	1
10319	8802	1
1247	7780	1
