4872	3623	1
6781	8290	1
9253	14037	1
6922	5861	1
614	210	1
10569	12650	1
8707	3170	1
3616	3458	1
3689	4555	1
5715	4983	1
7267	5753	1
13776	5303	1
8990	2116	1
1680	13450	1
65	14345	1
8999	12650	1
6611	4662	1
14321	9488	1
7811	7857	1
9276	10351	1
6611	12029	1
10826	11462	1
10988	10893	1
12498	7967	1
10351	9276	1
14288	6995	1
4132	6987	1
4747	9276	1
170	2380	1
7338	2912	1
13778	3308	1
2488	2070	1
8222	6812	1
8482	7181	1
6987	4132	1
7181	8482	1
4092	10363	1
1064	6544	1
2338	1242	1
4317	7654	1
13020	12669	1
8903	11403	1
7654	4317	1
11210	2246	1
7783	5357	1
14075	9718	1
1469	3723	1
805	4489	1
447	9927	1
2735	11762	1
8447	12413	1
14351	13200	1
13270	14144	1
728	5532	1
1064	5188	1
1116	4951	1
5861	6922	1
4284	4284	1
4303	4556	1
7318	8331	1
14303	13142	1
8331	7318	1
7157	7128	1
9104	6320	1
3190	1584	1
876	1584	1
6849	8323	1
6245	3578	1
4810	9223	1
10139	11321	1
4334	344	1
12498	13343	1
9223	4810	1
10386	10386	1
1928	10266	1
11469	13974	1
5482	4113	1
4918	3671	1
10054	13710	1
3512	4034	1
12861	2886	1
14133	11417	1
13734	13734	1
1460	514	1
789	441	1
6868	12509	1
6069	11797	1
4113	5482	1
12509	6868	1
1900	5482	1
4293	5581	1
5817	5028	1
9376	9377	1
4571	4570	1
1599	912	1
5028	5817	1
6320	4783	1
13833	9322	1
5839	128	1
128	128	1
7402	12650	1
11661	1893	1
5116	1816	1
7216	13355	1
12197	7178	1
4163	1913	1
12323	9816	1
8847	12650	1
9330	14117	1
5060	8031	1
5348	5349	1
10396	9811	1
4167	14132	1
7776	14352	1
14353	4020	1
6213	1599	1
6897	4020	1
5485	13734	1
14354	9864	1
1958	5360	1
9405	1444	1
6530	1599	1
12197	9343	1
6165	3576	1
4092	4092	1
14355	14355	1
9731	1378	1
5678	10736	1
4921	23	1
12669	13020	1
13418	11111	1
7949	10736	1
622	1869	1
23	95	1
14356	4685	1
1884	10736	1
6069	6465	1
5721	8081	1
2735	7501	1
4363	11608	1
8654	13373	1
14351	8845	1
11797	6069	1
10243	6069	1
4132	5503	1
9325	6069	1
6671	5591	1
3315	14197	1
7108	14197	1
7159	7160	1
3515	14222	1
9722	13589	1
4755	11973	1
5581	3138	1
6069	10243	1
3743	3658	1
2677	6052	1
622	2260	1
6611	5597	1
8160	5597	1
14357	2260	1
4724	7108	1
8190	8477	1
14358	13145	1
2488	1858	1
4923	1858	1
9041	3077	1
9248	4939	1
2163	1099	1
11797	7780	1
5419	5537	1
8681	11344	1
4657	5812	1
13019	3862	1
1451	14078	1
2348	2349	1
14359	5171	1
805	974	1
5581	4293	1
9193	14321	1
2116	8990	1
5836	6908	1
5549	10844	1
2289	2290	1
11344	7521	1
2735	5706	1
622	1249	1
2488	5706	1
3027	1769	1
45	5446	1
14224	485	1
2077	13602	1
2077	45	1
5446	45	1
10844	5549	1
3658	3743	1
12795	12630	1
12263	12649	1
5360	1958	1
4978	12999	1
622	2165	1
5712	2319	1
11077	14360	1
6318	6317	1
2179	9280	1
437	861	1
11973	4755	1
11210	1622	1
7822	9857	1
14197	3315	1
9251	10389	1
8049	10347	1
9453	6615	1
11797	1584	1
6811	14025	1
7654	8235	1
13035	4913	1
1451	1452	1
8081	5721	1
3353	7645	1
8323	6849	1
5133	13889	1
1584	11797	1
13418	6611	1
13734	5485	1
11396	6610	1
7654	7409	1
805	13046	1
906	1266	1
2735	3303	1
2909	10761	1
6317	6318	1
4872	2935	1
14361	13147	1
4921	72	1
3784	8300	1
2488	1517	1
6908	5836	1
5325	13884	1
7121	643	1
1055	4725	1
4921	352	1
13770	1884	1
8855	8545	1
1242	2338	1
2127	8526	1
7178	12197	1
1742	2083	1
2488	8181	1
7893	9391	1
2506	14321	1
9453	9888	1
13175	13705	1
14321	2506	1
14078	1451	1
622	8991	1
9248	8150	1
3196	7761	1
8646	8490	1
9343	12197	1
13849	2085	1
12890	2487	1
2735	1692	1
6812	7481	1
4921	12365	1
8150	9248	1
3996	1338	1
9239	5227	1
1452	1451	1
2911	2085	1
12095	13974	1
9718	14075	1
9748	4703	1
3802	8293	1
4939	9248	1
3138	5581	1
1099	2163	1
7741	5800	1
2155	2778	1
13208	13097	1
13097	13097	1
7654	4039	1
11294	10471	1
11210	13974	1
6321	8739	1
12861	5688	1
7654	5688	1
6473	13593	1
7645	3353	1
5203	2122	1
4796	4983	1
9325	13775	1
1727	4171	1
10471	11294	1
8739	6321	1
1116	2384	1
253	2200	1
14307	4981	1
10494	5343	1
9748	1607	1
10561	1607	1
13710	6897	1
1338	3996	1
10741	14163	1
1425	6183	1
3243	5781	1
627	628	1
10741	10352	1
13356	13529	1
8961	8960	1
8293	3802	1
11472	12009	1
12094	7688	1
4842	8975	1
8935	628	1
1037	518	1
14362	749	1
11396	11395	1
54	4913	1
6686	6321	1
10368	5762	1
4967	5502	1
1584	5781	1
6069	14363	1
14364	5781	1
8925	8924	1
5762	10368	1
9857	9857	1
6321	6686	1
8340	12119	1
13598	10347	1
10319	8975	1
10741	11530	1
7338	5862	1
11111	13418	1
5800	7741	1
10353	4783	1
2873	8141	1
788	1441	1
8063	9389	1
805	4171	1
5719	5073	1
7306	10993	1
3215	9704	1
9322	13833	1
518	2335	1
11650	4959	1
13775	9325	1
6069	9325	1
805	923	1
8545	8855	1
14222	3515	1
10574	13900	1
4921	3380	1
2085	13849	1
628	8935	1
13977	13977	1
6638	5812	1
205	4968	1
8328	12580	1
9575	13977	1
1427	2315	1
9009	13838	1
4760	4344	1
139	1930	1
9067	10507	1
13838	9009	1
5628	6854	1
1532	14272	1
13113	11403	1
9997	8886	1
14365	11403	1
12785	5684	1
805	2768	1
4921	3992	1
7654	5613	1
2735	2768	1
11797	11403	1
5133	5206	1
10507	9067	1
6930	11403	1
10935	11403	1
10054	4020	1
12496	11403	1
3862	13019	1
4020	10054	1
5678	13900	1
10038	10038	1
3576	6165	1
5530	2511	1
1299	8173	1
12660	2715	1
2488	835	1
3784	13447	1
4312	8173	1
13889	5133	1
1420	5717	1
8924	8925	1
1618	8173	1
4959	11650	1
11959	11960	1
13147	14361	1
9876	11300	1
8080	1361	1
6995	14288	1
3450	5090	1
11251	11157	1
2488	2616	1
1064	6379	1
1064	2616	1
344	4334	1
5197	6344	1
5206	5133	1
4983	5715	1
1607	10561	1
6069	4457	1
14037	9253	1
876	3190	1
2915	6940	1
1361	8080	1
625	6925	1
14366	6925	1
4278	2691	1
11871	10152	1
13291	64	1
8973	6940	1
7402	5423	1
294	5628	1
4017	6940	1
12630	12795	1
6379	1064	1
2616	1064	1
5628	294	1
2370	1599	1
11537	9857	1
3370	6940	1
805	764	1
1064	12795	1
8452	6940	1
5753	7267	1
2958	6908	1
1064	8614	1
3115	7868	1
1611	5415	1
9693	12536	1
9695	9807	1
1584	3190	1
180	181	1
4735	4635	1
10626	922	1
3002	387	1
12913	762	1
12624	13367	1
2995	2874	1
7780	3445	1
13367	12624	1
5258	4252	1
10741	13442	1
3234	11864	1
1532	2874	1
3568	1162	1
2735	8809	1
8333	1238	1
11779	13580	1
8723	2588	1
11836	11797	1
5979	6977	1
805	1686	1
13311	13311	1
2488	7155	1
485	14224	1
2264	4209	1
6657	5764	1
7739	13311	1
839	838	1
11734	8844	1
82	12993	1
2946	5123	1
6132	9857	1
518	3674	1
2855	1081	1
6069	10826	1
9391	7893	1
3237	422	1
740	8694	1
13279	2711	1
9070	11547	1
9807	9695	1
4020	6897	1
6812	6931	1
4921	2019	1
13949	8844	1
14367	14367	1
518	518	1
13868	7109	1
12496	12965	1
4363	8082	1
8525	8526	1
3923	10376	1
3560	2907	1
4921	7592	1
6940	8452	1
3302	14368	1
5468	4983	1
13580	11779	1
14368	3302	1
12491	5385	1
9240	9240	1
14307	14221	1
8235	7654	1
4657	3404	1
7409	7654	1
9405	428	1
300	13433	1
11571	13219	1
4039	7654	1
5688	7654	1
5613	7654	1
10820	14369	1
14256	10568	1
5502	4967	1
1829	653	1
6454	2077	1
910	5849	1
13715	4822	1
12785	8172	1
8975	4842	1
5318	3826	1
3458	3616	1
1702	1110	1
5934	6506	1
2904	1933	1
1754	1933	1
3992	5503	1
13219	11571	1
2820	992	1
14370	14370	1
453	9619	1
5407	8618	1
7059	7059	1
11403	12496	1
6768	1816	1
10108	9619	1
2820	1853	1
14371	14372	1
9276	4747	1
3002	1933	1
653	1829	1
6506	5934	1
2488	791	1
13644	7760	1
5125	1933	1
8844	8844	1
9291	9291	1
4254	3246	1
5296	1517	1
13626	6977	1
9158	7526	1
2102	12855	1
8739	11113	1
4735	5343	1
13476	10706	1
8011	4355	1
13450	1680	1
6146	5305	1
2085	2911	1
9311	7455	1
11608	4363	1
10811	2803	1
7654	2829	1
8082	4363	1
8737	7090	1
11074	13869	1
13989	13869	1
789	2829	1
12197	8379	1
14366	3503	1
13595	9290	1
6267	1064	1
4851	2434	1
64	13291	1
1064	13812	1
5584	10232	1
65	14297	1
4921	3306	1
10206	10207	1
5754	14343	1
11109	11109	1
10232	5584	1
6490	4320	1
6940	8973	1
10266	2478	1
45	2077	1
13602	2077	1
9152	8300	1
564	5088	1
805	3835	1
2735	11010	1
1591	14373	1
5901	7024	1
2711	13279	1
14374	14374	1
7402	2102	1
2122	5203	1
8810	6562	1
11403	13113	1
4156	2398	1
3642	1997	1
8845	4294	1
1064	7446	1
11396	3050	1
9966	11514	1
11797	8903	1
11297	5415	1
2148	12347	1
1064	6267	1
5640	12835	1
1116	4009	1
11514	9966	1
6084	7695	1
2981	2982	1
14375	14375	1
700	9926	1
4921	5359	1
10805	4821	1
14326	6985	1
7429	7944	1
426	5359	1
13590	6419	1
622	3118	1
5746	5747	1
12659	10230	1
1381	2038	1
6257	2863	1
9797	9966	1
5343	4735	1
4635	4735	1
2982	2981	1
1584	4789	1
4376	2641	1
6985	14326	1
2646	7857	1
2874	1532	1
5075	7624	1
5354	7209	1
8443	13196	1
7624	5075	1
2337	12281	1
11555	5164	1
5700	13196	1
1939	12721	1
1933	2904	1
2200	253	1
5849	7158	1
2149	13974	1
2038	1381	1
7158	5849	1
11797	10935	1
320	11868	1
8914	8914	1
482	6317	1
7209	5354	1
3707	2481	1
2478	10266	1
14370	11644	1
3234	3430	1
2588	8723	1
14376	14376	1
11992	10494	1
8172	12785	1
11346	6782	1
6925	625	1
12779	5366	1
3438	5227	1
11661	4455	1
12732	5161	1
5812	6638	1
10876	14377	1
7654	9300	1
7842	7842	1
1296	8356	1
14142	14142	1
5388	10226	1
7318	5009	1
5650	8243	1
11210	6126	1
7258	12381	1
14366	12891	1
13018	6748	1
11797	11836	1
11797	14335	1
9581	6094	1
622	10266	1
13996	6963	1
4472	557	1
1969	1708	1
1064	9409	1
9791	12774	1
2677	5786	1
14378	12785	1
1579	1580	1
8271	2534	1
3547	110	1
13974	12095	1
1559	866	1
6810	4915	1
14217	10973	1
6419	5375	1
3233	6411	1
1844	590	1
10639	5314	1
6213	8933	1
9143	9118	1
3173	10552	1
2678	4032	1
110	3547	1
5375	6419	1
14297	65	1
3853	2379	1
6352	3723	1
14221	14221	1
10713	9133	1
11266	12821	1
13411	10993	1
8141	2873	1
7521	11344	1
4931	466	1
2392	3972	1
6094	9581	1
622	1792	1
8903	11387	1
5227	2651	1
10898	6983	1
325	326	1
2651	5227	1
12785	9222	1
8959	4947	1
10869	6983	1
8243	5650	1
9740	9118	1
6812	8222	1
12732	12732	1
14379	2326	1
9605	5948	1
11301	12467	1
3345	11285	1
14380	10630	1
10761	2909	1
7886	8320	1
5922	5	1
12381	7258	1
6977	5979	1
3985	10755	1
805	4308	1
4968	205	1
12223	13674	1
627	7989	1
14381	2245	1
6983	10869	1
4918	6377	1
13129	5466	1
1740	3347	1
14123	14123	1
14263	4555	1
5258	3160	1
1854	5970	1
232	708	1
8975	10319	1
10080	14277	1
3417	3182	1
3476	1744	1
10343	7128	1
12277	10025	1
5270	8074	1
6668	3190	1
854	13072	1
6782	11346	1
6320	9104	1
9133	10713	1
6646	6245	1
7020	7333	1
5922	11201	1
3578	6245	1
11382	5506	1
1064	6245	1
2229	8020	1
7688	12094	1
27	5	1
11998	8014	1
1064	1740	1
6127	690	1
2735	6187	1
12073	7519	1
8854	10022	1
8247	8214	1
14382	14321	1
14051	6809	1
8929	6187	1
14383	6702	1
4936	3109	1
11797	11731	1
6245	6700	1
11552	8118	1
12587	12743	1
875	2886	1
4640	5982	1
14384	14385	1
14386	14386	1
805	770	1
7128	10343	1
10232	3487	1
7919	1093	1
11540	13538	1
3629	3358	1
13976	13538	1
7739	13538	1
7967	12498	1
3599	2118	1
14321	9193	1
5747	6296	1
13674	12223	1
4983	4796	1
5088	564	1
8118	11552	1
7519	12073	1
5598	10478	1
10667	8162	1
10214	8523	1
12774	9791	1
10230	12659	1
2300	570	1
4227	3723	1
2607	549	1
7143	8779	1
12660	4087	1
48	2804	1
4832	4812	1
9539	2245	1
7558	12785	1
3549	185	1
5171	14359	1
11268	11981	1
11396	183	1
5587	1968	1
6702	14383	1
11981	11268	1
10108	13247	1
8214	8247	1
6069	9577	1
12915	11584	1
4983	4763	1
4025	9846	1
12861	8867	1
12347	2148	1
9669	7130	1
5715	4763	1
6004	10831	1
5285	14214	1
10396	13466	1
6069	6151	1
7361	10620	1
13538	11346	1
1176	1022	1
1968	5587	1
7654	7441	1
9489	14208	1
13727	4317	1
6419	13590	1
14379	5766	1
9882	14387	1
10865	13912	1
12587	2588	1
1996	2457	1
7771	14388	1
7771	7111	1
10706	13476	1
2725	5217	1
593	191	1
2588	12587	1
9586	10903	1
10988	12353	1
447	3601	1
3972	2392	1
8644	8891	1
10455	9021	1
14389	14389	1
10449	8891	1
4341	8891	1
8208	6260	1
12898	6112	1
14388	7771	1
7111	7771	1
4208	1970	1
3507	5804	1
2482	2651	1
8891	4341	1
5009	7318	1
677	518	1
13567	11472	1
7333	7020	1
14390	14340	1
14382	2506	1
11472	13567	1
6112	12898	1
5357	7783	1
5804	3507	1
10568	14256	1
2319	5712	1
7673	2569	1
11553	11552	1
6977	12898	1
4921	1523	1
6163	19	1
3355	1931	1
8330	8330	1
8050	13741	1
13741	8050	1
9582	9583	1
9251	9037	1
14214	5285	1
5970	1854	1
518	677	1
7508	9777	1
13750	10386	1
5904	5374	1
14391	14392	1
5217	2725	1
8068	2041	1
8879	8598	1
6111	6062	1
6334	6352	1
4009	1116	1
2885	9300	1
3852	4159	1
3523	3523	1
10755	3985	1
1155	355	1
2722	1599	1
2975	2976	1
12467	11301	1
2735	1817	1
11210	1854	1
11346	7639	1
12559	10386	1
3817	8330	1
10736	5678	1
12093	10220	1
13900	5678	1
3497	2190	1
677	3674	1
