12732	5161	1
6874	4025	1
524	816	1
6062	6111	1
8133	14393	1
5285	14214	1
5188	7130	1
7209	5354	1
11797	10427	1
1791	926	1
5217	3767	1
70	95	1
12568	7639	1
13727	6320	1
1619	5266	1
241	636	1
5009	7318	1
11113	8739	1
11797	11836	1
10232	1058	1
6321	8739	1
4977	1238	1
4685	14356	1
14255	14254	1
13598	13083	1
5799	4102	1
627	6034	1
14237	14173	1
4842	8975	1
6034	627	1
2488	4102	1
10319	8975	1
6321	9441	1
4918	8722	1
14173	14237	1
13032	4368	1
14375	960	1
2102	7204	1
14197	3315	1
3479	5894	1
960	11969	1
4939	9248	1
11111	13418	1
534	10737	1
2398	4156	1
4057	5013	1
690	6127	1
4735	5343	1
12631	10370	1
2	1847	1
9669	3493	1
3098	4102	1
9452	4084	1
4368	13032	1
14377	10876	1
13869	11074	1
14375	14375	1
14263	28	1
5678	8333	1
9380	11053	1
10531	6127	1
7258	12381	1
10386	13750	1
13538	13976	1
6127	10531	1
10951	6700	1
3547	2457	1
4749	6700	1
14254	14255	1
5305	6146	1
3276	1620	1
7917	6371	1
4485	5877	1
3234	11864	1
10228	6056	1
5100	10412	1
1493	207	1
10370	12631	1
12785	14378	1
1493	1097	1
11924	13383	1
8688	13383	1
8460	13932	1
14394	6021	1
564	5088	1
4755	2446	1
2456	2457	1
4981	14307	1
4156	2398	1
5917	3671	1
4051	13586	1
6320	11268	1
3445	7780	1
5541	14392	1
13377	11330	1
5542	12342	1
8903	10778	1
10778	8903	1
8684	10955	1
4294	8845	1
95	70	1
1599	2722	1
14208	5559	1
14395	12365	1
4406	2454	1
7893	8031	1
10955	8684	1
14328	6883	1
5176	5977	1
3753	6146	1
6649	6146	1
6925	14366	1
6260	8208	1
9501	5273	1
8684	3010	1
3487	10232	1
14392	14392	1
6788	10464	1
13353	13353	1
8739	11113	1
3503	14366	1
2454	1879	1
6698	6562	1
14394	1364	1
11246	7324	1
1456	3723	1
11565	9105	1
8333	1238	1
778	764	1
4749	7903	1
11608	11608	1
6068	6743	1
6743	6068	1
1931	3355	1
4578	4578	1
13869	13989	1
8404	5281	1
9027	2203	1
4851	1653	1
14189	14189	1
5506	1653	1
10080	14277	1
11038	10334	1
14307	4981	1
13157	13157	1
3767	5217	1
11552	11553	1
2725	5217	1
4679	3051	1
4164	10900	1
1886	3051	1
3768	7764	1
5581	3138	1
6949	8276	1
7128	10343	1
3507	5804	1
10304	10938	1
2106	14321	1
5917	7254	1
2874	1532	1
269	12790	1
7966	14321	1
1113	6514	1
10713	9133	1
3264	779	1
6839	1499	1
2911	2085	1
14396	12011	1
1517	5296	1
502	4496	1
5556	14397	1
1850	3043	1
6489	4496	1
5901	7024	1
6807	6808	1
12790	269	1
3128	2843	1
4428	8189	1
11571	13219	1
13007	13007	1
3271	10072	1
12105	13007	1
8739	6321	1
11553	11552	1
9441	6321	1
3468	3074	1
5131	1664	1
10850	9026	1
3074	3468	1
14398	12457	1
9453	6615	1
14399	13466	1
9152	8300	1
14400	8300	1
7810	3234	1
12816	6700	1
4749	6083	1
5836	5562	1
9027	5227	1
9704	3215	1
5584	3380	1
734	779	1
14130	4715	1
956	7214	1
185	3549	1
8525	8526	1
4132	5503	1
5737	6402	1
54	4913	1
12353	10988	1
380	1558	1
14366	3503	1
8598	8879	1
9105	2284	1
5296	1517	1
14224	485	1
1439	2596	1
4453	3171	1
11455	3581	1
6809	14051	1
3999	3834	1
6021	14394	1
2506	14382	1
7893	9391	1
14382	2506	1
12580	7481	1
2085	7481	1
6210	6265	1
7639	13114	1
1407	10355	1
6122	3088	1
14401	14402	1
11268	6320	1
5485	5642	1
10938	10304	1
3077	9041	1
1406	6265	1
6983	10898	1
4763	12052	1
6265	1406	1
4833	3938	1
5597	8160	1
2102	12855	1
2778	2778	1
5584	3234	1
8499	9018	1
6216	1653	1
1740	1064	1
13387	1428	1
6245	1064	1
9133	10713	1
9018	8499	1
12508	11832	1
13330	13277	1
4073	4074	1
3444	3323	1
9541	6836	1
6777	9028	1
7360	12336	1
7680	3213	1
10022	8854	1
10140	7443	1
13018	663	1
14370	4714	1
2909	2294	1
4129	4129	1
11472	12009	1
14383	7082	1
13567	12009	1
6706	8739	1
4025	6874	1
4663	1722	1
7020	9342	1
10412	5100	1
5402	9262	1
11451	13877	1
7715	8899	1
5584	2479	1
5660	1338	1
10464	6788	1
118	119	1
21	4930	1
4338	4339	1
6602	13744	1
8081	5721	1
12580	12580	1
12009	13567	1
2106	14382	1
831	930	1
3043	5481	1
6146	3753	1
4240	3788	1
2465	6087	1
3711	3711	1
10973	9095	1
10355	1407	1
3446	1607	1
8684	4873	1
14403	8162	1
8844	12010	1
8219	8162	1
6768	3092	1
4317	13727	1
9031	4692	1
3190	6668	1
9994	1088	1
6918	1361	1
9524	9067	1
9695	9807	1
4905	9876	1
7266	6789	1
2245	14381	1
11332	793	1
2651	2482	1
14404	7072	1
2482	2651	1
3173	1451	1
11026	3575	1
5977	5176	1
4692	9031	1
11251	11251	1
7893	8052	1
1504	4885	1
9041	3077	1
7478	721	1
4679	1264	1
14305	12601	1
7175	11166	1
13433	300	1
2784	2783	1
5481	3043	1
2578	13493	1
7723	7684	1
8847	12650	1
4763	4983	1
3234	7810	1
13277	13330	1
6284	14075	1
4796	4983	1
12010	8844	1
6193	7711	1
3315	3545	1
14268	13870	1
6265	12420	1
4714	14370	1
9067	9524	1
13538	11540	1
5374	3109	1
6183	4755	1
3276	3275	1
4755	6183	1
7639	12568	1
14405	12393	1
2673	3161	1
3042	4898	1
2454	3824	1
9021	10455	1
5230	3951	1
2102	2065	1
3138	5581	1
8330	8330	1
6197	8549	1
12754	12010	1
12601	14305	1
8451	8867	1
11472	13567	1
5088	564	1
6352	3723	1
8333	5678	1
4334	9488	1
6371	7917	1
10488	6843	1
5642	5485	1
3820	4753	1
1299	8173	1
5281	8404	1
3816	3401	1
426	5359	1
2958	6908	1
10154	11536	1
1049	2715	1
1841	12466	1
12821	12022	1
503	5778	1
10243	5932	1
10401	6959	1
1630	2540	1
11571	11571	1
3051	1279	1
4812	4832	1
2844	3105	1
11773	14069	1
11416	14069	1
4338	4945	1
12420	6265	1
8162	8219	1
2783	2784	1
2843	3128	1
3743	3658	1
1584	5781	1
13589	13367	1
13377	14001	1
1361	6918	1
1599	11760	1
8404	12806	1
13311	7739	1
13538	7739	1
12861	5612	1
13121	6864	1
13727	6294	1
10951	13367	1
2077	13602	1
140	145	1
9876	4905	1
1064	6379	1
4749	6379	1
4997	8738	1
8723	4905	1
6843	10488	1
4806	5749	1
1469	3723	1
4749	3578	1
8222	6812	1
400	4180	1
5778	3868	1
6997	14406	1
9374	601	1
2077	2083	1
1058	10232	1
6421	11536	1
5917	3868	1
10610	9018	1
6034	5021	1
3105	2844	1
11536	10154	1
14407	14408	1
1499	6839	1
9253	9070	1
6783	4133	1
11547	9070	1
1571	974	1
4749	6245	1
14409	7402	1
2454	5695	1
12806	8404	1
5893	11536	1
14326	6985	1
3109	5374	1
5797	11536	1
11416	11773	1
1289	1254	1
13130	7090	1
5047	11536	1
2843	3278	1
3302	515	1
2372	14340	1
10831	6004	1
590	1844	1
5584	2442	1
2077	6454	1
12056	2935	1
10635	3276	1
14410	14410	1
12071	12071	1
7361	13737	1
2562	1935	1
9940	766	1
974	1571	1
11618	1935	1
6812	8222	1
3042	2210	1
11961	1935	1
13193	9067	1
14411	13737	1
5695	2641	1
8609	6059	1
1436	2457	1
6466	6466	1
7022	705	1
1861	2218	1
4950	4836	1
4141	2022	1
9807	9695	1
8544	8208	1
5506	11382	1
6245	3450	1
11265	4418	1
12010	12754	1
11773	11416	1
9248	8150	1
6860	7952	1
14159	751	1
14412	14382	1
5836	3543	1
2735	3170	1
8162	14403	1
11077	14360	1
2080	2081	1
1625	1368	1
625	6925	1
4836	4950	1
1620	3276	1
8049	12685	1
1064	6245	1
3450	6245	1
3275	3276	1
2454	3822	1
4034	3512	1
3951	5230	1
1792	622	1
10266	622	1
3118	622	1
8854	10022	1
485	14224	1
3938	6998	1
3465	1399	1
3642	1997	1
13377	13237	1
8991	622	1
6489	1997	1
2165	622	1
1249	622	1
2802	4525	1
75	1997	1
2260	622	1
1997	75	1
3173	4538	1
3042	2209	1
4159	3852	1
8974	6490	1
2454	5691	1
12891	6654	1
14413	14069	1
14414	1361	1
11536	5047	1
3725	4025	1
2209	4885	1
4749	6635	1
2085	2911	1
5922	5	1
11201	5	1
9196	11767	1
14393	8133	1
4905	8723	1
2911	7481	1
8413	596	1
4811	12420	1
8063	9389	1
10401	10081	1
9136	410	1
8141	1096	1
1134	8676	1
5354	7209	1
8676	1134	1
5836	5307	1
4620	431	1
779	734	1
5297	3083	1
5678	13900	1
4749	7446	1
13538	1134	1
6949	162	1
2641	5695	1
14001	13377	1
13237	13377	1
7761	1884	1
7739	13311	1
3077	3078	1
9041	3078	1
13538	13311	1
8247	8774	1
7902	2140	1
2345	2345	1
5840	3561	1
12685	8049	1
10343	7128	1
11797	13311	1
10988	12353	1
12929	9244	1
6321	5307	1
6668	3190	1
7128	9005	1
4959	3383	1
1361	14414	1
14415	2511	1
4810	6222	1
5671	5041	1
9452	9325	1
5642	3561	1
1064	9409	1
1368	1625	1
9767	6121	1
14405	12657	1
4851	6301	1
1081	9409	1
2260	736	1
11135	9248	1
3817	8774	1
6985	14326	1
7893	5084	1
2335	6266	1
8845	4294	1
13377	8153	1
6490	14416	1
10537	10755	1
12057	2863	1
1939	12721	1
2148	12347	1
5041	5351	1
5351	5041	1
1997	259	1
2891	10333	1
9119	7304	1
10061	5982	1
3276	5720	1
13377	11712	1
2653	435	1
4207	5248	1
435	1378	1
4303	7791	1
13911	13117	1
12336	627	1
6266	2335	1
6352	6334	1
1939	1938	1
14075	6284	1
9244	12929	1
11285	14151	1
14417	8212	1
5778	503	1
5602	5340	1
2981	2982	1
10951	2590	1
8962	6165	1
8144	3449	1
705	7022	1
7228	13289	1
8779	1662	1
110	3547	1
3212	7912	1
6363	6346	1
11417	4207	1
3404	8507	1
4034	5240	1
1844	590	1
5120	5121	1
4717	7895	1
5587	1968	1
3722	2712	1
2616	2016	1
6845	6485	1
1786	1756	1
2065	2102	1
14418	14418	1
9248	11135	1
5749	4806	1
5140	2399	1
12022	12821	1
7258	5096	1
751	14159	1
7518	11175	1
11536	5893	1
930	831	1
5281	6344	1
1289	1505	1
3515	14222	1
10900	4164	1
6165	8962	1
9599	4287	1
5543	5523	1
4939	7916	1
5266	1619	1
14343	12565	1
11908	11094	1
4753	3820	1
13586	14383	1
5400	5399	1
11536	6421	1
2454	3139	1
12835	5640	1
12347	2148	1
14419	12537	1
10025	12277	1
640	14420	1
8404	4883	1
12381	7258	1
3144	4883	1
14188	10403	1
7082	14383	1
13975	12277	1
4905	2873	1
7066	10128	1
14246	14246	1
5142	13408	1
2873	4905	1
6454	2077	1
557	4472	1
4749	3153	1
10608	13138	1
14421	11417	1
3323	3444	1
9037	9251	1
14017	14017	1
3450	6246	1
9862	6246	1
12079	11034	1
7340	12965	1
3853	4027	1
7916	4939	1
5097	13574	1
4763	4561	1
3170	2735	1
14422	14422	1
627	12336	1
10123	4294	1
6965	6367	1
5720	3276	1
6135	10677	1
6367	6965	1
13311	12565	1
8541	10677	1
11033	11034	1
13900	5678	1
1664	5131	1
13019	3862	1
2245	9539	1
4577	4374	1
1220	985	1
11417	14421	1
1399	3465	1
6983	10869	1
7639	11346	1
4102	1437	1
8856	604	1
7891	13416	1
2016	2616	1
12965	7340	1
3468	2311	1
6346	6363	1
9508	1827	1
10108	9619	1
11980	11980	1
12537	14419	1
12795	14423	1
9857	11537	1
4431	5374	1
14424	6772	1
14423	12795	1
876	3190	1
1786	6113	1
6127	690	1
543	3383	1
2224	1096	1
13574	5097	1
14425	3323	1
1361	1360	1
3396	6530	1
1746	1360	1
8212	14417	1
12771	8141	1
13416	7891	1
14426	1364	1
1096	8141	1
8141	12771	1
10531	2567	1
2976	6978	1
13114	7639	1
6419	13590	1
9234	2322	1
10750	12565	1
7791	4303	1
6820	14255	1
2454	3232	1
4294	10123	1
5055	5247	1
14255	6820	1
3119	1599	1
7404	1209	1
6184	6171	1
1599	3119	1
12546	14346	1
12277	13975	1
8774	8247	1
1677	1022	1
1858	4923	1
2646	12565	1
1022	1677	1
5979	6977	1
14427	11168	1
960	14375	1
14428	13476	1
11334	730	1
12898	6977	1
7776	14352	1
14429	14429	1
1451	730	1
2842	4726	1
2993	12832	1
8412	9876	1
8649	7145	1
12481	7598	1
14430	3609	1
2549	9744	1
13311	11797	1
6115	8650	1
8941	14431	1
11704	9876	1
12565	2646	1
2646	3723	1
9351	9744	1
6273	4409	1
10334	8640	1
14345	14297	1
3079	2911	1
6721	6649	1
14432	13974	1
7455	9311	1
10980	10980	1
14114	14114	1
14428	7695	1
3743	5791	1
875	441	1
6709	6709	1
4888	4900	1
13889	5133	1
789	1108	1
14051	6809	1
5133	13889	1
14255	7066	1
7066	14255	1
12771	7109	1
9027	8814	1
8696	2901	1
11382	5506	1
1653	5506	1
14203	14203	1
3862	13019	1
1209	7404	1
5708	9464	1
4603	6246	1
4956	4577	1
3177	6765	1
14433	14433	1
13833	9322	1
4294	9863	1
6765	3177	1
5612	12861	1
14434	14434	1
3629	1740	1
13989	13869	1
7341	14144	1
9074	7983	1
11074	13869	1
8743	14435	1
13727	4317	1
5671	7024	1
13659	13869	1
13777	13267	1
7404	1662	1
2715	12660	1
2813	5990	1
9242	13869	1
4087	12660	1
14436	14436	1
13853	10550	1
1662	7404	1
3173	2604	1
