14555	14538	1
9002	8684	1
11479	11211	1
2870	1485	1
8544	7606	1
8262	4039	1
4482	14024	1
7154	585	1
585	7154	1
13853	10550	1
7106	1269	1
8699	14117	1
13264	8439	1
9136	5671	1
13279	14556	1
4979	1249	1
9360	4487	1
2017	4726	1
4650	5010	1
8898	9550	1
928	12666	1
10810	6879	1
5004	6456	1
12441	8668	1
8439	13264	1
14503	3297	1
13492	10753	1
1830	1829	1
14536	7952	1
5004	5601	1
876	3190	1
6357	12488	1
5517	3069	1
4975	5629	1
4577	4374	1
3441	7986	1
9131	14541	1
4368	13032	1
3088	464	1
6247	9568	1
2047	10639	1
6127	7082	1
14117	8699	1
14541	9131	1
12128	478	1
9568	6247	1
10639	2047	1
8140	11157	1
9067	7300	1
6286	7082	1
12779	5366	1
6765	4569	1
13737	10620	1
10815	10816	1
810	10737	1
8960	8961	1
7367	6294	1
1145	6414	1
7367	3463	1
7082	6127	1
13367	8290	1
13153	14128	1
12816	8290	1
6247	6247	1
5581	858	1
14274	14498	1
11009	7130	1
13663	10838	1
4250	3258	1
7300	9067	1
9383	5423	1
14538	14539	1
3258	4250	1
4610	2883	1
11700	7109	1
1154	7109	1
13546	14284	1
9265	6227	1
14284	13546	1
1043	1427	1
11591	12161	1
8367	12161	1
625	6925	1
2616	1687	1
11831	13200	1
9084	10826	1
10741	6128	1
12161	8367	1
7056	6811	1
12400	4939	1
10827	10826	1
4939	12400	1
11825	10826	1
612	588	1
5473	4511	1
10839	6556	1
7952	14536	1
1725	9944	1
6925	10713	1
5822	3576	1
9322	13833	1
6757	4704	1
14338	12580	1
9165	9550	1
4983	4796	1
12945	6975	1
12228	7102	1
14024	4482	1
1796	1832	1
2560	391	1
10550	13853	1
7986	3441	1
4226	11681	1
6662	2065	1
2327	718	1
4979	760	1
6306	9924	1
14557	6113	1
12529	2011	1
2325	13292	1
3341	4048	1
4610	4484	1
9148	10161	1
14490	3480	1
9887	11972	1
9644	9643	1
14558	10797	1
2436	5728	1
14141	10379	1
8226	3507	1
10826	11825	1
6562	6334	1
14559	14560	1
14330	14482	1
8005	6113	1
612	2715	1
7810	4346	1
8961	8960	1
3240	10725	1
1929	10756	1
11087	6564	1
5513	6181	1
12316	9106	1
819	2873	1
3784	1420	1
10067	2873	1
6321	2873	1
14328	6883	1
5517	7813	1
7367	5537	1
14534	12257	1
5002	5013	1
4796	4983	1
6251	4946	1
6562	12175	1
378	4167	1
12062	9351	1
740	4174	1
4454	6919	1
4946	6251	1
4174	740	1
1441	1512	1
11552	8118	1
7079	10387	1
13784	13784	1
11157	8140	1
511	797	1
5630	6903	1
8352	7540	1
11992	4329	1
9568	9816	1
612	550	1
14050	9789	1
5517	6211	1
13292	2325	1
14561	10693	1
7211	5524	1
5082	5479	1
2260	7126	1
6530	4755	1
14562	14139	1
8670	9717	1
7258	5096	1
7323	14346	1
1224	6181	1
13065	5136	1
810	8670	1
14538	14555	1
1781	2276	1
5026	5027	1
2873	10067	1
13833	9322	1
5354	7209	1
5547	2652	1
5285	14214	1
10154	1854	1
3315	3545	1
12656	5142	1
8585	12529	1
10163	10163	1
5017	4294	1
14132	5041	1
8015	3232	1
5849	6893	1
7108	4724	1
11591	13291	1
3812	717	1
12470	14330	1
7114	14550	1
12732	5892	1
3004	1484	1
10342	7042	1
14330	12470	1
10826	10827	1
6203	13739	1
2560	4415	1
7654	8213	1
7209	5354	1
9789	13291	1
12529	5726	1
536	5253	1
3812	9736	1
9087	3999	1
1929	8496	1
3545	3315	1
11967	8587	1
14563	10826	1
2980	2980	1
1128	2980	1
3812	2714	1
7235	4555	1
5904	4135	1
3347	4484	1
6945	4378	1
7126	2260	1
11123	5582	1
1427	1043	1
6562	13378	1
2576	4397	1
5041	14132	1
10397	13456	1
3480	14490	1
8585	9204	1
12529	9204	1
13605	4358	1
11864	23	1
6055	4135	1
4983	4561	1
11517	1254	1
8162	8781	1
6689	8899	1
10816	10815	1
13574	13361	1
6236	8781	1
14564	3212	1
5100	2308	1
95	70	1
9845	8013	1
4900	4888	1
12197	7995	1
8118	11552	1
14565	7450	1
4706	4707	1
5549	3985	1
11864	3234	1
9383	13028	1
6646	2492	1
4346	7810	1
11520	14566	1
5423	9383	1
5002	12464	1
6181	1224	1
11892	11892	1
3822	858	1
7450	14565	1
14046	7024	1
3068	2116	1
380	1787	1
13508	6947	1
5118	4517	1
12732	13553	1
3190	1584	1
3985	5549	1
5485	3561	1
7255	6907	1
2260	6321	1
6669	14446	1
9863	4101	1
2560	3380	1
13265	6866	1
10826	14563	1
2873	1238	1
9550	8898	1
8152	8162	1
13640	6183	1
7989	627	1
14403	8162	1
8533	10112	1
12154	14567	1
7367	7625	1
4332	14510	1
1584	3190	1
5086	5087	1
13770	10721	1
12154	6183	1
3387	1954	1
9643	9644	1
2330	9769	1
6183	13640	1
484	6503	1
1832	1796	1
5380	9769	1
6414	1145	1
2901	1901	1
12814	21	1
13437	7550	1
5195	5196	1
9769	5380	1
802	3537	1
6183	12154	1
10161	11387	1
12154	12154	1
8950	9314	1
11403	11387	1
8903	11387	1
5849	7158	1
7331	5845	1
3453	11608	1
7540	8352	1
2017	4084	1
13567	11472	1
13049	13049	1
10032	10032	1
1830	5801	1
7550	13437	1
3503	5445	1
612	5730	1
9894	12496	1
737	1081	1
13361	13574	1
1081	737	1
7654	5688	1
1267	1202	1
8214	8247	1
10427	12516	1
10204	5070	1
344	1097	1
9087	3739	1
1830	8421	1
7606	8544	1
261	5947	1
2883	4610	1
13870	14268	1
5260	5261	1
9314	8950	1
11824	3343	1
5045	5046	1
13775	9325	1
3803	3802	1
715	4302	1
46	1832	1
2276	13955	1
6564	7274	1
6562	8700	1
7452	7988	1
13751	1897	1
14568	1838	1
12340	1897	1
5684	6923	1
5082	5083	1
14569	14569	1
3785	1097	1
5517	7225	1
5296	9024	1
2550	1097	1
12173	7786	1
14570	14054	1
2560	205	1
3429	8484	1
11774	13108	1
14571	7188	1
13594	11696	1
10345	12666	1
14032	14032	1
14572	11801	1
8676	10250	1
5196	5195	1
1830	6251	1
5210	4741	1
6925	625	1
1837	2712	1
5082	2556	1
7639	13114	1
14375	57	1
57	14375	1
11864	7810	1
7274	6564	1
3545	14197	1
9453	6615	1
11653	5674	1
5003	628	1
266	3350	1
8263	10483	1
1255	2979	1
2646	7857	1
12732	14411	1
9837	9837	1
12656	13581	1
9091	9091	1
6812	6813	1
1605	6813	1
5518	3785	1
7197	11387	1
10620	9992	1
4983	4763	1
14573	9992	1
5715	4763	1
5524	7211	1
7546	13517	1
2096	10759	1
12336	13663	1
1554	2576	1
7214	956	1
328	272	1
14574	14492	1
4751	14575	1
14165	4439	1
4397	2576	1
6930	11731	1
4650	3978	1
4299	1740	1
12401	10230	1
11700	12535	1
7949	8177	1
10570	5862	1
13602	45	1
4748	7930	1
5167	2119	1
9992	10620	1
3802	3803	1
21	12814	1
14576	5735	1
5735	14576	1
1249	3885	1
988	2235	1
10065	10065	1
986	88	1
10115	6289	1
8190	7798	1
628	627	1
13985	12616	1
6113	8005	1
7568	562	1
3138	5581	1
5002	3358	1
14577	4195	1
1774	4692	1
6562	9718	1
14535	4696	1
70	95	1
4101	9863	1
1749	1750	1
3689	2042	1
14578	14144	1
3785	1842	1
13583	9479	1
3257	14579	1
13777	8261	1
13129	5466	1
9204	8585	1
11211	11479	1
7486	3430	1
10346	10345	1
9725	12364	1
10938	14239	1
6628	7543	1
11776	9248	1
3121	3102	1
11835	11835	1
14535	6319	1
4227	10173	1
13032	4368	1
4294	5017	1
6987	10896	1
12877	14492	1
13751	4555	1
2203	5227	1
12991	6037	1
4838	422	1
3237	422	1
5597	8160	1
7953	6466	1
9105	11565	1
9381	4692	1
4707	4706	1
6227	9265	1
956	7214	1
5845	7331	1
11387	8260	1
4084	2017	1
4726	2017	1
12758	8113	1
8651	5684	1
14568	5630	1
8502	14480	1
12516	10427	1
7791	4303	1
13752	13752	1
14165	6901	1
6419	14094	1
6321	2260	1
14450	14497	1
14052	14052	1
6893	5849	1
12056	3171	1
7158	5849	1
702	3575	1
7644	9207	1
2560	3828	1
5721	8081	1
8113	12758	1
11520	3225	1
6562	8568	1
11415	14580	1
14581	4946	1
10397	1887	1
3171	12056	1
5636	10620	1
13739	6203	1
810	6021	1
5266	1619	1
530	614	1
9325	13775	1
5002	1858	1
13955	2276	1
5849	12967	1
12724	3812	1
11689	5843	1
11144	4059	1
9207	7644	1
12064	12064	1
4254	4658	1
10859	10896	1
12967	5849	1
14578	5870	1
5513	4658	1
13006	14095	1
4979	996	1
5843	11689	1
1084	13145	1
12529	2478	1
997	996	1
14582	11818	1
2999	10800	1
7469	8571	1
1830	3610	1
6018	14583	1
10266	1805	1
7082	6286	1
2147	5024	1
6233	8591	1
13879	2677	1
968	2017	1
627	628	1
1601	12011	1
6047	5899	1
6111	6062	1
1674	3641	1
5445	3503	1
14584	11060	1
3812	3699	1
6198	9524	1
3453	9089	1
12527	10015	1
5286	12758	1
9329	8668	1
10014	10015	1
5002	3071	1
1268	2017	1
2998	4755	1
2017	1268	1
2817	2297	1
2119	5016	1
6328	8092	1
3310	5511	1
5004	2210	1
11826	4092	1
14585	8247	1
13274	11799	1
11565	11445	1
8899	6689	1
13434	11118	1
14585	7291	1
6830	7552	1
13108	11774	1
1901	5013	1
12732	6015	1
11060	14584	1
4856	1862	1
3852	5633	1
7552	6830	1
5688	7654	1
2136	1257	1
8950	14467	1
14467	8950	1
9084	9577	1
10891	13193	1
13193	10891	1
8261	10098	1
1555	11186	1
10389	9251	1
2469	9108	1
3709	3708	1
13935	9108	1
12785	12274	1
9248	11776	1
9948	2588	1
