2735	11762	1
3009	717	1
9872	5317	1
6938	7318	1
717	3009	1
4810	9223	1
10153	1064	1
12898	7109	1
8924	8925	1
14325	11417	1
7891	13416	1
1076	885	1
798	2909	1
10637	10424	1
13354	10620	1
13416	7891	1
1733	3155	1
5188	1064	1
10620	13354	1
9049	7613	1
2611	9722	1
12660	4087	1
9722	2611	1
14194	5097	1
6649	6146	1
11902	12059	1
6864	11625	1
3323	5948	1
9672	4038	1
12669	13020	1
1064	5188	1
4880	2623	1
8711	5564	1
13139	7005	1
14136	3043	1
14142	9774	1
13416	13416	1
4241	10452	1
14304	14304	1
1884	4308	1
12832	5537	1
7469	6515	1
12418	5136	1
1567	9389	1
4092	11826	1
6562	12175	1
9722	9722	1
12565	9275	1
10984	5790	1
7188	4038	1
1338	3184	1
8848	4857	1
13810	7532	1
8676	8333	1
13289	12773	1
7072	7073	1
12773	13289	1
1740	4299	1
13020	12669	1
11031	7334	1
9777	5133	1
14106	10826	1
4368	13032	1
4968	205	1
6977	13571	1
12022	8363	1
13476	1238	1
1469	3723	1
8976	7143	1
13869	13989	1
4896	296	1
14198	9773	1
1843	2498	1
9275	12565	1
5366	12779	1
2935	4872	1
11202	10826	1
14307	14221	1
6809	14051	1
14326	14326	1
10838	13663	1
3347	4872	1
4087	12660	1
4872	3347	1
2715	12660	1
7486	6059	1
1849	2915	1
1010	4872	1
6888	14327	1
13354	1105	1
3623	4872	1
3532	4872	1
8848	1364	1
5445	5088	1
12340	1897	1
4872	3532	1
8646	8490	1
4777	1710	1
1900	8222	1
1366	2904	1
5678	13538	1
3515	14222	1
11574	9888	1
9223	4810	1
455	4426	1
10635	11468	1
6514	1113	1
3366	3855	1
14328	6883	1
11826	4092	1
4983	4796	1
7266	11445	1
3825	5360	1
6992	6455	1
4428	4427	1
11285	3345	1
10304	10938	1
12112	8628	1
1059	12365	1
5642	3561	1
1884	9824	1
14329	12616	1
8753	8941	1
6183	14051	1
8816	7620	1
13663	10838	1
782	8375	1
14330	11807	1
2557	1071	1
13567	11472	1
93	4259	1
4902	6095	1
7267	5753	1
14331	14331	1
6611	8803	1
1436	3194	1
4901	5093	1
12732	5161	1
6066	4302	1
6080	5161	1
7072	7143	1
208	1748	1
2043	2863	1
13571	6977	1
6611	7780	1
5133	9777	1
10850	9026	1
2296	988	1
5306	222	1
14288	6995	1
4447	13261	1
4868	1558	1
14332	14332	1
789	1108	1
4092	5562	1
8802	9763	1
5280	5520	1
5798	4477	1
5898	5897	1
9825	7847	1
6190	10737	1
9825	2446	1
8848	8803	1
5843	625	1
11896	14136	1
1622	10149	1
5266	1619	1
3202	9239	1
14117	8044	1
8050	3024	1
9246	6813	1
6812	6813	1
11379	8044	1
2722	13069	1
3043	14136	1
1985	296	1
5026	5027	1
5564	8711	1
2296	3051	1
14051	6183	1
6678	4478	1
12498	13343	1
6314	1108	1
1005	7779	1
4447	12498	1
7779	1005	1
2179	1844	1
14333	5145	1
12059	11902	1
9066	11164	1
4751	5683	1
5812	4657	1
6992	588	1
6611	5684	1
4872	2902	1
14117	9330	1
7072	2204	1
6216	2902	1
5009	7318	1
8331	7318	1
10682	6309	1
1884	7318	1
6611	11561	1
1884	7695	1
3276	10635	1
9825	5187	1
4092	5367	1
13979	13864	1
1884	5463	1
14334	14334	1
2051	1558	1
4025	6874	1
6611	12271	1
795	14003	1
12498	4447	1
636	1644	1
12494	6282	1
1607	7009	1
4902	5742	1
13261	4447	1
6309	10682	1
11547	9070	1
11797	6069	1
7228	13289	1
5351	5041	1
4842	8975	1
1884	6363	1
7989	627	1
14222	3515	1
12281	2337	1
12456	11776	1
1900	8975	1
4132	7807	1
6069	10243	1
5041	5351	1
1987	9371	1
625	5843	1
11702	12819	1
1644	636	1
4615	5453	1
6611	6034	1
8848	6034	1
6657	14174	1
12624	12285	1
12779	5366	1
6596	5668	1
296	4896	1
5017	4294	1
6970	3932	1
1900	5888	1
1933	2904	1
14186	2915	1
588	6992	1
9966	11514	1
14035	3102	1
6455	6992	1
6995	14288	1
6864	13121	1
8852	2578	1
14003	795	1
447	4753	1
1933	1754	1
14020	10384	1
261	5947	1
8442	10384	1
9276	4747	1
5668	6596	1
4556	4303	1
4092	14039	1
7791	4303	1
2622	2059	1
6515	2651	1
4370	708	1
1900	6270	1
6611	6270	1
1849	2651	1
9763	8802	1
12507	12320	1
8172	6611	1
8854	7453	1
8792	13982	1
14335	14335	1
1900	4029	1
7453	8854	1
11121	4029	1
8208	7860	1
2456	3547	1
828	9375	1
6611	4726	1
1849	2492	1
705	1243	1
1366	953	1
6314	13088	1
5075	7624	1
6637	9300	1
8293	3802	1
4651	714	1
5003	6919	1
14221	14307	1
12056	2874	1
8975	4842	1
5684	6611	1
12271	6611	1
768	2255	1
9239	3202	1
296	1985	1
3234	2955	1
14326	6985	1
6354	14280	1
6611	12274	1
5463	1884	1
13595	13367	1
6363	1884	1
3817	8330	1
9251	10389	1
5549	6034	1
11661	1893	1
5088	5445	1
9378	7179	1
14336	14336	1
9700	5340	1
4161	3410	1
4299	1740	1
5133	4857	1
13497	9380	1
7318	8331	1
441	11799	1
1884	1238	1
3576	6165	1
7807	4132	1
11205	3323	1
1930	3343	1
8848	7681	1
3853	1469	1
1933	1676	1
1884	13770	1
6146	6649	1
3950	6319	1
9242	8821	1
6190	10273	1
14305	10139	1
10139	14305	1
4092	10363	1
13770	1884	1
6720	2536	1
1849	9368	1
6515	9368	1
11762	2735	1
10940	9669	1
10389	9251	1
3337	5380	1
14321	10094	1
1710	4777	1
1884	4334	1
3323	11205	1
4334	1884	1
11514	9966	1
1933	3002	1
9700	13807	1
5227	9239	1
3240	3674	1
14337	14337	1
2077	45	1
2480	7223	1
11031	5691	1
8848	10561	1
6985	14326	1
1900	7223	1
10777	10777	1
12111	10561	1
2734	12624	1
12340	7223	1
45	2077	1
979	5314	1
5354	7209	1
2578	8852	1
7082	2198	1
5897	5898	1
7209	5354	1
4747	9276	1
6611	7558	1
4939	7916	1
831	11402	1
1055	1727	1
6804	11346	1
2122	5203	1
7639	11346	1
5705	5970	1
4092	11511	1
222	5306	1
3315	7108	1
1849	2163	1
2503	2426	1
6901	11346	1
14333	5898	1
3814	2426	1
13491	10610	1
2909	10761	1
950	4066	1
8848	13665	1
447	1339	1
10484	2276	1
12624	13267	1
5648	10061	1
4416	13404	1
5713	5306	1
10610	13491	1
11470	14338	1
8451	8867	1
14197	7108	1
12861	8867	1
11417	14133	1
1900	9863	1
9405	11992	1
10826	11462	1
8848	1840	1
6782	11346	1
9078	10128	1
9733	11346	1
1900	4555	1
740	3240	1
9863	1900	1
9368	13267	1
6768	123	1
7274	6564	1
221	3091	1
7072	5712	1
1840	6513	1
6992	5712	1
13751	4555	1
5712	6992	1
4796	4983	1
6266	14314	1
12816	13538	1
876	1584	1
4763	4983	1
1849	1692	1
8848	7158	1
2557	14339	1
1900	5482	1
740	7407	1
4113	5482	1
1933	1572	1
7796	9368	1
7917	6371	1
7514	6947	1
3405	3404	1
9368	7796	1
6513	1840	1
6576	1840	1
13764	9202	1
2372	14340	1
13931	8444	1
7469	9239	1
11164	9066	1
8848	9880	1
1933	5125	1
6994	9880	1
8507	3404	1
6611	13418	1
14339	2557	1
4902	1224	1
8049	10347	1
7521	8681	1
6515	7484	1
11807	14330	1
3098	12624	1
6813	6812	1
1900	1897	1
6970	5717	1
13278	14203	1
12174	11918	1
6348	10759	1
366	1493	1
3098	14203	1
14341	14340	1
1251	2384	1
10061	5648	1
4959	11650	1
4163	718	1
9744	9744	1
2181	11769	1
6811	14025	1
14342	10069	1
6678	9581	1
8903	11387	1
10488	6843	1
5585	5586	1
7325	8762	1
6812	8222	1
5411	2251	1
14343	5754	1
9239	7469	1
4157	2251	1
705	7022	1
997	9409	1
2873	8951	1
8867	12861	1
12178	4797	1
5482	1900	1
663	13018	1
1849	1401	1
8012	13450	1
7178	6036	1
9835	14321	1
13574	7713	1
14264	10938	1
7223	2480	1
10347	8049	1
5818	1508	1
3404	3405	1
1900	2480	1
5671	5041	1
9070	9253	1
13794	5453	1
5786	2677	1
2348	2349	1
4141	8681	1
4615	6007	1
4092	1255	1
10220	12093	1
9581	9067	1
14326	6729	1
5212	903	1
2480	1900	1
10759	6348	1
7624	5075	1
5753	7267	1
14344	12006	1
1933	8934	1
6069	11797	1
876	3190	1
6729	14326	1
653	1829	1
3520	1829	1
6515	7446	1
1897	1900	1
296	1829	1
3190	1584	1
7916	4939	1
1469	3853	1
8044	14117	1
29	424	1
9330	14117	1
3853	4027	1
1584	3190	1
13589	9722	1
8848	13213	1
2255	768	1
11445	7266	1
5861	6922	1
6947	13508	1
12675	7266	1
7179	9378	1
1112	12009	1
14345	65	1
5839	128	1
11268	6320	1
1562	4115	1
9880	6994	1
7266	4946	1
6371	7917	1
3108	1232	1
2735	3261	1
1584	1584	1
14346	12546	1
5715	4983	1
14263	4555	1
10620	7361	1
4983	5715	1
13737	7361	1
9488	14321	1
2950	6430	1
9453	6615	1
6430	2950	1
1829	653	1
5428	2260	1
5684	12785	1
8681	11344	1
740	2260	1
2607	1654	1
8386	10387	1
6115	5810	1
1194	4376	1
4922	10109	1
3347	1740	1
3187	1407	1
13016	13649	1
128	5839	1
5684	6085	1
1508	5818	1
1162	3568	1
7108	3315	1
10761	2909	1
9139	8412	1
3629	1740	1
6357	5860	1
2456	1996	1
10805	4821	1
414	14149	1
9037	9251	1
1740	3629	1
6371	8501	1
14197	3315	1
5811	4021	1
3301	380	1
5041	5671	1
8940	4090	1
5093	4901	1
14016	13965	1
14203	13278	1
2803	10811	1
4921	1059	1
9325	13775	1
1687	1493	1
303	2666	1
8031	5060	1
9239	6251	1
5116	1816	1
6167	4090	1
1849	1850	1
6251	9239	1
4057	6216	1
13237	14347	1
10413	8447	1
11210	7469	1
13471	9888	1
740	3886	1
5715	6089	1
8646	11043	1
12413	8447	1
5581	4293	1
850	95	1
5860	6357	1
13367	8290	1
3689	1897	1
6320	9104	1
11043	8646	1
1231	9409	1
1849	696	1
3212	7912	1
8490	8646	1
1816	5116	1
6319	3950	1
14347	13237	1
12418	7308	1
14348	6775	1
9067	9581	1
4241	4133	1
4718	9104	1
11233	13048	1
7842	7842	1
1849	1428	1
8477	8190	1
7334	11031	1
1840	1516	1
3802	8293	1
14002	12439	1
39	320	1
5688	12861	1
9453	9888	1
10179	12111	1
12009	11472	1
1493	1687	1
1900	1667	1
13974	9781	1
1619	5266	1
13497	4866	1
5298	1108	1
3689	4555	1
8886	9997	1
7402	10180	1
1361	1746	1
170	5777	1
6160	4755	1
1930	139	1
5506	11382	1
6549	7281	1
10230	12659	1
4020	6781	1
4092	1681	1
12656	5142	1
4613	9330	1
1681	4092	1
6748	13018	1
1255	4092	1
3245	5362	1
11511	4092	1
10363	4092	1
11344	8681	1
7281	6549	1
11472	13567	1
14039	4092	1
14132	4167	1
5367	4092	1
6661	1941	1
490	8004	1
5689	6492	1
320	39	1
1108	789	1
1727	1055	1
1884	6346	1
7038	6022	1
994	1074	1
10569	12650	1
11301	12599	1
10839	10839	1
14342	7526	1
6922	5861	1
6611	5191	1
9070	9071	1
4250	2912	1
12111	10179	1
1849	1556	1
13373	8654	1
3430	3234	1
3041	13974	1
1884	1237	1
11918	12174	1
2732	1055	1
1407	3187	1
9158	7526	1
6734	9331	1
1584	876	1
5602	7526	1
13261	8365	1
9067	10507	1
2651	6515	1
9368	6515	1
7715	7715	1
7639	13114	1
7484	6515	1
10069	7526	1
6947	7514	1
10507	9067	1
9876	11300	1
3190	876	1
5762	10368	1
11368	6577	1
13880	4504	1
7711	6193	1
13580	11779	1
3383	6344	1
3623	3307	1
7620	8816	1
14349	14349	1
325	326	1
3170	8707	1
1516	1840	1
13852	8868	1
4132	5503	1
6812	6849	1
1900	2042	1
9276	10351	1
518	677	1
8323	6849	1
677	518	1
12599	11301	1
1532	14272	1
8004	490	1
11571	10379	1
12742	12742	1
5687	8203	1
1064	3502	1
1830	3102	1
13111	3190	1
9405	1833	1
10024	9131	1
3461	1956	1
740	1132	1
2646	7857	1
5301	12456	1
13734	5485	1
5072	2725	1
9718	14075	1
5133	5206	1
1441	788	1
12456	5301	1
5537	5419	1
5524	6848	1
8848	5630	1
10351	9276	1
7811	7857	1
14350	14350	1
3404	4657	1
5206	5133	1
13501	3307	1
1740	3674	1
4872	1010	1
13889	5133	1
10330	7868	1
786	785	1
243	1397	1
1060	2734	1
1933	1266	1
8921	7674	1
8081	5721	1
6213	8933	1
328	10631	1
