4726	2842	1
6479	6382	1
10386	13750	1
1439	4102	1
9300	5349	1
5197	6344	1
3062	13385	1
12861	5612	1
13663	10838	1
4490	5288	1
9876	11704	1
7128	10343	1
4801	7944	1
4851	1653	1
11704	9876	1
4755	8141	1
10826	11462	1
4851	6301	1
5257	3881	1
1508	5818	1
11044	9368	1
3177	12056	1
13750	10386	1
12056	3177	1
9365	5259	1
1182	11630	1
7223	1897	1
10838	13663	1
12664	12650	1
9368	11044	1
11630	11233	1
9974	4447	1
1561	1188	1
8512	12650	1
1539	2584	1
2330	9769	1
7961	8177	1
13687	12650	1
12520	13606	1
7466	7944	1
2985	11144	1
5860	6357	1
9049	2545	1
8141	4755	1
4806	5408	1
7810	4952	1
13168	312	1
12806	8404	1
1939	518	1
11630	10761	1
14479	11407	1
4299	1740	1
4796	4983	1
4251	3944	1
5351	7504	1
690	6127	1
11928	7480	1
9493	8222	1
1740	4299	1
11767	6531	1
7318	8446	1
1099	5006	1
9375	828	1
8222	9493	1
4205	10750	1
9172	10770	1
2842	4726	1
518	3069	1
6479	11445	1
12457	9798	1
12056	2935	1
3539	6576	1
4801	4027	1
6824	13795	1
5076	7298	1
3679	1535	1
7668	3284	1
7495	7622	1
5006	1099	1
6576	6576	1
6576	2914	1
9375	11330	1
6649	6146	1
4801	8210	1
795	14003	1
10750	4205	1
7027	3881	1
2140	7902	1
6164	10700	1
1039	304	1
5533	304	1
9769	2330	1
5400	7453	1
7902	5296	1
11233	11630	1
4616	4616	1
9172	8421	1
13795	6824	1
6531	11767	1
10761	11630	1
11630	4260	1
4294	8845	1
4912	4912	1
12400	13710	1
3753	6649	1
7748	7749	1
14003	795	1
4205	4205	1
5505	2482	1
6127	12899	1
431	4620	1
2482	5505	1
10814	8903	1
8756	1093	1
6100	6700	1
7504	5351	1
6479	8026	1
10725	3240	1
4502	95	1
6479	7162	1
7453	5400	1
2865	1099	1
14480	8502	1
9638	10385	1
12899	6127	1
14198	9690	1
13718	10748	1
12029	10427	1
6479	9930	1
6034	5948	1
7104	5948	1
10896	5948	1
4851	2433	1
8194	5948	1
10385	5948	1
7780	5948	1
13183	3704	1
814	460	1
1469	3723	1
5481	9689	1
9690	14198	1
2935	12056	1
5142	7158	1
13589	13367	1
8451	8867	1
14252	14240	1
7902	13959	1
1087	863	1
2137	1926	1
9017	4563	1
3520	4563	1
5297	5297	1
13183	4578	1
2276	2673	1
1647	10900	1
8404	12806	1
3903	5340	1
4755	5855	1
5307	12056	1
5378	2247	1
5581	3138	1
12832	11164	1
4939	9248	1
1055	2732	1
185	8258	1
1614	12440	1
8453	8556	1
12263	12264	1
5203	6312	1
847	3176	1
1897	8680	1
14481	14482	1
4463	2452	1
5698	1339	1
12307	6228	1
1074	1075	1
8488	12080	1
4620	431	1
8649	7780	1
13416	7891	1
2532	7780	1
5481	3043	1
997	13437	1
1362	2733	1
14483	5145	1
4578	3043	1
734	779	1
1339	5698	1
8779	12470	1
1925	2436	1
13734	5642	1
4406	2454	1
2362	3614	1
13853	10550	1
2052	5549	1
14456	9108	1
11630	12754	1
9172	5706	1
8773	4294	1
9863	4294	1
10177	692	1
13997	692	1
82	8776	1
11060	8854	1
10022	8854	1
2532	1840	1
13781	13130	1
5778	3868	1
2545	9049	1
3625	3372	1
8776	82	1
5047	2284	1
9270	6200	1
7829	3017	1
7902	1622	1
10761	2909	1
5818	1508	1
2664	1201	1
6297	8017	1
11472	13567	1
11714	11714	1
11831	7602	1
3506	5210	1
1642	604	1
4260	11630	1
8854	11060	1
12754	11630	1
4132	7807	1
1858	1053	1
6944	1787	1
3497	1891	1
8140	1050	1
1781	1782	1
6414	12553	1
5042	9680	1
13869	9242	1
5929	5951	1
9506	7165	1
14484	14484	1
9453	6615	1
1377	11315	1
8320	8512	1
2421	4006	1
6479	2651	1
7902	2651	1
7602	3258	1
6309	10682	1
87	1605	1
12010	8844	1
3258	7602	1
9325	5073	1
14438	11462	1
8150	8611	1
1782	1781	1
2312	7823	1
4709	3717	1
7678	4308	1
6809	1085	1
1356	6024	1
8082	11608	1
10900	1647	1
2707	1266	1
2873	10576	1
9491	8454	1
14485	14382	1
4036	8738	1
2745	2928	1
9584	680	1
8844	12010	1
4863	1148	1
1050	8140	1
6765	4946	1
12675	4946	1
6024	1356	1
2505	3514	1
12899	1064	1
4463	8238	1
5922	11201	1
4946	6765	1
2911	7481	1
2228	4946	1
234	7325	1
3568	6270	1
3138	5581	1
13130	12999	1
6132	13705	1
13289	7228	1
6669	14446	1
11343	14486	1
9240	9527	1
2361	3388	1
10550	13853	1
1084	3650	1
7025	6765	1
11211	3137	1
1099	2865	1
737	1081	1
5248	5670	1
2842	14203	1
8756	9018	1
7902	1517	1
4251	6507	1
4956	6765	1
6649	3753	1
8398	14196	1
11122	2588	1
14259	14235	1
28	14263	1
3963	14477	1
2588	11122	1
4463	11002	1
12842	2228	1
5122	4946	1
4946	2228	1
2963	3591	1
10304	1055	1
3480	14193	1
11164	7104	1
8446	8974	1
5860	9524	1
10266	12141	1
13187	13187	1
14487	7761	1
9909	7104	1
10682	6309	1
7104	9909	1
3613	762	1
4851	2434	1
5353	8609	1
2730	1362	1
9166	8974	1
4975	8728	1
13273	10188	1
10121	5073	1
11552	8118	1
3881	7481	1
10032	10032	1
12141	10266	1
13917	7128	1
10749	7233	1
5899	6047	1
4986	13870	1
10140	7443	1
9279	9279	1
13479	14392	1
3297	11455	1
12280	11960	1
6479	6321	1
6686	6321	1
1897	7223	1
8609	5353	1
7228	13289	1
1311	2482	1
13330	13277	1
13567	11472	1
14193	14095	1
13892	1651	1
2228	12842	1
9807	9695	1
3186	3673	1
2129	5434	1
788	1282	1
8974	8446	1
9172	5227	1
6843	10488	1
11138	1452	1
1282	788	1
6141	4950	1
13767	9804	1
6047	5899	1
13070	4459	1
4824	678	1
11324	906	1
2691	13069	1
14152	14001	1
3514	2505	1
3043	4578	1
5353	6059	1
5047	6246	1
1211	5015	1
275	3980	1
6419	8190	1
344	2562	1
14482	14481	1
11547	9070	1
9158	7526	1
9070	9253	1
3242	6549	1
906	1266	1
14341	14340	1
6765	4956	1
2562	12357	1
13097	10172	1
5569	4915	1
6549	3242	1
11523	8338	1
4988	5175	1
6321	2873	1
7977	13980	1
11451	9997	1
10309	4866	1
8525	8526	1
6167	11166	1
8222	6812	1
21	388	1
8855	9997	1
14001	14152	1
5445	3503	1
9330	6513	1
13829	12882	1
1618	8173	1
4650	12607	1
9248	4939	1
4428	8189	1
10474	8748	1
4241	1349	1
1564	8173	1
11455	3297	1
8974	9166	1
9385	11767	1
2482	14488	1
7902	2652	1
12067	12068	1
6317	257	1
8886	9997	1
10140	9997	1
11294	10471	1
6807	6808	1
5046	5045	1
9997	8855	1
3190	3190	1
11514	9966	1
9018	8756	1
11960	12280	1
8898	7570	1
5712	2319	1
13602	5446	1
11069	7884	1
13688	10639	1
2319	5712	1
3383	1459	1
6315	9364	1
6517	8600	1
11301	12467	1
8649	3965	1
6024	5001	1
11201	5922	1
3237	3325	1
9456	10753	1
960	82	1
4851	4034	1
6314	226	1
14489	14489	1
11831	8314	1
8899	11344	1
2874	12056	1
11285	14151	1
12779	5366	1
493	2897	1
7255	6907	1
5047	9356	1
13277	13330	1
3784	1420	1
11565	9105	1
847	1797	1
4574	5376	1
13744	6602	1
8854	2365	1
9172	8228	1
2365	8854	1
6772	14424	1
9817	3965	1
3231	2189	1
6934	8903	1
14035	12292	1
13581	12656	1
4703	477	1
2883	897	1
10568	11909	1
194	477	1
14411	11397	1
238	4001	1
9276	4747	1
677	3674	1
14193	3480	1
14490	3480	1
12656	13581	1
868	11224	1
11773	14069	1
14491	14492	1
5934	6245	1
14493	14477	1
7678	10752	1
1034	2246	1
9108	14456	1
3480	14490	1
7165	6530	1
7066	10128	1
6113	8005	1
2189	3231	1
12553	6414	1
4967	3388	1
3958	4859	1
6479	10208	1
1420	3784	1
14477	3963	1
14478	4747	1
3784	14494	1
10826	10827	1
10188	13273	1
4365	4364	1
14495	1057	1
13951	9368	1
13466	10396	1
6658	5544	1
1506	14443	1
12568	6901	1
6975	9067	1
9356	5047	1
3965	9817	1
6216	3017	1
11992	4329	1
12467	8763	1
6286	6540	1
1269	7106	1
3017	6216	1
14490	14490	1
3892	7736	1
7106	1269	1
14496	14477	1
14049	1120	1
8903	11387	1
133	13679	1
3451	5928	1
12466	4059	1
5812	1756	1
4231	6309	1
12141	2478	1
7303	6564	1
13105	9731	1
2043	1828	1
14497	14450	1
9067	6975	1
3463	6564	1
4059	12466	1
477	194	1
1791	4288	1
9223	10465	1
6118	9480	1
1828	2043	1
1667	2712	1
7560	427	1
3068	5047	1
1837	2712	1
10876	14377	1
1120	14049	1
13437	2901	1
3450	5047	1
4286	10713	1
2901	13437	1
4258	7372	1
5047	3068	1
5047	3450	1
11767	9385	1
12481	3944	1
7220	5920	1
737	1938	1
11530	11691	1
6646	5047	1
7082	5047	1
5047	7683	1
4164	10900	1
14474	5764	1
4364	4365	1
8190	6419	1
6479	6686	1
4062	1002	1
5764	14474	1
9804	13767	1
1756	5812	1
1723	12313	1
6901	12568	1
7902	6344	1
6321	6686	1
4810	6222	1
11397	14411	1
1566	6854	1
4294	8773	1
4294	9863	1
14274	14498	1
5267	5710	1
10172	13097	1
3881	7027	1
1599	2370	1
5642	3561	1
5710	5267	1
6901	4287	1
819	2873	1
4358	13605	1
10067	2873	1
4851	1402	1
2140	425	1
14136	2873	1
3591	2963	1
7761	14487	1
4102	1437	1
7902	2492	1
7045	6765	1
7884	11069	1
7258	5096	1
3507	887	1
13090	13090	1
2505	11868	1
828	9375	1
4975	4763	1
887	3507	1
5402	8948	1
3952	5962	1
12788	2863	1
5351	5041	1
1362	4474	1
8774	3817	1
1796	46	1
14298	6572	1
1064	12899	1
5922	5	1
12788	12324	1
11574	9888	1
6479	4579	1
12656	5142	1
7444	2083	1
1377	6057	1
10620	13354	1
9527	9240	1
8036	11540	1
2873	14136	1
3383	5197	1
8189	4428	1
7158	5142	1
4801	6897	1
8248	14499	1
1667	5414	1
2980	1128	1
6228	12307	1
12929	9244	1
12313	1723	1
10413	6564	1
5792	13802	1
10389	6564	1
6564	10413	1
243	1397	1
13354	10620	1
730	1451	1
14222	3515	1
8258	185	1
6118	6034	1
12516	10427	1
9105	4946	1
7810	4346	1
11166	6167	1
14500	14500	1
6897	4801	1
10415	10464	1
7062	6840	1
10826	11825	1
8820	6193	1
8454	9491	1
8824	4653	1
12877	14492	1
5951	5929	1
9731	13105	1
12568	6282	1
5343	10494	1
12141	78	1
2913	2289	1
5065	5845	1
5558	9300	1
3011	10494	1
12336	13781	1
3059	9346	1
2999	10800	1
847	2051	1
4038	7188	1
3297	4162	1
13098	13358	1
4986	2346	1
1997	7548	1
4453	9576	1
6810	4915	1
8005	6113	1
7104	11164	1
5603	670	1
92	4882	1
5768	4915	1
10494	3011	1
4836	7012	1
2646	6507	1
10620	7361	1
13737	7361	1
14075	11243	1
7654	5688	1
14411	13737	1
12324	1506	1
6243	8420	1
7361	13737	1
1653	5506	1
3515	14222	1
651	14501	1
7137	7086	1
1608	7398	1
10750	3153	1
4346	7810	1
13787	6346	1
10713	9785	1
7398	1608	1
9148	10161	1
11387	10161	1
93	4259	1
14494	3784	1
10161	9148	1
9105	6564	1
8837	4019	1
5739	6187	1
4975	10243	1
6851	6851	1
13737	14411	1
7749	7748	1
7656	8029	1
4946	6591	1
11561	6564	1
5796	6467	1
11479	11211	1
1651	13892	1
11243	14075	1
3137	11211	1
14502	13083	1
2865	3396	1
8420	6243	1
8649	13021	1
11002	4463	1
3507	5804	1
7012	4836	1
6957	10654	1
14503	3297	1
1749	8757	1
9105	11565	1
10815	5097	1
546	13188	1
6480	7178	1
6591	4946	1
14477	14496	1
14032	14032	1
7983	11704	1
2086	9246	1
5845	5065	1
2161	1054	1
1619	5266	1
13085	7519	1
4983	4561	1
2732	3227	1
847	2634	1
13041	1642	1
5569	1620	1
493	3091	1
6033	7162	1
4200	3630	1
8836	11014	1
5337	5337	1
3975	10968	1
14504	13819	1
2496	2646	1
3111	8181	1
10968	3975	1
14263	4555	1
3153	10750	1
604	1642	1
12467	11301	1
5175	4988	1
1237	753	1
11967	8587	1
6708	12630	1
6197	6198	1
12758	14505	1
11224	868	1
1362	2730	1
14454	11235	1
12470	14482	1
14284	9670	1
12011	14396	1
753	1237	1
12658	6417	1
14482	12470	1
4251	2646	1
5026	5027	1
14165	6901	1
13659	14066	1
8333	8676	1
2706	5369	1
14506	14506	1
14507	7763	1
1827	9508	1
14508	14508	1
2037	1266	1
4954	9236	1
6956	5047	1
1461	3987	1
5154	4888	1
6637	4444	1
3383	696	1
847	205	1
696	3383	1
4390	4525	1
3738	5128	1
11540	8036	1
8587	8195	1
7602	11831	1
2646	7857	1
8195	8587	1
10654	5357	1
14505	12758	1
8763	12134	1
5569	5677	1
2990	6265	1
6427	6822	1
14177	14177	1
8969	622	1
7540	3918	1
7902	7932	1
4525	4390	1
6198	6197	1
14509	4525	1
14510	14510	1
4377	5897	1
13514	13514	1
4240	3788	1
7622	7495	1
14305	12124	1
3507	7010	1
2958	6908	1
5905	2127	1
10569	12650	1
14511	14511	1
12751	2832	1
4851	4375	1
13489	6048	1
14512	14512	1
876	1584	1
11704	7983	1
14109	3011	1
9246	2086	1
9957	12318	1
11552	11552	1
14513	12385	1
3377	6854	1
11664	13567	1
12124	14305	1
2873	10067	1
10753	9456	1
847	3411	1
13175	13456	1
7602	3079	1
4548	1401	1
11121	5353	1
1968	5587	1
6649	6721	1
8650	6115	1
1401	4548	1
11762	2735	1
3190	8676	1
3795	5566	1
11707	14078	1
11779	3361	1
5716	9881	1
2735	11762	1
5210	3506	1
4983	5468	1
10788	490	1
10031	10031	1
8017	6297	1
8118	11552	1
9959	50	1
14090	10386	1
11825	10826	1
10827	10826	1
2	8785	1
13200	9229	1
10827	10827	1
8748	10474	1
9229	13200	1
11591	13291	1
12324	12788	1
2327	2315	1
14514	8118	1
4799	7944	1
