1859	3640	1
13900	14165	1
8916	1858	1
9511	13599	1
110	323	1
14117	8699	1
8888	14240	1
12540	14165	1
7461	6036	1
4408	12840	1
11657	8556	1
4603	6246	1
9104	6320	1
3679	13920	1
5263	8897	1
14277	13727	1
6667	4914	1
13567	11472	1
2102	1921	1
937	936	1
3513	6579	1
4818	296	1
1829	296	1
6618	13727	1
3269	2727	1
8897	5263	1
3512	4374	1
14278	14279	1
4384	2412	1
4288	3361	1
8899	6689	1
4769	6454	1
5893	2873	1
1456	3949	1
14280	6354	1
4032	2678	1
6576	6513	1
535	10737	1
13599	9511	1
4250	2912	1
14179	11416	1
5823	5824	1
371	1096	1
10988	10893	1
3704	1740	1
706	3316	1
5366	12779	1
1561	5070	1
11472	13567	1
3565	7193	1
3238	2636	1
11455	3297	1
4262	10897	1
9118	9143	1
13889	5133	1
5582	8890	1
4812	7535	1
371	623	1
6266	4806	1
4409	3950	1
10667	8162	1
5360	2636	1
4250	1094	1
6579	3513	1
3347	4872	1
9681	3086	1
4886	13974	1
2198	1378	1
814	5948	1
9754	8710	1
12344	5789	1
4707	4706	1
9854	3795	1
4616	2712	1
6513	6576	1
4250	7162	1
2423	4988	1
13727	14277	1
1687	1493	1
10982	9863	1
1105	13354	1
4250	10940	1
1740	3674	1
13838	9009	1
6429	13149	1
2715	12660	1
3565	1695	1
6932	1037	1
2680	2680	1
3404	14256	1
9144	8973	1
7138	5789	1
12500	13961	1
1076	1017	1
5542	4954	1
13710	13710	1
3487	10232	1
2715	6768	1
3989	8100	1
7108	14197	1
2611	2282	1
123	6768	1
5939	4485	1
5353	6059	1
7540	3918	1
13811	12498	1
6845	2801	1
3666	1761	1
2801	6845	1
6845	6845	1
5553	4485	1
6036	13877	1
6661	1941	1
2282	2611	1
7309	6361	1
6485	6845	1
13392	7797	1
14256	3404	1
4485	5877	1
14255	6820	1
2137	11120	1
4485	9790	1
4818	2915	1
10399	532	1
322	287	1
4250	6700	1
11896	11896	1
13392	12899	1
2227	3692	1
6820	14255	1
3840	3170	1
2227	14281	1
1509	2109	1
12675	5725	1
3315	3545	1
14197	3545	1
8645	1742	1
14198	9690	1
2636	5360	1
5138	3380	1
2023	1934	1
11657	11657	1
6083	6127	1
8443	8989	1
10300	8989	1
6187	8929	1
4025	9846	1
9270	6200	1
11256	6113	1
14282	1816	1
4818	1202	1
14283	14283	1
13149	6429	1
6249	6200	1
13876	8393	1
1774	3855	1
14197	7108	1
3951	5230	1
1599	3119	1
8261	13777	1
4872	3347	1
2091	6555	1
13935	13934	1
2604	2621	1
10351	9276	1
7651	2520	1
1451	14078	1
4954	5542	1
10273	7370	1
3545	3315	1
8989	8443	1
1829	3520	1
12660	4087	1
6952	4217	1
4852	9065	1
5524	8444	1
1567	2479	1
7540	2369	1
11610	9076	1
437	861	1
3170	3840	1
1829	653	1
11588	9816	1
2051	4868	1
12840	4408	1
4250	3775	1
9351	12062	1
8124	9816	1
1584	4868	1
3262	4868	1
1411	5450	1
1514	12062	1
14078	1451	1
12048	2086	1
13386	11714	1
5909	5502	1
3800	3581	1
6555	2091	1
12062	9351	1
6294	5719	1
342	150	1
3773	54	1
13538	7739	1
1687	11315	1
150	342	1
4868	1584	1
54	3773	1
1687	222	1
7340	13311	1
3784	8300	1
5450	1411	1
13802	5842	1
375	10742	1
6647	13545	1
8498	13155	1
8293	2754	1
931	4658	1
9872	10742	1
269	12790	1
1761	3666	1
14270	10742	1
374	10742	1
1215	1862	1
6812	8222	1
13777	8261	1
1418	10742	1
4868	1558	1
5332	3754	1
6729	5356	1
4806	6266	1
14198	12533	1
7785	317	1
1509	649	1
3297	11455	1
2137	3088	1
5772	7780	1
7334	6206	1
7145	7780	1
3083	5297	1
5202	7780	1
9895	7780	1
12067	12068	1
824	2017	1
3523	3258	1
1059	5297	1
2077	45	1
5446	45	1
1063	45	1
5977	9541	1
13616	2652	1
1388	45	1
3642	1997	1
2720	3510	1
9270	196	1
207	6143	1
14284	14284	1
1427	996	1
5138	205	1
3609	1514	1
1687	205	1
8871	2651	1
4650	8543	1
8961	8960	1
45	2077	1
12754	12010	1
7469	8571	1
887	888	1
4692	2330	1
603	11158	1
1687	23	1
1717	631	1
5711	12999	1
12832	9248	1
8844	12010	1
9541	5977	1
12010	12754	1
8652	8756	1
8018	9431	1
12675	7266	1
5977	5176	1
1702	6752	1
9076	11610	1
4250	5856	1
7492	6752	1
10855	14285	1
13830	12802	1
4250	9930	1
3950	4409	1
12010	8844	1
5286	14214	1
45	1388	1
302	301	1
11400	11055	1
2955	3234	1
3370	3370	1
730	1451	1
1200	4988	1
1687	1680	1
1687	2616	1
2091	2616	1
2227	4057	1
9270	624	1
5356	6729	1
4014	624	1
2520	7651	1
2616	2091	1
294	5628	1
6611	8172	1
1005	6458	1
7780	7145	1
5402	9262	1
2420	1009	1
4205	6379	1
2086	12048	1
9062	8109	1
8649	7145	1
14286	8681	1
10803	8261	1
14287	10574	1
4334	1238	1
11407	7857	1
10574	10574	1
11485	9262	1
9065	4852	1
10232	3487	1
3545	14197	1
10900	1647	1
8899	9262	1
2308	6499	1
9270	7560	1
4164	1647	1
1478	5781	1
12660	2715	1
6768	2715	1
11342	3680	1
2163	11038	1
10706	1238	1
7952	10261	1
2091	6325	1
11730	13877	1
3565	4873	1
1188	908	1
5452	5701	1
4597	3826	1
4250	5267	1
12022	8858	1
6995	14288	1
2652	13616	1
13089	9213	1
3147	5701	1
4251	3949	1
2479	1567	1
4034	5701	1
3333	3079	1
9262	11485	1
11776	12456	1
8929	8929	1
4250	3949	1
3190	1584	1
10319	10173	1
11201	6066	1
624	4014	1
5628	294	1
1517	2855	1
303	5164	1
14289	11512	1
6812	5862	1
5047	5411	1
2912	7338	1
7338	2912	1
5138	1108	1
4838	422	1
8695	10826	1
14290	8772	1
14291	11774	1
2234	3954	1
2127	8526	1
8525	8526	1
649	1509	1
4293	5054	1
12546	11592	1
9451	3108	1
737	1081	1
2227	2529	1
14292	5260	1
11233	13048	1
7521	11344	1
1586	1096	1
2621	2604	1
9744	2549	1
2137	1718	1
4250	7290	1
1584	3190	1
110	5252	1
1289	2962	1
6897	4020	1
4828	5185	1
3315	3944	1
8973	9144	1
14230	7681	1
10054	4020	1
5252	110	1
2855	1517	1
9438	10390	1
14165	13900	1
10044	7712	1
10266	9619	1
5411	5047	1
10118	5438	1
1451	730	1
2006	2005	1
2091	2969	1
5133	13889	1
11997	14252	1
8721	1840	1
6219	6219	1
12685	11918	1
8444	5524	1
10574	14287	1
14287	14287	1
4250	3216	1
13048	11233	1
3849	14293	1
588	494	1
8929	6187	1
4250	4930	1
7902	13959	1
4726	2842	1
4250	993	1
5008	13048	1
12533	14198	1
14294	14195	1
7712	10044	1
14194	11943	1
4250	7332	1
11592	12546	1
5297	1059	1
294	1119	1
2301	9353	1
2636	3238	1
1567	9389	1
4020	10054	1
10826	8695	1
5812	6638	1
6811	14284	1
1119	294	1
10502	7053	1
5735	11102	1
2754	8293	1
14049	14199	1
5701	5452	1
3565	7059	1
7072	6992	1
6812	6931	1
5054	4293	1
8545	8855	1
4250	7501	1
10261	7952	1
6638	5812	1
6352	5111	1
4463	579	1
494	588	1
432	5513	1
8871	10044	1
3645	579	1
6113	11256	1
4390	4525	1
10319	716	1
11164	4020	1
4939	11689	1
1123	466	1
7764	3768	1
6037	12991	1
13433	1802	1
677	14174	1
905	4576	1
4250	6650	1
4525	4390	1
6781	4020	1
9368	2163	1
3479	6985	1
6123	10811	1
6887	4020	1
9084	10742	1
9470	11372	1
5042	9680	1
4199	1781	1
1781	4199	1
2251	4157	1
7138	6329	1
972	1062	1
4277	4882	1
13325	13101	1
4250	6168	1
10319	9966	1
14106	10826	1
5334	12175	1
10844	5549	1
625	12107	1
5701	3147	1
5773	3160	1
4868	3262	1
5258	3160	1
1995	10801	1
9353	2301	1
7012	3160	1
29	4868	1
205	4868	1
4892	428	1
4968	4868	1
14295	428	1
7560	9270	1
4250	7308	1
5009	7318	1
2355	4868	1
624	9270	1
8871	11210	1
2480	7223	1
196	9270	1
4223	4224	1
14296	9270	1
6314	7223	1
3850	4333	1
5549	10844	1
7138	12400	1
4077	1428	1
9276	10351	1
5526	4221	1
11918	12685	1
12785	9222	1
10577	10577	1
2047	6059	1
8005	6113	1
13920	3679	1
8855	11451	1
13590	6419	1
5205	5204	1
6649	8899	1
592	7208	1
11719	4336	1
5266	1619	1
1517	5697	1
7138	9248	1
2765	14297	1
12280	12280	1
5715	4763	1
14298	6572	1
7739	13538	1
1252	12281	1
4250	6177	1
5134	11968	1
10801	1995	1
9550	9550	1
6286	13048	1
4164	1638	1
11564	6419	1
2091	1537	1
11344	7521	1
12606	3108	1
9707	623	1
10570	8222	1
5701	4034	1
9477	6363	1
7318	5009	1
14299	2505	1
2681	3900	1
9275	12565	1
8388	13538	1
6992	7072	1
14284	6811	1
3954	2234	1
8109	9062	1
2091	762	1
7891	13416	1
4988	1200	1
1220	985	1
6268	1667	1
12644	1252	1
1968	5587	1
9270	814	1
3368	2113	1
12281	1252	1
4057	2234	1
13048	6286	1
4250	3450	1
5172	5172	1
5354	7209	1
5570	8935	1
7318	8331	1
8899	6649	1
3775	4250	1
11055	11400	1
6419	13590	1
6934	8331	1
14300	7119	1
10826	9084	1
8208	8544	1
12892	10896	1
7258	5096	1
12344	13084	1
5234	5482	1
11451	8855	1
11689	10896	1
2479	1025	1
6987	10896	1
10635	3276	1
4613	14263	1
12802	10896	1
12344	5096	1
14041	14041	1
5285	5285	1
1599	9133	1
4047	8967	1
11297	5415	1
6781	6183	1
4780	4956	1
604	1642	1
7188	10896	1
12502	10896	1
4796	173	1
7017	10896	1
6183	6781	1
10154	1854	1
12123	10896	1
3170	2590	1
10859	10896	1
4689	4084	1
9165	6986	1
9564	14301	1
5204	5205	1
9127	5990	1
14198	11451	1
5602	12565	1
3479	1238	1
6769	6770	1
2842	4726	1
988	7054	1
5799	4102	1
12954	539	1
5725	6986	1
6770	6769	1
14132	7302	1
1608	12482	1
6363	9477	1
2017	824	1
6899	271	1
1031	3985	1
12340	1897	1
2283	1854	1
9171	12898	1
4084	4689	1
627	7989	1
1854	10154	1
7131	13807	1
4500	13974	1
7209	5354	1
8858	12022	1
7054	988	1
9568	1532	1
11451	14198	1
6316	7334	1
6503	6025	1
9067	9524	1
2549	9744	1
3970	7384	1
4346	4345	1
4250	2873	1
2873	4250	1
7302	14132	1
4345	4346	1
2043	1828	1
12870	12108	1
7266	12675	1
14075	9718	1
12108	12870	1
14189	14189	1
3493	9669	1
1532	9568	1
6812	6849	1
7517	9816	1
4217	3171	1
2728	4217	1
3303	3171	1
13270	14144	1
3294	4217	1
12318	9957	1
4398	4404	1
12498	13811	1
13230	13258	1
11689	4939	1
3623	12748	1
8492	4724	1
1727	1055	1
4250	4668	1
3276	10635	1
6455	6992	1
12742	12742	1
12732	5892	1
13367	5862	1
428	4892	1
814	9270	1
4250	4753	1
3383	6103	1
1667	6268	1
4724	8492	1
2091	2909	1
425	5837	1
4780	2936	1
1081	737	1
3632	2265	1
5281	6103	1
9193	10742	1
3056	878	1
14284	14025	1
1456	4227	1
8544	8208	1
4163	13974	1
4224	4223	1
9524	9067	1
10896	7017	1
5482	5234	1
2091	11618	1
8388	10935	1
4227	1456	1
4020	10003	1
922	10626	1
4102	5799	1
10759	2096	1
7361	13737	1
539	12954	1
3108	1232	1
2137	2686	1
1002	2686	1
1854	2686	1
10826	14106	1
2227	3954	1
5922	5	1
9503	812	1
705	1243	1
2651	2686	1
14263	4613	1
13737	11909	1
3009	717	1
12689	2686	1
863	864	1
6602	7838	1
6309	4231	1
12565	5602	1
6899	328	1
13101	13325	1
1232	3108	1
13621	12936	1
5636	10620	1
14302	3467	1
12173	7786	1
3467	14302	1
7361	10620	1
5176	5977	1
6589	5850	1
692	2962	1
14303	13142	1
6419	11564	1
4250	4905	1
10843	13862	1
12991	9174	1
14304	14304	1
13175	13705	1
1064	6267	1
5564	8711	1
9070	11547	1
13048	13048	1
8974	6490	1
4036	8738	1
813	7158	1
8258	185	1
5039	4577	1
14305	14305	1
6267	1064	1
6788	10464	1
4577	5039	1
