10550	13853	1
4939	7916	1
9311	7455	1
7891	13416	1
980	1077	1
2993	4475	1
13853	10550	1
3897	14024	1
9027	1249	1
4589	6513	1
435	2653	1
13311	13538	1
5088	564	1
5506	1653	1
5861	6922	1
10737	12650	1
12861	5612	1
5377	5294	1
10951	9736	1
1134	13538	1
3468	12011	1
12591	13723	1
8049	12685	1
13477	7020	1
9070	11547	1
426	5359	1
6513	4589	1
13367	8290	1
6164	10715	1
5374	4431	1
8189	4428	1
7340	12965	1
9527	9805	1
4363	8082	1
3383	420	1
12654	6564	1
5497	5498	1
3396	2865	1
5365	8591	1
1356	8753	1
10343	7128	1
4205	4205	1
3302	8526	1
12685	8049	1
14437	11166	1
4294	8845	1
14255	7066	1
4956	8235	1
13529	13356	1
6869	1030	1
6820	7066	1
9876	11704	1
6320	11268	1
3523	5862	1
6530	4755	1
1054	2161	1
9864	14354	1
6309	10682	1
14438	11462	1
10814	8903	1
6047	5899	1
10232	1058	1
11387	8903	1
4418	11265	1
14222	3515	1
13277	13330	1
8092	9131	1
10778	8903	1
14438	14438	1
11397	14411	1
7128	10343	1
4956	11426	1
2169	564	1
13131	10067	1
2913	2727	1
13917	7128	1
13416	7891	1
4983	4796	1
7005	10228	1
13590	6419	1
12336	7360	1
8190	6419	1
6788	10464	1
12580	9250	1
12779	5366	1
12816	6700	1
9695	9695	1
7952	6860	1
8082	4363	1
13869	13659	1
7128	13917	1
12069	12069	1
2879	4810	1
897	4075	1
6320	9104	1
1611	5415	1
9202	5472	1
8705	10183	1
7128	10491	1
151	988	1
5635	7457	1
7457	5635	1
1673	1672	1
375	271	1
7086	4555	1
2297	4555	1
3616	1935	1
4334	344	1
2562	344	1
7160	7159	1
1439	5140	1
1936	1935	1
8556	8453	1
8452	8453	1
4755	5855	1
5584	5092	1
4956	2260	1
622	2260	1
1797	846	1
9262	5402	1
1517	5296	1
14439	12992	1
9752	5737	1
14440	14440	1
8150	9248	1
9744	9351	1
4589	3153	1
3161	2673	1
13912	10865	1
12565	13311	1
3017	1175	1
13869	13989	1
9744	2549	1
4727	4605	1
54	4913	1
73	2380	1
10900	1647	1
14346	12546	1
11771	3480	1
9248	8150	1
5307	6321	1
9441	6321	1
13289	7228	1
974	1571	1
734	779	1
6686	6321	1
4956	10770	1
12832	2993	1
4475	2993	1
1647	10900	1
12660	4087	1
10826	11825	1
8551	8552	1
4956	7891	1
9058	4751	1
4956	13030	1
383	9335	1
4422	4250	1
11752	4250	1
1505	1289	1
1087	864	1
13131	13208	1
824	2017	1
1841	12466	1
640	5690	1
8499	9018	1
8140	1050	1
5164	10526	1
8903	10814	1
846	1797	1
8488	12080	1
13841	3625	1
3372	3625	1
6321	9441	1
5296	1517	1
4453	3171	1
9441	8300	1
12010	12754	1
3914	1517	1
4663	1722	1
721	7478	1
14441	12249	1
9105	2284	1
5690	640	1
2855	1517	1
846	3176	1
11552	8118	1
13640	6183	1
772	2386	1
7086	616	1
13837	14442	1
1714	2386	1
12583	13798	1
4810	2879	1
271	375	1
14392	13479	1
14212	14284	1
12105	3537	1
12457	9798	1
1735	1624	1
5990	2813	1
11959	11960	1
3361	11960	1
14443	1506	1
4102	2488	1
4075	897	1
5676	4464	1
4102	1437	1
7639	13114	1
3914	9619	1
2884	11197	1
5042	9680	1
40	5483	1
9018	8756	1
4956	6251	1
11157	8140	1
391	14444	1
9325	5073	1
1255	4092	1
40	564	1
10309	4866	1
7294	3706	1
8489	1997	1
9488	4334	1
10676	6839	1
2297	4753	1
14445	6801	1
7228	13289	1
2673	6256	1
7228	12397	1
378	5661	1
7020	9342	1
730	1451	1
8650	5810	1
6669	14446	1
740	3886	1
7926	8118	1
93	4259	1
3383	2915	1
13567	12009	1
11472	13567	1
13311	12565	1
12009	13567	1
14447	8499	1
1289	466	1
8254	966	1
6164	6265	1
3823	76	1
9335	383	1
8118	7926	1
5301	12456	1
13889	5133	1
10396	9811	1
4912	4912	1
12546	11592	1
10676	1103	1
8935	5570	1
2462	6394	1
2400	5952	1
8140	11157	1
378	1558	1
7294	11857	1
628	5003	1
831	930	1
5042	431	1
12374	5748	1
5615	13593	1
7086	8222	1
11714	11714	1
2297	8222	1
4616	2712	1
13734	5485	1
11704	9876	1
5526	4221	1
387	3002	1
11455	3581	1
14448	98	1
12523	1116	1
5642	3561	1
10782	8331	1
7624	11194	1
1134	8676	1
4956	6343	1
10228	7005	1
11265	4418	1
5485	13734	1
7022	705	1
2690	3785	1
3914	2427	1
4526	5290	1
14449	14450	1
7258	5096	1
14451	4743	1
14083	2164	1
4743	5411	1
61	6013	1
10022	8854	1
9131	8092	1
5612	12861	1
12742	12742	1
2164	14083	1
6084	1238	1
5899	6047	1
6438	7143	1
6438	5184	1
14452	9408	1
4315	5022	1
6997	3992	1
1050	8140	1
5642	5485	1
12580	14338	1
4956	8421	1
3914	5187	1
5133	13889	1
4956	6765	1
13311	7739	1
5353	6059	1
12456	5301	1
14165	12540	1
2203	9027	1
6531	11767	1
5227	9027	1
779	734	1
680	9584	1
4950	8967	1
4294	5017	1
10902	3252	1
17	9664	1
5472	9202	1
3914	1612	1
12580	8328	1
10676	2572	1
2232	1784	1
14451	14451	1
7143	6438	1
6765	4956	1
5184	6438	1
1584	5781	1
5273	9501	1
14284	14212	1
715	749	1
6343	4956	1
13187	13187	1
814	460	1
5670	5248	1
604	8856	1
11547	9070	1
6864	9722	1
2297	1897	1
70	1769	1
7086	1897	1
12116	936	1
50	1787	1
6555	6555	1
12970	7986	1
13030	4956	1
7891	4956	1
9876	4905	1
4364	4365	1
10770	4956	1
6678	12102	1
2044	2045	1
2260	4956	1
3625	13841	1
8359	6760	1
11426	4956	1
4577	4956	1
13367	13589	1
14453	14453	1
11137	10128	1
4946	11445	1
14321	9835	1
6654	12891	1
8774	3817	1
11168	14427	1
12656	13581	1
10782	7318	1
5366	5496	1
11235	14454	1
6662	2065	1
3383	4483	1
13131	14113	1
8856	604	1
460	814	1
2901	8696	1
11445	4946	1
14455	9577	1
8328	12580	1
5003	6919	1
8696	2901	1
906	1266	1
5798	5798	1
4405	4405	1
4251	3944	1
4956	2479	1
6860	7952	1
11972	6021	1
9108	14456	1
10736	8676	1
8696	8696	1
6438	6438	1
2086	7481	1
7086	4206	1
14457	14457	1
14409	7402	1
14458	14459	1
3817	8774	1
424	29	1
14338	12580	1
11664	13567	1
2311	3468	1
12011	3468	1
190	222	1
10844	1716	1
5306	222	1
5399	5400	1
4421	2065	1
1108	2065	1
2488	4102	1
4251	6507	1
14455	10379	1
5485	3561	1
922	2653	1
4253	9658	1
4250	4422	1
3433	334	1
3383	296	1
5354	7209	1
4250	2912	1
2045	2044	1
2681	1662	1
1653	4851	1
1439	1342	1
6301	4851	1
14460	10713	1
355	1155	1
13614	9193	1
9785	10713	1
334	3433	1
2386	6673	1
8844	10551	1
2297	8031	1
6303	9279	1
9638	10385	1
12481	12481	1
8818	13074	1
4709	3717	1
13131	13097	1
6923	10385	1
12929	9244	1
14461	5351	1
4946	12675	1
3089	3610	1
14285	150	1
5485	5642	1
13097	10172	1
3610	3089	1
9279	6303	1
2778	12150	1
13074	8818	1
2651	3111	1
8949	5862	1
150	14285	1
6925	625	1
3111	2651	1
1800	9328	1
6673	2386	1
9863	4294	1
10677	6135	1
1716	10844	1
3383	6716	1
13659	13869	1
10123	4294	1
10682	6309	1
13734	5642	1
3914	2651	1
1032	1033	1
8845	4294	1
10676	6265	1
11182	4418	1
6146	6649	1
8051	4418	1
5017	4294	1
40	15	1
10353	8616	1
14462	10755	1
8854	11060	1
4616	10242	1
6123	10811	1
11456	11456	1
7338	3523	1
4956	1809	1
1289	1254	1
3217	5187	1
2386	1714	1
222	5306	1
6438	2209	1
9664	17	1
8320	8512	1
6167	4090	1
6348	6066	1
9722	6864	1
1666	3723	1
8525	8526	1
9118	9740	1
8512	8320	1
8776	82	1
4956	14116	1
14463	6107	1
6363	6346	1
9104	6320	1
3591	2963	1
622	8969	1
4800	3733	1
7086	12340	1
2297	12340	1
10551	8844	1
2239	9056	1
4052	1814	1
494	6992	1
6321	6765	1
5642	13734	1
7350	5839	1
6765	6321	1
10396	13466	1
12494	6282	1
3707	897	1
7209	5354	1
6965	6367	1
2289	2913	1
9453	6615	1
953	7605	1
13751	3523	1
6868	12509	1
12481	7598	1
5251	1797	1
10069	7526	1
4036	8738	1
9158	7526	1
4956	6321	1
4851	2434	1
4905	6765	1
936	3033	1
1242	26	1
625	6925	1
14394	13130	1
3383	6103	1
12965	7340	1
6765	4905	1
8854	10022	1
2322	9234	1
4365	4364	1
7863	9085	1
4946	6765	1
2813	5990	1
8375	5489	1
2090	7941	1
9722	2611	1
1242	2338	1
14458	2097	1
2338	1242	1
6367	6965	1
8773	4294	1
678	4824	1
7145	8649	1
40	3777	1
3849	5496	1
10172	13097	1
2228	12842	1
5746	5747	1
828	9375	1
5489	8375	1
10938	14239	1
9374	601	1
13912	13912	1
13750	10386	1
760	1086	1
14345	65	1
5351	14461	1
3914	2478	1
12732	14411	1
10676	2478	1
9375	828	1
5952	2400	1
5411	5047	1
5047	5411	1
12607	4650	1
14330	12470	1
12356	4755	1
2065	1108	1
14024	4482	1
3383	6287	1
2091	6555	1
12466	1841	1
13474	2651	1
12660	2715	1
4954	9236	1
4945	1529	1
11463	10506	1
6987	10896	1
3383	4811	1
5684	8609	1
14464	12060	1
12420	4811	1
73	9270	1
11301	12467	1
3043	1850	1
5570	8935	1
8985	14198	1
14198	8985	1
4956	14239	1
5598	10478	1
5840	3561	1
5345	6547	1
14151	11285	1
6346	6363	1
14465	6907	1
8959	8959	1
2843	2832	1
2995	11905	1
11197	2884	1
4298	1935	1
4956	3923	1
12541	7744	1
12323	9816	1
8609	5684	1
5176	5977	1
5047	5935	1
4806	5408	1
7668	3284	1
455	4426	1
12503	10896	1
3717	4709	1
40	1240	1
14199	14049	1
6321	5307	1
6907	14465	1
13567	11472	1
1439	1767	1
14466	14466	1
4418	8051	1
1622	10149	1
4956	5307	1
1599	5489	1
10803	8668	1
6857	12383	1
73	6200	1
14006	14007	1
7916	4939	1
6509	12383	1
2297	6492	1
13356	13529	1
2480	6492	1
14467	8950	1
2678	4032	1
6187	10016	1
5411	4743	1
14468	1050	1
4956	11538	1
4743	4743	1
4294	9863	1
2653	2479	1
2611	9722	1
3119	2469	1
1509	1009	1
10403	14188	1
8420	6243	1
14276	14278	1
6216	1270	1
3537	12105	1
4294	8773	1
124	590	1
2745	2928	1
14469	14454	1
12238	12431	1
5866	3345	1
9798	12457	1
8694	740	1
10243	10243	1
9356	5047	1
4956	676	1
1784	2232	1
570	2300	1
4577	9240	1
1872	1532	1
1427	2315	1
11233	11630	1
7602	11831	1
5047	7543	1
11186	1555	1
1506	14443	1
11164	7104	1
705	3070	1
3347	3330	1
1469	3723	1
5097	13574	1
4062	4062	1
8867	8451	1
1296	8356	1
2297	2086	1
11031	11797	1
9388	9527	1
590	124	1
6540	6286	1
1289	1505	1
1043	5084	1
3609	14430	1
549	2607	1
10409	8491	1
14470	14470	1
7104	11164	1
10720	6320	1
14447	8728	1
3138	858	1
13130	13781	1
13624	13624	1
13174	13174	1
11608	8082	1
2646	6507	1
14471	9368	1
10427	12029	1
13623	13624	1
8676	10736	1
3795	11767	1
6321	6686	1
13581	12656	1
14472	14472	1
1439	1482	1
2941	8392	1
5084	1043	1
8469	8164	1
9770	12481	1
6171	6184	1
11346	6901	1
779	3264	1
9658	4253	1
4815	425	1
7434	6407	1
9027	5227	1
11077	13777	1
2879	5423	1
12732	5892	1
8844	13949	1
10688	9222	1
9207	7644	1
4952	7810	1
13699	425	1
6419	13590	1
4113	5482	1
13624	14473	1
7941	2090	1
14474	3384	1
13574	5097	1
11825	10826	1
11144	2985	1
6857	6509	1
1362	2730	1
1750	13574	1
14197	3315	1
13574	1750	1
14475	7815	1
3383	11091	1
14144	13270	1
10761	2909	1
13589	13367	1
7236	6977	1
5481	4980	1
5378	1921	1
425	4815	1
6492	2480	1
6619	1452	1
6107	4021	1
11296	13404	1
6320	10720	1
13147	12982	1
1750	8757	1
7086	5857	1
2297	5857	1
9753	1242	1
10676	4917	1
6317	257	1
3743	5791	1
8711	5742	1
6286	7125	1
13437	997	1
3315	14197	1
3914	3707	1
2673	2276	1
897	3707	1
518	1939	1
2209	6113	1
7066	1316	1
1939	518	1
14054	687	1
257	6317	1
13175	13705	1
3433	2863	1
11297	5415	1
8756	9018	1
6547	5345	1
7721	1119	1
3816	3401	1
13599	8924	1
12536	9693	1
2247	5378	1
8757	1750	1
4956	10531	1
4294	10123	1
9240	4577	1
14476	14476	1
14477	14477	1
12481	9770	1
13404	4416	1
6245	9105	1
10385	9638	1
6107	14463	1
9270	6200	1
3022	2248	1
6286	6540	1
12721	1939	1
4882	92	1
5688	8213	1
2265	5246	1
3493	11167	1
1093	8756	1
12832	4721	1
7106	1269	1
12431	12238	1
3111	8181	1
10827	10826	1
4034	5240	1
10968	5240	1
6094	9067	1
12467	11301	1
6066	11201	1
5725	6986	1
1653	5506	1
5711	5715	1
7739	13311	1
8924	13599	1
6822	6427	1
6576	3539	1
9798	3306	1
4751	9058	1
14478	5862	1
14478	9276	1
10676	4280	1
9276	14478	1
11630	1182	1
12553	6414	1
6343	9144	1
7020	13477	1
7304	9119	1
8491	10409	1
4956	6845	1
9105	11565	1
4747	14478	1
8404	12806	1
13404	2712	1
1667	2712	1
5415	11297	1
2909	10761	1
2894	3487	1
6195	7805	1
13183	3704	1
14403	8162	1
11773	14069	1
11243	14075	1
3383	370	1
9276	9276	1
5147	5909	1
2935	12056	1
4801	7944	1
6183	13640	1
10838	13663	1
3671	6377	1
5133	4857	1
11797	12496	1
8162	14403	1
3383	6344	1
10386	10386	1
3284	7668	1
7333	7020	1
3704	13183	1
13941	13097	1
