9669	8739	1
6454	2077	1
5474	5490	1
6783	4133	1
7413	9248	1
14639	5490	1
10164	7780	1
13311	12496	1
3862	4415	1
2941	10663	1
7780	12496	1
7145	7780	1
8222	2914	1
11387	10161	1
12496	7780	1
13456	13705	1
12773	12397	1
4586	5490	1
9391	12496	1
3559	5565	1
12785	12274	1
9894	12496	1
12496	9894	1
13705	13456	1
5297	1059	1
6635	6700	1
5504	11270	1
12408	12274	1
4707	4706	1
5922	11201	1
4726	12496	1
5598	6648	1
9276	4747	1
13812	13232	1
13472	13243	1
14584	12307	1
14582	12172	1
12024	12024	1
4384	9389	1
3441	7647	1
8141	2873	1
4747	9276	1
14640	7877	1
5045	6854	1
6111	1584	1
7647	3441	1
5857	5824	1
5468	5783	1
2873	8314	1
2077	6454	1
12307	14584	1
14612	11245	1
13367	4206	1
11899	10737	1
5421	4206	1
3497	2190	1
5553	5902	1
251	11707	1
4059	11144	1
5766	1930	1
5399	2574	1
6066	11201	1
13403	9564	1
6228	14584	1
12724	717	1
5248	5670	1
5515	4506	1
10531	13547	1
3009	717	1
1930	5766	1
14641	14642	1
11270	5504	1
10255	10255	1
12702	12702	1
3400	4626	1
3464	3463	1
6197	5860	1
9325	7713	1
6245	6700	1
5902	5553	1
3506	4741	1
13200	11831	1
1946	13895	1
10335	10469	1
13665	510	1
3400	11701	1
11831	13200	1
6245	5845	1
13853	10550	1
12960	7952	1
6562	8896	1
10363	4092	1
10550	13853	1
11981	7543	1
9374	9375	1
3464	9375	1
12758	10836	1
3068	7543	1
497	14643	1
8896	6562	1
4983	4796	1
3463	3464	1
5047	7543	1
12626	10061	1
8247	7693	1
640	9009	1
6490	8328	1
6799	5633	1
6363	8333	1
14631	8333	1
9863	4101	1
13021	12671	1
9329	5457	1
5009	7791	1
4370	243	1
4616	2712	1
10054	13710	1
12861	8867	1
2801	10895	1
12774	13747	1
3515	14222	1
14644	14644	1
710	14645	1
2934	5296	1
9436	14615	1
7020	9342	1
1656	3999	1
3543	14645	1
13367	12806	1
5421	12056	1
6245	2616	1
10617	14522	1
14359	14359	1
13021	13331	1
13734	14522	1
2588	2588	1
6648	5598	1
14522	13734	1
5579	5580	1
10910	8976	1
1040	1194	1
3923	10376	1
4748	14646	1
11455	3581	1
14647	14648	1
1469	3723	1
2641	5695	1
10464	5027	1
9704	3215	1
1810	4582	1
6704	1437	1
1493	1377	1
6374	416	1
3383	2435	1
14259	14235	1
2193	2349	1
3139	11380	1
1289	1254	1
13830	12802	1
9894	7780	1
14197	3315	1
7404	7403	1
1810	2009	1
7786	7444	1
9009	640	1
13021	13219	1
14584	6228	1
8690	13219	1
4025	4920	1
835	2935	1
5348	5349	1
10837	10452	1
271	6899	1
3316	2935	1
14159	751	1
2713	2059	1
10324	3345	1
3992	5503	1
751	14159	1
4741	3506	1
14649	408	1
14457	12142	1
8483	4308	1
7952	12960	1
5628	294	1
220	5244	1
14650	6337	1
10910	6729	1
8263	8776	1
7780	7145	1
1108	2065	1
1132	4196	1
6899	271	1
6869	7309	1
5125	3978	1
5356	6729	1
5421	1370	1
13671	4793	1
906	11324	1
14651	10424	1
6363	6346	1
6245	3820	1
11151	4946	1
6245	1025	1
6419	5375	1
4162	3297	1
14648	14647	1
12656	13581	1
7121	643	1
32	45	1
3088	2284	1
294	5628	1
3068	2284	1
8491	650	1
4692	1568	1
13870	13870	1
3959	3462	1
3297	4162	1
3978	5125	1
9242	8334	1
13165	972	1
14638	8118	1
4762	3503	1
11479	11211	1
8450	5314	1
7309	6869	1
3071	8600	1
9240	9388	1
13021	8649	1
4075	14652	1
4577	9388	1
614	614	1
12042	13760	1
9392	5628	1
6602	1163	1
4043	5350	1
1011	1012	1
1120	5628	1
13710	10054	1
6268	5683	1
257	13931	1
14198	8985	1
13955	2276	1
14653	9388	1
14593	3141	1
10982	9388	1
3503	4762	1
12806	13367	1
9807	9695	1
1810	2453	1
13373	8654	1
2625	9743	1
9695	9807	1
6937	14129	1
8064	5762	1
979	5314	1
879	878	1
4832	4303	1
9120	8903	1
5307	5836	1
1452	1451	1
6729	10910	1
11517	1254	1
4303	4832	1
11943	10799	1
8976	10910	1
8204	6267	1
8140	11157	1
10116	2705	1
11144	4059	1
10910	12946	1
5026	5027	1
9091	10831	1
12946	10910	1
14654	14655	1
5896	5217	1
1810	7242	1
2425	12036	1
10457	8093	1
10161	11387	1
14656	5217	1
2842	2042	1
3288	7308	1
8093	10457	1
2245	897	1
3237	422	1
4291	4064	1
1280	4167	1
6167	7308	1
7308	6167	1
11781	9717	1
3315	14197	1
10799	11943	1
14657	3087	1
960	82	1
4317	10437	1
1568	4692	1
13153	14128	1
8903	9120	1
1897	13751	1
7308	3288	1
7266	6765	1
4167	1280	1
13751	4555	1
11069	7884	1
5843	7258	1
5840	9233	1
3818	1930	1
17	640	1
7780	9894	1
3139	5241	1
8496	7813	1
7442	3078	1
3503	4006	1
1188	11645	1
14658	12142	1
9659	3078	1
1400	1400	1
416	1266	1
4006	3503	1
3818	2019	1
1853	7372	1
4607	3826	1
8577	14659	1
2400	5952	1
8363	12180	1
14660	5952	1
9106	1266	1
1502	7066	1
5421	3967	1
9234	9488	1
10309	4866	1
7884	11069	1
13547	10531	1
8339	246	1
1360	1746	1
887	888	1
3152	14635	1
14264	4107	1
5421	1381	1
14610	7048	1
4436	5185	1
9049	7932	1
5210	4742	1
7012	9898	1
8867	12861	1
2912	5699	1
640	17	1
8213	12861	1
1757	932	1
13021	7318	1
4101	9863	1
4250	5699	1
1599	3119	1
14198	9773	1
12607	6022	1
10831	9091	1
5952	14660	1
12624	13367	1
1840	10899	1
7813	8496	1
3400	7791	1
13367	12624	1
1647	4164	1
14661	14662	1
13356	12734	1
2037	9996	1
3568	12371	1
9152	14235	1
5296	2934	1
14569	6354	1
6245	9105	1
6218	5729	1
8334	9242	1
14388	13927	1
5375	6419	1
5482	4113	1
5138	3380	1
5421	1739	1
1810	3380	1
3464	8967	1
5490	5474	1
10639	9773	1
4259	4259	1
9767	6121	1
3497	1891	1
4436	5625	1
9202	6419	1
8005	7619	1
8976	11574	1
9271	12496	1
14585	9139	1
9388	4577	1
10154	10572	1
8763	12467	1
246	8339	1
6765	7266	1
6783	4662	1
5690	640	1
4664	4662	1
1451	1452	1
2484	10437	1
4838	422	1
1022	12361	1
3499	6128	1
10330	7204	1
11062	11062	1
2654	11925	1
2289	2290	1
11925	2654	1
6245	6635	1
4436	1229	1
4164	1647	1
5089	8903	1
4231	6309	1
13955	13955	1
5306	222	1
10955	8684	1
14663	9409	1
11201	6066	1
3351	5463	1
7012	3160	1
12180	8363	1
14664	5552	1
12467	8763	1
6245	3578	1
6316	5711	1
3818	2654	1
9488	7671	1
7866	7813	1
4939	11135	1
4742	4741	1
14665	14665	1
13985	4741	1
1163	6602	1
12955	12954	1
543	1509	1
3400	1535	1
8333	6363	1
3141	14593	1
3286	3286	1
6742	8076	1
13541	8228	1
11201	5922	1
7619	11696	1
4092	10363	1
5008	6183	1
11211	11479	1
12274	12408	1
5217	5896	1
2506	1341	1
4662	6783	1
2362	3614	1
12361	1022	1
13316	13315	1
6245	11043	1
11135	4939	1
5699	2912	1
190	65	1
529	4004	1
6183	5008	1
8935	14522	1
2425	1514	1
5582	3245	1
488	1514	1
6628	9527	1
1351	452	1
14666	294	1
8600	3071	1
5699	4250	1
7136	9937	1
10130	5217	1
9883	4255	1
14478	9276	1
13048	10650	1
5711	6316	1
14197	7108	1
8328	6490	1
3315	7108	1
3464	3190	1
12772	1081	1
7108	14197	1
9773	10639	1
9276	14478	1
4953	2604	1
6819	8901	1
2016	14052	1
5288	4490	1
12687	12687	1
1341	2506	1
14198	13083	1
10713	9133	1
14297	14345	1
13129	5466	1
8501	1873	1
9564	13403	1
4133	6783	1
12675	4946	1
12975	2211	1
10572	10154	1
7108	3315	1
13097	13097	1
3087	14657	1
5219	8600	1
12666	928	1
6638	5812	1
2308	5100	1
6354	14569	1
9388	10982	1
14569	14569	1
98	5506	1
2706	4475	1
3139	186	1
9804	8697	1
8985	3248	1
14268	13870	1
7282	7737	1
11194	7624	1
5569	5677	1
9133	10713	1
3865	6817	1
5287	2654	1
642	13772	1
4657	5812	1
11676	7624	1
12779	5366	1
10363	1255	1
9331	6734	1
7624	11194	1
3009	3812	1
5684	7012	1
3818	2634	1
3699	3812	1
14663	14113	1
5773	7012	1
6576	6513	1
14663	7175	1
10910	5419	1
14428	8676	1
7856	7588	1
7012	5684	1
4939	9749	1
6245	8204	1
2506	9193	1
8950	9314	1
14667	14667	1
9193	2506	1
5922	5	1
9488	9193	1
12843	12843	1
4728	9267	1
5952	2400	1
11780	7115	1
8985	14198	1
9773	14198	1
362	4179	1
13083	14198	1
1873	8501	1
13411	7776	1
10706	1238	1
7619	8005	1
2435	3383	1
6738	7921	1
3464	3335	1
8903	5089	1
5163	5089	1
3959	2446	1
9736	3812	1
717	3812	1
2984	12721	1
6925	7776	1
6783	5894	1
7228	13289	1
1854	10154	1
251	14078	1
12721	2984	1
9813	4179	1
14452	14668	1
1746	1360	1
4584	4501	1
1361	1360	1
925	4179	1
1451	14078	1
5052	5053	1
5894	6783	1
8611	5096	1
12802	13830	1
1740	3674	1
7175	14663	1
9388	14653	1
6245	7446	1
8845	5449	1
13232	13812	1
4830	4763	1
5419	1620	1
7671	9488	1
10266	2446	1
9193	9488	1
5283	4384	1
8398	7519	1
3138	5581	1
11730	12397	1
12172	14582	1
906	1266	1
6245	5047	1
12372	7032	1
1599	9525	1
1832	5409	1
1832	46	1
5039	4577	1
14578	5735	1
1224	3087	1
8430	4341	1
12079	11034	1
2651	12402	1
9937	7136	1
3959	5428	1
13021	3058	1
2482	1311	1
7588	7856	1
14669	14670	1
6245	6325	1
14666	6854	1
6992	6455	1
11762	2735	1
5628	6854	1
3087	1224	1
1620	5419	1
2997	3561	1
2198	11102	1
12487	3358	1
1371	13453	1
12397	11730	1
3068	3068	1
2116	3068	1
2091	6555	1
10437	2484	1
7179	9378	1
2963	3591	1
8125	7854	1
3400	4303	1
4436	4988	1
6570	10379	1
878	879	1
14570	14054	1
2399	3931	1
23	4179	1
5402	9262	1
5219	6017	1
10183	8705	1
2242	4179	1
14470	14470	1
10910	6887	1
2691	5697	1
7309	10363	1
1298	4179	1
11205	3323	1
1969	12772	1
12772	1969	1
3240	10725	1
7486	3430	1
9586	10903	1
11224	868	1
6843	10061	1
8425	10506	1
12467	12134	1
6245	3153	1
8903	3479	1
3361	10249	1
8521	8781	1
6245	3450	1
8935	5570	1
2425	1704	1
5006	3304	1
511	1572	1
5327	808	1
11661	1893	1
4490	5288	1
1062	5774	1
7626	3800	1
14634	14211	1
5723	4006	1
3398	14018	1
13384	13384	1
1059	5774	1
7645	3353	1
294	5447	1
5490	6397	1
13014	13367	1
9267	4728	1
4692	1213	1
5281	6344	1
10110	10110	1
11645	1188	1
3304	5006	1
9314	8950	1
6513	9330	1
7306	10993	1
3722	1231	1
9331	7552	1
3430	7486	1
14670	14669	1
7722	8574	1
5570	8935	1
5822	3576	1
14610	14492	1
8261	9320	1
7432	6988	1
3825	1062	1
1661	2582	1
8903	10814	1
7179	7731	1
996	3068	1
344	9335	1
3043	5481	1
10749	7233	1
797	511	1
9320	8261	1
1572	511	1
4018	2479	1
944	2234	1
13046	805	1
5419	10910	1
3502	6267	1
837	6135	1
8776	8263	1
2234	944	1
6135	837	1
14524	14523	1
6887	10910	1
10283	8775	1
1810	1625	1
3323	11205	1
14008	3230	1
10538	9035	1
1064	6267	1
5694	13977	1
14671	6564	1
1050	428	1
6017	5219	1
1194	1040	1
805	13046	1
4592	5219	1
14672	14559	1
7308	6279	1
10650	13048	1
5089	5163	1
5419	11164	1
5729	6218	1
9048	6848	1
8600	5219	1
13580	11779	1
5497	5498	1
10993	7306	1
11324	906	1
3119	1599	1
8261	8668	1
3017	2969	1
5447	294	1
13529	13356	1
9578	11884	1
10620	10273	1
8667	8668	1
5217	14656	1
10396	9811	1
8891	1599	1
6146	3754	1
13356	13529	1
2211	12975	1
186	3139	1
1912	7276	1
6582	11703	1
14673	10000	1
6817	3865	1
13820	7921	1
5241	3139	1
3139	14674	1
13199	4598	1
2024	1599	1
8606	9635	1
251	252	1
1812	3355	1
14457	533	1
10025	2384	1
4004	529	1
2842	4726	1
1396	1057	1
4162	5345	1
6245	1064	1
17	8936	1
301	6317	1
302	6317	1
14405	14632	1
6696	673	1
1077	677	1
7291	4718	1
7734	11702	1
677	1077	1
6165	7024	1
2843	3278	1
7028	9834	1
10346	10345	1
11960	11959	1
5421	3203	1
11455	3297	1
3545	4660	1
8017	6297	1
4805	4582	1
4953	6402	1
14078	1451	1
2588	2433	1
3640	3155	1
3068	996	1
14675	3640	1
9331	14450	1
10109	4922	1
11514	9966	1
3217	5637	1
8830	4038	1
14535	4696	1
7508	9777	1
6419	13590	1
5518	1842	1
13590	6419	1
2065	1108	1
8690	7225	1
3453	9089	1
14341	14340	1
3067	4258	1
10514	673	1
6894	3026	1
3751	4793	1
3026	6894	1
1785	5818	1
1956	3461	1
1055	4725	1
4704	6757	1
14510	13962	1
12246	5096	1
2433	2588	1
6245	2203	1
2446	3959	1
9331	1548	1
10725	3240	1
5428	3959	1
2569	7673	1
3286	3123	1
3462	3959	1
6506	1462	1
9276	11641	1
7255	6907	1
936	12116	1
7175	9409	1
11641	9276	1
6811	7056	1
4741	13985	1
10955	12402	1
1462	6506	1
10736	4676	1
14676	6112	1
9568	9816	1
2891	5749	1
2894	3487	1
6783	5420	1
10506	8425	1
5088	3240	1
14189	14189	1
4258	3067	1
13492	10753	1
12689	2686	1
13021	7625	1
13772	642	1
5125	14677	1
13213	10856	1
2549	2553	1
3491	1740	1
14678	2544	1
13246	11817	1
11705	11705	1
9791	14585	1
4607	9381	1
5059	4577	1
