7340	7153	1
12395	9614	1
3041	1840	1
11957	11302	1
14263	4555	1
10087	2727	1
8809	7162	1
5490	4586	1
8848	1840	1
2713	2059	1
12664	12650	1
9735	2911	1
13403	9634	1
12817	11099	1
13751	4555	1
7265	9957	1
4360	4094	1
8273	5977	1
6654	8380	1
9634	13403	1
9614	12395	1
12654	12654	1
13853	10550	1
6765	9957	1
14787	9032	1
14144	14578	1
12758	8113	1
2119	5167	1
8247	3817	1
5351	5188	1
13884	9966	1
12777	13706	1
12772	3017	1
2660	12011	1
5870	14578	1
7032	7597	1
1951	1952	1
10550	13853	1
2911	9735	1
7831	10706	1
12870	7336	1
8386	10386	1
5573	7657	1
14783	7780	1
8153	11730	1
6368	5164	1
9022	13710	1
2738	7764	1
14129	6937	1
7917	6371	1
4653	8824	1
13273	4218	1
8113	12758	1
6233	9028	1
5823	7764	1
10386	13750	1
4102	1457	1
13750	10386	1
14610	14492	1
7309	10363	1
7780	14783	1
11044	9389	1
9763	10649	1
6437	7722	1
1729	5013	1
1729	8421	1
2308	14123	1
13706	13508	1
13308	10368	1
12908	5863	1
5722	7442	1
9117	6771	1
3855	2308	1
1388	13903	1
14123	2308	1
2308	3855	1
9735	9250	1
6564	10413	1
612	611	1
611	612	1
10413	6564	1
3817	8247	1
13809	5972	1
13706	12777	1
4511	13	1
12110	10385	1
5699	6444	1
5086	2381	1
7165	9506	1
4092	10363	1
12112	8628	1
4534	6444	1
13710	13710	1
5823	5824	1
998	10424	1
11074	13869	1
5188	5351	1
1956	3461	1
14578	14144	1
8261	9320	1
5134	7944	1
3763	5457	1
10363	4092	1
5490	6416	1
11302	11957	1
6416	5490	1
4586	5490	1
8805	5490	1
7653	7403	1
3761	1926	1
1951	4048	1
4705	4572	1
9029	7853	1
14671	7505	1
13219	6476	1
723	1307	1
13974	14147	1
3043	5481	1
9564	13403	1
13403	9564	1
5972	13809	1
14001	10188	1
6937	14129	1
14788	14788	1
2743	7822	1
8398	14775	1
1050	8140	1
4580	8940	1
4518	14785	1
6531	2260	1
13474	2301	1
12537	1633	1
3526	1960	1
9479	13583	1
11485	13977	1
5823	8166	1
4208	1970	1
12374	12374	1
8183	515	1
7866	515	1
1860	745	1
10363	7309	1
5446	6454	1
1050	1050	1
1517	696	1
2976	11148	1
5481	3043	1
2265	2768	1
10080	14277	1
5365	12308	1
1969	11732	1
9898	7852	1
4809	92	1
5977	12842	1
12424	12424	1
4015	3347	1
13289	7228	1
3671	6377	1
12397	7228	1
2301	13474	1
1860	907	1
7518	11175	1
12898	9171	1
9567	14789	1
10327	6321	1
6335	7228	1
5642	7228	1
9041	7228	1
13949	2616	1
5777	6097	1
13508	13706	1
6610	13605	1
1242	2338	1
11730	8153	1
221	222	1
8886	2928	1
2338	1242	1
9957	6765	1
6730	12456	1
7241	3543	1
14559	14560	1
6146	3754	1
7215	7625	1
13893	14198	1
2795	6842	1
4353	13563	1
10061	12626	1
4597	3826	1
4092	14039	1
4657	5711	1
12502	10335	1
9094	6232	1
7524	5303	1
8676	1134	1
4523	5054	1
5667	2423	1
7524	519	1
3636	4816	1
5783	647	1
5054	4523	1
4707	4706	1
7524	4120	1
14034	13476	1
746	10974	1
7331	5845	1
5845	7331	1
3800	7626	1
2308	3366	1
5260	5261	1
14790	14791	1
5134	3797	1
5678	13900	1
2446	425	1
13900	5678	1
3797	5134	1
6977	8938	1
9031	4692	1
10368	13308	1
3892	4692	1
14525	2622	1
7260	515	1
6187	11884	1
2297	7086	1
4735	3166	1
13567	11472	1
5823	7086	1
11201	5922	1
4726	11031	1
14761	3870	1
1093	7262	1
14147	13974	1
2547	1504	1
13452	5164	1
4836	4950	1
12009	11472	1
6035	9138	1
14656	6444	1
9567	8967	1
110	1793	1
8876	6513	1
50	49	1
3017	12772	1
5180	5691	1
2653	3964	1
12414	10930	1
13150	8181	1
1063	45	1
6372	4167	1
11732	1969	1
2547	1108	1
7228	13289	1
11661	1893	1
5241	8173	1
6454	5446	1
3569	7012	1
2506	14554	1
8379	7995	1
2947	3828	1
9009	14792	1
8152	14792	1
12197	7995	1
14792	9009	1
5631	5632	1
13452	3030	1
14577	2997	1
9966	13884	1
9335	14782	1
12516	10993	1
2962	3502	1
11479	3137	1
49	50	1
9276	4747	1
9567	6446	1
10878	10878	1
13737	9644	1
1840	3041	1
7741	7031	1
4133	6783	1
2621	6346	1
573	526	1
13884	10649	1
4890	4899	1
7153	7340	1
5823	4789	1
6476	13219	1
1647	10900	1
824	2268	1
10432	5699	1
12779	5366	1
9644	13737	1
647	5783	1
14793	14793	1
10327	2873	1
14792	8152	1
4937	3058	1
5766	1930	1
4201	4200	1
14794	2008	1
2997	14577	1
13474	2651	1
4200	4201	1
5125	3978	1
1599	4341	1
3182	3181	1
12716	5366	1
7401	14708	1
7452	7988	1
1930	5766	1
7031	7741	1
5778	3243	1
8244	4873	1
6901	7639	1
5699	10432	1
10112	12056	1
3181	3182	1
2185	3851	1
14197	3315	1
1926	3616	1
4589	6513	1
12340	1897	1
14589	13988	1
5013	1729	1
677	3240	1
5261	5260	1
4647	8967	1
9894	12496	1
4077	3396	1
5097	12092	1
5806	14795	1
12092	5097	1
5380	9456	1
8512	8320	1
4747	7409	1
1441	788	1
5581	3138	1
5625	2403	1
14719	14720	1
4706	4707	1
13710	9022	1
6513	9330	1
378	14720	1
5718	5720	1
7409	4747	1
2260	8291	1
13538	7407	1
7444	12062	1
13452	5684	1
14063	4717	1
12568	6901	1
5701	1499	1
12161	8367	1
11818	12104	1
1093	3860	1
5773	3160	1
5504	12086	1
9138	6035	1
3754	6649	1
10188	14001	1
12870	14796	1
6181	5513	1
6783	4133	1
5175	4988	1
1517	3092	1
425	2446	1
3626	6206	1
4988	5175	1
3315	14197	1
14491	10814	1
4051	4765	1
3240	3886	1
7988	8974	1
9762	12862	1
14797	14797	1
8974	7988	1
6164	10768	1
9346	3059	1
7090	10140	1
14063	10807	1
10437	3033	1
5203	6312	1
1860	896	1
12161	11591	1
6193	8666	1
4101	12381	1
10347	4219	1
2547	391	1
12456	6730	1
6444	14656	1
2700	7740	1
5253	536	1
5513	6181	1
2310	2685	1
9335	344	1
14798	10488	1
2947	2946	1
7597	7032	1
2673	2276	1
8676	14428	1
10309	4866	1
11776	12456	1
7031	5800	1
13705	13456	1
5574	8961	1
11118	7195	1
1723	3532	1
14522	5485	1
8367	12161	1
11591	12161	1
14667	11442	1
6444	5699	1
876	3190	1
3109	5374	1
11852	5977	1
1584	3190	1
8824	4653	1
3190	1584	1
1667	6268	1
7764	2738	1
4747	9276	1
3171	1130	1
13403	14622	1
14799	14799	1
8962	14714	1
12599	11301	1
1722	4663	1
4095	2812	1
14622	13403	1
6419	13590	1
834	8991	1
4657	6131	1
8961	5574	1
14578	5870	1
12533	9173	1
1713	1712	1
14763	14762	1
321	8573	1
9270	9272	1
10761	2294	1
5537	11164	1
11411	10537	1
8363	12180	1
14202	1240	1
3137	11479	1
7409	9276	1
13900	2440	1
9470	6649	1
14800	14800	1
7524	2993	1
8903	10778	1
12991	6037	1
6513	8876	1
9276	7409	1
8243	5650	1
11099	12817	1
6069	4302	1
13590	6419	1
996	8291	1
11874	11873	1
4073	2138	1
3138	5581	1
5246	2265	1
964	1378	1
12137	12919	1
4816	3636	1
11106	271	1
6185	5576	1
2958	6908	1
5081	3295	1
17	8936	1
14801	11506	1
10706	7831	1
12019	4135	1
8619	10738	1
4282	7004	1
11576	144	1
6837	6489	1
5977	11852	1
10140	7090	1
14802	9152	1
4939	11689	1
6769	2151	1
3543	14645	1
11908	12535	1
11689	4939	1
6131	4657	1
14803	7264	1
2446	1428	1
11943	14069	1
10738	8619	1
7228	12397	1
2127	8526	1
5381	10387	1
8499	8499	1
2151	6769	1
2140	2762	1
12397	13289	1
6923	8803	1
11512	6322	1
14140	14361	1
8191	2364	1
8619	2364	1
5485	13734	1
4977	8361	1
9049	7932	1
14804	9735	1
344	9335	1
7134	13807	1
98	1104	1
10667	8162	1
9184	10783	1
1860	3442	1
6322	11512	1
5474	5490	1
13409	10611	1
14805	1178	1
1793	110	1
8140	11157	1
13219	6034	1
14699	14277	1
4777	14806	1
14699	7944	1
601	9374	1
7175	6070	1
14807	7276	1
3333	3545	1
5932	7487	1
6649	6721	1
7524	3225	1
10535	10355	1
4160	2428	1
10788	11702	1
5346	2428	1
13744	2532	1
10638	12817	1
5898	7487	1
4531	658	1
3759	4066	1
6415	1238	1
11813	11147	1
6721	6649	1
9763	6849	1
546	7125	1
4135	12019	1
10699	7116	1
12654	6564	1
3849	6361	1
760	3026	1
3026	760	1
254	14689	1
6485	6845	1
3992	5503	1
8162	12174	1
13393	13393	1
5301	6730	1
11960	3361	1
6334	6562	1
2428	4160	1
5047	6246	1
10475	13716	1
11738	11738	1
549	3611	1
2668	6325	1
2721	5796	1
28	19	1
3347	4015	1
3754	6146	1
14808	14809	1
10574	6346	1
6513	1987	1
6047	5899	1
7403	6604	1
2311	6914	1
13418	5444	1
8773	4294	1
2265	3785	1
