6343	9144	1
2590	5469	1
12776	8401	1
3865	6817	1
14709	14709	1
14031	7625	1
10179	7425	1
11869	7625	1
7340	4034	1
14689	254	1
2908	2908	1
9373	7625	1
10760	11972	1
7866	7813	1
5797	5047	1
12721	1939	1
9144	6343	1
5469	11817	1
8401	12776	1
5474	5490	1
5716	7215	1
4623	2908	1
9139	14585	1
5041	12776	1
6198	6197	1
4059	11144	1
5791	14710	1
11512	10225	1
11817	5469	1
3310	11444	1
14345	14297	1
11444	3310	1
12776	5041	1
9356	3020	1
3240	2884	1
13472	13491	1
6977	12898	1
10569	12650	1
6319	3950	1
14711	5849	1
14712	12650	1
14713	14713	1
5849	14711	1
1175	6556	1
10014	10015	1
5490	5474	1
1929	10756	1
14714	8962	1
6034	11196	1
13974	737	1
4409	3950	1
7382	1422	1
11196	7291	1
6708	8668	1
3739	3999	1
13830	12802	1
647	5783	1
5670	4036	1
6197	6198	1
11416	14069	1
12802	13830	1
2239	9056	1
5047	7543	1
14631	9769	1
7449	8700	1
3491	4930	1
798	799	1
13853	10550	1
2842	14203	1
4983	5715	1
5142	6320	1
14265	7042	1
8854	11060	1
10188	8162	1
8308	10502	1
4577	5039	1
3297	7042	1
6320	14711	1
10550	13853	1
9356	7543	1
4386	2914	1
1229	4386	1
7126	8291	1
8162	10188	1
5783	4485	1
5556	10374	1
9356	5411	1
8451	8867	1
7211	7370	1
4492	4876	1
1586	1305	1
1394	10208	1
3366	2308	1
10161	11387	1
7798	5325	1
13580	5972	1
13884	5325	1
2627	7475	1
625	6925	1
4485	5783	1
14715	5325	1
1456	3949	1
11243	8788	1
6585	6034	1
1740	3704	1
10488	6843	1
14716	10208	1
9104	6034	1
11196	6034	1
4946	12675	1
12381	1620	1
10638	12817	1
1840	10899	1
9275	8224	1
11836	14656	1
13525	14717	1
3036	3036	1
2980	10455	1
14566	11520	1
14656	11836	1
6072	1081	1
10582	9735	1
2578	385	1
995	5340	1
5869	5326	1
3999	3739	1
1229	4727	1
614	11569	1
1456	3723	1
1517	1077	1
11387	10161	1
1050	428	1
677	1077	1
3491	7058	1
1040	1194	1
647	6987	1
6556	1175	1
4092	10363	1
5093	4888	1
439	4888	1
13734	14522	1
9356	9930	1
2779	1675	1
7083	3019	1
13255	1134	1
12748	2902	1
10861	12992	1
1422	7382	1
14188	10403	1
1586	2260	1
4364	4365	1
5490	6397	1
9356	10154	1
9233	5840	1
2934	5296	1
3383	2435	1
3920	3746	1
1110	2435	1
12898	6977	1
11758	8421	1
1586	8421	1
2779	1222	1
14140	3347	1
4904	1664	1
3017	718	1
5628	294	1
12776	6977	1
7255	6907	1
4730	6977	1
4657	5812	1
3366	6977	1
14714	13311	1
10508	6977	1
2465	6087	1
4941	1483	1
8938	6977	1
2779	2371	1
13581	14531	1
10502	8308	1
2698	5853	1
7689	2371	1
11724	12369	1
14718	11026	1
4950	4836	1
5173	12484	1
14503	3297	1
11344	7521	1
271	328	1
294	5628	1
2161	9819	1
6476	13219	1
4100	14360	1
7370	5377	1
5581	3138	1
3803	1077	1
14531	13581	1
7031	5800	1
3297	11455	1
5039	4577	1
5047	2284	1
210	530	1
14689	11201	1
7737	7282	1
6066	11201	1
5287	2654	1
623	5013	1
1586	11217	1
6316	4084	1
14372	14372	1
530	210	1
4707	4706	1
642	13772	1
14716	7613	1
4034	7340	1
13734	5485	1
9735	2911	1
5485	13734	1
4282	7004	1
1022	2636	1
5591	7463	1
1600	8005	1
11472	12009	1
4317	8007	1
3082	2613	1
14719	14720	1
3579	14721	1
10389	7800	1
799	798	1
2079	8552	1
6141	6358	1
2576	4397	1
7564	6358	1
328	271	1
7613	14716	1
1939	12721	1
5230	3951	1
11334	2710	1
2547	391	1
7031	12142	1
1586	6716	1
9356	7082	1
6485	6845	1
647	1584	1
6817	3865	1
2340	397	1
11536	9953	1
7564	953	1
8153	11730	1
2250	768	1
8935	14522	1
2794	2794	1
5500	13563	1
4548	3148	1
13474	2301	1
1968	5587	1
3832	1675	1
379	5587	1
6538	14527	1
14722	14722	1
10080	14699	1
13492	13900	1
14716	11445	1
11445	14716	1
11730	8153	1
12223	13674	1
7645	3353	1
3575	11026	1
3491	5630	1
8333	13900	1
3137	11479	1
447	4265	1
267	267	1
5585	1200	1
5482	6977	1
9658	9658	1
2588	2434	1
3286	3123	1
6654	3275	1
10928	6977	1
768	2250	1
4497	4359	1
4523	5054	1
1746	4838	1
13007	14302	1
7004	4282	1
11060	8854	1
3353	7645	1
5033	5017	1
5715	4983	1
435	11077	1
6368	5164	1
14716	12675	1
6977	10928	1
1900	4386	1
6455	6992	1
7673	2569	1
5922	11201	1
12675	11445	1
12675	14716	1
11445	12675	1
14522	6982	1
8484	3429	1
7031	7741	1
2446	10266	1
6443	8781	1
2230	2231	1
14712	14712	1
5054	4523	1
8903	10814	1
1841	12466	1
9276	4747	1
5013	623	1
13432	14025	1
9612	5870	1
6549	6518	1
5085	5870	1
271	6899	1
9470	6649	1
8568	10685	1
6146	6649	1
5332	6649	1
2360	3148	1
6721	6649	1
3347	14140	1
5469	2590	1
1853	7372	1
11719	3840	1
12779	5366	1
13311	14714	1
2889	2889	1
6729	10413	1
3721	133	1
14723	4297	1
10413	6729	1
6977	6112	1
5812	6638	1
4162	5345	1
14724	7853	1
11972	10760	1
10570	12596	1
6798	6798	1
397	2340	1
6899	271	1
7175	4102	1
4265	447	1
6112	6977	1
4836	4950	1
4503	5742	1
3662	5526	1
13571	6977	1
2052	5711	1
7813	8468	1
5502	1264	1
7866	3240	1
9843	13421	1
8825	8826	1
5251	1797	1
2884	3240	1
12263	12649	1
5009	6135	1
4747	9276	1
10677	6135	1
9385	328	1
1586	5905	1
11520	14566	1
6845	6485	1
6977	8938	1
11842	8658	1
3464	8967	1
328	9385	1
8658	11842	1
12312	9385	1
7801	8967	1
2909	2294	1
1586	7158	1
4550	3295	1
861	437	1
13935	13934	1
10900	1647	1
1059	12365	1
7625	11869	1
14725	7178	1
5409	1832	1
9843	14478	1
6135	10677	1
1586	3984	1
3491	3984	1
464	3088	1
12373	3923	1
1586	4806	1
5840	9233	1
11740	6272	1
5481	3043	1
4838	422	1
3605	8614	1
14726	14726	1
6518	6549	1
8924	8925	1
14108	8826	1
6977	13571	1
4838	1746	1
3992	5503	1
12889	11661	1
14715	8280	1
10266	2446	1
2051	1558	1
8693	8694	1
7776	6925	1
10396	9811	1
14699	7944	1
8903	6925	1
5711	2052	1
677	634	1
1739	9360	1
10247	10247	1
4951	3451	1
3923	12373	1
14711	6320	1
3377	5628	1
14317	6320	1
6638	5812	1
3237	422	1
9356	3450	1
1586	677	1
3491	3720	1
9275	3450	1
1586	3213	1
1647	6556	1
7257	1204	1
1620	12381	1
5325	13884	1
2779	143	1
4989	1910	1
11094	14727	1
5972	13580	1
5449	8845	1
6530	6213	1
5	11201	1
4612	5573	1
2206	624	1
4187	3992	1
5797	7570	1
14394	8962	1
1232	1096	1
10164	6316	1
7371	5345	1
3348	4601	1
5341	6082	1
6082	5341	1
14699	10080	1
1586	2604	1
677	3240	1
14569	8707	1
13403	9564	1
11762	2735	1
8950	9314	1
6977	5482	1
12533	9773	1
987	706	1
5870	9612	1
573	526	1
4343	10922	1
10639	9773	1
9258	8790	1
5253	536	1
5313	4668	1
8694	8693	1
8575	8750	1
1791	4288	1
3240	1381	1
4230	2984	1
2106	14382	1
14728	1897	1
2127	8526	1
7308	2891	1
13900	13492	1
5318	3826	1
11201	5	1
8862	5432	1
10753	13492	1
1381	3240	1
6982	14522	1
2708	3284	1
13416	7891	1
6247	2282	1
4597	3826	1
8962	7063	1
3826	4597	1
5922	5	1
14729	6135	1
5628	3377	1
4017	3148	1
6419	13590	1
14730	14731	1
2520	13416	1
7891	13416	1
5325	14715	1
5749	2891	1
3400	4692	1
2194	1468	1
8707	14569	1
2435	3383	1
5812	4657	1
14198	13737	1
8280	14715	1
4255	12670	1
7602	2912	1
1211	10396	1
3138	5581	1
9035	10538	1
12373	12373	1
14540	6914	1
10538	9035	1
3502	1064	1
8333	1238	1
8788	11243	1
12594	12594	1
2891	7308	1
6649	5332	1
3617	9273	1
9759	10165	1
9564	13403	1
10165	9759	1
9423	1468	1
9974	4447	1
2912	7602	1
4692	1568	1
13602	45	1
3240	3203	1
10325	6786	1
5163	5089	1
3203	3240	1
6977	10508	1
9527	9240	1
2399	1897	1
647	5096	1
6414	1897	1
3491	2420	1
2301	13474	1
7175	9409	1
9587	8545	1
9356	11120	1
8222	1897	1
14553	14552	1
2151	6769	1
6127	7804	1
3163	2820	1
12670	4255	1
2844	2878	1
7165	3154	1
1064	3502	1
3491	2873	1
624	2206	1
1586	2873	1
6268	1667	1
14522	10617	1
4095	2812	1
12067	12068	1
805	1686	1
11661	7119	1
4443	4443	1
13491	13472	1
12086	7862	1
10395	7264	1
3648	3648	1
8386	1607	1
5585	5586	1
6320	14317	1
529	4004	1
9614	12395	1
13772	642	1
8866	13469	1
3491	760	1
6907	7255	1
4205	1550	1
8005	7619	1
5870	5085	1
12908	5863	1
3509	1462	1
14569	14569	1
6272	11740	1
12853	4930	1
1586	515	1
5351	5041	1
13513	3510	1
14703	14703	1
1599	515	1
774	5884	1
2419	8655	1
7853	515	1
5905	515	1
6179	6180	1
6977	3366	1
2308	3366	1
14287	13255	1
10820	14490	1
10759	12217	1
2091	6555	1
13868	7109	1
5863	12908	1
10617	14522	1
2911	9735	1
10538	6977	1
1903	5697	1
5800	7741	1
2569	7673	1
14577	3810	1
3491	2346	1
10140	7090	1
14732	14733	1
14716	13137	1
13737	14198	1
2543	6168	1
6216	2902	1
9644	13737	1
3088	464	1
13590	6419	1
2779	1690	1
2481	1437	1
6992	6455	1
10025	12277	1
4182	28	1
3452	3037	1
2231	2230	1
14734	14734	1
8845	5449	1
7308	3288	1
6135	5009	1
7791	5009	1
623	371	1
6373	2902	1
2894	186	1
10759	6348	1
14735	14735	1
8409	5520	1
14430	13493	1
10788	8004	1
13106	13175	1
3829	4251	1
12631	10370	1
14736	14736	1
6654	227	1
2315	1427	1
14737	14737	1
5687	107	1
11026	3575	1
3491	467	1
1586	467	1
14552	14553	1
2316	4095	1
6977	4730	1
1573	10801	1
5033	2248	1
9275	8668	1
9356	3068	1
5537	5536	1
1586	2653	1
3068	2902	1
3491	1401	1
4669	9318	1
11635	8806	1
3154	7165	1
8806	371	1
11705	14039	1
10183	8705	1
3491	676	1
1586	676	1
9718	8705	1
4983	4796	1
1969	676	1
10488	10488	1
5983	1106	1
371	2902	1
3853	2379	1
3450	5047	1
12721	8694	1
4386	1900	1
5414	4789	1
10403	14188	1
8848	3479	1
1647	10900	1
1242	2338	1
8903	3479	1
8903	11387	1
9843	14039	1
8830	8487	1
8903	8487	1
2077	5446	1
2672	8487	1
371	623	1
65	190	1
12126	13493	1
7265	9957	1
7789	8336	1
5723	4006	1
850	95	1
5536	5537	1
14716	7266	1
3446	3166	1
7487	5932	1
5853	2698	1
4095	2316	1
6648	5598	1
9706	1365	1
14738	14738	1
7961	9924	1
1586	2479	1
8363	12180	1
10728	5808	1
2276	1862	1
1473	10886	1
14739	14739	1
14039	9250	1
1215	1862	1
7216	9924	1
10386	12559	1
6444	14656	1
3240	1241	1
5194	3045	1
11077	435	1
7624	11194	1
4251	3944	1
371	8806	1
5164	6368	1
14740	14741	1
14741	14740	1
8705	9718	1
9488	7695	1
9356	5797	1
1586	518	1
7444	7786	1
6415	7276	1
328	272	1
5382	2483	1
10494	5343	1
1611	8174	1
10067	2588	1
2416	3550	1
9651	9651	1
12246	5096	1
10899	1840	1
14699	2109	1
2588	10067	1
5446	2077	1
10067	10067	1
2733	2694	1
5787	6046	1
6843	10488	1
9117	2588	1
1451	3173	1
1224	6181	1
8611	5096	1
2604	3173	1
2588	9117	1
4538	3173	1
13492	10753	1
3173	2604	1
3383	4483	1
5283	8452	1
2338	1242	1
2713	2059	1
13706	13508	1
3116	965	1
4755	6530	1
3043	1850	1
5175	5185	1
14742	6265	1
7267	953	1
8694	12721	1
6649	9470	1
14743	11468	1
10002	1055	1
7013	6206	1
13255	14287	1
7786	7444	1
14724	8057	1
271	272	1
14744	14745	1
12800	12734	1
14746	2446	1
8487	2672	1
7452	13960	1
10154	14747	1
1586	9300	1
2725	5881	1
14748	12934	1
1096	1232	1
11259	7780	1
828	3274	1
13496	7054	1
13295	14749	1
821	5659	1
4051	4765	1
1897	8222	1
13895	1946	1
5897	5898	1
953	7267	1
1106	5983	1
4796	4983	1
4503	13021	1
14396	12011	1
1946	13895	1
9318	4669	1
9276	10351	1
12675	4946	1
6181	1224	1
13508	13706	1
13088	447	1
9701	1896	1
12011	12267	1
3701	4598	1
4592	5219	1
7722	8574	1
3037	3452	1
10351	9276	1
4423	4217	1
4569	10023	1
2653	5219	1
4753	3214	1
6444	13200	1
5219	6017	1
13663	10838	1
11831	11758	1
7780	11259	1
5343	10494	1
12373	10907	1
6812	6931	1
