3853	4801	1
14573	9992	1
7703	14461	1
6925	625	1
5041	6441	1
271	6899	1
4778	6112	1
11835	6112	1
13975	12277	1
5870	9612	1
6251	4603	1
13830	12802	1
9360	4487	1
7020	13477	1
10735	13343	1
14222	3515	1
12470	10499	1
625	6925	1
3400	4303	1
237	238	1
6441	5041	1
441	7204	1
7986	14284	1
2620	4017	1
14284	7986	1
6062	6111	1
6334	10414	1
7866	1740	1
6316	10164	1
7780	10164	1
1162	10164	1
12585	4102	1
13053	13053	1
8086	7213	1
13920	3851	1
4983	6329	1
4084	2017	1
3400	3851	1
7446	6700	1
7188	14571	1
2017	4084	1
1268	2017	1
4102	12585	1
9196	11767	1
10239	6127	1
13021	10528	1
265	266	1
1120	3377	1
13404	2712	1
8950	13663	1
4981	11211	1
4485	5553	1
3315	3944	1
11479	11211	1
8948	5402	1
9115	9132	1
11196	10434	1
10330	7204	1
14610	14492	1
6897	13710	1
2894	5584	1
13710	6897	1
9718	6562	1
2338	12011	1
14611	14611	1
159	2712	1
8805	5474	1
3217	10266	1
10550	13853	1
2660	12011	1
1188	6506	1
4414	12011	1
6653	12011	1
7274	6564	1
1062	5879	1
2721	1015	1
4422	9724	1
5942	5859	1
6513	4589	1
4398	4404	1
7916	4939	1
3217	5934	1
4939	7916	1
6245	5934	1
2996	9689	1
14612	1897	1
12414	5890	1
6414	1897	1
5188	7130	1
11211	4981	1
13074	8818	1
11689	4939	1
4162	4025	1
4939	11689	1
9070	11547	1
14612	8222	1
4983	5715	1
4851	6301	1
788	1282	1
12734	13356	1
14457	3232	1
5859	5942	1
5699	4250	1
7660	816	1
6112	11835	1
271	272	1
4589	6513	1
6620	8991	1
11135	4939	1
14613	7597	1
3217	6188	1
3515	14222	1
11193	518	1
11445	11151	1
11405	11151	1
14510	4332	1
3217	2883	1
14480	8502	1
8667	8668	1
1584	876	1
6864	9877	1
5377	5294	1
2274	426	1
8805	5490	1
12481	3944	1
5783	3626	1
3030	5684	1
7011	4092	1
6830	7552	1
14614	3068	1
14615	3068	1
5506	98	1
9212	9211	1
12277	13975	1
3068	14615	1
12802	13830	1
12253	11507	1
11784	14604	1
819	12056	1
1360	1361	1
13456	13175	1
5581	3138	1
3826	5318	1
10836	12758	1
14616	9075	1
14617	14321	1
8763	12467	1
416	2216	1
6807	6808	1
566	2380	1
5951	5929	1
3105	10922	1
5695	2386	1
6181	5513	1
7619	8005	1
4863	1148	1
1469	3723	1
3217	3119	1
5307	6321	1
5504	11270	1
1781	4678	1
10374	12728	1
5042	9680	1
13416	2520	1
756	219	1
1723	2520	1
6524	7214	1
5846	4879	1
12842	5977	1
6245	9930	1
11346	6804	1
6024	5001	1
2386	5695	1
5977	12842	1
14584	6228	1
1361	1360	1
13737	6015	1
5395	3915	1
4879	5846	1
7560	427	1
14616	12450	1
11779	7514	1
13853	10550	1
5036	5037	1
4059	11144	1
1134	13255	1
11455	3297	1
219	756	1
14503	3297	1
5323	98	1
5042	431	1
5047	2284	1
2813	5990	1
5356	6729	1
10599	14178	1
14587	9385	1
3068	2284	1
3286	3123	1
5174	2284	1
9612	5870	1
6555	2091	1
4863	4864	1
14341	14340	1
431	5042	1
2446	425	1
3217	1835	1
1603	9592	1
1451	730	1
876	1584	1
5587	1968	1
4838	422	1
7446	6245	1
9930	6245	1
5561	4534	1
3082	1726	1
5934	6245	1
5307	5836	1
2116	6266	1
5623	6222	1
12095	8093	1
8092	8093	1
11445	8093	1
5799	8093	1
10457	8093	1
2935	835	1
1584	5781	1
1584	14618	1
14268	13870	1
2403	7052	1
4569	10023	1
2193	2349	1
6899	328	1
3217	11650	1
1936	1935	1
2941	3912	1
1887	10397	1
14018	3398	1
71	1724	1
5671	9136	1
2763	5510	1
9080	9080	1
12414	10930	1
14618	1584	1
3217	6375	1
5582	11123	1
10930	12414	1
5890	12414	1
5318	3826	1
835	2935	1
730	1451	1
14619	1451	1
5323	1692	1
11123	5582	1
6919	4454	1
4755	12356	1
12364	14620	1
7446	1943	1
11007	7213	1
3138	5581	1
11144	4059	1
3702	545	1
4777	6294	1
3316	2935	1
2433	2434	1
2832	12364	1
14619	1452	1
13175	13456	1
8260	8144	1
11779	3361	1
12356	4755	1
4167	378	1
11635	1935	1
12373	12373	1
3722	2712	1
6015	13737	1
2935	3316	1
4278	2691	1
7952	12960	1
7620	4839	1
5723	7085	1
8753	1356	1
14621	14621	1
2260	7126	1
13403	14622	1
14622	13403	1
5353	8609	1
4839	7620	1
6266	2116	1
2483	5382	1
3545	14197	1
3315	14197	1
12649	12264	1
2691	4278	1
11547	9070	1
1228	15	1
6294	4777	1
5485	3561	1
13504	7009	1
11211	11479	1
4777	896	1
12022	8858	1
8611	5096	1
9862	6246	1
5723	4006	1
1282	788	1
8498	8499	1
1099	1935	1
28	5622	1
9704	3215	1
8367	12161	1
3467	2386	1
3217	1033	1
8260	6348	1
6813	6812	1
9009	640	1
6348	8260	1
5977	11852	1
9541	11852	1
12622	11852	1
14342	7526	1
1726	3082	1
12062	9351	1
13567	11472	1
8499	8498	1
7446	3578	1
13145	1084	1
7446	8183	1
1584	3190	1
5723	3190	1
14623	14623	1
32	45	1
9105	4992	1
9598	14624	1
7930	4748	1
2353	2582	1
5086	5087	1
10831	9091	1
9358	2096	1
12364	2832	1
10069	7526	1
13770	7952	1
12960	7952	1
6297	8017	1
45	5446	1
3149	7345	1
8609	5353	1
10900	4164	1
1506	12324	1
5261	5260	1
2576	4397	1
705	1144	1
10814	8903	1
14400	14400	1
764	805	1
3217	1461	1
3743	1921	1
1144	1921	1
14625	14625	1
1901	419	1
4164	10900	1
2582	2353	1
1255	10363	1
626	416	1
7446	7290	1
2874	9372	1
2549	2553	1
2008	2009	1
2327	897	1
10464	5027	1
13113	12496	1
12467	8763	1
5836	5307	1
4981	14603	1
13576	6424	1
3017	897	1
1647	4164	1
6812	6813	1
518	14626	1
6084	1238	1
10645	10811	1
3605	1653	1
14627	3785	1
14603	4981	1
7136	2832	1
5205	5204	1
6562	9718	1
13232	13812	1
9578	11884	1
4133	4241	1
7345	3149	1
5783	5468	1
14198	13083	1
12779	5366	1
6513	6576	1
3361	11779	1
447	7568	1
562	7568	1
10161	11387	1
2646	7857	1
371	623	1
5045	6854	1
3377	6854	1
6849	12867	1
4568	6854	1
6321	9472	1
936	12116	1
6765	11124	1
9257	3695	1
4506	5515	1
10829	3239	1
12867	6849	1
3670	3669	1
8137	5622	1
6212	9402	1
9527	6628	1
14551	14551	1
10363	1255	1
7449	8700	1
8704	10145	1
7446	3261	1
5673	9472	1
6444	6576	1
8080	1361	1
8333	13900	1
14457	12142	1
3862	689	1
3829	4251	1
3017	4422	1
8700	7449	1
3215	9704	1
4363	8967	1
3190	1584	1
4251	3949	1
8903	10814	1
14229	366	1
14382	14321	1
5200	5549	1
13547	10531	1
2641	5695	1
2894	3487	1
5723	1483	1
1666	3723	1
1144	705	1
4353	13563	1
4428	8189	1
12910	12910	1
13311	13900	1
1055	10304	1
3503	4762	1
10935	12496	1
5762	8064	1
9078	7066	1
1584	13111	1
13311	12496	1
2289	2290	1
3695	9257	1
4762	3503	1
13411	7776	1
13900	13311	1
12496	13311	1
469	8443	1
10335	10469	1
3217	7932	1
5852	6475	1
425	2446	1
8287	7901	1
5259	9365	1
6407	3585	1
14321	14382	1
5723	3576	1
6713	6562	1
5474	8805	1
5490	8805	1
7291	14585	1
4946	6840	1
9002	10338	1
2904	4955	1
1935	1099	1
3467	14302	1
7831	10713	1
2122	1759	1
4801	8210	1
7446	14113	1
545	3702	1
4747	5782	1
1084	13145	1
3217	2492	1
10537	11411	1
6849	8785	1
9276	4747	1
4251	3944	1
5695	2641	1
9360	1739	1
1237	13900	1
8721	1840	1
14615	4580	1
14628	8615	1
4133	6783	1
5518	5170	1
7370	7211	1
3217	2651	1
10345	10346	1
4839	2204	1
7800	1953	1
4518	9714	1
4747	9276	1
3079	2086	1
13121	6864	1
6473	126	1
13962	14510	1
1714	2386	1
9277	13854	1
9736	12724	1
8600	3071	1
3812	12724	1
6559	14443	1
3304	5006	1
5513	6181	1
2386	1714	1
3217	696	1
12116	1209	1
9170	11646	1
14629	5839	1
13900	1237	1
1040	1891	1
9375	9242	1
14197	3315	1
6043	6044	1
10304	1055	1
8005	7619	1
328	6899	1
7126	2260	1
4241	4133	1
1791	4611	1
3217	3462	1
4043	5350	1
6922	5861	1
13150	3317	1
11625	11625	1
6783	4133	1
416	6374	1
1897	6414	1
6363	13900	1
13083	14198	1
1584	4554	1
3026	6475	1
14585	9791	1
7291	9791	1
13900	6363	1
11102	2198	1
12116	936	1
2622	14630	1
9769	14631	1
897	3017	1
6840	4946	1
1108	5298	1
9351	12062	1
3217	1762	1
1953	7800	1
13255	1134	1
4724	7108	1
3217	3383	1
5402	8948	1
11455	3581	1
4092	10363	1
4439	7213	1
3817	7801	1
5004	5601	1
805	764	1
12724	3009	1
5894	6783	1
11952	12096	1
5009	6135	1
6977	13571	1
10811	10645	1
7446	13097	1
8247	7693	1
3862	1704	1
9992	14573	1
13988	14589	1
10335	5742	1
4801	3853	1
4748	7930	1
2832	7136	1
10713	7831	1
13737	7361	1
10116	2705	1
3821	1301	1
7813	8496	1
13571	6977	1
4077	1428	1
8950	9314	1
7693	8247	1
3217	1428	1
1420	5717	1
10753	13492	1
7134	5068	1
50	49	1
3377	1120	1
13367	12806	1
10483	8263	1
9314	8950	1
12806	13367	1
9649	918	1
10067	2873	1
1182	9267	1
8165	7764	1
5347	10250	1
14632	14405	1
2578	13493	1
7469	8571	1
6729	5356	1
12580	14338	1
5723	2604	1
8776	8263	1
6380	8935	1
10345	12666	1
2873	8141	1
5570	8935	1
3121	3102	1
646	2040	1
7452	7988	1
972	13165	1
7446	7308	1
918	9649	1
13830	2154	1
2997	3561	1
3999	1656	1
9248	7413	1
1618	8173	1
8615	14628	1
11270	5504	1
8125	7854	1
5773	3160	1
14624	9598	1
3217	2446	1
240	438	1
6649	8899	1
6804	11346	1
566	1017	1
5036	3530	1
1584	6111	1
3456	2457	1
8899	6649	1
5316	2142	1
21	388	1
14633	14633	1
7764	8165	1
10457	10208	1
12056	12056	1
4833	7306	1
7619	11696	1
419	1901	1
897	2245	1
6321	6479	1
14585	7291	1
1096	8141	1
9791	7291	1
1407	10355	1
14634	14211	1
4983	4796	1
14615	9436	1
627	7989	1
6686	6479	1
10993	14103	1
3623	2902	1
14635	3152	1
4579	6479	1
9022	9251	1
8093	10457	1
6994	6564	1
5630	6903	1
546	13188	1
8512	9069	1
14263	4555	1
9251	9022	1
6475	3026	1
13895	1946	1
7444	7786	1
13705	13456	1
12372	10798	1
10145	12960	1
4334	5237	1
14054	14570	1
13598	13763	1
8260	9706	1
13676	14634	1
4226	11681	1
4556	2665	1
13048	5008	1
12397	12773	1
7801	3817	1
5365	13479	1
13671	4793	1
14636	6113	1
12666	10345	1
5723	5745	1
13763	13598	1
953	6022	1
10798	12372	1
2705	10116	1
13261	8049	1
13381	14041	1
4939	11135	1
6135	5009	1
646	647	1
7218	5009	1
4796	4983	1
7791	5009	1
2779	4044	1
6562	6713	1
5009	7218	1
10826	14563	1
1584	647	1
10335	6455	1
8263	10483	1
6216	3450	1
5718	5720	1
1356	8753	1
8162	8781	1
13469	8866	1
9105	11565	1
10434	11196	1
14637	14637	1
14517	6281	1
6034	11196	1
3217	3987	1
1255	5393	1
11196	6034	1
1607	8781	1
996	3987	1
8152	5790	1
8452	8453	1
953	1366	1
843	844	1
1202	3610	1
5723	5630	1
5027	10464	1
3862	1886	1
9239	6845	1
6845	9239	1
3217	5658	1
9767	6121	1
12207	3384	1
5640	12835	1
8050	8051	1
3190	13111	1
303	2666	1
7367	3561	1
6549	5379	1
9104	6034	1
5323	2915	1
12835	5640	1
3217	2915	1
13213	12898	1
3867	207	1
13111	3190	1
6977	12898	1
10469	10335	1
8141	1096	1
5008	13048	1
5742	10335	1
12519	13060	1
6455	10335	1
10331	10331	1
2384	10025	1
8451	8867	1
12898	6977	1
7789	11565	1
6346	6363	1
6216	2902	1
8118	14638	1
9706	8260	1
11702	7734	1
10531	13547	1
8805	6907	1
13649	13016	1
3229	5604	1
6197	6198	1
13111	1584	1
13367	4206	1
5188	7308	1
6628	7543	1
14631	8620	1
402	10363	1
14563	10826	1
6111	1584	1
10335	8591	1
647	1584	1
204	1656	1
7308	5188	1
3217	8204	1
2821	8443	1
8334	9242	1
5253	536	1
5723	5565	1
6564	6994	1
11233	13048	1
4164	1647	1
10900	1647	1
7308	6700	1
4341	8430	1
13880	6034	1
6783	5420	1
45	32	1
536	5253	1
1132	4196	1
8453	8452	1
13581	12656	1
2894	2634	1
8739	9669	1
7128	10508	1
2154	13830	1
9383	5423	1
