9762	12862	1
2873	6706	1
8332	5987	1
7862	7731	1
3578	6245	1
11943	9670	1
9105	6245	1
6706	2873	1
8741	13479	1
2304	84	1
7082	6793	1
1025	6245	1
3820	6245	1
4730	4857	1
2616	6245	1
8694	1939	1
745	883	1
5845	6245	1
876	1584	1
14844	7570	1
14481	14482	1
2879	4857	1
11687	9824	1
5854	13829	1
6869	12862	1
14264	4107	1
2205	5294	1
14845	6869	1
14761	3870	1
14846	5821	1
14658	12142	1
9735	9250	1
6349	12011	1
9346	6344	1
14844	10208	1
1872	4577	1
11516	9250	1
12172	12104	1
7703	14461	1
5585	3058	1
9242	9250	1
14847	10341	1
6097	5777	1
14818	5821	1
2423	2403	1
1619	5266	1
9518	5897	1
12779	5366	1
3450	13974	1
5823	5824	1
3893	5694	1
10335	9966	1
11211	7832	1
5821	14818	1
9301	8093	1
8285	7340	1
5475	8668	1
5174	8668	1
6899	271	1
14752	9864	1
8093	9301	1
8093	6246	1
4287	10687	1
3190	1584	1
12862	9762	1
5357	7997	1
7020	5821	1
6467	5796	1
5306	14848	1
8482	8482	1
14755	10687	1
4250	8018	1
2095	4040	1
2544	14678	1
8018	4250	1
5188	9230	1
7228	13289	1
3043	998	1
12509	5793	1
12579	6216	1
4101	9863	1
8647	9230	1
11512	10067	1
8667	8668	1
9028	6233	1
5047	7543	1
13265	6866	1
241	242	1
13479	11214	1
14849	9381	1
7927	3310	1
6309	10682	1
11817	5469	1
1307	1307	1
4983	4796	1
5656	5678	1
8938	8974	1
7178	940	1
14041	13711	1
2677	14831	1
6015	11967	1
344	7695	1
4251	3944	1
5818	5110	1
14850	11967	1
12180	8363	1
9581	4657	1
4524	3274	1
4692	3892	1
11600	6468	1
5381	6056	1
8491	7225	1
4317	5719	1
7225	8491	1
14814	10266	1
8667	5307	1
6564	10236	1
13479	8741	1
4144	8018	1
4101	4100	1
9245	14830	1
8839	7909	1
4598	6318	1
14851	4368	1
10363	4092	1
7291	10236	1
4328	6119	1
3288	3287	1
4064	3852	1
7276	14807	1
4975	5629	1
6245	5845	1
6633	4320	1
6245	6700	1
14001	10188	1
7309	3849	1
8222	4555	1
10758	4555	1
5857	4555	1
8667	7501	1
625	5062	1
1742	7386	1
10687	14755	1
6068	14755	1
5353	6059	1
4092	10363	1
3210	5481	1
1081	6072	1
5719	4317	1
6127	12899	1
4900	4888	1
6120	5229	1
1451	14078	1
2677	6052	1
10654	5357	1
5357	7715	1
7715	5357	1
14852	10455	1
4187	4258	1
13137	14716	1
2423	3723	1
1939	12721	1
13781	8967	1
4574	6377	1
5318	3826	1
242	241	1
6560	10061	1
6021	6564	1
7082	10964	1
4312	8173	1
5485	14522	1
12318	8207	1
437	861	1
8667	8207	1
2873	8688	1
9966	10335	1
1939	8694	1
10541	10865	1
1451	1452	1
904	805	1
944	9483	1
730	1452	1
1746	262	1
14650	6337	1
14178	10599	1
10964	6793	1
5188	5227	1
609	4782	1
4748	14646	1
271	272	1
4012	9022	1
9863	4101	1
2843	3128	1
1754	7050	1
5381	1620	1
7220	13509	1
3128	2843	1
9251	9022	1
1517	5296	1
6549	6518	1
5296	1517	1
9120	9022	1
4981	9022	1
5684	9022	1
16	79	1
11479	9022	1
5402	9262	1
10154	2284	1
12096	9022	1
13014	8468	1
9717	7370	1
14375	82	1
7922	7213	1
7927	5733	1
8468	13014	1
3068	2284	1
11512	2901	1
883	745	1
14853	6869	1
5537	11164	1
1452	730	1
1727	4171	1
6119	4328	1
11512	6322	1
1451	730	1
10617	14522	1
1933	2904	1
7291	8803	1
4258	7372	1
4747	9276	1
5602	6442	1
12496	12274	1
1838	4171	1
8164	6442	1
7767	12107	1
625	12107	1
12535	12107	1
6319	14820	1
5136	12334	1
788	1282	1
4983	4561	1
3545	7108	1
10638	12817	1
14854	5407	1
612	5730	1
13289	7228	1
6788	2343	1
137	5695	1
11201	6066	1
8690	10374	1
13354	10620	1
8947	8946	1
5381	5382	1
12721	1939	1
3853	4801	1
2843	2832	1
428	14295	1
14678	2544	1
14855	14855	1
14066	4816	1
9276	4747	1
7927	5411	1
345	1678	1
7619	8005	1
10061	9250	1
386	1933	1
5307	7025	1
5180	4047	1
7266	4946	1
2873	6120	1
3439	2501	1
4573	616	1
8285	2452	1
4312	4485	1
5266	1619	1
5407	14854	1
3413	605	1
14461	5736	1
14350	14350	1
6141	4047	1
1146	768	1
10964	7082	1
8152	14792	1
3877	2347	1
8667	5706	1
6769	2151	1
4946	7266	1
2077	45	1
14849	7901	1
11445	4946	1
664	6439	1
9881	5716	1
13315	13048	1
4485	8173	1
6318	4598	1
13590	6419	1
5039	3347	1
6419	13590	1
803	3169	1
7980	6193	1
847	3176	1
6783	10783	1
1781	3176	1
8056	7084	1
14856	14776	1
7225	13268	1
2620	4017	1
3847	3846	1
941	5305	1
7928	13255	1
2985	11144	1
8667	5227	1
95	70	1
12899	6127	1
7564	6358	1
1991	4873	1
5076	800	1
10353	6934	1
7901	14849	1
5695	137	1
70	95	1
3176	847	1
8005	7619	1
4208	1970	1
2151	115	1
8936	17	1
1506	5241	1
4485	4312	1
1933	386	1
7205	11197	1
800	5076	1
2668	425	1
12318	2651	1
5897	9518	1
12803	5958	1
4796	2678	1
5062	625	1
6869	14853	1
1112	4087	1
8281	8281	1
9022	8618	1
7741	4087	1
6774	8826	1
5227	5188	1
11539	13237	1
730	1451	1
3549	185	1
2348	2349	1
1531	2800	1
6713	8280	1
1452	1451	1
14078	1451	1
5773	7012	1
11161	8093	1
6066	11201	1
185	3549	1
4187	14207	1
2904	1933	1
14857	14857	1
828	9375	1
8667	5188	1
1584	3190	1
4057	2360	1
10368	5762	1
10667	8162	1
4047	6141	1
13756	3851	1
3310	8891	1
4946	11445	1
9232	5762	1
8207	6506	1
13006	5762	1
1660	3138	1
13494	11445	1
926	1791	1
13594	8618	1
14858	4755	1
8891	1096	1
11445	13494	1
7318	8331	1
10385	12110	1
1727	2027	1
1647	4164	1
5887	5762	1
9375	828	1
7927	6453	1
4755	14858	1
12675	4946	1
8162	10667	1
3681	3680	1
65	13291	1
4171	1838	1
6056	8647	1
1742	2083	1
12110	10385	1
8404	8647	1
3892	4692	1
7025	5307	1
5706	8647	1
8646	8647	1
5188	8647	1
11043	8647	1
9230	8647	1
6072	1081	1
4445	8492	1
5107	7025	1
2017	2380	1
14197	14173	1
7813	6354	1
14716	8093	1
1166	3177	1
3353	7645	1
8093	10208	1
8093	14716	1
6354	7813	1
6034	13219	1
12565	752	1
9842	1936	1
13308	14859	1
5949	2028	1
14755	10165	1
6608	14313	1
12318	6506	1
14851	5697	1
8667	6506	1
11182	4418	1
14860	14731	1
8093	11161	1
14846	14818	1
4034	4851	1
8786	2446	1
6863	5610	1
1848	645	1
14861	7570	1
426	2927	1
11555	7104	1
7614	12533	1
11205	3323	1
5797	7570	1
12274	12496	1
6506	6765	1
2265	5246	1
271	11106	1
12318	5934	1
2027	1727	1
14859	13308	1
3238	3239	1
7002	7002	1
1727	4006	1
7517	9816	1
5380	9456	1
9016	12631	1
13318	1450	1
9271	12496	1
3730	8614	1
6532	7535	1
9894	12496	1
490	8004	1
12631	9016	1
6034	13880	1
3177	1166	1
12771	8141	1
10164	4285	1
6447	4362	1
3754	7120	1
4447	8365	1
7596	7596	1
1179	1810	1
7804	9131	1
5775	12616	1
8667	6251	1
12010	6213	1
8647	8404	1
4164	1647	1
4286	4285	1
5085	9612	1
1625	1280	1
2260	8291	1
2317	1536	1
6671	10120	1
8004	490	1
4755	6424	1
9456	5380	1
8667	8421	1
6213	12010	1
8141	4755	1
4755	8141	1
845	766	1
3014	3015	1
13853	10550	1
11512	10379	1
2095	5296	1
14862	507	1
9597	13490	1
6832	7109	1
7126	8291	1
7927	12176	1
2652	6321	1
10787	12999	1
6123	10811	1
14173	14197	1
5241	8257	1
9704	145	1
6454	5446	1
7909	8839	1
8516	6321	1
4550	7680	1
12830	10984	1
2423	5882	1
12803	8257	1
10560	8728	1
2752	14667	1
5296	2095	1
2052	2526	1
8331	7318	1
5381	10387	1
1853	7372	1
2681	4721	1
4676	10736	1
5167	2119	1
6540	7125	1
11037	4721	1
14863	14864	1
13538	11346	1
7619	11696	1
6386	4006	1
8365	14836	1
9456	10123	1
8803	7291	1
8667	10376	1
7104	11555	1
5678	12565	1
7741	5800	1
10865	10541	1
14865	3877	1
4294	10123	1
11512	10376	1
7402	13594	1
14667	2752	1
8935	7980	1
3877	14865	1
12565	5678	1
6193	7980	1
13763	12174	1
14866	14345	1
3352	4946	1
2312	7823	1
5381	4431	1
14867	1646	1
5365	12308	1
12892	10896	1
5068	10452	1
2017	824	1
10753	10123	1
14868	12814	1
2526	2052	1
9120	8903	1
12814	14868	1
1840	3041	1
5089	8903	1
116	1571	1
4281	14825	1
10563	13393	1
14461	7049	1
1057	11613	1
1936	9842	1
2423	2422	1
4004	2964	1
13594	7402	1
14825	4281	1
14277	7944	1
1722	4663	1
221	7214	1
1646	14867	1
8667	5280	1
11589	11589	1
6774	12862	1
408	14724	1
1096	2620	1
5922	5	1
600	12894	1
7927	11798	1
7980	8935	1
4663	1722	1
6934	10353	1
10389	9251	1
10814	8903	1
1280	1625	1
12862	6774	1
6562	10685	1
1926	9645	1
1188	546	1
5159	6088	1
11197	7205	1
1571	116	1
8365	4447	1
12591	13723	1
13594	11696	1
3376	4006	1
3479	8903	1
2768	5957	1
12100	11044	1
6183	5957	1
19	28	1
6925	8903	1
2423	7810	1
3166	4735	1
10974	746	1
5343	4735	1
2620	1096	1
6245	7446	1
3595	13974	1
8891	3310	1
3177	11113	1
9065	4853	1
6251	9105	1
4390	4525	1
8974	8938	1
7072	7073	1
4087	7741	1
9620	3101	1
12174	13763	1
5088	579	1
5800	7741	1
4799	7944	1
4657	9581	1
5446	6454	1
8836	8886	1
1406	6265	1
11113	3177	1
3305	13876	1
12631	3502	1
7570	14844	1
1822	2646	1
13291	12161	1
814	5747	1
11270	5504	1
14869	14807	1
5821	5820	1
2554	696	1
854	2710	1
14792	8152	1
14315	14844	1
8903	3479	1
625	6925	1
5736	14461	1
5747	814	1
14807	14869	1
4525	4390	1
9131	7804	1
6992	6455	1
6143	13622	1
8137	5622	1
12946	14870	1
4735	4635	1
7120	3754	1
5800	4087	1
3579	14721	1
13284	9517	1
14791	14790	1
11106	271	1
2204	2204	1
8375	6613	1
12432	7495	1
3240	2873	1
6613	8375	1
4801	3853	1
8500	2909	1
14871	14871	1
800	7298	1
329	6520	1
2540	14173	1
1282	788	1
2894	3487	1
600	601	1
2322	2321	1
14197	3315	1
8071	10411	1
8681	11344	1
3846	3847	1
10368	14095	1
4345	4346	1
7031	4087	1
940	7178	1
10984	12830	1
930	9207	1
6052	2677	1
6444	3041	1
4946	14714	1
2237	5137	1
425	5257	1
14317	6320	1
8545	14832	1
5348	5349	1
5598	10478	1
6985	14326	1
14714	4946	1
13665	510	1
13622	6143	1
4397	2576	1
13200	5355	1
6320	14317	1
14816	8420	1
6317	2126	1
3502	12631	1
271	6899	1
14667	11442	1
14517	6281	1
4946	4946	1
9620	1135	1
5827	9752	1
1489	7005	1
7085	6783	1
510	13665	1
6349	5380	1
10938	14239	1
8667	5673	1
14872	14872	1
13974	14147	1
546	1188	1
9385	12312	1
9156	3343	1
6146	9575	1
11784	11785	1
9049	7932	1
12173	7786	1
11702	12819	1
6677	4106	1
6128	10741	1
11667	14873	1
13935	13934	1
10591	10226	1
3438	10226	1
6635	5229	1
5570	8935	1
12533	9173	1
10309	14140	1
4346	4345	1
14874	14875	1
14876	3753	1
14356	4685	1
5716	9881	1
3591	2963	1
2855	5697	1
3754	3753	1
6082	5341	1
7786	12173	1
435	11077	1
7059	7059	1
14877	14877	1
5	11201	1
9517	13284	1
11275	5516	1
13635	9486	1
14816	11426	1
11135	10673	1
6783	7085	1
6232	5542	1
10411	8071	1
12092	14069	1
2428	13132	1
14803	11377	1
1504	5430	1
8717	6706	1
10374	5556	1
4778	2308	1
12208	8452	1
2308	4778	1
5381	2483	1
1135	3101	1
636	1644	1
4238	2580	1
10778	252	1
9767	5725	1
11426	14816	1
5406	14836	1
1556	2420	1
14878	1822	1
3315	14197	1
3022	2248	1
3310	7927	1
2646	1822	1
5733	7927	1
11031	4726	1
883	895	1
5411	7927	1
8667	8646	1
45	31	1
14879	14879	1
12176	7927	1
3314	2902	1
1512	21	1
11798	7927	1
5735	9612	1
5860	8836	1
14830	9245	1
12240	14753	1
8836	5860	1
5307	5836	1
5469	11817	1
9519	1348	1
7665	1937	1
1034	1937	1
14844	9105	1
5836	5307	1
2184	1753	1
1946	1937	1
1010	12748	1
4578	1937	1
11297	5415	1
12399	12399	1
5542	6232	1
2376	1937	1
5598	6648	1
14849	3855	1
5415	11297	1
5653	3502	1
1396	8536	1
6635	5355	1
5481	1854	1
3502	5653	1
9245	1442	1
5524	7211	1
14880	14880	1
2580	4238	1
447	14672	1
5725	9767	1
7831	10706	1
3855	14849	1
12819	11702	1
14173	2540	1
14753	12240	1
6648	5598	1
2420	1556	1
6529	914	1
4556	4303	1
14672	447	1
11268	14700	1
50	3048	1
5820	5821	1
6281	13638	1
876	6193	1
3642	259	1
8536	1396	1
10682	6309	1
14849	5607	1
11774	14700	1
2148	3983	1
10920	2343	1
13932	7512	1
11457	12362	1
4358	9015	1
3323	11205	1
13830	12802	1
13105	13105	1
31	45	1
518	1103	1
4617	4184	1
5260	5261	1
14881	14881	1
14326	6985	1
5381	6035	1
11512	10715	1
3121	3102	1
4006	7359	1
14700	11268	1
12899	12481	1
2911	9250	1
2936	13638	1
10140	8821	1
7090	8821	1
5142	1213	1
2138	4073	1
3240	677	1
10551	8844	1
2483	5382	1
10685	6562	1
1050	6556	1
2151	1833	1
3715	1485	1
10736	4676	1
4375	6421	1
12481	12481	1
1937	7665	1
5607	14849	1
13219	6034	1
5085	5870	1
2321	2322	1
6337	8057	1
12300	4816	1
12481	7598	1
2423	5073	1
5147	816	1
1059	4383	1
8903	10814	1
12172	8785	1
2430	2430	1
3754	5332	1
2722	14851	1
2873	4930	1
8171	816	1
600	6714	1
14882	8139	1
12899	10708	1
10266	14814	1
2478	14814	1
221	222	1
12660	4087	1
5636	10620	1
7927	710	1
2423	6472	1
4047	2677	1
1644	636	1
5121	8973	1
3738	4209	1
6521	2810	1
2151	6769	1
13638	2936	1
4621	10002	1
3287	7079	1
10717	12776	1
1775	14810	1
8401	12776	1
8830	4038	1
3471	2712	1
8946	8947	1
2678	130	1
14303	13451	1
8935	5570	1
2651	9669	1
9575	6146	1
