4092	10363	1
11758	14118	1
2423	2403	1
10896	5096	1
5612	5906	1
12006	11417	1
12092	14069	1
14491	14492	1
11661	6270	1
2364	8619	1
7913	14810	1
14396	14396	1
2268	824	1
12862	9762	1
1987	6513	1
6649	3753	1
9330	6513	1
7444	12173	1
12456	11776	1
14806	4777	1
8647	8421	1
6037	12991	1
9456	5380	1
7791	5009	1
8141	12771	1
3302	2127	1
6325	2668	1
9022	4012	1
9022	9639	1
8654	13373	1
14288	9639	1
2205	5294	1
10761	2909	1
13140	2734	1
10386	12559	1
14811	14811	1
14041	13711	1
6309	10682	1
10687	14755	1
1619	5266	1
1712	1713	1
8647	6056	1
12559	10386	1
13140	3170	1
6068	14755	1
13750	10386	1
2776	272	1
1815	12496	1
2734	3170	1
4827	1428	1
12774	9824	1
3591	7329	1
14755	10687	1
10935	12496	1
5446	6454	1
13474	9436	1
8991	834	1
3170	2734	1
1064	12899	1
6771	9117	1
6564	12654	1
2588	9117	1
1729	8293	1
14803	11377	1
14812	12406	1
3479	12496	1
12116	12116	1
1936	9842	1
9932	6539	1
12496	14710	1
7032	7597	1
1353	2557	1
5305	7033	1
13706	12777	1
9401	1422	1
10638	11099	1
12107	7767	1
12899	7597	1
12344	5789	1
12056	10112	1
14813	7082	1
3850	837	1
9932	6183	1
12229	10968	1
9470	6146	1
10973	10067	1
6850	7804	1
12238	12431	1
10273	7370	1
9248	11776	1
5170	5518	1
9173	12533	1
7614	12533	1
8639	12533	1
6849	9763	1
14814	2478	1
9374	601	1
12334	10645	1
5899	6047	1
645	1848	1
144	11576	1
673	2306	1
10758	4555	1
1937	7665	1
14478	4555	1
3043	5481	1
6047	5899	1
1854	5481	1
5581	3138	1
4328	6119	1
10757	14290	1
1660	4293	1
14288	12259	1
7597	12899	1
4485	4457	1
3210	5481	1
1358	424	1
29	424	1
2512	4307	1
9335	344	1
4810	5314	1
10363	4092	1
8293	1729	1
6322	8472	1
14815	4369	1
14636	6113	1
14816	8420	1
7266	4946	1
8212	11071	1
13711	14041	1
1937	1034	1
12777	13706	1
1469	3723	1
1937	1946	1
14001	10188	1
9997	6113	1
3545	3333	1
5330	1126	1
10761	12334	1
1126	5330	1
2706	4475	1
5757	10236	1
2403	2423	1
5481	3210	1
4317	6236	1
1714	3408	1
3138	5581	1
12107	625	1
3240	3886	1
7309	8793	1
14814	9204	1
6149	14817	1
10611	13409	1
6910	2813	1
5800	7031	1
9487	13460	1
5149	4432	1
5565	3559	1
11676	9373	1
13787	6346	1
6236	4317	1
5712	2204	1
5009	7791	1
10460	10451	1
14810	7913	1
6550	3564	1
660	4112	1
6511	14103	1
3654	14818	1
14819	14819	1
4160	2428	1
8876	10634	1
10713	8583	1
2204	5712	1
9644	13737	1
1742	2083	1
10645	12334	1
11943	14820	1
3128	2843	1
6319	14820	1
7134	13807	1
10761	3462	1
1678	345	1
4393	2480	1
10432	5699	1
6769	2151	1
5144	4377	1
11031	3479	1
2646	1822	1
9022	9251	1
5849	14711	1
12432	12432	1
1427	2315	1
6901	12568	1
2954	9562	1
13421	7226	1
19	28	1
13737	9644	1
11025	4216	1
6730	5301	1
12334	10761	1
6257	2863	1
28	19	1
14711	5849	1
7228	9041	1
6070	7175	1
2428	4160	1
9109	9345	1
3545	7108	1
10466	86	1
14197	7108	1
9346	2651	1
5227	5188	1
2312	2311	1
2151	6769	1
4345	4346	1
9171	4196	1
2927	426	1
3870	14761	1
14649	14821	1
9152	8642	1
5518	5170	1
5164	6368	1
3237	3325	1
12861	8867	1
9798	10742	1
371	515	1
4047	8967	1
10682	6309	1
13567	12009	1
5149	2838	1
50	49	1
9271	14820	1
6513	9330	1
6035	9138	1
13220	10108	1
2681	4721	1
2478	14814	1
1937	4578	1
5712	12470	1
12173	7444	1
4271	5341	1
14002	6183	1
3983	2148	1
11776	12456	1
7624	11194	1
6444	3041	1
5305	5332	1
9346	9389	1
1840	3041	1
3849	6361	1
2879	857	1
3484	5601	1
9346	9619	1
1933	386	1
14822	5908	1
7322	6146	1
5144	5794	1
5485	14522	1
9345	9109	1
5047	3068	1
2678	4032	1
7228	6335	1
14660	5952	1
3068	5047	1
13673	12898	1
4393	3545	1
3333	3545	1
14373	3815	1
8899	6689	1
14762	14763	1
10451	10460	1
3850	5532	1
7108	3545	1
5736	14461	1
9628	4883	1
4485	5877	1
9022	9120	1
6146	7322	1
11194	7624	1
1584	3190	1
1062	3825	1
3055	11938	1
2381	5086	1
3062	13385	1
6337	14650	1
1176	10340	1
2423	2422	1
4064	3852	1
6518	6549	1
14823	14823	1
9762	12862	1
447	7568	1
8609	5353	1
3149	7345	1
424	29	1
13289	12397	1
14678	2544	1
5266	1619	1
12929	9223	1
8647	8404	1
12779	5366	1
11377	14803	1
8803	6923	1
6513	1987	1
8141	1096	1
92	4809	1
1937	2376	1
10761	7932	1
6923	8803	1
1517	1096	1
14597	9141	1
2364	4257	1
10708	12899	1
9022	4981	1
7309	579	1
5144	14824	1
14825	13580	1
11553	11777	1
12568	6282	1
5490	6397	1
10188	14001	1
612	5730	1
4176	4816	1
10353	6934	1
4032	2678	1
5712	12193	1
21	388	1
4580	5047	1
5149	6108	1
3850	5859	1
5353	6059	1
9938	10741	1
13853	10550	1
2446	1428	1
11576	144	1
14545	14545	1
14826	11626	1
2276	2190	1
13580	14825	1
5144	5145	1
13574	14825	1
12193	5712	1
11957	11302	1
371	623	1
7267	14825	1
4983	4561	1
3240	677	1
4393	14263	1
2422	2423	1
14804	5881	1
4038	14571	1
8420	14816	1
5144	5897	1
4100	4101	1
13734	1273	1
5406	5407	1
4362	6447	1
6689	8899	1
2576	4397	1
7801	3817	1
3822	858	1
12721	1939	1
11817	5469	1
715	4651	1
5407	8618	1
11777	11553	1
7831	10706	1
12891	10920	1
4017	2620	1
5144	1205	1
9022	8618	1
11661	1893	1
10761	2446	1
12891	14366	1
10876	10572	1
10330	7204	1
14755	6068	1
3817	7801	1
14827	4423	1
14571	4038	1
14828	9618	1
3753	6649	1
4475	2706	1
4250	2873	1
7302	5041	1
1439	2596	1
2873	4250	1
3196	13229	1
14141	11512	1
3068	3450	1
14569	8707	1
8688	2873	1
6363	6346	1
10574	6346	1
1741	5641	1
14829	14829	1
677	3240	1
11767	6346	1
10865	10541	1
1103	518	1
14337	14337	1
1822	4952	1
7853	14724	1
4952	1822	1
5712	1662	1
11654	11654	1
518	1103	1
6564	10413	1
5086	5087	1
715	2672	1
7274	10413	1
5823	7764	1
5374	3109	1
11779	13775	1
3852	4064	1
9436	5970	1
14830	9245	1
5014	1472	1
11177	11177	1
10374	5556	1
14263	4555	1
2997	3561	1
9028	6233	1
2127	3302	1
14831	2677	1
6146	3754	1
12107	12535	1
6113	9997	1
13364	13365	1
14305	13595	1
7120	3754	1
953	7267	1
9751	9751	1
14825	7267	1
13558	13595	1
1504	858	1
3576	8803	1
8031	4555	1
6934	10353	1
1718	3302	1
7804	6850	1
14503	3297	1
12174	13763	1
996	8291	1
7267	953	1
5469	11817	1
12340	4555	1
8707	14569	1
7151	8803	1
12533	7614	1
8260	1238	1
4285	10164	1
344	9335	1
2435	1110	1
8647	5706	1
1958	14545	1
14461	5736	1
5490	5474	1
9022	5684	1
717	3009	1
107	5687	1
8379	12197	1
8867	12861	1
14779	11943	1
8545	14832	1
3041	1840	1
14833	12942	1
3190	1584	1
824	2017	1
7291	7012	1
8367	12161	1
5564	1662	1
7012	7291	1
2650	12631	1
6842	2142	1
14834	14834	1
5047	4580	1
14835	7193	1
715	9414	1
3068	1294	1
1215	4109	1
12631	3502	1
14833	14833	1
5922	14388	1
11442	14667	1
3287	3288	1
1785	5818	1
3502	12631	1
11699	12339	1
8647	8646	1
6967	14833	1
12898	13673	1
2633	3176	1
13273	12932	1
6346	11767	1
2952	12413	1
9022	11479	1
9414	4302	1
10550	13853	1
3450	3068	1
13737	10620	1
14836	12111	1
11534	7004	1
5757	3865	1
4983	4796	1
4816	4176	1
845	766	1
12535	11908	1
3865	5757	1
2116	3068	1
2205	7596	1
2532	13744	1
265	266	1
5234	10415	1
3068	1096	1
9612	5085	1
14833	13562	1
1096	3068	1
14837	12844	1
3315	14197	1
12413	2952	1
10736	4676	1
5970	9436	1
6648	5598	1
7053	10502	1
5167	2028	1
715	4302	1
10049	14838	1
13734	5485	1
1043	5197	1
5556	10374	1
6187	8929	1
3072	5679	1
3543	7241	1
7810	4346	1
3041	6444	1
3992	4187	1
8929	6187	1
6183	5008	1
9376	9377	1
14784	4187	1
1213	5142	1
5719	4317	1
5485	13734	1
6233	9028	1
13475	3345	1
13580	6022	1
9022	7213	1
13673	6977	1
12263	12649	1
10502	7053	1
6977	13673	1
4432	5149	1
1662	5712	1
6421	4375	1
2452	8285	1
11807	14839	1
9022	12096	1
14840	8540	1
8647	5188	1
4398	4404	1
2137	5355	1
5750	2399	1
14828	14841	1
4024	14804	1
4346	7810	1
14724	408	1
4393	2297	1
12334	5136	1
12891	12438	1
4868	1558	1
14837	10610	1
14724	7853	1
11762	11010	1
4227	3723	1
7340	8285	1
13354	10620	1
5149	5566	1
3512	4577	1
12844	14837	1
14842	6600	1
9932	5566	1
4457	4485	1
7980	8935	1
788	1282	1
6346	6363	1
5566	5149	1
10610	14837	1
13594	7402	1
11943	14779	1
7442	5722	1
14843	8989	1
9193	2107	1
8285	7340	1
8942	8942	1
8750	8575	1
7796	6706	1
14832	8545	1
7050	1754	1
715	749	1
12942	14833	1
6706	7796	1
8836	5860	1
1791	139	1
4427	4428	1
6969	6506	1
13562	14833	1
12126	50	1
7370	9717	1
6107	14463	1
12161	8367	1
4796	173	1
5474	6397	1
7318	8331	1
7514	12777	1
7570	5797	1
13868	7109	1
4956	13974	1
3759	4181	1
12295	10451	1
13974	4956	1
4578	10933	1
14577	2997	1
173	4796	1
4796	4983	1
3453	6783	1
10984	12830	1
6119	4328	1
1791	4611	1
4645	2446	1
3450	13974	1
11897	7213	1
14041	14041	1
6783	3453	1
2127	8526	1
8803	3576	1
13908	13017	1
2985	2446	1
12777	7514	1
4054	2446	1
12771	7109	1
7596	2205	1
2678	4796	1
2289	2290	1
8359	6165	1
13880	6034	1
8647	11043	1
1522	2446	1
1539	2584	1
8331	7318	1
3450	5047	1
13974	3450	1
5047	3450	1
5378	1921	1
1937	2167	1
10706	7831	1
13973	9069	1
8024	8025	1
2873	6354	1
4393	3332	1
7862	7731	1
9404	6245	1
2203	6245	1
1064	6245	1
9230	5188	1
7967	13343	1
8667	5188	1
10620	13354	1
14482	14481	1
7086	5823	1
612	6020	1
14288	10713	1
9342	5821	1
3850	4333	1
788	1441	1
4965	3674	1
12051	11016	1
3450	6245	1
3153	6245	1
2954	4184	1
14804	5294	1
6325	6245	1
5047	6245	1
5671	1339	1
7446	6245	1
4978	12999	1
2569	7673	1
8204	6245	1
8946	8947	1
5012	3985	1
6024	2142	1
7731	7862	1
8018	4250	1
6354	2873	1
11043	6245	1
6120	2873	1
