10614	12865	1
2540	14173	1
1660	4293	1
2576	4397	1
9669	2651	1
8365	4447	1
14812	14644	1
2651	9669	1
11201	5	1
9251	10389	1
14849	4969	1
824	2017	1
7318	8331	1
11817	5469	1
8806	371	1
2380	2017	1
371	8806	1
14804	9250	1
2668	2969	1
2433	8626	1
9612	5735	1
10451	14818	1
7455	7456	1
10386	8386	1
6920	12661	1
9069	14818	1
4303	4556	1
9105	14844	1
6495	2727	1
7831	12456	1
5183	4066	1
653	1187	1
4167	6372	1
4346	4345	1
14041	13711	1
4087	12660	1
14849	3190	1
4799	7944	1
4556	4303	1
5176	5977	1
13876	3305	1
2420	1556	1
9896	5248	1
12776	8401	1
8998	9966	1
876	3190	1
3190	14849	1
3347	9004	1
14883	4037	1
4969	14849	1
5516	8026	1
14884	14884	1
6245	3820	1
5072	2725	1
14858	4755	1
7731	7862	1
6021	4044	1
11798	9259	1
7732	4340	1
7862	7731	1
4983	4796	1
2085	6056	1
2085	2725	1
4796	4983	1
12776	12736	1
1103	518	1
6925	625	1
5678	5678	1
7020	14818	1
1059	5774	1
2725	2085	1
3855	12496	1
3190	1584	1
13673	8401	1
14885	14239	1
14849	12496	1
8401	13673	1
13853	10550	1
14886	8222	1
3892	9769	1
4778	6911	1
7339	14818	1
5870	5085	1
345	625	1
2623	10572	1
1102	1103	1
5699	6444	1
3400	9769	1
2205	5294	1
2085	7481	1
9769	3400	1
710	7927	1
12523	14887	1
5860	8836	1
12870	7336	1
6975	12945	1
14008	3230	1
2095	5296	1
266	3350	1
11077	6674	1
3109	5374	1
5821	14818	1
352	5933	1
7259	4544	1
8839	7909	1
705	1243	1
1062	5879	1
7333	14818	1
2085	7126	1
5419	8007	1
12533	9690	1
4816	14066	1
14888	2110	1
4755	14858	1
8934	10924	1
9769	3892	1
7693	11300	1
11377	14803	1
10165	14755	1
10687	14755	1
3212	1077	1
14493	14477	1
5223	14755	1
885	885	1
3222	275	1
7121	643	1
3098	14203	1
3923	9184	1
6589	13464	1
6021	3626	1
5174	9930	1
13826	14889	1
2085	8031	1
4937	5635	1
14890	14891	1
11405	1740	1
5047	7543	1
8744	9670	1
13471	9888	1
6635	5355	1
5174	3068	1
6455	6992	1
5542	6232	1
12956	12956	1
6992	6455	1
447	11101	1
4222	3341	1
6562	10685	1
5485	14522	1
4752	777	1
12432	12432	1
4227	5111	1
6034	13219	1
5958	12803	1
11512	6322	1
8269	3992	1
10617	14522	1
8472	6322	1
4112	14540	1
4043	5350	1
1149	14540	1
8785	12172	1
1451	14078	1
2322	2321	1
2017	2380	1
14755	5223	1
2151	11344	1
5068	10452	1
3458	12598	1
1188	546	1
12660	4087	1
14858	5855	1
14540	4112	1
9546	9547	1
5042	431	1
1358	1504	1
4164	1647	1
13872	3743	1
4216	11025	1
3297	145	1
5380	9456	1
10527	3785	1
768	1146	1
6232	5542	1
1713	1712	1
10572	2623	1
13698	3333	1
6811	14025	1
3753	14876	1
7853	6337	1
10687	10413	1
1134	13538	1
10457	14892	1
12233	11077	1
7739	13538	1
5977	5176	1
4577	5039	1
4662	3828	1
1787	6944	1
7408	13538	1
6674	11077	1
6021	6380	1
10123	4294	1
10938	13538	1
11963	6183	1
6319	14820	1
14078	1451	1
8499	8756	1
3138	1660	1
12312	496	1
4006	5723	1
13268	13004	1
2757	3466	1
2526	2052	1
5042	11105	1
5111	4227	1
1556	2420	1
14461	5736	1
14477	14493	1
1402	2284	1
159	6902	1
3068	2284	1
6506	8207	1
2262	11315	1
14893	14893	1
2749	488	1
5174	2284	1
9154	6783	1
1933	1572	1
5475	11161	1
2518	2518	1
8269	5467	1
5174	1854	1
12819	11702	1
9864	14752	1
4983	4561	1
472	473	1
10080	10081	1
2941	3912	1
275	3222	1
437	1700	1
10562	11455	1
1396	8536	1
488	2749	1
11205	3323	1
11346	9733	1
11785	11784	1
6897	4605	1
7689	8399	1
12500	4605	1
14066	4816	1
883	895	1
2725	5072	1
6322	8472	1
14400	4946	1
5281	5281	1
6281	14517	1
2085	2912	1
9942	4778	1
6337	7853	1
11442	14667	1
1120	5628	1
11469	13974	1
14545	1958	1
4726	4778	1
2752	14667	1
6104	5607	1
8331	7318	1
12432	4662	1
4006	7359	1
10687	6729	1
3196	7318	1
1774	4812	1
12779	5366	1
4778	4726	1
11268	14700	1
2665	4812	1
6765	6246	1
5165	2360	1
4950	4836	1
9173	12533	1
9690	12533	1
653	1401	1
7764	8165	1
14728	10634	1
10574	7739	1
12803	5958	1
14818	9069	1
5222	9273	1
3196	6135	1
12945	6975	1
13595	5520	1
252	10778	1
1268	2017	1
13187	13187	1
13711	14041	1
10061	6560	1
10211	3601	1
2480	3333	1
653	5411	1
5174	5411	1
13673	12898	1
3820	6245	1
6370	2936	1
5296	1517	1
4597	3826	1
11297	7761	1
7866	2873	1
4904	760	1
6104	8609	1
9324	12375	1
2873	3240	1
13311	7739	1
9170	11646	1
3196	7179	1
3240	2873	1
14198	12595	1
8140	11157	1
3051	1279	1
2151	13550	1
11804	11804	1
4321	12814	1
14894	14887	1
3305	13876	1
10900	1647	1
5154	4888	1
4281	14825	1
8076	4760	1
5736	14461	1
585	3069	1
140	145	1
653	419	1
14536	5773	1
2964	4004	1
6729	5356	1
5635	4937	1
2653	6765	1
653	3984	1
9733	6901	1
1700	437	1
1368	1625	1
5356	6729	1
14895	5920	1
8790	4429	1
1647	10900	1
4946	14714	1
6783	9154	1
21	388	1
13538	10938	1
5381	7396	1
14883	7647	1
2127	8526	1
5943	4948	1
4921	3239	1
10293	12406	1
6056	6037	1
14264	4107	1
6037	6056	1
2017	1268	1
14714	4946	1
11077	435	1
9259	11798	1
2085	6667	1
12092	14069	1
1002	5782	1
14896	5684	1
11943	14069	1
12598	14069	1
8836	8886	1
1647	4164	1
7657	3669	1
435	11077	1
3669	7657	1
625	345	1
4812	2665	1
4390	4525	1
8525	8526	1
543	12611	1
2085	2086	1
6021	5874	1
585	2933	1
3216	7602	1
11776	12456	1
10778	252	1
5607	6104	1
4525	4390	1
2085	1483	1
10413	10687	1
6104	5424	1
8609	6104	1
7552	6409	1
6729	10687	1
5424	6104	1
3754	7120	1
4888	5154	1
8330	7801	1
5137	2237	1
6612	3768	1
7309	6869	1
5693	12624	1
11807	13531	1
10615	3606	1
13084	11121	1
3964	14897	1
3654	7020	1
3233	6411	1
3196	11791	1
5174	3450	1
5481	10207	1
6646	5678	1
3937	3542	1
11776	9248	1
8490	14898	1
4389	8959	1
1463	5747	1
14855	12936	1
11943	10799	1
5660	1338	1
5678	6646	1
3315	6347	1
14865	3877	1
14624	9598	1
1242	602	1
2143	56	1
14755	6068	1
14899	8707	1
7020	3654	1
1614	9273	1
12568	6901	1
10118	7619	1
13829	7119	1
2479	3542	1
2403	5625	1
4652	210	1
1523	1338	1
9456	5380	1
6185	5576	1
6088	5159	1
4428	4427	1
2935	2533	1
6635	5229	1
10002	4621	1
7639	6901	1
7002	8206	1
11074	10427	1
3502	1064	1
7936	12010	1
6540	7125	1
12132	12133	1
1064	3502	1
4485	8173	1
14844	14900	1
10081	13414	1
5039	4577	1
2420	14594	1
6901	12568	1
12312	9385	1
6646	3450	1
12406	10293	1
5757	10839	1
7258	12381	1
3014	1269	1
7639	12568	1
5366	5366	1
12496	3855	1
13727	6320	1
8165	7764	1
4601	2854	1
14844	14844	1
6869	7309	1
14280	5259	1
4284	296	1
14776	14856	1
5684	10581	1
9154	2541	1
7386	1742	1
14073	14901	1
3196	10510	1
3059	14902	1
14903	14903	1
385	2578	1
8991	14902	1
1072	2634	1
2184	12582	1
12161	1323	1
10527	5518	1
441	6492	1
10620	5892	1
10799	11943	1
8374	9767	1
13451	14303	1
1055	10002	1
2234	696	1
4427	4428	1
3128	2843	1
12008	9767	1
2657	14900	1
2891	3171	1
3141	14593	1
4170	833	1
10743	4014	1
585	4136	1
6104	3965	1
4836	4950	1
14816	5806	1
9471	6997	1
12669	14833	1
14689	254	1
14303	13451	1
6635	6700	1
7922	7213	1
10572	10876	1
349	1759	1
296	4284	1
7715	7715	1
14159	751	1
653	1241	1
1338	1523	1
6765	3370	1
14904	9325	1
13483	12855	1
3857	3892	1
2924	1077	1
5806	14816	1
14905	12464	1
5296	2095	1
12381	7258	1
7789	2095	1
14755	10165	1
3196	5191	1
8848	9880	1
7025	5107	1
11455	3297	1
14836	6911	1
13781	8967	1
4087	5800	1
95	70	1
5701	5701	1
9325	14904	1
2331	8014	1
431	10513	1
2578	385	1
3170	14239	1
3768	7764	1
5357	10654	1
9248	11776	1
12456	11776	1
5449	8845	1
7602	3216	1
5485	3561	1
7807	4132	1
3196	14904	1
9942	2715	1
13	594	1
8361	4977	1
7764	3768	1
594	13	1
10528	13021	1
4977	8361	1
1858	11755	1
7739	13311	1
5800	4087	1
14755	10687	1
30	13	1
14714	13311	1
10743	2349	1
12671	13021	1
13331	13021	1
8050	3024	1
1242	3380	1
13219	13021	1
8649	13021	1
7289	14844	1
10032	10032	1
11201	6066	1
4755	12356	1
8280	6334	1
1338	5660	1
7318	13021	1
14594	2420	1
2085	8222	1
7625	13021	1
738	14769	1
8745	9717	1
6065	3232	1
14728	1605	1
12356	4755	1
8498	7506	1
8049	3404	1
1791	926	1
6104	3966	1
14634	14211	1
1323	12161	1
5188	5227	1
5330	2481	1
3965	6104	1
14540	4576	1
5227	5188	1
3966	6104	1
12496	12274	1
11603	13974	1
1407	10355	1
5165	1677	1
1584	876	1
3178	5753	1
5674	11653	1
14906	14819	1
254	14731	1
2481	5330	1
13183	5355	1
13311	14714	1
3041	5355	1
6193	876	1
3397	3722	1
3190	876	1
6503	484	1
5174	4375	1
1242	3011	1
6104	2379	1
4379	3667	1
3368	484	1
6804	6316	1
12246	8611	1
10270	3487	1
9754	2487	1
3576	5822	1
3196	9989	1
653	676	1
12595	14198	1
3689	1897	1
5773	14536	1
2786	4071	1
3196	13021	1
13106	7082	1
8611	5096	1
6932	5830	1
6104	13021	1
788	1282	1
12748	2902	1
10737	535	1
5489	7082	1
4829	5691	1
4045	2623	1
7853	14724	1
10112	8614	1
2384	10025	1
14667	2752	1
5307	12056	1
10283	1269	1
9239	7469	1
3458	12657	1
14869	10100	1
13292	3863	1
2456	2457	1
10735	10735	1
7469	9239	1
14818	7333	1
12373	10902	1
12755	10902	1
14819	2430	1
2430	14819	1
8206	7002	1
2102	6113	1
10902	12373	1
14907	14907	1
14908	14909	1
12056	5307	1
3158	3159	1
14910	14911	1
10434	7119	1
5939	4485	1
876	1584	1
1951	7471	1
2316	3851	1
7570	5797	1
8500	10761	1
5165	1176	1
12145	1869	1
14912	14912	1
9248	8150	1
271	272	1
4588	3274	1
5822	3576	1
14913	8073	1
1366	6977	1
5176	835	1
6447	4362	1
10100	14869	1
6472	2423	1
1282	788	1
14593	3141	1
1930	1791	1
7223	1897	1
3216	13183	1
3017	278	1
7810	2423	1
2422	2423	1
2184	4369	1
14700	11774	1
5174	5797	1
11963	6913	1
11101	447	1
998	3043	1
3366	6977	1
3222	274	1
5482	6977	1
14222	3515	1
7236	6977	1
12776	6977	1
4730	6977	1
424	1358	1
585	3288	1
10928	6977	1
6021	4976	1
11849	7088	1
11506	14801	1
10538	6977	1
6037	5540	1
10508	6977	1
8938	6977	1
7088	11849	1
14914	9250	1
13269	13269	1
14837	10610	1
1946	1946	1
8924	4783	1
5735	5870	1
3196	2596	1
6811	6902	1
2681	4721	1
5894	7486	1
4946	4946	1
6977	4114	1
2289	2290	1
4200	3630	1
3068	5457	1
9154	4133	1
14428	1238	1
2179	14915	1
14916	8040	1
2912	9330	1
1791	4288	1
11552	539	1
5481	3043	1
10610	14837	1
3954	2234	1
2672	4302	1
9727	6347	1
6334	8280	1
12568	7639	1
14313	6608	1
3302	8526	1
11201	5922	1
6370	9105	1
10706	14917	1
13200	467	1
5358	9612	1
467	13200	1
4171	1055	1
13021	7625	1
535	10737	1
10750	4205	1
8555	7126	1
854	13072	1
12535	6022	1
5922	11201	1
9598	14624	1
1939	518	1
11661	12889	1
6891	7126	1
4948	6037	1
936	13467	1
12624	5693	1
9471	9488	1
10667	12594	1
3196	4691	1
4862	6850	1
5366	12779	1
5797	5174	1
12432	12134	1
12092	12868	1
4375	5174	1
3754	6649	1
12594	10667	1
585	1635	1
14691	9009	1
8363	12180	1
3450	5174	1
536	5253	1
9366	7151	1
1854	5174	1
8546	10986	1
3068	5174	1
7764	2738	1
14428	7695	1
9930	5174	1
45	31	1
625	6925	1
7801	8330	1
1037	518	1
6037	4948	1
1677	5165	1
3509	518	1
6845	6485	1
3041	6513	1
1176	5165	1
7486	5894	1
7126	6891	1
9804	8697	1
6339	7481	1
