5468	5783	1
7469	8571	1
8549	6197	1
11503	10153	1
2466	2191	1
7986	3441	1
1402	5674	1
5942	5859	1
11106	9147	1
5839	7350	1
5674	1402	1
14584	11060	1
4939	7916	1
3812	3009	1
11211	3137	1
7916	4939	1
11387	10161	1
14277	13727	1
3383	1126	1
2308	5100	1
5100	2308	1
12494	6282	1
6576	6444	1
7350	5839	1
10896	10859	1
3480	14490	1
5749	5749	1
1536	3562	1
6251	5386	1
12674	6845	1
9524	6198	1
5047	5935	1
10550	13853	1
14039	4092	1
5859	5942	1
6479	6382	1
10098	8261	1
11776	9248	1
13213	12898	1
14586	14586	1
8977	14584	1
11118	13434	1
11967	11691	1
14587	9385	1
7651	2520	1
5087	5086	1
13853	10550	1
4059	11144	1
1188	6506	1
3315	3944	1
4251	3944	1
14588	14588	1
7188	4038	1
10427	12516	1
10061	9250	1
6490	4319	1
13494	11565	1
11689	5843	1
3212	14564	1
3918	7540	1
14149	9250	1
7517	9816	1
9251	10389	1
14589	7892	1
7162	9816	1
6456	5004	1
4475	4859	1
10859	10896	1
3753	6649	1
9550	9550	1
12274	12785	1
3441	7986	1
7892	14589	1
3978	4650	1
46	46	1
6266	14314	1
936	12116	1
7902	2427	1
997	2427	1
8093	9930	1
8093	11092	1
12991	6037	1
8261	10098	1
6251	8421	1
8149	1777	1
13727	14277	1
6843	10488	1
12630	6708	1
4568	6854	1
1566	6854	1
972	13165	1
6128	10741	1
3377	6854	1
4946	9105	1
12516	10427	1
9242	13869	1
5380	9769	1
8093	9105	1
6251	9105	1
10827	10826	1
5378	1921	1
14563	10826	1
5849	7158	1
4950	4836	1
2042	3689	1
1427	420	1
7789	4040	1
1723	2520	1
420	1427	1
6320	7158	1
7012	5684	1
10609	12419	1
4039	8262	1
11565	9105	1
6932	9105	1
9105	8093	1
1085	6809	1
12470	5712	1
14039	11826	1
8093	8688	1
5005	3849	1
7121	643	1
11060	14584	1
3430	7486	1
12344	5789	1
9863	4101	1
11161	6708	1
8763	12467	1
8901	8901	1
1120	5628	1
8093	7903	1
2427	997	1
13165	972	1
7354	7354	1
9080	9080	1
13974	14147	1
14147	14147	1
5642	7228	1
8064	4797	1
14590	2260	1
4103	4048	1
8093	9131	1
5005	8960	1
9108	13935	1
14147	13974	1
2482	2922	1
4589	8876	1
14591	14591	1
640	5690	1
6282	12494	1
5013	1901	1
10525	9291	1
1055	4725	1
4610	4484	1
14490	3480	1
12161	8367	1
9346	3059	1
1207	7842	1
2520	1723	1
3398	14018	1
5712	12470	1
12541	7744	1
14569	12194	1
612	5730	1
1897	12340	1
9644	9643	1
9108	14592	1
5357	7715	1
5398	4869	1
14589	511	1
6198	9524	1
878	879	1
797	511	1
13935	9108	1
2985	11144	1
2576	4397	1
2520	13416	1
14593	5659	1
5005	1483	1
12656	13581	1
2610	5013	1
7622	7495	1
12201	2592	1
3918	2369	1
4751	14575	1
5699	3079	1
2086	3079	1
5742	8711	1
3315	2914	1
12670	4255	1
14139	14562	1
14197	3545	1
3079	2086	1
6994	3382	1
12843	11669	1
10922	3105	1
3479	6985	1
6372	5041	1
5369	2706	1
3154	7165	1
10834	429	1
2119	1013	1
5536	5537	1
8093	6328	1
9089	3453	1
3573	3408	1
8092	6328	1
9105	4946	1
202	13201	1
14594	2420	1
11608	3453	1
9105	11565	1
4724	4605	1
13021	4605	1
8610	14595	1
6727	6040	1
13027	12911	1
6897	4605	1
4647	12117	1
11211	11479	1
4447	9974	1
8492	4605	1
6985	3479	1
79	4605	1
3826	4605	1
8691	4605	1
4727	4605	1
1120	294	1
1231	3722	1
8124	12777	1
5715	4983	1
12911	13027	1
7597	7642	1
2545	1384	1
5354	7209	1
4851	13858	1
12898	13213	1
368	3432	1
10639	5314	1
1619	5266	1
5210	4741	1
1536	4178	1
12314	664	1
5046	5045	1
14442	7526	1
9769	5380	1
13770	7952	1
1120	6854	1
9643	9644	1
427	7560	1
953	7267	1
5628	1120	1
6251	3302	1
1081	9409	1
13898	11301	1
12056	3171	1
10765	12861	1
14049	14199	1
9385	14587	1
10713	8583	1
13048	13676	1
10938	9409	1
5749	3171	1
294	1120	1
10826	14563	1
5280	9389	1
5045	6854	1
7982	5090	1
2646	7857	1
5318	3826	1
2427	7902	1
9491	8454	1
7673	2569	1
7158	5849	1
11007	7213	1
1805	10266	1
13411	14352	1
6251	5411	1
7267	953	1
1257	2136	1
4778	6112	1
4511	5473	1
13688	10639	1
8950	9314	1
9706	8260	1
11478	8014	1
3985	1031	1
9064	2430	1
13180	13181	1
2922	2482	1
8880	6113	1
1069	1031	1
14590	2478	1
2420	14594	1
13830	12802	1
8785	6849	1
8144	8260	1
1229	9159	1
6947	13508	1
6174	1108	1
9974	4447	1
6328	8093	1
9131	8093	1
7903	8093	1
8688	8093	1
11092	8093	1
9930	8093	1
8898	9550	1
1013	2119	1
11009	7130	1
8093	7484	1
6251	7484	1
6320	4783	1
1134	8676	1
9105	6932	1
2260	6321	1
6251	5706	1
9314	8950	1
14596	14596	1
5951	5929	1
4319	6490	1
9479	13583	1
6251	6243	1
5684	8651	1
5195	5196	1
9659	7443	1
5789	12344	1
7050	4044	1
7442	7443	1
3302	515	1
8328	6490	1
4164	1638	1
5018	3826	1
14510	13962	1
7135	7136	1
4101	9863	1
5630	6903	1
10599	2595	1
9612	5870	1
12867	6849	1
6317	257	1
8583	10713	1
14538	14539	1
8818	13074	1
13734	5485	1
375	1419	1
13985	12616	1
8214	3817	1
3400	3851	1
5393	1255	1
12802	13830	1
5723	4006	1
6228	14584	1
3545	14197	1
14595	8610	1
12599	4717	1
5747	5659	1
8093	5726	1
9335	344	1
13906	13905	1
8064	6135	1
1282	788	1
10414	6334	1
2610	2301	1
8352	13696	1
5258	3160	1
4252	3160	1
4839	7620	1
9022	9251	1
5013	2610	1
6321	5307	1
12116	936	1
45	219	1
13663	8950	1
5395	3915	1
609	610	1
7952	6193	1
5307	12056	1
10725	3240	1
6251	6343	1
5929	5951	1
6490	8328	1
254	1919	1
13411	7776	1
14585	3046	1
10507	9067	1
1120	9392	1
5990	2813	1
12372	6144	1
3171	5749	1
8217	8014	1
219	45	1
3050	2702	1
8301	6135	1
11270	6135	1
11608	6135	1
1102	2260	1
11301	13898	1
4442	2260	1
3229	5604	1
2932	4681	1
12724	9736	1
1215	1862	1
6062	6111	1
8498	8499	1
5870	9612	1
3121	2260	1
14537	14537	1
8093	7501	1
6251	7501	1
5515	4506	1
7214	6524	1
511	797	1
10015	8664	1
6321	9472	1
6135	11270	1
5504	11270	1
5018	1828	1
7158	6320	1
12467	8763	1
5783	3626	1
12324	1506	1
8903	10814	1
2208	1431	1
10620	9992	1
8017	6297	1
6266	2116	1
344	9335	1
9804	13767	1
12779	5366	1
14263	4555	1
6864	13121	1
13063	13064	1
9052	6974	1
9392	1120	1
2297	4555	1
2930	3279	1
5581	3138	1
6017	5219	1
1536	5185	1
11086	6521	1
5504	5380	1
6251	1401	1
4762	3503	1
2997	3561	1
8093	12095	1
11547	9070	1
5015	1211	1
3138	5581	1
1434	2830	1
5005	6250	1
527	3558	1
13393	14267	1
6289	10115	1
6334	10414	1
6789	11405	1
7737	7282	1
6669	14446	1
7228	5642	1
1919	254	1
8499	8498	1
6193	7952	1
7340	1723	1
6251	4577	1
7980	5237	1
11826	14039	1
4469	11653	1
905	564	1
4092	14039	1
14197	3315	1
2119	1606	1
1120	10069	1
609	14018	1
1255	14039	1
13920	3851	1
9992	14573	1
6320	4038	1
8785	10609	1
5845	5047	1
5047	5845	1
12419	10609	1
14597	9141	1
14018	609	1
14598	14598	1
13232	10522	1
10414	12175	1
8858	12022	1
3098	5240	1
14540	6914	1
8788	11243	1
4102	5240	1
4994	1545	1
6112	11835	1
8162	8781	1
968	1108	1
545	3702	1
7179	9378	1
6112	4778	1
13583	9479	1
6975	12945	1
4250	3775	1
2327	4790	1
8950	13663	1
14562	14139	1
6328	8092	1
5684	3030	1
6549	5379	1
8093	8092	1
3079	5699	1
6974	9052	1
2830	1434	1
13456	13175	1
11211	4981	1
5005	5570	1
14599	201	1
9456	10753	1
6111	6062	1
6113	8880	1
2089	2090	1
2705	10116	1
5307	6321	1
2296	3544	1
13962	14510	1
11201	6066	1
12035	12035	1
8974	6490	1
257	6317	1
9132	9115	1
844	843	1
8711	5742	1
8093	11445	1
9220	1858	1
14191	14191	1
4332	14510	1
6899	271	1
5699	2912	1
11270	5504	1
6820	14255	1
10282	9550	1
3234	4725	1
5481	3043	1
10839	5757	1
7902	2140	1
7228	13289	1
14600	14601	1
14410	14410	1
9351	12062	1
14407	14408	1
3343	11824	1
5379	6549	1
8122	7744	1
5845	7331	1
7331	5845	1
7744	9619	1
6944	1787	1
10434	11196	1
3975	9550	1
9431	4980	1
6320	6893	1
5518	2265	1
6265	7815	1
14307	8719	1
390	206	1
5202	2196	1
4979	3316	1
4416	13404	1
627	7989	1
1031	3103	1
14307	14221	1
9969	6409	1
12176	7927	1
7800	1953	1
9550	3975	1
9067	10507	1
14503	11455	1
10459	6911	1
7731	7179	1
6251	8452	1
8962	11212	1
3741	12657	1
4043	11455	1
3077	9041	1
7952	13770	1
2338	1242	1
1953	7800	1
447	447	1
4300	8665	1
14522	10617	1
5934	6245	1
4983	4796	1
625	6925	1
13676	13048	1
7179	7731	1
7484	8093	1
5726	8093	1
9693	12536	1
7501	8093	1
7568	447	1
2610	2901	1
6849	8323	1
11818	14582	1
7989	627	1
13416	7891	1
8323	6849	1
1242	2338	1
7552	6409	1
5876	8843	1
4864	4863	1
13663	10838	1
2276	13955	1
7050	410	1
13175	13456	1
1148	4863	1
9378	7179	1
1280	3558	1
2901	2610	1
7086	2297	1
9456	5380	1
6251	13030	1
9863	9863	1
14602	10918	1
5584	2894	1
8843	5876	1
2426	2503	1
11144	4059	1
6320	11661	1
7654	12861	1
1787	6944	1
10918	14602	1
11297	5415	1
12096	11952	1
6251	4930	1
5280	4384	1
14582	11818	1
4981	14603	1
14604	11784	1
6506	1188	1
11645	1188	1
8093	5799	1
4025	4162	1
14603	4981	1
4384	5280	1
464	3088	1
6012	14605	1
12257	14534	1
9411	9303	1
4679	3051	1
6320	5142	1
8177	6039	1
4678	1781	1
4956	8420	1
12977	12977	1
2296	3051	1
5210	5645	1
11972	9887	1
14606	14607	1
5553	4485	1
49	50	1
4796	4983	1
7136	13201	1
6251	5307	1
8901	6819	1
6400	4446	1
7736	9196	1
8903	6934	1
5836	5307	1
9717	11781	1
3501	8713	1
5041	6372	1
2582	2353	1
808	5327	1
8989	8443	1
8093	10457	1
13411	6751	1
4439	7213	1
12758	5286	1
6015	13737	1
5286	12758	1
6039	8177	1
12877	14492	1
8713	3501	1
12559	10386	1
5005	4485	1
12519	13060	1
5415	1611	1
206	390	1
6988	7432	1
12728	10374	1
4164	10900	1
9708	13393	1
3915	5395	1
14608	14608	1
9322	13833	1
3626	5783	1
5382	2483	1
8899	6649	1
7233	10749	1
9251	9022	1
14609	10357	1
2728	7193	1
4443	4086	1
