12776	10928	1
4755	1392	1
5474	5490	1
5579	5580	1
4953	5164	1
5898	5897	1
692	10177	1
9139	14585	1
14676	11258	1
13853	10550	1
5072	2725	1
5701	7570	1
13997	10177	1
10928	12776	1
6236	10783	1
4059	11144	1
12439	12252	1
1439	2596	1
6977	12898	1
9897	10783	1
10276	12776	1
9992	14573	1
3959	2446	1
1740	7866	1
3959	4945	1
7813	7866	1
9378	7179	1
12379	12379	1
5836	5307	1
12056	5307	1
5375	6419	1
3400	2185	1
11817	5469	1
11852	5977	1
6245	9404	1
1618	3274	1
12806	13367	1
414	11789	1
14307	7049	1
4660	3545	1
6879	10810	1
2590	5469	1
5977	11852	1
9776	9777	1
11852	11852	1
2750	1209	1
9863	4101	1
8854	11060	1
3297	9335	1
441	7204	1
8502	14480	1
3139	2193	1
6165	8359	1
5133	9777	1
5500	13563	1
5857	5824	1
1213	4692	1
1311	2482	1
4100	4101	1
8858	12022	1
1816	2199	1
5062	2962	1
928	12666	1
385	7568	1
10353	8616	1
10550	13853	1
8425	10506	1
12395	9614	1
10015	12527	1
14678	12342	1
5411	5047	1
8031	7157	1
12527	10015	1
1487	7262	1
7403	7404	1
7789	5678	1
12580	9250	1
2969	3017	1
5047	5411	1
7810	12342	1
3812	717	1
3084	883	1
5893	5047	1
5130	5766	1
10494	8454	1
2654	5287	1
3009	717	1
6622	6621	1
12779	5366	1
12788	14679	1
3347	4015	1
4101	9863	1
897	3358	1
8386	1607	1
2765	14297	1
10811	9518	1
6289	3085	1
7764	3298	1
8074	5270	1
4983	5715	1
4577	5039	1
5715	4983	1
4409	3950	1
6188	371	1
3607	3606	1
6284	9223	1
2415	1111	1
4383	5774	1
3440	5691	1
653	653	1
371	6188	1
5047	7543	1
14680	6409	1
1855	2870	1
13403	9564	1
12899	1064	1
5039	4577	1
902	987	1
4946	12675	1
2891	5070	1
11618	1081	1
13705	13456	1
5591	6671	1
897	3017	1
5047	3068	1
4102	5240	1
2184	13009	1
3098	5240	1
883	3084	1
14681	7953	1
1255	10363	1
1064	12899	1
3704	1740	1
7776	14352	1
4299	1740	1
8482	8482	1
788	1282	1
2873	8688	1
11166	8616	1
6333	6333	1
13676	4102	1
13418	5444	1
12472	13989	1
6317	301	1
5812	4657	1
4726	2842	1
5568	7944	1
7157	8031	1
6128	4673	1
5869	5326	1
4946	10885	1
6562	10414	1
9021	10455	1
7789	4040	1
7032	12372	1
1269	13746	1
3959	8442	1
13289	7228	1
6335	7228	1
4922	10109	1
239	866	1
14682	14682	1
14683	14683	1
906	1266	1
10374	10224	1
10617	14522	1
642	13772	1
14656	5217	1
13453	1371	1
7398	1608	1
5973	5973	1
14684	14684	1
5581	3138	1
4717	12599	1
14559	14672	1
9412	10615	1
8568	6334	1
12178	4797	1
12675	4946	1
10885	4946	1
7953	14681	1
14685	14648	1
11455	14503	1
1713	1712	1
6128	10741	1
9193	2506	1
1022	12361	1
1599	3119	1
897	3520	1
1361	1360	1
1919	3045	1
1468	2194	1
6576	6444	1
14224	485	1
9798	12457	1
14678	2349	1
2193	2349	1
1681	4092	1
9755	2436	1
72	13875	1
10713	9133	1
897	3567	1
6437	7722	1
10414	6562	1
7610	539	1
1714	2386	1
10224	10374	1
13875	72	1
3245	5362	1
2771	156	1
8525	8526	1
6961	2386	1
4015	3347	1
8976	6729	1
3088	2284	1
7559	10249	1
4945	3959	1
14341	14340	1
8442	3959	1
702	3575	1
12414	10930	1
90	4534	1
5076	800	1
10249	7559	1
8568	7718	1
3355	3574	1
5270	8074	1
32	45	1
14197	7108	1
1360	1361	1
9773	14198	1
3258	7602	1
8655	2419	1
4251	3829	1
2641	5695	1
1388	45	1
897	1905	1
7355	410	1
6322	11512	1
4753	14136	1
10015	10014	1
2903	14686	1
12867	6849	1
8654	8654	1
11211	3137	1
4657	5812	1
11479	3137	1
7108	14197	1
14522	14522	1
271	328	1
2776	328	1
2386	6961	1
14173	14197	1
2419	8655	1
2935	835	1
9588	12095	1
897	13564	1
3085	6289	1
604	1642	1
2325	13292	1
14197	3315	1
7108	3315	1
14585	9139	1
1289	1254	1
7309	579	1
13471	9888	1
10982	10783	1
6518	6549	1
11144	4059	1
1249	2315	1
1452	1451	1
4523	328	1
6297	8017	1
3315	14197	1
3237	422	1
5345	4162	1
6414	1897	1
2399	1897	1
3297	4162	1
1897	6414	1
7228	6335	1
13812	4959	1
9773	12533	1
12898	6977	1
988	151	1
944	2306	1
485	14224	1
730	1451	1
14264	8361	1
14197	1605	1
2315	1249	1
1605	14197	1
4435	8452	1
8935	6380	1
6419	13590	1
14584	5875	1
10930	12414	1
11479	11211	1
3137	11211	1
9031	4692	1
1897	2399	1
2436	9755	1
6165	7024	1
14687	6552	1
3119	1599	1
10722	8078	1
10899	1840	1
8247	14585	1
9030	14686	1
14688	14504	1
13746	1269	1
1451	1452	1
6034	6585	1
14136	4753	1
10345	10346	1
12496	9271	1
4796	6594	1
2872	1389	1
10570	8222	1
3451	4951	1
7884	11069	1
3138	858	1
5287	2654	1
3822	858	1
8174	1611	1
14577	4195	1
13802	8606	1
9695	9807	1
6783	5420	1
4601	3348	1
1746	1361	1
14660	5952	1
2400	5952	1
9276	11641	1
3235	1642	1
254	14689	1
4113	5482	1
45	13602	1
5074	6265	1
6454	5446	1
5469	11817	1
6729	8976	1
897	3707	1
14672	447	1
70	2712	1
897	2572	1
12535	2712	1
13508	13706	1
5482	4113	1
4265	447	1
6317	302	1
222	5306	1
7031	9810	1
4979	9320	1
14690	6997	1
2420	1009	1
13367	13014	1
12372	7032	1
2725	5072	1
12123	13421	1
6165	12496	1
11641	9276	1
8654	13373	1
5230	3951	1
5446	6454	1
2735	11762	1
897	1022	1
11010	11762	1
3829	4251	1
14691	9009	1
7228	13289	1
9588	5006	1
439	4888	1
12867	11731	1
1030	9790	1
5074	7815	1
1468	4634	1
5972	13809	1
5952	14660	1
5163	5089	1
151	988	1
3068	2116	1
5469	2590	1
8825	8826	1
14692	3578	1
8568	13378	1
13900	8333	1
2386	1714	1
6765	2874	1
453	13233	1
2891	9126	1
7856	8581	1
3989	8100	1
6321	14693	1
2872	953	1
6104	8609	1
5047	5893	1
12361	1022	1
14453	14453	1
9374	601	1
366	14229	1
3990	601	1
6997	14690	1
8568	14025	1
5306	222	1
13809	5972	1
3827	6594	1
987	579	1
4400	6594	1
13373	8654	1
3950	4409	1
8568	8347	1
2912	6594	1
4511	13	1
7449	14025	1
14569	14569	1
6354	14569	1
8468	7813	1
5008	8929	1
3671	6594	1
2419	5781	1
9614	12395	1
6868	5793	1
8700	7449	1
6218	5793	1
529	4004	1
14523	14524	1
3203	3240	1
5219	8600	1
1449	766	1
5074	2148	1
221	222	1
14631	7366	1
986	7029	1
9588	9404	1
8379	7995	1
13777	11077	1
14694	1744	1
8623	1744	1
8929	5008	1
9550	12763	1
8924	8925	1
6288	6466	1
3812	3009	1
9797	4100	1
717	3009	1
14121	14121	1
8707	14569	1
2984	4230	1
4101	4100	1
9115	3603	1
12369	11724	1
6294	4777	1
1599	8891	1
3248	8985	1
14695	1744	1
5449	8845	1
5849	2727	1
11779	13580	1
2913	2727	1
897	5717	1
9277	12949	1
4777	6294	1
9588	8093	1
737	1081	1
4965	3240	1
14569	8707	1
2891	11719	1
3170	8707	1
7449	2537	1
3240	4965	1
13421	12123	1
14522	8935	1
6380	8935	1
2646	6507	1
14658	12142	1
14203	2842	1
7866	1740	1
14503	11455	1
897	2420	1
3068	1294	1
9588	8772	1
1081	737	1
14696	14697	1
3576	5822	1
8705	10183	1
5845	1294	1
6265	1294	1
6604	7403	1
1406	1294	1
7866	3240	1
12172	14582	1
447	14672	1
6373	7617	1
3297	11455	1
2589	1091	1
7475	2627	1
2646	7857	1
3875	4582	1
5175	5185	1
9748	5757	1
6745	4962	1
14582	12172	1
8005	7619	1
1091	2589	1
14698	1685	1
6957	6958	1
1586	9346	1
12601	12601	1
5840	9233	1
2596	1439	1
5386	4930	1
3800	7626	1
14699	7944	1
11268	14700	1
5085	5870	1
7442	3078	1
13706	13508	1
4004	529	1
8936	17	1
850	95	1
944	1009	1
13356	12734	1
10183	8705	1
13491	13472	1
4167	1280	1
13472	13491	1
9939	8391	1
11899	7772	1
9777	5133	1
13529	13529	1
3176	4652	1
5074	2935	1
4038	8830	1
9276	4747	1
835	2935	1
14197	6860	1
9152	13682	1
6860	14197	1
5870	9612	1
2891	4580	1
237	7646	1
2842	4726	1
5088	23	1
5258	3160	1
4747	9276	1
3138	5581	1
546	13188	1
13975	12277	1
539	7610	1
897	466	1
2870	1855	1
1361	1746	1
2691	5697	1
1712	1713	1
11455	3297	1
3430	7486	1
5045	6854	1
4187	5503	1
14503	3297	1
2721	896	1
408	11219	1
1468	9423	1
2211	12975	1
2969	1437	1
2891	7308	1
8830	4038	1
4777	896	1
14553	14552	1
3736	6930	1
14701	14701	1
11201	6066	1
6930	3736	1
10753	13492	1
8330	3817	1
7866	7813	1
7209	5354	1
4207	5248	1
4727	1229	1
11876	6728	1
9717	12483	1
6988	7432	1
11268	11268	1
5573	4612	1
530	210	1
7901	4726	1
8333	14631	1
2691	1428	1
1530	14068	1
5089	5163	1
6803	10391	1
5280	9472	1
7597	7032	1
1096	1232	1
4939	7916	1
1037	6647	1
634	677	1
1232	1096	1
737	13974	1
897	10101	1
6272	11740	1
10938	11035	1
6628	5047	1
10810	6879	1
14702	14702	1
3853	2379	1
13602	2077	1
5797	5047	1
45	2077	1
5088	1859	1
9356	5047	1
897	4422	1
107	5687	1
6141	2597	1
3999	3739	1
3297	9488	1
14703	14703	1
2289	2290	1
14704	11762	1
328	2776	1
5839	14629	1
429	10834	1
8118	14638	1
3240	10725	1
3109	6107	1
1209	2750	1
2762	2140	1
12509	5793	1
7916	4939	1
4888	439	1
1693	222	1
3088	464	1
2597	6141	1
1733	797	1
8950	9314	1
13187	13187	1
14552	14553	1
14705	14705	1
2077	45	1
2106	14382	1
7059	7059	1
6465	14363	1
8261	8668	1
14522	13734	1
8521	8781	1
3840	3840	1
11324	770	1
7136	9937	1
12553	11245	1
2372	14340	1
2051	1558	1
2289	2913	1
1607	8386	1
6671	5591	1
14679	12788	1
2884	3240	1
7463	5591	1
4019	7527	1
11060	8854	1
4359	4497	1
5513	6181	1
14547	9234	1
14316	9234	1
10325	9145	1
10374	5556	1
8985	3248	1
9239	7469	1
10938	9409	1
14149	9250	1
7175	9409	1
673	6696	1
10865	13912	1
7469	9239	1
5870	5085	1
3294	4217	1
8401	14118	1
6925	625	1
14363	6465	1
4983	4796	1
3353	7645	1
3122	5666	1
14706	14024	1
14629	5839	1
3853	4027	1
14222	14222	1
3240	2884	1
1586	690	1
3768	7764	1
13492	10753	1
7487	5897	1
4485	5783	1
7952	13770	1
800	5076	1
31	45	1
10346	10345	1
8845	5449	1
5196	5195	1
11536	9953	1
10069	7526	1
6363	9477	1
4164	1647	1
13974	737	1
3347	14140	1
6112	6977	1
8333	9477	1
3159	3158	1
5897	7487	1
1647	4164	1
4726	7901	1
7266	11445	1
13989	12472	1
1664	4904	1
14382	2106	1
8149	2936	1
8606	9635	1
1215	1998	1
2161	9819	1
116	1605	1
8925	8924	1
4034	7340	1
7175	4102	1
13490	9597	1
3240	7866	1
9582	10118	1
4796	4983	1
12992	10861	1
11762	11010	1
7438	9819	1
12315	10737	1
3176	846	1
13476	14478	1
11012	4375	1
3578	14692	1
12520	11416	1
14198	13737	1
14490	10820	1
9819	2161	1
9314	8950	1
14081	14075	1
11758	8421	1
9346	1586	1
13737	14198	1
447	4265	1
4102	7175	1
7340	8285	1
12324	14707	1
4398	4404	1
690	1586	1
4836	4950	1
5845	7331	1
1229	4386	1
8285	7340	1
1229	5622	1
7331	5845	1
1456	3949	1
5047	2284	1
4950	4836	1
4386	1229	1
2844	2878	1
4573	4573	1
5047	5797	1
7619	8005	1
5564	1662	1
7074	7154	1
12009	11472	1
2384	10025	1
12748	2902	1
14075	14081	1
10638	12817	1
1586	5408	1
14686	9030	1
5768	5569	1
647	646	1
10706	1238	1
5088	2523	1
8401	12776	1
11031	4726	1
10118	9582	1
5041	12776	1
5219	4592	1
3951	5230	1
5378	1921	1
10759	2096	1
7154	7154	1
3794	4257	1
1814	1731	1
13590	6419	1
4084	6316	1
5887	6419	1
9937	7136	1
385	2578	1
8391	9939	1
9275	9671	1
1366	953	1
12022	8858	1
12776	5041	1
1134	13255	1
1605	116	1
9202	6419	1
8322	6849	1
11635	11719	1
11973	4755	1
11719	11635	1
14112	10610	1
12252	12439	1
10512	996	1
12919	12137	1
328	271	1
6343	9144	1
11445	7266	1
7401	14708	1
6713	159	1
9144	6343	1
2479	4018	1
11988	9394	1
526	573	1
9477	8333	1
659	2294	1
