3429	8484	1
8017	6297	1
5188	1064	1
7804	6127	1
10838	13663	1
536	5253	1
7309	10363	1
2483	5382	1
6624	9798	1
9330	6513	1
7401	14708	1
14039	4092	1
6702	6127	1
11874	11874	1
13737	9644	1
10738	8619	1
11831	11758	1
10325	7597	1
7032	7597	1
2230	2231	1
2102	1921	1
13663	10838	1
10370	12631	1
3491	3819	1
6127	6702	1
1338	5660	1
12631	10370	1
1586	3819	1
6311	7480	1
11758	11831	1
12395	9614	1
4735	5343	1
3491	419	1
6977	12776	1
6769	2151	1
8401	12776	1
11574	14750	1
10228	6056	1
3484	5601	1
14716	5188	1
12771	7109	1
10319	8975	1
7452	7988	1
4092	10363	1
9663	10222	1
10085	10075	1
5485	3561	1
13868	7109	1
3479	8848	1
4251	3944	1
10118	9582	1
12776	6977	1
6530	4755	1
4692	9031	1
12908	5863	1
510	13665	1
10639	9887	1
14658	12142	1
11243	8788	1
11387	10161	1
10550	13853	1
5757	9748	1
6168	2543	1
7597	7032	1
14606	14751	1
7226	13421	1
9273	3617	1
5497	5498	1
240	438	1
5585	2390	1
3491	8640	1
5863	12908	1
4983	4796	1
4980	9689	1
13105	9731	1
4692	3892	1
14717	13525	1
8401	8401	1
13397	13594	1
9397	9888	1
10639	5314	1
3626	6206	1
13665	510	1
13117	4102	1
7654	12861	1
4666	9888	1
8854	11060	1
12559	10386	1
6037	9888	1
6185	5576	1
8261	9320	1
10570	8222	1
13710	4020	1
11574	9888	1
4765	4051	1
1667	2712	1
10054	4020	1
5224	4940	1
9614	12395	1
14752	4300	1
8174	1611	1
9148	10161	1
3138	5581	1
8968	12675	1
1512	21	1
6037	12991	1
9276	10351	1
9773	12533	1
14753	12240	1
6840	7062	1
14754	6320	1
14144	14578	1
5870	14578	1
5628	2109	1
5473	4511	1
625	9193	1
227	6654	1
12381	4101	1
9863	4101	1
10174	12961	1
3067	9193	1
6368	5164	1
4485	5783	1
14755	10687	1
9193	625	1
12344	5789	1
12472	13989	1
1063	13903	1
6444	4534	1
5797	7570	1
12180	8363	1
5617	14756	1
676	1969	1
10706	7831	1
10087	2727	1
9898	2727	1
13734	14522	1
5598	6648	1
1714	3408	1
5485	14522	1
14598	14598	1
1224	6181	1
10351	9276	1
6648	5598	1
3852	4064	1
5224	14595	1
12246	11164	1
4904	10902	1
7215	10437	1
45	5446	1
8322	7326	1
5353	8609	1
3284	2708	1
1473	2349	1
10801	1573	1
2206	624	1
2873	6321	1
9735	2911	1
13474	2301	1
5377	7370	1
8655	2419	1
4582	3875	1
2127	8526	1
5811	4021	1
11259	7780	1
10273	7370	1
12364	7755	1
2419	8655	1
4251	3829	1
4904	1664	1
12364	14620	1
6168	7965	1
12240	14753	1
4707	4706	1
12721	8694	1
2037	1266	1
13633	6963	1
2372	14340	1
13687	12650	1
8273	6265	1
1573	10801	1
9346	3059	1
1427	2315	1
3777	1218	1
696	1517	1
14757	14757	1
1517	5296	1
14712	12650	1
12364	2832	1
5296	1517	1
14758	14759	1
6869	7309	1
10363	7309	1
7492	6752	1
3092	1517	1
150	342	1
12724	10938	1
9240	9527	1
3173	4538	1
1096	1517	1
13647	8592	1
906	1266	1
13432	14025	1
10878	1835	1
13706	12777	1
10216	4755	1
262	1746	1
9412	13123	1
14760	14761	1
13772	642	1
8809	5706	1
14112	8756	1
2935	835	1
7309	6869	1
8773	4294	1
3347	4015	1
21	1512	1
6763	2814	1
6547	5345	1
2479	9528	1
2301	13474	1
10878	2492	1
13492	13900	1
642	13772	1
14307	6403	1
9320	8261	1
1368	1625	1
9276	4747	1
1280	1625	1
11537	3307	1
5009	7791	1
14375	82	1
12649	12263	1
3240	2884	1
10179	12315	1
1625	1368	1
8452	5283	1
7689	5778	1
1517	13233	1
14341	14340	1
3166	3446	1
1002	835	1
6443	8781	1
271	6899	1
7309	579	1
7215	7625	1
12915	2269	1
464	3088	1
14762	14763	1
6160	4755	1
14198	8985	1
9798	6624	1
3243	5778	1
269	12790	1
4755	6160	1
447	3601	1
14522	5485	1
8985	14198	1
13884	10649	1
9763	10649	1
5120	2588	1
14764	13447	1
12675	8968	1
11515	9204	1
9644	13737	1
2185	3851	1
14063	14648	1
1642	14765	1
6160	6160	1
10475	13716	1
10639	5146	1
3785	5518	1
6118	6361	1
12502	10335	1
14765	1642	1
604	1642	1
12364	9725	1
1900	4386	1
6635	6245	1
4455	1816	1
4747	9276	1
4485	6895	1
243	6161	1
13432	9670	1
4407	4358	1
2984	2298	1
612	5730	1
5382	2483	1
12991	6037	1
35	12719	1
5224	12668	1
254	9959	1
835	2935	1
627	12336	1
11259	5234	1
14766	14766	1
9488	7671	1
4968	5691	1
1002	7804	1
4255	12670	1
10363	4092	1
1517	696	1
13779	13779	1
5380	9456	1
4869	1361	1
11439	5882	1
10451	12295	1
14477	14493	1
116	1571	1
11194	7624	1
1680	13450	1
12804	10542	1
4015	3347	1
13296	6777	1
13447	14764	1
10902	12373	1
4669	4778	1
14361	14140	1
8705	10183	1
8609	3965	1
8697	5808	1
2091	2969	1
9456	5380	1
5283	8452	1
2308	4778	1
13586	13586	1
12575	8614	1
3573	2349	1
4135	5560	1
9342	7020	1
10639	4031	1
6055	1620	1
4589	8876	1
4101	12381	1
1463	5747	1
6112	4778	1
1002	1584	1
14569	14569	1
3323	3444	1
261	11702	1
734	779	1
451	1517	1
5234	11259	1
1062	5774	1
5446	45	1
3214	4753	1
7062	6840	1
1134	8676	1
5750	2399	1
2364	8191	1
6765	8452	1
3240	1381	1
12496	8781	1
8452	6765	1
9764	6212	1
3545	3333	1
7266	14716	1
1854	2134	1
5797	9356	1
45	13602	1
5224	5223	1
4778	6112	1
5188	14716	1
12670	4255	1
3068	9356	1
1002	7683	1
6781	6183	1
7369	7452	1
6183	6781	1
11120	9356	1
1232	1096	1
12364	5922	1
1517	1096	1
1242	2338	1
3623	3314	1
7367	3561	1
3532	3314	1
5047	9356	1
3020	9356	1
13756	3851	1
11587	5808	1
11211	7832	1
12777	13706	1
14767	14767	1
14768	5748	1
5411	9356	1
2958	6765	1
7614	12533	1
8639	12533	1
9173	12533	1
10335	12502	1
3450	9356	1
3288	7308	1
9954	8020	1
1299	4360	1
5817	5642	1
4094	4360	1
13949	8844	1
9930	9356	1
8273	7308	1
6765	2958	1
13710	6897	1
6665	6666	1
5357	7997	1
4706	4707	1
10494	5343	1
2338	1242	1
6419	13590	1
4386	1900	1
8402	12336	1
8247	12336	1
10878	2427	1
14769	738	1
974	1571	1
7911	7195	1
5652	3119	1
12336	8247	1
2205	5294	1
14612	8735	1
2247	475	1
11515	2478	1
14569	8707	1
1517	2163	1
3965	8609	1
1473	3746	1
8735	14612	1
12533	7614	1
4778	2308	1
12790	269	1
14770	14770	1
1886	2202	1
3722	2712	1
5354	7209	1
11515	3462	1
12364	3558	1
10080	14277	1
12581	838	1
14771	14360	1
1002	5411	1
11166	7308	1
5261	5260	1
3852	3340	1
7308	11166	1
5490	8805	1
10161	9148	1
6654	8380	1
13	4511	1
11126	8031	1
14755	6068	1
14525	2622	1
10713	6577	1
14772	14773	1
9527	7025	1
7090	10140	1
2569	4001	1
8273	5912	1
6556	1647	1
2622	14525	1
4358	4407	1
8273	9016	1
13673	12898	1
12011	2660	1
9356	11120	1
4294	8773	1
14578	14144	1
12898	13673	1
5573	7657	1
2039	4199	1
6907	7255	1
10639	2047	1
2884	3240	1
14577	14774	1
1793	110	1
7063	8962	1
9044	2200	1
12779	5366	1
1381	3240	1
5253	536	1
1571	974	1
8773	7791	1
14775	8398	1
7104	11555	1
11060	8854	1
11657	10208	1
1853	7372	1
6895	4485	1
14078	1451	1
3173	1451	1
14470	14470	1
5642	5817	1
3017	12772	1
1633	12537	1
1929	14776	1
5365	12308	1
7715	5357	1
2482	1311	1
10713	8583	1
467	10266	1
8583	10713	1
1002	2533	1
7791	8773	1
14612	9511	1
6777	13296	1
7997	5357	1
4960	4838	1
6183	4755	1
4755	6183	1
9356	3020	1
2027	5949	1
7667	12506	1
828	3274	1
14777	10379	1
5796	14577	1
10639	8153	1
9957	7265	1
2047	10639	1
5818	1785	1
2315	1427	1
10140	7090	1
1802	2548	1
92	4809	1
4031	10639	1
14503	7042	1
8487	8830	1
4168	2786	1
7031	7741	1
6181	1224	1
5146	10639	1
2140	425	1
14578	5870	1
8153	10639	1
7340	1723	1
14778	14778	1
14577	5796	1
9898	7852	1
14699	2109	1
3532	1723	1
5836	5307	1
2911	9735	1
11555	7104	1
2705	10116	1
9503	812	1
3059	9346	1
12553	11245	1
7175	9409	1
1840	10899	1
11011	3826	1
8462	7042	1
4822	589	1
1711	10754	1
12336	8402	1
8707	14569	1
1816	4455	1
7215	5979	1
14738	14738	1
1667	11361	1
3732	4867	1
14577	2997	1
7215	6105	1
14779	11943	1
425	2140	1
10741	9938	1
11361	1667	1
6128	9938	1
7012	7122	1
2762	1428	1
1997	3278	1
5502	1264	1
12758	8113	1
1358	3284	1
14123	2308	1
13183	11034	1
5711	4657	1
1394	2734	1
8113	12758	1
9511	14612	1
3122	5666	1
5949	2027	1
13589	2651	1
7657	5573	1
11702	261	1
8676	8333	1
1002	2420	1
3853	2379	1
6183	5957	1
1451	1452	1
3119	5652	1
5164	6368	1
9138	6035	1
4610	4484	1
7215	7624	1
4755	3584	1
5224	11788	1
13165	972	1
5893	1854	1
10663	2941	1
3584	4755	1
6842	2795	1
12533	8639	1
2588	9117	1
9117	2588	1
11973	4755	1
7025	9527	1
1307	723	1
4445	4027	1
7370	10273	1
2997	14577	1
10930	12414	1
9411	12691	1
13905	13906	1
1451	14078	1
10639	7442	1
2308	14123	1
1468	9423	1
2569	7673	1
8273	2650	1
14773	1528	1
14780	2738	1
14466	14216	1
10379	14777	1
13590	6419	1
5836	4592	1
5307	5836	1
116	1605	1
4676	10736	1
1528	14773	1
13403	9564	1
82	14375	1
14781	14463	1
4592	5836	1
14782	9335	1
352	5933	1
3396	4077	1
14463	14781	1
573	645	1
10074	84	1
14635	3152	1
1850	3043	1
5062	625	1
8273	6700	1
6311	467	1
1599	1009	1
4946	5717	1
14783	7780	1
9196	7736	1
5343	10494	1
5699	9511	1
5443	5444	1
13393	13393	1
14493	14477	1
9193	14321	1
7340	5717	1
8809	6757	1
12469	6022	1
4364	4365	1
8702	8049	1
6899	271	1
5717	4946	1
3616	1926	1
8049	8702	1
7995	8379	1
9436	5240	1
3954	2234	1
2234	3954	1
4946	4946	1
9105	4946	1
7266	4946	1
4187	14784	1
1723	7340	1
5717	7340	1
11164	5537	1
1250	95	1
14411	11397	1
5210	4741	1
13236	13236	1
9567	5861	1
4778	6911	1
12197	7178	1
1854	5893	1
3240	677	1
677	3240	1
3314	3532	1
5086	5087	1
7780	14783	1
2151	6769	1
7626	3800	1
12197	8379	1
12790	1584	1
8830	14711	1
344	9335	1
1002	5782	1
14494	2211	1
2820	3019	1
6321	10327	1
11759	10354	1
14216	14466	1
14785	4518	1
11426	14786	1
7211	5524	1
14651	14651	1
10231	8680	1
7442	5722	1
2941	10663	1
1220	985	1
3446	3166	1
7442	10639	1
14721	3579	1
10424	998	1
9276	7409	1
206	207	1
10116	2705	1
10015	10014	1
12853	4930	1
1002	3084	1
5870	9612	1
2806	6600	1
1388	45	1
9356	5047	1
9938	10741	1
11087	10859	1
5085	9612	1
10896	10859	1
5047	2284	1
10154	2284	1
622	3118	1
9020	3118	1
2786	4168	1
4147	13920	1
10974	746	1
3297	14503	1
9670	11943	1
8140	1050	1
3118	9020	1
5093	4901	1
6056	10228	1
7852	9898	1
8606	13802	1
526	573	1
9612	5870	1
5537	11164	1
6444	5699	1
8152	9009	1
1002	3068	1
4106	6677	1
11258	6930	1
8809	5047	1
9634	13403	1
45	1388	1
10899	1840	1
