5997	1769	1
12594	10667	1
7126	7126	1
2935	2533	1
5616	6344	1
5042	6227	1
5174	1232	1
6513	3041	1
5087	5086	1
14724	7853	1
11470	5562	1
12664	12650	1
5280	2958	1
4294	10123	1
788	1282	1
2738	7764	1
653	3520	1
5753	3178	1
11182	4418	1
10427	11074	1
8401	12776	1
9852	13489	1
14066	4816	1
6977	5482	1
6977	10508	1
10758	4555	1
12748	1010	1
6635	6700	1
10853	9091	1
13021	7318	1
8331	7318	1
3404	8049	1
9456	5380	1
6893	5849	1
9273	5222	1
10889	8479	1
12776	8401	1
9852	7318	1
1644	636	1
1791	1930	1
14918	14918	1
13	594	1
1392	4755	1
7141	10320	1
1727	1055	1
11820	10842	1
5325	8280	1
7938	3274	1
11776	9248	1
5625	2403	1
10938	12724	1
241	2879	1
5174	5047	1
4251	1619	1
8150	9248	1
13483	12855	1
717	12724	1
3009	12724	1
4691	3196	1
2596	3196	1
13021	3196	1
9989	3196	1
14904	3196	1
5191	3196	1
6646	5678	1
10510	3196	1
11791	3196	1
7179	3196	1
6135	3196	1
3137	9769	1
6678	9009	1
7318	3196	1
5270	4741	1
3196	6135	1
13229	3196	1
4741	5270	1
12669	14833	1
1010	12748	1
3196	7318	1
1055	1727	1
9248	11776	1
14919	13032	1
4447	8365	1
2935	4872	1
5482	6977	1
13397	11696	1
6268	3298	1
2911	9250	1
5170	5068	1
5964	14118	1
14752	9864	1
14920	5885	1
10563	14921	1
2935	8261	1
1854	5481	1
13694	14889	1
3043	5481	1
6562	12694	1
14904	12774	1
2412	781	1
5301	6730	1
253	255	1
2095	5296	1
1517	5296	1
2672	715	1
10488	6843	1
3849	5496	1
6037	5540	1
12598	3458	1
5042	4196	1
6034	5757	1
14844	6251	1
2423	4989	1
6843	10488	1
12748	2902	1
9131	7804	1
9564	13403	1
13021	12671	1
10353	8616	1
13403	9564	1
5296	2095	1
8285	13148	1
59	104	1
3621	5897	1
296	4284	1
12180	8363	1
1175	6556	1
10170	10170	1
7789	11931	1
5457	3068	1
627	628	1
3547	4968	1
13826	14889	1
6893	3305	1
715	2672	1
993	12631	1
1059	5774	1
6068	14755	1
6034	2672	1
10165	14755	1
10687	14755	1
5223	14755	1
12910	12910	1
6633	7860	1
9302	6424	1
7223	12048	1
13829	12882	1
14755	5223	1
5190	4727	1
14913	4390	1
7386	8736	1
3863	13292	1
1660	3138	1
4201	4200	1
10434	7119	1
14837	13670	1
3297	11455	1
2276	2673	1
5542	6232	1
3041	5355	1
13339	13339	1
10320	7141	1
13183	5355	1
2137	5355	1
355	1058	1
4200	4201	1
14714	4946	1
10787	7634	1
5259	10523	1
3547	205	1
2308	3855	1
2715	9942	1
12266	4603	1
5305	941	1
7938	4239	1
9091	10853	1
7804	9131	1
4312	2145	1
65	14297	1
2423	2422	1
10868	6122	1
6635	5355	1
1025	8389	1
5380	13219	1
13021	13219	1
751	14159	1
2958	6765	1
7916	9248	1
3315	7108	1
8256	4263	1
3302	8526	1
4872	2935	1
8261	2935	1
10687	6729	1
5088	579	1
2386	6961	1
563	564	1
6961	2386	1
1438	1412	1
1242	2338	1
1216	1412	1
526	9704	1
3502	1064	1
14159	751	1
6811	14025	1
6713	6562	1
10737	535	1
12500	4605	1
5693	12624	1
5353	8609	1
3921	1517	1
7741	5800	1
3138	5581	1
5715	4763	1
1119	294	1
221	222	1
7260	515	1
9834	7028	1
3216	7602	1
14251	14251	1
7649	7737	1
14573	3919	1
4755	1392	1
8810	8700	1
11301	12599	1
254	9959	1
8700	8810	1
14870	12946	1
7485	14922	1
6765	2958	1
5203	6312	1
10617	14522	1
1791	6525	1
518	8204	1
10550	13853	1
4925	4839	1
3855	2879	1
3547	3380	1
4284	296	1
13853	10550	1
4983	4561	1
6925	625	1
14728	13599	1
4601	1560	1
8210	13538	1
4549	9280	1
8081	3546	1
12073	5221	1
4312	768	1
2752	14667	1
6034	13219	1
4523	5054	1
478	12128	1
5678	6646	1
3138	1660	1
6975	12945	1
835	5176	1
8373	11423	1
2011	9483	1
11470	11574	1
5176	835	1
8736	7386	1
4812	2665	1
835	2935	1
11470	745	1
7108	3315	1
483	3613	1
9203	6183	1
5581	1660	1
10876	10572	1
3892	3857	1
4581	10769	1
535	10737	1
2794	2794	1
2623	10572	1
13826	14923	1
12456	7831	1
8386	1607	1
385	2578	1
9207	930	1
5215	6097	1
4752	70	1
7506	8498	1
2958	5280	1
3326	6963	1
5354	7209	1
10920	6783	1
8172	8695	1
2651	10572	1
8204	518	1
13021	6104	1
14461	5736	1
12889	11661	1
6492	12312	1
4495	8255	1
14295	428	1
5660	1338	1
2665	4812	1
1523	1338	1
8040	14916	1
3855	2308	1
12898	6112	1
6112	12898	1
9471	9471	1
5800	7741	1
7645	3353	1
7209	5354	1
6034	1291	1
8091	11113	1
9441	6321	1
5354	5897	1
4601	3348	1
5897	5354	1
14924	1263	1
1853	7372	1
1660	5581	1
5360	14545	1
10572	2651	1
8609	5353	1
6897	4605	1
7552	6409	1
11199	13074	1
6321	9441	1
13074	11199	1
13200	5355	1
14728	5581	1
10572	2623	1
2017	1268	1
7469	4507	1
4507	7469	1
3983	2148	1
1468	3455	1
2779	3482	1
4227	12804	1
6097	5215	1
11774	14700	1
5259	9365	1
14728	6813	1
4047	5180	1
12631	993	1
6034	2343	1
255	253	1
9158	8137	1
8670	810	1
10920	2343	1
3515	14222	1
3626	6021	1
4755	12356	1
6380	6021	1
13472	8030	1
13538	8210	1
13612	1622	1
6997	14925	1
2843	3128	1
6901	8210	1
4133	9154	1
3405	11909	1
5321	9717	1
14926	10788	1
14211	12447	1
5248	9896	1
1647	10900	1
8611	12246	1
10389	6994	1
294	1119	1
8210	6901	1
2541	9154	1
6034	6021	1
4647	4069	1
10067	14217	1
2051	1558	1
10449	4341	1
4952	2415	1
14925	14078	1
6360	13621	1
8695	8172	1
3059	1009	1
11820	5892	1
13826	496	1
5849	6893	1
3297	145	1
3919	14573	1
3722	3397	1
10261	6367	1
3547	2457	1
6034	2457	1
6251	14844	1
7028	9834	1
14833	12669	1
13140	2734	1
13961	14927	1
4726	9942	1
14889	14923	1
11224	868	1
9871	7744	1
274	3222	1
14090	9799	1
5678	8336	1
12783	10609	1
7309	9790	1
11077	435	1
9009	9460	1
6233	5882	1
511	1572	1
1368	1625	1
1282	788	1
10351	9276	1
13323	1910	1
13667	92	1
4422	897	1
10101	897	1
2420	897	1
5717	897	1
645	3241	1
1022	897	1
8743	8618	1
2572	897	1
9862	14844	1
13564	897	1
10002	1055	1
14124	9110	1
1905	897	1
2962	14921	1
12811	14921	1
8228	2900	1
5979	9373	1
4617	7054	1
13781	8967	1
13489	9852	1
7791	3366	1
9942	2071	1
9942	4726	1
7625	14031	1
7318	9852	1
12977	12977	1
14928	14274	1
10769	4581	1
13538	12981	1
4752	7620	1
2338	1242	1
1625	1368	1
14755	6068	1
8891	4341	1
9717	5321	1
4171	800	1
7232	13775	1
909	910	1
2668	6325	1
3932	5111	1
9110	14124	1
4836	4950	1
14929	1910	1
14755	10165	1
1951	1952	1
14661	14662	1
2773	13900	1
10687	10165	1
1508	2544	1
10235	1647	1
3366	7791	1
4531	658	1
7054	4617	1
14700	11774	1
8604	8959	1
10765	12861	1
5169	8959	1
8463	14930	1
4139	9680	1
5949	2028	1
897	2572	1
6321	10576	1
12246	8611	1
8393	13876	1
7784	9327	1
800	4171	1
9327	5271	1
9719	3033	1
453	6530	1
953	7267	1
12936	14855	1
11655	8452	1
3450	13974	1
12263	12264	1
6485	7484	1
3614	5601	1
3033	9719	1
6325	2668	1
8091	4873	1
10355	1407	1
4946	4946	1
2292	9193	1
13323	4977	1
14930	8463	1
4950	4836	1
2222	2222	1
14217	10067	1
5972	5744	1
11776	12456	1
12274	12496	1
140	145	1
3855	12496	1
6730	5301	1
9718	181	1
7450	14565	1
5690	6183	1
10235	10235	1
9402	9452	1
8584	12600	1
14545	5360	1
14728	8222	1
3547	5642	1
2415	4952	1
13698	8222	1
2255	5360	1
13237	11539	1
2646	14931	1
12747	14055	1
4217	1033	1
14341	14340	1
11820	4219	1
14932	11781	1
8073	14913	1
12591	13723	1
4362	6447	1
13990	11781	1
3056	878	1
13698	5862	1
2590	1033	1
11873	11874	1
8854	11060	1
7471	1951	1
2095	7789	1
5970	11675	1
5095	1033	1
5744	5972	1
11947	11947	1
14470	14470	1
10475	5161	1
13775	7232	1
7548	75	1
1361	2218	1
92	13667	1
11874	11873	1
6034	9589	1
10900	1647	1
7938	1697	1
3547	1108	1
13472	8570	1
12312	6492	1
4696	6577	1
14317	6320	1
482	130	1
12447	14211	1
13472	10435	1
8388	8210	1
5088	475	1
7771	14388	1
944	3567	1
10920	8591	1
14155	14156	1
10920	5882	1
6034	5075	1
4782	609	1
13390	13824	1
8976	7143	1
13021	8649	1
7639	12568	1
14198	9690	1
7258	12381	1
14816	5806	1
14889	13694	1
10882	10882	1
14886	9391	1
4727	5190	1
6183	5690	1
12861	5906	1
14889	13826	1
8049	8365	1
5047	5411	1
8102	8102	1
3392	849	1
5411	5047	1
13472	14933	1
3815	1434	1
8365	8049	1
6034	5948	1
5306	222	1
3343	797	1
9193	2292	1
7501	2011	1
7922	7213	1
4389	8959	1
10615	12167	1
5806	14816	1
2011	7501	1
9248	7916	1
13538	7408	1
6320	14317	1
9806	9806	1
13839	13956	1
9896	5248	1
7952	6193	1
11371	7408	1
3059	9346	1
7484	6485	1
13255	14917	1
7649	761	1
10335	10469	1
2651	9346	1
5922	11201	1
10437	7215	1
3648	1485	1
270	10779	1
7257	1618	1
5979	7215	1
6105	7215	1
7624	7215	1
4380	8669	1
5823	3944	1
4102	13117	1
8124	9005	1
6187	10715	1
14031	7625	1
4946	10715	1
8365	14836	1
5598	10478	1
8973	5121	1
1854	8026	1
8546	10986	1
11088	11088	1
3545	14197	1
12481	12899	1
9852	6135	1
2423	7810	1
12381	7258	1
1064	12899	1
7012	6358	1
9105	4946	1
897	13564	1
7891	13416	1
14497	14449	1
14197	3315	1
2420	1556	1
12675	4946	1
12758	8113	1
3315	14197	1
11799	11800	1
4146	14901	1
5121	8973	1
8113	12758	1
4422	9724	1
11201	5922	1
7602	3216	1
5754	4981	1
4981	5754	1
4601	1459	1
14836	8365	1
2879	241	1
11397	14411	1
5736	14461	1
6034	7334	1
5618	6466	1
9542	7334	1
9131	11070	1
12432	12432	1
1556	2420	1
13416	7891	1
9154	2541	1
9184	3923	1
10574	6346	1
7804	11070	1
3043	3210	1
7267	953	1
5481	3210	1
10674	10002	1
3892	9769	1
176	5665	1
12899	1064	1
6319	3950	1
3950	6319	1
543	1509	1
14934	14934	1
6034	5640	1
8336	5678	1
1846	8312	1
3667	4379	1
7908	7756	1
13117	4102	1
6316	5715	1
3970	7384	1
150	7779	1
222	5306	1
2091	6555	1
6354	14569	1
8005	6113	1
8137	9158	1
9997	6113	1
12804	4227	1
564	563	1
3547	110	1
11613	1057	1
9009	6678	1
6343	4883	1
5591	5947	1
3304	8204	1
3753	3754	1
5248	11724	1
4282	7004	1
13477	9887	1
11070	9131	1
2523	6018	1
383	382	1
261	5947	1
5253	536	1
1407	10355	1
6530	2902	1
11133	12802	1
6447	4362	1
14274	14928	1
6444	9085	1
1057	11613	1
6034	5068	1
3177	6309	1
6070	5355	1
12274	12408	1
11048	11187	1
8124	12777	1
5352	3010	1
13472	12777	1
14935	14784	1
1439	5355	1
14559	14560	1
3605	1653	1
9690	14198	1
4334	2562	1
10461	1238	1
3073	9085	1
3210	3043	1
14936	14937	1
7395	2234	1
810	8670	1
5758	6113	1
10206	130	1
6034	9104	1
3547	2456	1
11606	8958	1
1434	3815	1
8204	3304	1
14855	12936	1
13597	6183	1
5885	14920	1
10741	9938	1
8591	5882	1
914	6529	1
3450	11675	1
4005	11586	1
4205	4206	1
6529	914	1
12312	10758	1
9365	14928	1
4485	4312	1
5469	11817	1
14869	10100	1
6786	14938	1
10330	8031	1
4263	8256	1
4285	7688	1
14872	10783	1
4341	10449	1
2765	11164	1
4812	4910	1
3216	5355	1
14939	14939	1
1742	2083	1
13472	13269	1
14940	2083	1
4910	4812	1
6975	9067	1
14938	6786	1
13767	14941	1
821	14593	1
13491	14942	1
1215	1998	1
9391	2289	1
4485	5877	1
9938	10741	1
5292	6424	1
8763	12134	1
2913	2289	1
10560	5932	1
7756	7908	1
13061	13491	1
13787	6346	1
9452	5888	1
9735	10582	1
9402	5888	1
12134	8763	1
12222	2219	1
2588	2433	1
12631	10370	1
11610	9076	1
23	424	1
10370	12631	1
3487	3486	1
14784	14935	1
6562	10685	1
5679	3072	1
996	8291	1
2289	2290	1
6155	5981	1
470	7607	1
8976	8763	1
451	5697	1
8207	6506	1
6346	13787	1
11016	6197	1
5715	6316	1
2544	1508	1
9564	14301	1
14943	11170	1
14222	3515	1
14934	9166	1
9769	3137	1
10673	11135	1
14944	9204	1
2234	7395	1
11479	3137	1
14370	7514	1
12051	6197	1
2588	11321	1
10002	10674	1
2629	12135	1
13472	13491	1
5617	4733	1
7082	5489	1
14851	14851	1
10507	9069	1
14449	14449	1
5820	5821	1
5378	1921	1
14945	14945	1
5821	5820	1
4839	4925	1
7791	4303	1
12258	14918	1
5221	12073	1
4611	1791	1
1268	2017	1
1487	5885	1
11816	11817	1
8525	8526	1
14313	9265	1
10467	13491	1
14117	8699	1
13140	1060	1
5943	4948	1
6772	14659	1
14946	14928	1
14844	9862	1
2176	1298	1
2589	1091	1
8333	8676	1
13694	10330	1
14940	14940	1
2894	1433	1
12044	2127	1
584	1433	1
10330	13694	1
1389	1433	1
9871	5598	1
13694	13694	1
14947	13898	1
3479	7723	1
12408	12274	1
7688	4285	1
14052	4980	1
4980	14052	1
8301	9639	1
254	2511	1
6316	7334	1
2569	7673	1
3010	5352	1
6842	1433	1
13477	4726	1
7673	2569	1
4341	8891	1
