7126	10715	1
1690	1514	1
4983	4561	1
5715	4561	1
15278	5294	1
2483	5382	1
9470	15038	1
4747	10351	1
2205	5294	1
13311	15314	1
1392	1617	1
6490	11102	1
5047	5893	1
14264	15253	1
9605	5948	1
10069	7526	1
8031	11126	1
5619	6549	1
6549	5619	1
10826	10073	1
4654	5051	1
2024	1599	1
8587	4915	1
15034	15143	1
5893	5047	1
4522	6700	1
11571	5191	1
8386	1607	1
14342	7526	1
6783	4133	1
14075	8347	1
11762	6265	1
3287	7079	1
7791	5043	1
5066	5514	1
13974	3041	1
1954	5684	1
3315	14197	1
11463	10506	1
7791	15315	1
11455	3297	1
8347	14075	1
6700	4522	1
6787	8763	1
7516	14197	1
6786	9213	1
828	3274	1
2703	6212	1
11126	8031	1
905	564	1
8676	8333	1
15153	4490	1
918	8929	1
14876	3753	1
14503	3297	1
1280	3161	1
15316	15316	1
10569	10737	1
12664	12650	1
14801	11521	1
2673	3161	1
5570	5768	1
11767	5924	1
11439	11258	1
14478	7622	1
15308	7917	1
7622	14478	1
15055	11623	1
15223	9863	1
13974	5090	1
5634	7885	1
1338	1523	1
3493	9669	1
690	6169	1
8336	5678	1
7619	7596	1
12116	936	1
9782	14545	1
14715	8280	1
4935	9724	1
7791	14849	1
2980	10455	1
2935	998	1
10351	4747	1
10632	5849	1
2813	2204	1
7134	5690	1
7308	7308	1
12217	14565	1
11762	11010	1
12670	7308	1
5684	5948	1
5515	4506	1
8208	7215	1
5843	11689	1
10437	7215	1
5411	5047	1
437	1523	1
6115	5901	1
5047	5411	1
6782	3950	1
5773	3160	1
9276	10351	1
6897	4605	1
7090	5773	1
4332	14510	1
5759	7086	1
2282	2282	1
12747	14055	1
10072	3271	1
1064	12899	1
12252	10715	1
8208	8460	1
640	5690	1
14807	9763	1
9287	5690	1
5977	9416	1
7267	953	1
6127	12899	1
5783	5939	1
4571	4570	1
13737	14573	1
8247	8214	1
9992	14573	1
8214	8247	1
5635	7215	1
8609	6059	1
6104	6059	1
5678	8336	1
12601	12124	1
6876	10995	1
5	5922	1
15105	15105	1
5661	15317	1
11204	7243	1
1713	1712	1
15318	3609	1
5570	5717	1
14129	6937	1
12899	1064	1
5191	11571	1
3178	5753	1
11279	15249	1
868	3123	1
888	887	1
12399	318	1
5570	9942	1
6562	8810	1
13917	5454	1
6774	12347	1
1622	9424	1
1128	2980	1
4251	3829	1
509	4793	1
6493	3433	1
4285	7952	1
10351	9276	1
3824	3822	1
7316	7366	1
3161	1280	1
8881	115	1
12624	15319	1
6822	6427	1
3366	1514	1
5449	11512	1
13528	4650	1
6876	12133	1
1396	8536	1
11201	5922	1
13426	13425	1
736	543	1
424	7746	1
10084	12022	1
6427	6822	1
13046	805	1
11858	906	1
736	2260	1
78	12141	1
884	9683	1
736	2901	1
14869	7276	1
6722	4522	1
4538	8251	1
370	14920	1
8699	14117	1
14919	14920	1
5885	14920	1
4260	14920	1
6055	5430	1
12861	5906	1
12229	8674	1
5446	45	1
3297	14503	1
9527	7025	1
9863	4101	1
6265	14475	1
6506	9451	1
4260	15280	1
4996	4996	1
12397	12773	1
976	14475	1
1954	7323	1
3043	1850	1
5066	13130	1
9237	14475	1
5307	980	1
2479	980	1
424	1358	1
4366	980	1
15320	10435	1
3171	980	1
1171	980	1
14117	8699	1
7215	5635	1
4254	10865	1
7308	980	1
1188	980	1
1584	980	1
2757	3466	1
3084	980	1
15321	15321	1
1400	2223	1
9966	10335	1
15286	15286	1
2203	980	1
1917	3763	1
980	1584	1
9755	9474	1
10049	2052	1
5773	7012	1
11258	11439	1
3021	7602	1
14197	7108	1
4029	7012	1
2883	897	1
4522	2616	1
4522	1203	1
15253	5026	1
8688	12487	1
992	10051	1
5564	7071	1
4281	9192	1
11463	9281	1
8692	7912	1
846	1797	1
1120	869	1
13974	12095	1
4051	5994	1
10096	5994	1
11762	3171	1
11455	3581	1
13219	5380	1
7885	5634	1
1029	6758	1
1215	1862	1
4161	4221	1
4939	11689	1
6126	3511	1
11689	4939	1
2693	7239	1
3079	3079	1
5570	5374	1
4522	6722	1
13398	10449	1
1589	10340	1
9248	11689	1
7491	7120	1
12347	6774	1
15322	15322	1
14714	4946	1
6901	12540	1
14131	11191	1
1134	13900	1
7165	1305	1
371	1305	1
13673	6977	1
12670	4781	1
824	582	1
10537	11411	1
10884	7681	1
6977	13673	1
623	623	1
13900	1134	1
1180	10435	1
7860	12599	1
11689	9248	1
6104	8192	1
13974	9781	1
14968	7602	1
8881	2194	1
6374	937	1
5085	5735	1
4526	5290	1
7071	5564	1
14078	1451	1
14573	13737	1
11463	7052	1
11060	8854	1
13365	13364	1
10449	9600	1
12870	4829	1
12399	10023	1
14920	4260	1
15280	4260	1
736	1232	1
8854	11060	1
9402	6911	1
1305	371	1
8210	12540	1
15313	966	1
937	6374	1
2042	3899	1
15323	15324	1
14691	5752	1
5026	15253	1
5922	5	1
7791	14300	1
4506	5515	1
275	3980	1
14055	12747	1
3743	3658	1
15290	1427	1
15324	15323	1
868	721	1
6265	9416	1
8222	12889	1
11233	8173	1
12889	8222	1
4522	1935	1
15253	14264	1
5167	2119	1
1954	2269	1
3088	2959	1
2561	2561	1
424	1108	1
12229	14931	1
5066	5982	1
14414	208	1
1897	8222	1
8208	2428	1
3457	2161	1
8192	6104	1
664	4554	1
371	1270	1
14531	13581	1
4057	11938	1
9600	10449	1
8881	1986	1
14801	11506	1
4829	12870	1
14956	9075	1
7343	14454	1
8333	1134	1
10660	10661	1
9374	9375	1
13950	1647	1
7791	5009	1
9267	10597	1
9330	6236	1
4911	3952	1
1451	14078	1
6994	12336	1
11965	750	1
344	9335	1
3950	6782	1
3623	12748	1
12748	3623	1
6473	126	1
876	1584	1
424	5091	1
4444	6637	1
7228	12773	1
15325	5958	1
4522	897	1
11689	5843	1
2240	10318	1
10080	14943	1
12773	12397	1
2253	1264	1
7760	13644	1
6637	4444	1
6646	5678	1
4101	9863	1
12139	6003	1
5678	6646	1
15326	15326	1
998	835	1
14300	7791	1
2935	835	1
30	13	1
12400	2018	1
3353	7645	1
11780	5791	1
5901	6115	1
2119	2028	1
1188	7680	1
200	14565	1
8208	8544	1
11294	3456	1
750	11965	1
5347	10248	1
1954	6256	1
1584	876	1
5366	12779	1
59	104	1
4830	2589	1
3161	2673	1
11210	15327	1
2282	1221	1
721	868	1
7938	3274	1
14197	3545	1
7120	7491	1
3447	4233	1
6722	449	1
2604	8173	1
2759	1452	1
1391	1452	1
15328	15328	1
2705	5435	1
6514	1452	1
11129	7382	1
15329	15329	1
5735	5085	1
13853	10550	1
1389	3487	1
9411	9303	1
11371	11371	1
10415	5027	1
10464	5027	1
5845	7331	1
9253	9070	1
7680	1188	1
6113	8153	1
14041	13381	1
4538	6819	1
3545	14197	1
5642	3561	1
15330	5941	1
14825	15226	1
8153	6113	1
15331	15332	1
12806	12806	1
2843	2832	1
15333	15333	1
9862	6245	1
11553	11777	1
1584	4789	1
14587	8313	1
1954	12011	1
601	9374	1
10449	13398	1
13974	3450	1
7020	9342	1
7273	5278	1
11236	14849	1
4019	718	1
2730	1362	1
2589	4830	1
1954	4346	1
5805	7875	1
9342	7020	1
4397	2576	1
10335	9966	1
8251	4538	1
869	1120	1
2077	6454	1
8361	4977	1
6860	4915	1
15334	8547	1
6819	4538	1
15070	12650	1
13157	13157	1
13083	6415	1
5376	1558	1
6321	6686	1
1599	2024	1
5817	5642	1
12630	12601	1
1452	1391	1
15045	3563	1
12773	13289	1
12229	12200	1
14565	4302	1
10531	2024	1
710	2024	1
7162	2024	1
15153	4816	1
7602	14968	1
1786	8775	1
5570	8935	1
11254	12634	1
95	190	1
13187	2024	1
1105	6113	1
8601	2024	1
6267	1064	1
12601	12601	1
15335	6544	1
4343	3105	1
2018	12400	1
10922	3105	1
5280	5281	1
7791	3400	1
7596	7619	1
5570	4408	1
14197	3315	1
12601	12630	1
1451	1452	1
10938	11734	1
11777	11553	1
4588	3274	1
3877	2347	1
7136	8645	1
190	95	1
835	2935	1
8873	14969	1
9807	9695	1
14656	5217	1
5066	6914	1
6386	4006	1
318	12399	1
15130	2199	1
13017	13908	1
7126	7194	1
3684	3685	1
8547	15334	1
10023	12399	1
4346	1954	1
9070	9071	1
6258	5086	1
12011	1954	1
6901	14165	1
7875	15336	1
8031	6448	1
6256	1954	1
13590	6898	1
13749	8599	1
4810	5314	1
1774	4812	1
7276	14869	1
418	1806	1
1237	7739	1
993	435	1
1237	1323	1
3967	1381	1
14049	14199	1
6165	8359	1
10060	5430	1
15337	946	1
2269	1954	1
1567	980	1
7029	986	1
6686	6321	1
3182	6859	1
7323	1954	1
5684	1954	1
14522	5485	1
736	9425	1
5642	13734	1
1452	1451	1
13032	13032	1
9582	12744	1
14478	8174	1
14541	4487	1
10735	13343	1
11851	13032	1
13908	13017	1
4346	4345	1
8909	7780	1
8251	4345	1
7108	4724	1
5537	7780	1
10620	7361	1
9568	9816	1
7980	6193	1
4538	13046	1
13449	13449	1
2454	3824	1
4724	7108	1
6236	10783	1
12141	78	1
10415	5026	1
14478	14496	1
6167	4090	1
14949	12819	1
2230	11846	1
10712	601	1
887	888	1
4345	4346	1
1386	1387	1
6084	7695	1
4282	7004	1
7791	3366	1
11463	5646	1
5167	5408	1
13973	14804	1
5047	9356	1
9410	12960	1
3020	9356	1
4409	3950	1
2855	1517	1
3950	4409	1
956	7214	1
4680	564	1
7791	2665	1
6937	14129	1
4806	5408	1
6343	4956	1
15038	9470	1
3302	4956	1
5673	3984	1
13149	6429	1
7791	5607	1
6544	15335	1
9374	601	1
7012	4029	1
2924	5408	1
371	1935	1
8333	8676	1
7780	5537	1
1806	418	1
13700	13701	1
3978	4149	1
4102	5240	1
3967	1709	1
15335	1935	1
14496	14478	1
4522	5008	1
3347	3330	1
4977	8361	1
1305	3527	1
9423	6222	1
4652	3176	1
5066	5988	1
3688	10984	1
8810	6562	1
2496	10377	1
3297	11455	1
11846	2230	1
13403	9564	1
906	2278	1
5026	10415	1
5570	3190	1
2559	1996	1
9009	6533	1
5027	10415	1
4281	15226	1
12544	7868	1
12201	15236	1
5282	5217	1
3377	6854	1
13129	5466	1
12059	12209	1
737	1081	1
8536	1396	1
10735	12483	1
2813	5990	1
4597	3826	1
4755	11973	1
12209	12059	1
7215	10437	1
5783	4133	1
4317	10437	1
11624	9488	1
9936	2578	1
7739	13900	1
4241	4133	1
518	2883	1
13900	7739	1
14804	12744	1
4647	9366	1
15253	7535	1
2576	4397	1
1081	737	1
980	7308	1
12744	14804	1
8431	13393	1
6533	9009	1
5678	13900	1
7361	10620	1
6722	3707	1
14559	14560	1
10632	6893	1
3547	2457	1
11734	10938	1
1996	2457	1
12816	762	1
13393	8431	1
13528	5010	1
14593	5659	1
1232	1854	1
8103	8102	1
6193	7980	1
564	238	1
15338	12227	1
3545	2914	1
1523	437	1
9575	13977	1
1389	1804	1
6259	5217	1
13748	12499	1
17	18	1
12816	14239	1
2765	899	1
4095	4970	1
897	15088	1
6448	8031	1
14573	9992	1
5791	11780	1
7791	5882	1
14677	8435	1
9903	3027	1
1850	3043	1
10810	8139	1
15303	7120	1
4133	4241	1
15337	2231	1
1855	3102	1
7361	13737	1
4956	6343	1
1280	1368	1
1592	2450	1
5191	8774	1
13737	7361	1
3522	3339	1
4796	173	1
13538	6743	1
13074	14498	1
9582	9583	1
13452	15226	1
7791	10677	1
10550	13853	1
15339	12540	1
13083	6868	1
13083	13083	1
12540	15339	1
15340	15340	1
13083	12595	1
10687	6771	1
4482	11884	1
8301	7218	1
12595	13083	1
15341	8194	1
13977	9575	1
1954	2473	1
6868	13083	1
4047	8967	1
3707	3786	1
13782	6769	1
13105	8472	1
3768	7764	1
15342	15342	1
13393	13393	1
11740	11741	1
5217	5282	1
4149	3978	1
15343	12832	1
7780	8909	1
8472	13105	1
5539	2204	1
1323	1237	1
3463	12832	1
15344	15344	1
4816	15153	1
4809	2606	1
10667	8162	1
12868	14716	1
4726	2017	1
4133	5783	1
1840	6513	1
8499	10374	1
13884	5325	1
15345	15345	1
11414	8522	1
11762	13011	1
5839	7350	1
3591	7329	1
6513	1840	1
1029	4064	1
1954	1962	1
14542	5415	1
8425	3183	1
5217	6259	1
4495	4064	1
10737	12650	1
2606	4809	1
182	183	1
9156	2894	1
14595	2172	1
10667	5300	1
6562	12175	1
5047	5935	1
4522	2116	1
1110	6752	1
15148	3679	1
14907	14907	1
12774	15346	1
2817	1996	1
13386	11714	1
11762	7125	1
9735	12744	1
5380	5904	1
6169	690	1
5325	8280	1
8334	6113	1
8139	10810	1
755	6564	1
13046	4538	1
5904	5380	1
6467	1035	1
12744	9735	1
7764	3768	1
13580	11779	1
11779	7713	1
3368	6377	1
3487	1389	1
6702	7082	1
11517	15017	1
3738	2568	1
6120	5122	1
10713	12456	1
5122	6120	1
4910	4303	1
12152	12152	1
12819	14949	1
10210	1530	1
