4773	5454	1
2547	391	1
4102	13676	1
8323	6849	1
2900	1188	1
10120	3480	1
14117	9330	1
15147	3480	1
7614	8162	1
14855	12795	1
3480	10120	1
3021	14968	1
13676	4102	1
5315	5630	1
10810	8139	1
5753	3178	1
4747	10351	1
7618	4810	1
15075	5380	1
1055	4725	1
4810	7618	1
9997	1608	1
6183	5690	1
9330	14117	1
5690	6183	1
5726	6328	1
906	7514	1
8139	10810	1
15106	9966	1
3450	5935	1
8141	7866	1
8491	14437	1
609	4782	1
7615	11043	1
9038	9038	1
6788	11135	1
14747	8668	1
11243	8788	1
11151	6328	1
4482	7616	1
12683	15159	1
12498	7967	1
8763	12467	1
14039	4092	1
12117	9414	1
5188	5280	1
9211	9212	1
6185	5047	1
3507	7937	1
15067	11591	1
5217	14656	1
9862	7175	1
3826	4597	1
7715	6721	1
14656	5217	1
5308	1556	1
15157	8261	1
14886	9391	1
484	4748	1
7175	9862	1
2715	12660	1
1326	1505	1
11271	13477	1
6479	7940	1
5365	7969	1
7940	6479	1
7654	5906	1
4069	10958	1
4069	7969	1
11123	8788	1
6328	5726	1
7616	4482	1
8228	8228	1
274	9423	1
11650	6188	1
6197	6198	1
7779	586	1
4087	12660	1
11514	9763	1
7967	12498	1
14226	6987	1
371	6188	1
8425	11296	1
15106	5427	1
1700	437	1
7827	6127	1
14969	7863	1
15104	8121	1
11792	6328	1
12870	9763	1
5423	4810	1
5418	15127	1
14825	15160	1
5256	694	1
1509	718	1
14265	10826	1
1509	1009	1
2781	718	1
13490	9597	1
9854	6804	1
267	974	1
1577	6721	1
8812	3361	1
11186	8785	1
8741	7672	1
7501	8707	1
15161	11714	1
2644	4951	1
1535	3851	1
2276	2673	1
8052	3284	1
5423	9223	1
13403	9564	1
5136	6188	1
3803	6188	1
2478	6188	1
6299	2070	1
8109	1523	1
13048	13676	1
10958	3196	1
15162	12535	1
7863	13840	1
14968	3021	1
2883	6265	1
15162	15162	1
1175	6556	1
4836	10188	1
585	10938	1
2084	833	1
12373	9689	1
10066	8966	1
10495	10662	1
7952	14536	1
12068	12067	1
6481	7767	1
5338	5635	1
11702	490	1
4069	5684	1
7318	11330	1
15163	6621	1
6460	3616	1
9079	9079	1
7232	9325	1
13750	13750	1
9423	274	1
7624	7000	1
4931	2572	1
4679	3739	1
15164	8290	1
9819	14938	1
2016	6700	1
10958	4069	1
7969	4069	1
7088	5635	1
5617	5617	1
6069	3966	1
10389	11214	1
10421	1274	1
5366	12779	1
14437	8491	1
1509	4422	1
4485	5939	1
5783	5939	1
4958	3739	1
634	1077	1
996	1380	1
8096	11302	1
1077	634	1
4201	4200	1
15165	15165	1
3271	10072	1
6398	6399	1
15166	15166	1
1509	6344	1
5485	14522	1
15119	10569	1
14285	14285	1
14547	14522	1
7175	5355	1
2883	737	1
4747	9276	1
9869	6232	1
4376	1194	1
13321	4946	1
4200	4201	1
6299	6321	1
9748	1607	1
10538	9966	1
11794	2386	1
8386	1607	1
7273	1607	1
1461	1428	1
9240	9388	1
4846	15091	1
13594	11696	1
14565	15091	1
2883	9439	1
888	8838	1
6299	3633	1
1110	2435	1
2883	4931	1
9587	5548	1
267	5695	1
2436	2435	1
2883	2446	1
328	3826	1
3066	3826	1
13676	13048	1
4597	3826	1
4525	5315	1
5630	5315	1
243	6161	1
6111	3797	1
11469	9619	1
10188	4836	1
15167	11934	1
7764	3768	1
5628	294	1
11834	6573	1
1194	4376	1
5357	7521	1
11934	15167	1
1781	4678	1
5315	4525	1
10886	4525	1
2874	6757	1
3079	2911	1
5242	11500	1
4450	4451	1
9862	7082	1
294	5628	1
7521	10403	1
1727	1727	1
5188	1064	1
3826	328	1
950	3696	1
6686	6321	1
15168	15169	1
13652	7331	1
4939	5537	1
9638	9638	1
3201	12011	1
4106	6783	1
14265	14217	1
10654	11344	1
4951	2644	1
12011	12267	1
10457	1615	1
8164	3943	1
6479	6321	1
2874	8603	1
1396	8536	1
4371	2606	1
15170	15170	1
13652	4206	1
2436	5728	1
14886	3295	1
7514	906	1
9276	4747	1
1599	6213	1
11500	5242	1
8124	12777	1
5537	11164	1
3315	7108	1
2342	8278	1
1055	1727	1
6328	11792	1
4371	6377	1
2794	2794	1
7651	2520	1
7108	3315	1
11159	14855	1
14657	12071	1
14816	5806	1
12734	11512	1
15162	8339	1
6849	10826	1
6921	5588	1
13689	1753	1
11059	1897	1
642	13772	1
8222	1897	1
6299	1034	1
3017	6213	1
11794	2204	1
10285	13323	1
6562	12694	1
4343	3105	1
2957	15098	1
5955	2004	1
6807	6808	1
13849	2085	1
1643	15171	1
5825	5826	1
6901	9733	1
11714	14388	1
12340	1897	1
13323	10285	1
11159	2555	1
8717	6706	1
271	11106	1
15172	15172	1
2016	13383	1
15157	6445	1
7223	1897	1
6299	6328	1
9503	13822	1
1163	5185	1
1615	10457	1
5111	3723	1
1897	7223	1
6894	3026	1
7074	6022	1
3784	1420	1
3837	3838	1
3026	6894	1
14388	11714	1
1420	3784	1
6356	5510	1
10457	8093	1
12649	11934	1
2938	2938	1
2790	6487	1
4490	15153	1
1488	1431	1
13018	15151	1
12832	11164	1
1163	2914	1
1727	1055	1
8093	10457	1
15159	12683	1
5395	3915	1
13580	11779	1
1933	410	1
2085	2911	1
1753	13689	1
15173	10563	1
12103	10563	1
4663	1722	1
2939	8781	1
15174	15174	1
12717	10563	1
9031	4692	1
15175	10563	1
1407	10355	1
15176	10826	1
1622	10149	1
2520	7651	1
8164	3723	1
11164	5537	1
6539	3944	1
2883	2478	1
2016	1025	1
7764	8165	1
5278	5748	1
8812	7012	1
2883	2141	1
1509	2141	1
5970	623	1
4678	1781	1
5939	5783	1
614	530	1
10826	14265	1
14217	14265	1
11948	11948	1
4755	10563	1
3763	5047	1
13691	9892	1
3377	5628	1
1087	864	1
1163	1162	1
11201	5	1
4139	9680	1
14265	589	1
4735	1506	1
7448	4981	1
5315	3514	1
10666	14603	1
1488	9293	1
1506	4735	1
9067	9581	1
10620	9581	1
7568	385	1
10677	15126	1
15081	4605	1
10886	11738	1
8164	3949	1
5047	5893	1
6299	4158	1
5684	13989	1
14983	8517	1
5893	5047	1
9193	10869	1
6743	1069	1
14522	5485	1
11807	13531	1
8741	13479	1
6532	7535	1
10826	10073	1
12332	12332	1
3079	2085	1
2480	13698	1
3666	1598	1
11106	6899	1
1509	1692	1
11159	4866	1
4846	13412	1
7088	2517	1
12456	7831	1
2106	2506	1
6783	4106	1
2518	2519	1
6321	6479	1
2895	2641	1
14938	9819	1
2883	11229	1
2520	3998	1
4346	4602	1
5884	15177	1
14201	12535	1
8164	4251	1
2392	3972	1
15014	13893	1
12535	6564	1
2016	5458	1
13698	2480	1
9212	9211	1
13652	7308	1
13989	5684	1
8812	13	1
15148	2480	1
6564	12535	1
5251	5252	1
10826	6849	1
6798	6702	1
12779	5366	1
8822	6564	1
10886	8724	1
755	6564	1
361	9148	1
1897	8222	1
5849	13473	1
14834	3171	1
8848	10767	1
10778	5027	1
8165	7764	1
7831	12456	1
4653	8824	1
2604	8173	1
3190	876	1
3514	5315	1
992	2818	1
3127	2306	1
9204	14814	1
9009	14849	1
3361	8812	1
14849	9009	1
11807	7764	1
9735	7481	1
1647	4164	1
6380	8935	1
11413	14849	1
10399	15082	1
1660	4293	1
4164	1647	1
13174	13156	1
7012	8812	1
7215	4320	1
5042	431	1
5027	10778	1
13	8812	1
8824	4653	1
1635	3528	1
737	14051	1
10457	15120	1
3555	8897	1
10002	4363	1
6564	8822	1
2016	5934	1
12889	3708	1
4602	1759	1
6213	3017	1
4838	4960	1
1333	13423	1
13075	13039	1
8812	7874	1
14565	438	1
13040	13039	1
7331	4797	1
6127	6951	1
2641	2895	1
7181	4482	1
7874	8812	1
13039	13039	1
2883	897	1
8785	11186	1
3739	4679	1
6599	897	1
12435	7622	1
15178	4980	1
2911	3079	1
2942	11160	1
1700	5923	1
5281	6344	1
10615	709	1
9709	2651	1
6849	8323	1
5570	8935	1
2016	2203	1
6842	2142	1
14051	737	1
366	2338	1
4525	4390	1
1176	10340	1
9581	9067	1
7654	7409	1
490	11702	1
7070	6318	1
8646	11043	1
8812	4753	1
6781	6183	1
8749	12777	1
3768	7764	1
8885	4293	1
8897	3555	1
4753	8812	1
14565	12217	1
3958	564	1
1380	996	1
6381	1215	1
4611	6525	1
15179	9877	1
5	27	1
8707	7501	1
15180	1341	1
9892	13691	1
11971	15022	1
482	6013	1
1215	6381	1
12773	12397	1
2784	8092	1
6544	5188	1
1517	2855	1
8548	9944	1
6013	482	1
3457	9944	1
6257	2863	1
5222	9273	1
6299	10650	1
4390	4525	1
15181	162	1
8472	10650	1
6321	6686	1
3822	3824	1
6869	6361	1
7963	8706	1
4482	8756	1
6299	8490	1
1163	5087	1
9877	15179	1
7088	6006	1
9230	13247	1
11202	1062	1
2617	9522	1
2427	11067	1
9797	13471	1
4293	1660	1
11275	5516	1
2883	692	1
2700	4240	1
11629	3113	1
13516	15002	1
3849	6361	1
12535	14201	1
3211	6765	1
2427	6765	1
12777	8749	1
3560	3058	1
3689	7086	1
8360	9138	1
2829	5341	1
8812	2308	1
2817	2457	1
2085	13849	1
8950	14467	1
6487	2790	1
14851	2691	1
13868	6832	1
2874	5227	1
12777	8124	1
15182	5230	1
2883	6765	1
4368	12886	1
1173	6556	1
5236	3815	1
8790	4429	1
8690	9371	1
14504	14504	1
12217	14565	1
3201	3200	1
5338	7604	1
3958	1240	1
11511	15139	1
10569	15119	1
12535	15162	1
4816	15153	1
5735	15183	1
1659	15145	1
15184	15185	1
15139	11511	1
2672	2428	1
8164	7223	1
15186	9329	1
1163	7223	1
2016	1552	1
2308	8812	1
1509	2420	1
15187	15188	1
10080	14277	1
14494	14787	1
6299	6479	1
10938	585	1
6599	8940	1
8788	11243	1
9080	3203	1
10149	1622	1
2337	12281	1
5569	4915	1
1509	4333	1
14982	5983	1
4147	1810	1
14787	9409	1
6318	7070	1
14382	6997	1
2016	9409	1
6599	2973	1
13822	9503	1
627	628	1
15161	14959	1
9154	14929	1
15189	8826	1
7367	7625	1
1680	13450	1
4753	14478	1
8545	9587	1
15145	1659	1
3972	2392	1
13021	7625	1
11194	7625	1
6299	6382	1
2579	1641	1
15190	15190	1
8690	12908	1
6317	257	1
8756	4482	1
10853	8139	1
5133	4857	1
5047	3763	1
9517	4482	1
4534	44	1
10563	12717	1
10537	4857	1
5298	4447	1
1451	730	1
1509	2935	1
2644	15191	1
5170	6296	1
6549	15192	1
2874	2935	1
3958	974	1
1163	2913	1
347	14224	1
2874	12056	1
14467	8950	1
14277	10080	1
14584	9612	1
1523	1338	1
6602	2914	1
13893	15014	1
645	1848	1
6894	13421	1
257	6317	1
15183	5735	1
1163	6513	1
10650	8472	1
3201	406	1
4983	4763	1
2228	835	1
11500	380	1
8443	469	1
3072	5679	1
11998	8014	1
4763	4983	1
1338	1523	1
601	9374	1
5427	15106	1
5191	4857	1
9330	4613	1
15153	4490	1
13311	13538	1
207	253	1
2883	4154	1
14536	7952	1
2506	6997	1
1872	2807	1
6867	9009	1
6555	6555	1
1968	380	1
992	10051	1
4505	4506	1
4765	1234	1
2768	1234	1
6965	1234	1
5338	3325	1
9300	1234	1
380	1968	1
3528	1635	1
14849	3190	1
5341	2829	1
905	4576	1
1005	7779	1
1674	12239	1
2883	518	1
45	2077	1
1509	3383	1
2016	676	1
1727	6358	1
5936	14173	1
6757	2874	1
2883	676	1
27	5	1
2691	1428	1
4092	14039	1
1163	15013	1
1163	6492	1
2016	3383	1
1010	12748	1
8092	2784	1
2883	1203	1
9242	9375	1
12748	1010	1
9388	14653	1
9009	6867	1
8603	2874	1
7074	11044	1
14870	6887	1
11043	8646	1
4036	5248	1
14265	9234	1
5188	6544	1
2644	5630	1
7913	14810	1
14768	9364	1
2448	9738	1
10051	992	1
14265	6997	1
10724	10724	1
2874	3177	1
4092	10363	1
5854	5515	1
5227	2874	1
7677	10916	1
9325	7232	1
9076	10916	1
6458	920	1
6894	1647	1
2935	2874	1
11779	13580	1
12056	2874	1
6066	11201	1
12870	14796	1
4812	4832	1
9391	8680	1
14801	11506	1
1897	11059	1
9273	3617	1
11296	8425	1
13734	5485	1
7088	6581	1
5	11201	1
6131	12022	1
3797	6111	1
5428	5599	1
15126	10677	1
10737	535	1
1163	6270	1
2666	4025	1
14703	14703	1
2883	944	1
5100	4084	1
5212	2800	1
14929	9154	1
6922	6564	1
2855	1517	1
3177	2874	1
4832	4812	1
1469	3723	1
4482	7181	1
12908	5859	1
4371	4398	1
13581	5142	1
6299	11710	1
6218	12174	1
12788	2553	1
14573	13737	1
8159	5047	1
7082	5047	1
5230	15182	1
3824	3822	1
3617	9273	1
5812	1756	1
5047	7082	1
3201	2116	1
2883	3401	1
7296	7297	1
5348	2712	1
14535	14754	1
5047	8159	1
4603	2479	1
13652	11758	1
15185	15184	1
3447	4233	1
14268	5878	1
6887	14870	1
7501	2479	1
15116	15115	1
980	2479	1
11120	3020	1
1524	2479	1
9356	3020	1
9364	14768	1
1025	2479	1
5110	110	1
10677	7535	1
13035	3733	1
4577	2479	1
15115	15116	1
5362	15193	1
3181	3182	1
12237	6466	1
8164	2646	1
2883	1858	1
3970	5586	1
9731	13105	1
3958	814	1
2532	5822	1
2883	2572	1
11687	8803	1
8935	5570	1
4548	3401	1
5585	5586	1
7088	1656	1
2713	2059	1
5983	14982	1
8935	6380	1
12467	12134	1
7228	13289	1
8404	4883	1
2479	3542	1
4815	3212	1
6080	5161	1
12038	4554	1
10654	5357	1
5358	5357	1
15078	15078	1
9966	10538	1
13652	5065	1
2234	2227	1
5236	1434	1
1339	10706	1
9375	9242	1
5511	4883	1
4408	5742	1
8812	447	1
5234	11135	1
3515	3230	1
7779	1005	1
2883	4883	1
6325	2751	1
5365	5742	1
15176	4001	1
2342	476	1
7980	8935	1
9587	8545	1
15194	8228	1
11923	9396	1
11591	12161	1
9522	2617	1
14928	14274	1
9281	10651	1
14274	14928	1
6530	2902	1
11175	11947	1
7369	7988	1
2874	8184	1
12397	12773	1
9396	11923	1
876	3190	1
2691	4278	1
4810	5314	1
2016	5070	1
2172	5977	1
7407	7408	1
12978	9234	1
4278	2691	1
5859	12908	1
6997	9234	1
2874	3391	1
1509	296	1
10488	6843	1
4093	4093	1
2506	9234	1
3855	4857	1
13453	1184	1
13824	15195	1
4664	6783	1
8139	10853	1
15090	12813	1
8903	11403	1
14547	9234	1
6183	13640	1
15196	15196	1
4371	3488	1
663	15151	1
2644	4009	1
2008	14794	1
6985	9894	1
14081	14075	1
5374	3109	1
5248	4207	1
5140	2399	1
14075	14081	1
5381	10387	1
9894	6985	1
12161	11591	1
2016	1094	1
805	13046	1
14197	7108	1
12813	15090	1
192	2114	1
3462	15197	1
13107	13247	1
13538	13311	1
10713	7831	1
5586	5585	1
5142	13581	1
14140	14140	1
3669	6505	1
3233	6411	1
14265	6069	1
9488	9234	1
3190	14849	1
4207	5248	1
12670	7308	1
15198	15103	1
15199	15200	1
7308	12670	1
6127	7032	1
9353	2301	1
7597	7032	1
9234	14547	1
10615	11201	1
5922	11201	1
249	2109	1
1727	4171	1
14478	4753	1
4888	12917	1
13652	7032	1
3212	4815	1
2016	3136	1
8025	8025	1
2016	11043	1
5884	774	1
4030	6849	1
12660	4087	1
5013	2291	1
9581	10620	1
8184	2874	1
8517	14983	1
13108	11774	1
6599	7126	1
4506	4505	1
4141	8681	1
7370	13343	1
9962	14849	1
3391	2874	1
6769	8911	1
15201	14403	1
12728	1242	1
2228	4946	1
7739	7739	1
5747	6296	1
8911	6769	1
12022	6131	1
7625	7367	1
9488	2107	1
4383	5774	1
9300	7654	1
14755	6068	1
14403	15201	1
6299	4578	1
5366	5366	1
1059	5774	1
8067	4578	1
11106	271	1
2016	1428	1
5923	1700	1
7006	4287	1
5298	4012	1
1242	12728	1
15202	15028	1
7654	9300	1
5742	4408	1
4287	7006	1
2389	4658	1
447	8812	1
9234	9488	1
15203	8490	1
9966	7334	1
3687	3686	1
5047	7543	1
9880	4857	1
8401	6977	1
9400	3985	1
2016	2616	1
469	8443	1
6037	5540	1
12591	13723	1
12766	9331	1
992	12254	1
13652	14239	1
3689	8222	1
13652	14113	1
14885	13284	1
1509	1022	1
2435	2436	1
11777	9394	1
6977	8401	1
2883	1022	1
10457	8738	1
6765	3211	1
5482	4113	1
15193	5362	1
1081	9409	1
7940	7940	1
2308	4113	1
7789	13538	1
11815	6371	1
4321	14364	1
3245	5362	1
1144	1209	1
6236	10783	1
8676	1134	1
