10569	12650	1
1406	996	1
15082	14457	1
12336	627	1
4747	10351	1
9144	8973	1
14153	1307	1
14849	3762	1
1380	996	1
10788	14995	1
6849	10826	1
905	564	1
5442	14754	1
5282	5217	1
9069	12732	1
4409	5217	1
7318	8331	1
1184	1572	1
6265	996	1
4747	12553	1
8968	996	1
3849	15034	1
5485	3561	1
5278	12650	1
5642	3561	1
4946	13137	1
15083	9232	1
6086	5420	1
4724	8492	1
599	1107	1
4980	2555	1
3762	14849	1
14650	10176	1
5278	7402	1
2572	1203	1
7639	13114	1
3549	185	1
2327	10327	1
3138	5581	1
11407	2874	1
4294	8773	1
14550	15084	1
12664	12650	1
3623	1203	1
4418	15069	1
2936	4992	1
2479	5489	1
14755	4940	1
6490	8974	1
6904	9105	1
14132	14461	1
5191	4069	1
14831	8280	1
8591	5230	1
14173	14173	1
4069	5191	1
14341	9464	1
10461	9887	1
9144	6343	1
2643	3094	1
5516	11275	1
3287	585	1
14754	5442	1
6233	5230	1
12141	2651	1
10687	4287	1
7761	7791	1
4163	4422	1
13529	13795	1
10308	5490	1
5231	4070	1
13710	10066	1
4163	2545	1
14949	12819	1
9095	7863	1
4101	9863	1
2479	3310	1
14393	14393	1
9204	14944	1
5382	877	1
5463	3351	1
267	11408	1
159	2712	1
11540	9477	1
1064	518	1
6787	9477	1
15034	3849	1
3480	8668	1
11771	7723	1
6540	7125	1
1361	1360	1
13481	2725	1
4524	3274	1
13392	10354	1
9518	9518	1
160	84	1
12553	4747	1
6487	2790	1
6562	8810	1
10351	4747	1
8824	4653	1
13261	4430	1
10651	14943	1
5656	11216	1
2479	1567	1
2240	8473	1
1566	12496	1
9860	14198	1
15085	9670	1
10051	9087	1
14198	9860	1
3515	14222	1
15016	7909	1
4033	12899	1
54	62	1
10140	6848	1
6925	3196	1
8810	6562	1
14496	14477	1
14467	15028	1
3321	3037	1
1619	5266	1
12540	14165	1
11089	9722	1
1401	5441	1
865	6495	1
625	12107	1
3593	3284	1
4163	13248	1
3915	5395	1
1923	1307	1
5008	1537	1
10273	9717	1
7891	13416	1
8974	6490	1
11834	6573	1
4940	14755	1
1064	12899	1
11540	8036	1
1693	222	1
13289	7228	1
2479	1712	1
4726	5570	1
14995	10788	1
7739	13311	1
13538	7407	1
3297	14503	1
3486	5092	1
3314	10200	1
15086	6883	1
14768	9364	1
12092	14069	1
11943	14069	1
1432	5627	1
12263	12264	1
50	9959	1
5166	5450	1
9669	6321	1
4163	2420	1
9144	2420	1
4163	1176	1
5742	4408	1
1368	1625	1
14818	10179	1
14297	65	1
13187	13187	1
13393	13393	1
2643	2488	1
835	2935	1
10179	14818	1
6378	12187	1
5581	1660	1
1813	5335	1
518	1064	1
3138	1660	1
10060	5430	1
10379	11512	1
5497	5498	1
12795	14855	1
1797	847	1
2325	13124	1
14547	14522	1
8773	4294	1
847	1797	1
9522	2617	1
10617	14522	1
5262	10649	1
4034	7340	1
393	393	1
7334	9542	1
5026	5027	1
3694	3480	1
9719	4632	1
15087	15087	1
11540	13538	1
11713	14303	1
1091	2589	1
9037	9038	1
9087	10051	1
768	3912	1
14131	8359	1
2311	15088	1
2643	2915	1
4163	2915	1
4163	2651	1
10025	2384	1
9767	14855	1
2643	3816	1
663	13018	1
1897	8222	1
15089	15090	1
14274	14928	1
9037	8803	1
4163	2440	1
4770	3380	1
185	3549	1
3843	6213	1
3216	5355	1
10667	8162	1
9704	4429	1
15034	5553	1
14617	14321	1
14969	11630	1
1452	1451	1
14382	14321	1
1625	1368	1
996	1294	1
14784	14207	1
10123	4294	1
1451	1452	1
4163	13974	1
11799	11800	1
3790	584	1
14303	11713	1
4832	4812	1
518	1939	1
13289	12773	1
2752	14667	1
5656	12382	1
3545	3333	1
12918	2275	1
12926	12926	1
9037	6924	1
11974	6776	1
2479	1221	1
1087	835	1
12292	7930	1
2935	835	1
7791	7761	1
2479	296	1
1702	6752	1
5217	4409	1
562	11500	1
8492	4724	1
9799	4006	1
11201	5	1
11500	562	1
12773	13289	1
7956	10083	1
1387	6630	1
7369	7452	1
12364	10084	1
9735	7481	1
4830	4763	1
8137	5825	1
2008	1810	1
15090	15089	1
1660	5581	1
5826	5825	1
13529	14212	1
960	82	1
9037	4763	1
4257	4030	1
11972	15091	1
4950	5392	1
13673	8401	1
8228	14969	1
8593	8816	1
2479	4603	1
4846	13412	1
10067	14217	1
12714	4429	1
10687	10413	1
4006	9799	1
10891	11513	1
6564	10413	1
276	1795	1
9722	11089	1
11759	4603	1
14217	10067	1
14855	12795	1
13564	1913	1
12071	3737	1
4437	4603	1
1800	9605	1
9881	9605	1
10313	8197	1
7519	1488	1
1372	1731	1
8779	14502	1
9542	7334	1
12382	4320	1
7134	11157	1
8937	14731	1
10413	6564	1
13013	2589	1
11774	13108	1
14968	7602	1
13761	7239	1
6104	8885	1
3248	8985	1
5618	4341	1
3476	1797	1
14870	1069	1
6213	3843	1
13710	1069	1
8401	13673	1
12217	8880	1
13715	4822	1
3849	6361	1
5551	5489	1
14869	7276	1
2227	4057	1
8280	6334	1
12382	7215	1
1199	7663	1
7376	9373	1
4057	2227	1
4174	5546	1
6334	8280	1
6141	4950	1
5546	4174	1
15069	4418	1
13019	3862	1
3073	7602	1
4603	12373	1
1930	1791	1
1069	14870	1
11938	4057	1
4163	1612	1
8280	14831	1
2643	4102	1
13416	7891	1
237	10742	1
4763	5715	1
12469	6022	1
5577	8935	1
1307	11799	1
3992	5503	1
4707	4706	1
8819	10742	1
14816	5806	1
7020	9342	1
8359	14131	1
9342	7020	1
6321	9669	1
8359	8359	1
1826	4721	1
9080	1913	1
8125	6185	1
5366	12779	1
13398	6069	1
4430	13261	1
1096	3068	1
12779	5366	1
3467	2386	1
10206	10207	1
3068	1096	1
2386	3467	1
13086	13087	1
10836	12758	1
4549	9656	1
2934	2869	1
9863	4101	1
9364	14768	1
11159	14855	1
1387	23	1
6185	5825	1
1572	1184	1
4332	14510	1
1481	5087	1
8788	11243	1
8587	11967	1
6166	7127	1
13829	12882	1
14117	9330	1
1188	2334	1
13108	11774	1
6521	14844	1
12399	312	1
15092	11661	1
5755	9193	1
2479	7501	1
6364	6845	1
1025	518	1
12819	14949	1
9240	9388	1
7602	14968	1
12814	3602	1
15093	15089	1
7983	7042	1
7340	4034	1
737	13974	1
4548	2360	1
8036	7739	1
2651	12402	1
1059	12365	1
5905	2127	1
8885	6104	1
10329	10329	1
8985	3248	1
14678	12342	1
2454	3822	1
996	8968	1
12187	6378	1
534	5402	1
12402	2651	1
7028	5402	1
14928	14274	1
1816	2484	1
5618	8030	1
9144	6765	1
13477	11271	1
414	11789	1
5679	3072	1
5266	1619	1
15035	5920	1
5217	4730	1
6820	8359	1
3043	4578	1
5981	6155	1
4730	5217	1
4163	718	1
5203	6312	1
8707	7501	1
9144	3010	1
14718	11026	1
541	1523	1
5280	2801	1
1554	3295	1
14502	8779	1
274	9423	1
15094	12945	1
2360	4548	1
2643	760	1
12071	15095	1
2506	1341	1
5308	7032	1
5140	2399	1
5581	2496	1
14603	4981	1
2646	7857	1
2794	2794	1
4312	8173	1
15096	15096	1
11540	1237	1
74	610	1
814	1523	1
7723	11771	1
11067	2427	1
3984	2427	1
3353	7645	1
13622	3351	1
2651	2427	1
12520	11416	1
2420	2427	1
2915	2427	1
5087	1481	1
13737	10620	1
2623	2427	1
2589	1091	1
997	2427	1
15097	15097	1
2427	2623	1
8548	2427	1
2461	15032	1
1816	5116	1
13826	14889	1
15098	15098	1
15090	1395	1
11513	13767	1
6117	6729	1
9193	5755	1
7059	7059	1
2091	2529	1
2479	3542	1
5366	3849	1
5205	5204	1
14862	507	1
4890	3849	1
12734	13356	1
6299	6515	1
10537	13420	1
8322	7326	1
10810	8139	1
8139	10810	1
5116	1816	1
2559	3160	1
4163	2427	1
371	425	1
11233	8173	1
5400	5399	1
11807	7764	1
1525	425	1
2496	5581	1
9330	14117	1
7376	1900	1
12457	14398	1
4430	3762	1
5261	5260	1
4654	3546	1
9388	9240	1
9896	5248	1
2479	980	1
1524	980	1
4316	14864	1
8162	10667	1
6178	14345	1
11201	5922	1
15099	15100	1
12071	6473	1
2924	4806	1
14864	4316	1
7231	7024	1
4156	5952	1
6840	4610	1
9556	5027	1
14828	14831	1
12732	11909	1
7853	8057	1
15101	9854	1
4287	10687	1
7983	2838	1
4163	5717	1
7967	7143	1
8194	12274	1
8141	12771	1
12916	3860	1
15062	11988	1
5230	6233	1
6183	4755	1
2646	6507	1
11630	2446	1
2838	7983	1
12271	6104	1
2479	1524	1
10826	14265	1
1816	6832	1
7953	207	1
10179	5821	1
5027	9556	1
5821	10179	1
585	3287	1
7930	12292	1
15081	4605	1
4806	2924	1
12134	8763	1
3787	6902	1
6787	8763	1
13853	10550	1
1184	3443	1
1731	1372	1
10421	1274	1
13974	737	1
7536	6320	1
8006	8005	1
7486	3430	1
3430	7486	1
5399	5400	1
7361	10620	1
1387	5512	1
6334	6562	1
4277	1999	1
6905	6904	1
4946	9925	1
4931	3307	1
5260	5261	1
4790	4398	1
11799	1307	1
4755	6183	1
13826	14923	1
4164	10900	1
865	375	1
5627	1432	1
10335	11514	1
8880	12217	1
6444	8781	1
11514	10335	1
15102	3499	1
12117	11687	1
2420	15032	1
453	635	1
7000	7624	1
4662	7624	1
5121	11321	1
15098	7424	1
207	7953	1
15103	5017	1
5017	15103	1
4741	5270	1
3824	12217	1
15104	6609	1
1727	1055	1
2479	1025	1
11988	15062	1
15074	10663	1
5	11201	1
876	1584	1
1488	7519	1
9037	8591	1
3800	7626	1
7983	3345	1
12397	12773	1
4345	4346	1
3606	5068	1
50	5453	1
2446	11630	1
1996	1996	1
3709	4332	1
4294	10123	1
15105	10226	1
628	627	1
14510	4332	1
3817	8330	1
6729	6117	1
8763	6787	1
477	4703	1
4346	4345	1
10285	13323	1
9966	11514	1
2051	1558	1
2855	1517	1
1338	4537	1
9477	11540	1
8036	11540	1
865	1043	1
13538	11540	1
2114	192	1
1096	1517	1
9386	4181	1
545	3702	1
1237	11540	1
1077	14920	1
14831	14828	1
8152	5790	1
4358	3747	1
1517	1096	1
6772	14659	1
14825	7267	1
7853	7066	1
13453	11224	1
956	8466	1
2479	14239	1
3121	3102	1
5335	1813	1
15106	11514	1
11514	15106	1
15107	15108	1
13323	10285	1
6185	8125	1
1642	5881	1
5402	534	1
5278	13687	1
6562	6334	1
5219	4592	1
5836	4592	1
4602	4346	1
15106	7334	1
12174	9690	1
6346	6363	1
88	986	1
3820	976	1
2234	3954	1
4492	4724	1
1341	2506	1
7334	15106	1
15109	147	1
294	6854	1
7032	5308	1
14851	5697	1
3186	7181	1
14978	6306	1
10179	15110	1
15110	10179	1
6306	14978	1
50	5624	1
8005	8006	1
8162	12174	1
14461	7049	1
78	12141	1
9144	9669	1
9144	5733	1
14840	8540	1
5558	4212	1
2579	14345	1
9193	2292	1
5949	2027	1
3333	3545	1
10620	13737	1
3196	6925	1
9037	9880	1
14504	14504	1
3345	7983	1
5047	5893	1
9423	274	1
1005	920	1
5893	5047	1
9923	15111	1
14207	14784	1
4592	5836	1
6573	11834	1
9144	15112	1
3702	545	1
3400	4303	1
4524	4588	1
84	160	1
15113	4662	1
4163	2934	1
13976	10081	1
14855	11159	1
15114	15114	1
2685	2310	1
5335	1451	1
11967	8587	1
1584	4789	1
8257	6854	1
4724	4492	1
14461	14132	1
15115	15116	1
7689	2371	1
3449	14727	1
6997	2311	1
2479	4577	1
7376	8975	1
1607	7273	1
4280	4280	1
2148	2148	1
12336	6977	1
5003	4454	1
5027	5026	1
4588	4524	1
7800	11074	1
290	6249	1
14477	14496	1
6994	6564	1
206	14167	1
8852	2578	1
7731	7179	1
9251	10389	1
8198	14167	1
7179	7731	1
1939	518	1
1055	1727	1
4588	3274	1
9144	3578	1
7340	1723	1
9031	4692	1
7274	6564	1
4163	2163	1
14197	7108	1
9037	11440	1
12828	12829	1
12795	8668	1
920	1005	1
11779	13580	1
8466	956	1
13756	1631	1
13920	1631	1
14825	13580	1
11344	11485	1
15117	15117	1
6849	7336	1
15089	15093	1
11836	11836	1
13011	13091	1
10900	4164	1
7739	8036	1
6363	6346	1
835	1087	1
15116	15115	1
4163	2492	1
12920	7535	1
7181	3186	1
4573	616	1
4836	8967	1
4251	4789	1
13411	7776	1
865	1427	1
5922	11201	1
4409	4730	1
13580	11779	1
6066	11201	1
15118	15118	1
13398	11779	1
8401	8401	1
15106	9966	1
1964	6088	1
5634	7885	1
13412	4846	1
6216	1096	1
2643	7932	1
2699	7276	1
6088	1964	1
564	4457	1
13091	13011	1
13705	6132	1
14851	2691	1
12170	8412	1
11074	7800	1
11687	12117	1
2678	4796	1
14054	14570	1
3237	3325	1
9190	5355	1
15119	9690	1
3314	11160	1
5683	3213	1
6649	5694	1
13687	12650	1
5147	3295	1
11702	490	1
7273	1607	1
12426	5128	1
3830	1022	1
7813	6354	1
3128	2832	1
7558	15116	1
4163	1022	1
9239	10139	1
344	1097	1
5694	6649	1
12837	10042	1
5825	5576	1
10139	9239	1
15120	11416	1
13893	15014	1
6146	7323	1
2643	3401	1
4457	564	1
1723	7340	1
4163	2478	1
9400	3985	1
6845	6364	1
8330	3817	1
5366	5366	1
2657	14900	1
13687	5278	1
490	11702	1
6849	9763	1
10051	1222	1
10826	10827	1
11630	10761	1
12916	10756	1
5898	5897	1
11540	6056	1
9763	6849	1
5188	1064	1
10761	11630	1
10457	11416	1
11296	8425	1
4398	4790	1
4730	4409	1
8412	1884	1
4506	11602	1
13797	1846	1
1939	12721	1
8295	8425	1
7969	8425	1
8262	2973	1
3954	2234	1
4983	4796	1
2973	8262	1
12117	4793	1
15121	15121	1
5922	5	1
6983	5804	1
7066	7853	1
12721	1939	1
14969	5970	1
2873	9862	1
5590	5590	1
2289	8680	1
9144	13030	1
10042	12837	1
834	834	1
11163	9009	1
4279	3998	1
455	3602	1
3849	5366	1
2354	8057	1
12816	13538	1
469	8443	1
5278	7273	1
10081	13976	1
11514	9763	1
7739	13538	1
1087	864	1
6245	9862	1
12093	10220	1
13198	11044	1
2636	6161	1
8450	5314	1
1846	13797	1
3109	5374	1
5624	50	1
3314	710	1
5797	5047	1
4163	2465	1
7273	5278	1
3998	4279	1
8867	8451	1
11540	9736	1
