12728	3851	1
10681	10869	1
4810	5314	1
3287	5956	1
6811	9670	1
13421	15210	1
12661	14810	1
13889	5133	1
8261	13514	1
15293	15210	1
5047	5893	1
11973	6530	1
2390	1254	1
5893	5047	1
15294	15294	1
13514	8261	1
4983	4796	1
5939	5783	1
12690	13974	1
14609	10357	1
3795	5565	1
4726	13477	1
14396	14396	1
5416	2973	1
6258	7764	1
6787	8763	1
737	1081	1
9575	9470	1
12467	1987	1
5365	15075	1
1394	3673	1
15023	6977	1
12456	11776	1
1607	8386	1
4036	5670	1
14263	4555	1
14197	7220	1
9862	6245	1
8763	6787	1
418	3756	1
15290	9248	1
418	1343	1
3795	5566	1
2260	14503	1
5670	4036	1
14656	11836	1
15295	1967	1
4626	12728	1
3753	14876	1
12728	4626	1
8944	328	1
4810	9223	1
4055	1740	1
15024	7452	1
9248	15290	1
13393	13393	1
7452	7988	1
9302	13393	1
8645	7136	1
5474	7181	1
15296	13138	1
12753	15297	1
7975	2389	1
3097	3097	1
11268	12381	1
6127	11438	1
12599	7860	1
9605	5948	1
7126	2725	1
9600	10449	1
625	5843	1
15210	13421	1
5383	4899	1
12545	12381	1
12174	10754	1
10620	10273	1
6258	5442	1
7276	14807	1
2980	10455	1
3480	15147	1
1727	4725	1
13737	14573	1
4436	5750	1
9992	14573	1
8411	1444	1
1987	12467	1
2223	1400	1
1789	1400	1
2398	5750	1
484	2830	1
11794	2204	1
14813	14042	1
15298	15297	1
10049	3606	1
7134	3606	1
2205	8522	1
625	5062	1
14042	2199	1
5062	625	1
7276	10437	1
13629	768	1
2205	5294	1
9722	2611	1
1134	13538	1
12197	7995	1
4824	678	1
8071	10411	1
10667	5300	1
5377	10183	1
13538	12816	1
9104	6034	1
1361	1360	1
6752	13907	1
14896	5773	1
11438	6127	1
2550	1097	1
1360	1361	1
5750	2398	1
7995	12197	1
8367	12161	1
14115	9383	1
9276	10351	1
4747	10351	1
8786	15197	1
10351	4747	1
11407	6757	1
12910	12910	1
4412	4413	1
11159	9767	1
12601	12630	1
7785	4295	1
14870	1031	1
7988	7452	1
7134	7953	1
7237	7953	1
5133	3855	1
14503	2260	1
3855	14849	1
12618	778	1
1081	737	1
7020	10179	1
5078	8890	1
8876	8876	1
7220	14197	1
13477	10179	1
15147	3480	1
12381	11268	1
13884	9966	1
3743	5791	1
4375	12512	1
2621	2604	1
4260	14969	1
11972	9391	1
15075	5365	1
15299	9422	1
5715	4983	1
15283	13442	1
7237	8121	1
3286	3123	1
4457	6062	1
1194	4376	1
7452	15024	1
4254	10865	1
1731	2123	1
8750	8575	1
3960	11610	1
5111	3723	1
6062	6151	1
1400	1789	1
15253	8541	1
11547	9070	1
2024	8601	1
9253	9070	1
2974	12982	1
10737	10569	1
13580	509	1
484	6503	1
10437	7276	1
475	1514	1
14940	1514	1
518	1241	1
14573	13737	1
58	564	1
4257	4030	1
835	908	1
980	1241	1
696	2234	1
14803	4218	1
11337	9580	1
3056	878	1
15300	15297	1
3210	3823	1
2228	1854	1
2958	1854	1
9009	6867	1
799	6467	1
1617	1392	1
2024	13187	1
14197	3545	1
14851	5697	1
5943	4948	1
980	3084	1
4951	1383	1
3967	3084	1
14734	14734	1
3823	3210	1
13908	13017	1
10755	4113	1
8472	13105	1
7258	8150	1
12024	12870	1
7619	11696	1
9957	5506	1
529	4004	1
6867	11696	1
6811	14025	1
9966	10335	1
380	3340	1
13432	14025	1
1886	3051	1
980	1584	1
10455	2980	1
4679	3051	1
5755	13614	1
5300	10667	1
9669	6022	1
7134	13807	1
15274	3723	1
5684	12785	1
6212	2703	1
9373	5262	1
1571	974	1
5537	4939	1
7971	6729	1
5366	12779	1
13432	9670	1
475	11300	1
10865	4254	1
11730	8706	1
6322	4506	1
6062	4506	1
9670	6811	1
8319	5778	1
12816	13538	1
980	1188	1
12353	9120	1
12381	12545	1
12779	5366	1
8150	7258	1
4984	645	1
5133	13889	1
1619	5266	1
8706	11730	1
6811	6334	1
2652	1188	1
4755	4755	1
7367	6294	1
11561	12336	1
1031	1069	1
5977	2172	1
8611	5096	1
3258	4250	1
1774	4692	1
9303	9411	1
10049	2096	1
980	7308	1
4250	3258	1
9763	14807	1
12785	5684	1
14940	1742	1
6144	14245	1
15301	15301	1
4884	65	1
424	5091	1
54	62	1
11159	2260	1
6867	9009	1
6533	9009	1
8319	1222	1
6234	2785	1
4939	5537	1
4057	11938	1
4413	4412	1
6062	2450	1
9767	11159	1
12744	10639	1
2260	11159	1
12469	6022	1
1850	3043	1
2024	7162	1
8830	226	1
7237	11116	1
4778	14131	1
4430	10164	1
9777	8734	1
5091	424	1
708	4370	1
2024	710	1
9069	10507	1
10389	9251	1
3967	710	1
5773	3160	1
8676	1133	1
243	4370	1
9957	7265	1
2980	1128	1
7831	12456	1
4370	243	1
13442	15283	1
5415	4655	1
14947	13750	1
5711	5715	1
12456	7831	1
9251	10389	1
980	1171	1
5278	5748	1
1188	2652	1
13381	14041	1
3545	14197	1
14361	12982	1
14121	14120	1
3967	2420	1
14245	6144	1
5416	7088	1
366	2338	1
4111	5318	1
4052	3418	1
11820	4219	1
6765	9669	1
2870	1935	1
3960	1108	1
2832	2843	1
1996	12933	1
509	4793	1
6258	5087	1
14066	5191	1
15293	15293	1
7413	5096	1
8144	5191	1
9470	6649	1
7798	8190	1
9957	3043	1
10411	8071	1
6576	6513	1
10389	13781	1
10570	5060	1
7791	8773	1
10049	6296	1
3043	9957	1
9769	3546	1
7920	7052	1
2621	6363	1
13289	12773	1
14264	15253	1
8599	13749	1
5026	15253	1
2024	10531	1
2260	2881	1
8541	15253	1
7237	9924	1
11623	15055	1
6745	2478	1
7791	14118	1
14502	13083	1
10814	8903	1
12336	11561	1
14816	8420	1
6258	5086	1
14173	14197	1
5750	3931	1
9796	9233	1
4147	13146	1
4836	4950	1
5818	5110	1
12773	13289	1
12494	6282	1
5845	14239	1
7089	12805	1
1031	3091	1
14940	14940	1
12353	8903	1
13781	10389	1
12512	4375	1
5248	13031	1
15302	15302	1
7134	11157	1
10767	10313	1
4696	6577	1
5598	6648	1
9009	11696	1
6282	12494	1
14920	14919	1
5870	15183	1
4409	7126	1
458	459	1
8903	10814	1
1517	2855	1
2621	2523	1
15110	14482	1
4418	8051	1
7126	4409	1
8051	4418	1
6245	9862	1
509	13580	1
7582	15292	1
15303	7491	1
7622	14478	1
7343	14454	1
11851	3786	1
9276	14478	1
14493	14477	1
7079	3287	1
12399	312	1
10313	10767	1
1055	4171	1
7370	5377	1
11334	11610	1
9369	6193	1
4951	5376	1
14810	12661	1
4171	1055	1
951	4258	1
4490	15153	1
6086	7090	1
6745	2655	1
12805	7089	1
10651	9281	1
3912	11649	1
10620	13354	1
1133	8676	1
13747	13747	1
12982	2974	1
6466	12237	1
15304	1955	1
5684	6085	1
6865	3160	1
12509	13083	1
5898	5897	1
9120	12353	1
6415	13083	1
5736	9589	1
7952	4285	1
12124	14504	1
12596	10663	1
8903	12353	1
8208	9881	1
2935	4469	1
5841	4622	1
4782	609	1
6193	9369	1
4850	2051	1
3297	11455	1
3485	1570	1
7831	10713	1
1523	1117	1
1740	4055	1
4113	10755	1
2308	14849	1
15305	4398	1
14920	370	1
12237	6466	1
13750	13750	1
15253	14264	1
14849	2308	1
2422	10755	1
9281	10651	1
6577	4696	1
4815	3212	1
14531	13581	1
14117	13552	1
5306	222	1
14340	14341	1
4252	5707	1
13354	10620	1
2725	13481	1
2483	5382	1
1996	3547	1
4836	8967	1
2935	998	1
835	998	1
4398	15305	1
5266	4561	1
13083	12509	1
7361	10620	1
9872	5317	1
4052	2103	1
13590	6898	1
13552	14117	1
13744	15035	1
13820	1810	1
5566	3795	1
4260	15280	1
5565	3795	1
7028	5332	1
5402	5332	1
15306	11943	1
6757	11407	1
15130	2199	1
8332	3743	1
3461	1956	1
11943	15306	1
14197	14173	1
2915	15307	1
3743	13872	1
11943	14069	1
1055	12469	1
7090	5773	1
3137	11479	1
5773	7090	1
7134	7158	1
10049	10615	1
6923	5948	1
5849	13473	1
2488	3383	1
7739	1237	1
7090	6086	1
7159	7160	1
1854	2134	1
3287	7079	1
1546	7227	1
5435	2705	1
5843	11689	1
14573	9992	1
6898	13590	1
11074	12274	1
13473	5849	1
14478	7622	1
1740	4299	1
13747	15277	1
680	7588	1
14504	12124	1
475	896	1
1584	3190	1
5278	7273	1
1250	203	1
4345	8251	1
11938	4057	1
2431	2162	1
5037	8466	1
7588	680	1
4144	8092	1
3829	4251	1
5485	5603	1
190	203	1
12491	5385	1
484	4748	1
12773	12397	1
7913	7395	1
5376	4951	1
6236	9330	1
980	3171	1
2733	2730	1
1362	2730	1
3088	2959	1
5348	5349	1
6490	11102	1
980	4366	1
5409	1397	1
4801	8711	1
7917	15308	1
3967	5421	1
13494	15309	1
11204	7243	1
15309	13494	1
9737	4481	1
12469	1055	1
3176	4652	1
2646	3258	1
2730	2733	1
2621	1195	1
14117	8699	1
10351	9276	1
6282	6282	1
3212	4815	1
14478	9276	1
5332	5402	1
475	1859	1
12472	6843	1
5227	2848	1
4970	4095	1
15280	4260	1
3190	1584	1
4251	3944	1
14969	4260	1
2541	1508	1
14920	5885	1
2621	1134	1
11972	6021	1
14920	4260	1
3967	2087	1
14115	11017	1
380	1558	1
10179	12111	1
3899	2042	1
4652	3176	1
10639	12744	1
9881	8208	1
8929	918	1
7408	12061	1
11649	3912	1
6745	11009	1
15310	11009	1
15311	11009	1
15312	6443	1
13407	8280	1
14889	13826	1
11846	2230	1
10810	8139	1
11998	10465	1
6183	1425	1
8017	6297	1
3855	5133	1
13794	15184	1
12896	11817	1
2134	1854	1
14229	366	1
15266	14119	1
3258	2646	1
8774	5191	1
7273	5278	1
13688	10639	1
2621	14119	1
14522	10617	1
11379	11816	1
13	30	1
12111	10179	1
3170	3673	1
3450	6646	1
14565	12217	1
6646	3450	1
4006	9799	1
12161	11591	1
6648	5598	1
13538	13311	1
2698	5598	1
11591	12161	1
7085	5598	1
8319	7317	1
8547	5598	1
12381	5598	1
9374	601	1
13311	13792	1
11817	12896	1
5191	5598	1
8347	14075	1
5753	3178	1
10285	5598	1
7408	10904	1
7398	1608	1
6104	3178	1
12540	6901	1
10318	2240	1
14165	6901	1
11858	906	1
4660	4446	1
7206	8051	1
2874	2935	1
6540	8421	1
7680	1188	1
7134	3442	1
835	2935	1
3178	6104	1
14454	7343	1
4469	2935	1
4747	14478	1
6811	14284	1
998	2935	1
9070	9253	1
12416	9015	1
475	6320	1
709	7605	1
3967	3358	1
14197	3315	1
15313	14364	1
878	3056	1
9451	6506	1
10547	14478	1
4996	1468	1
3433	6493	1
1468	4996	1
1643	15171	1
6371	8778	1
10335	9966	1
4238	2580	1
11689	5843	1
9042	8778	1
10570	14478	1
2024	1378	1
7000	6783	1
6783	7000	1
11102	6490	1
2621	1339	1
4829	12870	1
14341	14340	1
7243	11204	1
980	2479	1
10537	11411	1
8174	14478	1
7300	2032	1
4133	6783	1
4299	1740	1
15286	11407	1
11411	10537	1
14496	14478	1
10566	5294	1
7901	14849	1
6977	13673	1
1797	846	1
10688	10688	1
14478	4747	1
4901	5000	1
4755	11973	1
13744	5813	1
6783	7090	1
10755	2422	1
906	11858	1
14849	7901	1
6868	5793	1
3822	3824	1
8541	7535	1
980	5307	1
11973	4755	1
5670	11724	1
9158	7526	1
