2588	3923	1
5849	6893	1
3923	3923	1
10868	12082	1
14844	6251	1
8822	6564	1
7514	14370	1
5292	6424	1
6034	1055	1
11470	9888	1
4006	7359	1
1509	543	1
8404	12806	1
8891	4341	1
9564	13403	1
2052	2526	1
6309	3177	1
2605	11865	1
14867	1646	1
1269	3014	1
4303	7791	1
11820	5722	1
13403	9564	1
1517	3921	1
10523	5259	1
13694	14889	1
3923	2588	1
10868	12105	1
2525	2526	1
8830	5849	1
7791	4303	1
7003	974	1
9301	7408	1
2773	7408	1
4853	9065	1
14916	8040	1
4303	4556	1
10455	9021	1
2668	6325	1
4556	4303	1
6197	12051	1
14948	7492	1
8040	14916	1
10685	6562	1
4132	7807	1
8822	9880	1
7807	4132	1
11044	9389	1
7780	8331	1
3068	6246	1
14274	14928	1
3186	13014	1
11817	5469	1
2042	2842	1
2842	2042	1
13014	3186	1
14370	7514	1
14886	14197	1
3196	7318	1
9852	7318	1
14949	12819	1
8222	8031	1
1535	13756	1
9021	10455	1
4626	13756	1
6037	5540	1
13920	13756	1
14880	14880	1
5360	2255	1
11553	11777	1
13477	14818	1
5715	6316	1
14846	14818	1
7334	6316	1
1447	442	1
5545	1886	1
9887	13477	1
8998	8975	1
4726	13477	1
14091	7318	1
6316	5715	1
7952	6925	1
3654	14818	1
8683	14818	1
1631	13756	1
14950	13588	1
2678	4032	1
6319	3950	1
9690	14198	1
10165	10687	1
8328	6490	1
14198	9690	1
5176	5977	1
518	1064	1
12585	4102	1
7780	7318	1
14569	6354	1
5821	14818	1
1064	518	1
14411	11397	1
9690	9690	1
13477	4726	1
13710	13710	1
6729	10687	1
3950	6319	1
7318	3196	1
14091	3196	1
14951	6119	1
10758	4555	1
680	1472	1
12541	4851	1
9493	6084	1
3210	5481	1
14303	14818	1
14712	12650	1
14889	13694	1
14755	10687	1
5980	14952	1
9342	14818	1
7333	14818	1
2205	5294	1
11988	11128	1
328	3994	1
4285	7952	1
10235	14153	1
14804	5294	1
8932	10687	1
4241	7450	1
249	2109	1
3852	5633	1
5518	5170	1
6068	14755	1
10165	14755	1
10687	14755	1
3014	1269	1
3315	5683	1
4946	9105	1
13898	11301	1
1064	8806	1
14953	6226	1
14091	14091	1
5077	13265	1
6320	14754	1
11301	13898	1
6671	5591	1
10530	2564	1
843	4044	1
10599	5530	1
14954	14954	1
14955	1307	1
1923	1307	1
13219	5380	1
8280	7798	1
6562	8700	1
14153	10235	1
3041	5355	1
9719	3033	1
8830	2051	1
3130	2127	1
14714	4946	1
1646	14867	1
4312	8173	1
8684	9002	1
5380	13219	1
8700	6562	1
9009	6678	1
10724	12264	1
2663	681	1
14956	9075	1
5683	3315	1
3520	653	1
676	653	1
229	770	1
3984	653	1
419	653	1
5411	653	1
12128	478	1
986	853	1
1401	653	1
6021	5874	1
1187	653	1
4167	1280	1
3921	1517	1
3130	1381	1
14825	4281	1
14940	904	1
4281	14825	1
5678	8336	1
7408	11371	1
936	937	1
9652	14957	1
5027	8359	1
9265	14313	1
8049	8365	1
250	11757	1
13898	14947	1
222	1693	1
3041	2646	1
11947	7141	1
1711	11781	1
4368	14900	1
451	1517	1
843	205	1
3198	11500	1
1517	5697	1
10018	12854	1
2181	11786	1
8361	14264	1
2262	11315	1
5822	3576	1
14264	8361	1
7007	535	1
5215	5216	1
229	3433	1
9067	6975	1
14958	14958	1
8830	4868	1
159	6902	1
12936	14855	1
1840	6270	1
14928	9365	1
14832	8545	1
814	7104	1
12433	14959	1
14947	13898	1
8763	12134	1
7780	8803	1
4836	4950	1
6633	6563	1
3130	6265	1
614	614	1
2911	9250	1
12533	14198	1
7798	8280	1
5215	2729	1
229	3917	1
5170	5518	1
11201	6066	1
5188	5227	1
8365	14836	1
8600	3071	1
4922	10109	1
12805	6765	1
9271	14820	1
5366	12779	1
5926	164	1
3033	9719	1
11799	8718	1
10172	10769	1
229	3910	1
5086	5087	1
5414	4789	1
14960	8718	1
543	1509	1
1481	5087	1
3404	3405	1
2935	835	1
1242	2338	1
5176	835	1
10346	10345	1
11781	1711	1
8261	2935	1
14634	14211	1
13705	13456	1
10067	11512	1
887	870	1
3486	3487	1
888	870	1
14961	14961	1
1693	222	1
12426	5128	1
835	2935	1
229	228	1
14931	2646	1
9471	1341	1
10109	4922	1
3137	9769	1
2526	2052	1
8280	5325	1
11512	10067	1
10724	2550	1
7741	5800	1
11687	12117	1
5325	8280	1
14715	5325	1
10257	11904	1
14531	13581	1
808	1512	1
13884	5325	1
435	11077	1
518	8204	1
6183	13597	1
9346	3059	1
12246	11164	1
13597	6183	1
14855	12936	1
3999	14962	1
9392	5628	1
10413	7274	1
7263	7666	1
3304	8204	1
3130	5227	1
1134	13538	1
960	82	1
13491	10467	1
5220	3200	1
104	59	1
5260	5261	1
10758	12312	1
14963	4146	1
3567	897	1
8336	5678	1
2289	2913	1
11947	7813	1
7469	4507	1
14409	13219	1
14198	12533	1
5800	7741	1
157	84	1
9725	14292	1
5321	9717	1
9714	13326	1
2308	3855	1
13041	1642	1
1840	4981	1
6765	3370	1
7780	3445	1
3130	1836	1
1680	13450	1
10035	1853	1
4014	10743	1
6843	10488	1
8587	11967	1
2051	1558	1
7552	6409	1
13516	11026	1
9778	4297	1
11026	13516	1
5513	5897	1
2935	2533	1
3130	2492	1
7666	7263	1
6811	6902	1
3068	2284	1
5897	5513	1
14964	5885	1
229	845	1
3633	11247	1
5885	10266	1
14886	8222	1
3745	3240	1
10266	5885	1
5489	7082	1
6183	4755	1
14569	14569	1
14965	1974	1
1134	13900	1
7711	7024	1
1050	8140	1
3441	7647	1
14755	10165	1
12734	11512	1
8806	1064	1
8212	5552	1
13004	13268	1
426	2274	1
8683	9342	1
828	3274	1
4733	5617	1
13710	6897	1
1081	737	1
14966	4013	1
8743	8618	1
478	12128	1
3864	2371	1
678	681	1
13496	7054	1
5087	1481	1
2381	1469	1
6316	4797	1
11451	14198	1
14967	14818	1
14292	9725	1
737	1081	1
4507	7469	1
506	2371	1
12779	5366	1
878	3056	1
1840	3929	1
1840	1987	1
14851	5697	1
3857	3892	1
13824	13390	1
7263	9618	1
6678	9009	1
1388	8062	1
278	3017	1
12771	8141	1
8991	7084	1
5963	1217	1
3242	14116	1
5617	4733	1
3059	9346	1
1370	1381	1
1280	1625	1
14116	3242	1
5628	294	1
8141	12771	1
14754	6320	1
5072	2537	1
11512	12734	1
13756	1535	1
2134	2134	1
4755	6183	1
7263	7264	1
6922	5861	1
3880	1345	1
6552	14107	1
14818	14967	1
2184	1753	1
6444	9085	1
11060	8854	1
808	4753	1
2646	14931	1
7181	3186	1
1840	3041	1
6327	5705	1
46	1796	1
2646	3041	1
14197	14886	1
2274	426	1
3021	14968	1
1642	13041	1
14969	4260	1
8545	9587	1
4950	4836	1
8062	1388	1
9426	2360	1
3017	2722	1
2237	5137	1
4791	4638	1
7909	12744	1
11077	435	1
8774	9366	1
11128	11988	1
2338	1242	1
4647	9366	1
3919	14573	1
5167	2237	1
13782	13782	1
10351	9276	1
608	546	1
2381	5111	1
8137	226	1
14928	14274	1
12819	14949	1
1119	294	1
1819	8020	1
6765	8452	1
294	5628	1
13593	145	1
3130	13204	1
13493	2578	1
2778	12150	1
10530	4755	1
6320	7158	1
9009	14691	1
9936	2578	1
2040	2677	1
14229	366	1
14691	9009	1
8140	1050	1
294	1119	1
5861	6922	1
5366	5496	1
2623	10572	1
2787	2787	1
4506	4505	1
7779	150	1
2722	3017	1
4816	14066	1
5546	4174	1
366	14229	1
3130	2874	1
7647	3441	1
5549	5485	1
14970	14667	1
7780	9174	1
7280	3544	1
14965	4400	1
730	1451	1
5220	4001	1
6700	6635	1
1840	6513	1
6975	9067	1
3970	7384	1
9924	7961	1
12861	5906	1
6867	12869	1
8117	410	1
3743	5791	1
8373	11423	1
8359	5027	1
14971	12340	1
14198	11451	1
9084	10742	1
14825	13580	1
7120	14099	1
14270	10742	1
13756	3851	1
1418	10742	1
7020	9342	1
8204	3304	1
8484	10492	1
12022	13573	1
9872	10742	1
3361	11960	1
14197	7108	1
9342	7020	1
10869	10681	1
10844	1716	1
5712	2319	1
1619	5266	1
9069	9581	1
5878	14966	1
5266	1619	1
797	1733	1
3130	2370	1
14904	5888	1
8886	13573	1
4013	14966	1
4227	12804	1
5087	5086	1
14972	14972	1
6869	6361	1
3849	6361	1
1897	13476	1
361	9148	1
3130	3509	1
38	39	1
7165	1305	1
10417	14973	1
4730	7452	1
14974	14974	1
9581	9069	1
13573	8886	1
383	9088	1
2100	6188	1
14966	5878	1
5504	11270	1
1051	1537	1
6604	7403	1
3186	7262	1
573	526	1
13737	13308	1
9704	526	1
7961	9924	1
13580	14825	1
6550	1756	1
11270	5504	1
10562	11455	1
14975	11315	1
6899	271	1
8830	12506	1
8830	1209	1
14976	3860	1
1372	9270	1
14099	7120	1
6798	6702	1
1305	7165	1
4421	1108	1
4968	5691	1
8071	9456	1
2713	2059	1
876	3190	1
897	2441	1
14818	14303	1
14977	12890	1
7442	3078	1
12948	2275	1
3465	2122	1
13308	13737	1
7495	5691	1
7158	6320	1
3893	3754	1
12161	1323	1
14978	11767	1
12456	11776	1
13767	11513	1
14950	2364	1
11767	14978	1
10681	10869	1
4294	8773	1
9488	11513	1
9246	9246	1
11836	3041	1
13573	12022	1
4174	5546	1
7264	7263	1
10761	2294	1
5259	10523	1
1504	1358	1
8699	14117	1
5357	7783	1
3041	11836	1
11455	3581	1
3177	6309	1
3200	5220	1
1840	8192	1
5485	5549	1
229	70	1
14855	12795	1
2677	4047	1
5180	4047	1
11077	12795	1
625	6925	1
13988	14589	1
678	7519	1
11511	5921	1
6104	2379	1
1055	4725	1
8822	7517	1
5347	10250	1
3228	5604	1
4994	9474	1
808	1092	1
11767	10250	1
9069	12180	1
2381	1457	1
3130	8476	1
11777	11553	1
8830	6893	1
13999	5932	1
14979	11488	1
13670	14837	1
9366	4647	1
14945	12669	1
14980	12669	1
8794	8795	1
14461	5041	1
5014	1472	1
8312	1846	1
10743	2349	1
14165	12540	1
6550	14589	1
14943	14981	1
5983	14982	1
1840	10930	1
678	6458	1
14886	8680	1
10140	8050	1
14982	5983	1
7783	5357	1
8854	11060	1
241	242	1
9420	9420	1
10172	8614	1
319	1504	1
1504	319	1
9456	8071	1
6635	5355	1
2448	7095	1
3017	1009	1
7595	7592	1
7263	5744	1
2578	9936	1
130	482	1
8517	14983	1
2100	676	1
3130	676	1
7938	4239	1
2091	2529	1
7651	3059	1
14189	14189	1
2677	2040	1
2039	2040	1
4950	8967	1
4836	8967	1
13330	14239	1
11967	8587	1
5469	11817	1
7108	14197	1
2234	2227	1
6577	3849	1
13585	11650	1
10222	13145	1
5926	5468	1
6893	5849	1
1323	12161	1
13829	12882	1
4548	2227	1
12804	4227	1
10667	8162	1
2227	2234	1
14949	8721	1
14461	7049	1
4485	5783	1
13751	7086	1
6070	5355	1
13108	11774	1
238	13423	1
9587	8545	1
3430	7486	1
4020	4027	1
1517	696	1
14755	6068	1
14711	7158	1
8822	12096	1
14768	5748	1
6765	12805	1
3479	6883	1
4597	3826	1
12926	8651	1
14495	1057	1
10930	10634	1
2122	3465	1
14941	1106	1
2420	1556	1
11193	2335	1
10355	10535	1
5983	1106	1
1358	424	1
10335	9966	1
3130	8184	1
14197	3315	1
14940	1742	1
9204	14944	1
4389	1862	1
1469	3723	1
9270	1372	1
1469	1666	1
6540	7125	1
5054	4523	1
424	1358	1
4946	4946	1
9517	3673	1
5116	1816	1
2100	1428	1
6316	7334	1
4047	5180	1
9327	7784	1
9411	9303	1
7723	6417	1
4567	1695	1
2422	14676	1
5922	5	1
14676	2422	1
7331	4797	1
2722	14851	1
4360	2422	1
1556	2420	1
14816	5806	1
7334	9966	1
11344	8681	1
8676	8333	1
9966	7334	1
4215	54	1
14984	14984	1
4101	9863	1
11817	496	1
14985	14985	1
14286	8681	1
7780	10677	1
3849	6577	1
2100	1171	1
1666	1469	1
11044	8614	1
5744	7263	1
12061	13538	1
10902	12373	1
7949	13538	1
12669	14980	1
10736	13538	1
14836	8365	1
10432	12889	1
7597	7598	1
4369	2184	1
8401	12776	1
7618	275	1
12889	10432	1
12776	8401	1
12315	11777	1
13	4511	1
6485	14400	1
14400	6485	1
5548	5548	1
806	10363	1
6772	14659	1
2319	5712	1
1215	1862	1
664	6439	1
7264	10395	1
3826	4597	1
3130	5408	1
13339	13339	1
2725	5774	1
14382	1341	1
13418	9910	1
6925	7776	1
9105	6564	1
9303	8591	1
10685	2331	1
2506	1341	1
4771	11043	1
9392	1120	1
1742	14940	1
5871	2341	1
12890	14977	1
1119	1120	1
678	4824	1
6700	8126	1
12568	6901	1
3178	5753	1
6901	12568	1
8023	5633	1
6697	8695	1
2596	3098	1
5504	5418	1
808	1094	1
14478	9276	1
14510	11817	1
7780	4669	1
1666	4386	1
14986	14986	1
14987	14987	1
10631	328	1
1175	6556	1
14988	14989	1
10120	6671	1
6320	4783	1
9276	14478	1
14990	11919	1
8924	4783	1
5823	3944	1
14052	4980	1
11488	14979	1
5490	6397	1
3041	6507	1
2184	4369	1
2100	3182	1
13853	10550	1
8856	604	1
9128	7481	1
2176	96	1
1586	677	1
5843	7341	1
1171	980	1
2331	10685	1
13088	447	1
13381	14041	1
1878	2250	1
2427	420	1
7249	11052	1
6036	5878	1
14041	13381	1
14944	9204	1
7165	718	1
625	5062	1
5329	4980	1
5878	6036	1
