8192	8781	1
15106	5427	1
15122	15122	1
14889	8451	1
4503	3453	1
2279	11554	1
8139	10810	1
15106	7334	1
6343	4883	1
15123	15124	1
9240	9527	1
5047	5893	1
12664	12650	1
696	2554	1
12779	5366	1
9037	9639	1
8425	11296	1
14117	9330	1
7654	9300	1
8451	14889	1
7624	7000	1
1387	8918	1
5893	5047	1
11661	15092	1
8763	12467	1
1504	8781	1
15125	15125	1
11613	5341	1
6620	1731	1
8549	9067	1
9330	14117	1
5022	12212	1
9089	9009	1
12212	5022	1
12541	1926	1
6577	1504	1
6646	3450	1
9575	2776	1
15070	15070	1
15126	7535	1
4163	2234	1
7967	13343	1
1307	11799	1
2227	2234	1
3722	2712	1
15127	5418	1
8491	14437	1
3453	4503	1
4573	616	1
2234	4163	1
6651	14461	1
4250	8949	1
3330	3177	1
4101	9863	1
6188	5187	1
1607	8386	1
3497	2190	1
15096	15096	1
5047	3450	1
902	706	1
5315	3380	1
1402	3450	1
9425	3450	1
9037	9022	1
5341	11613	1
1959	6127	1
5806	14816	1
5365	5742	1
6334	8280	1
14345	2579	1
8968	996	1
9798	10742	1
9423	274	1
5755	9193	1
9962	9174	1
1064	5188	1
3177	3330	1
5266	1619	1
325	326	1
7162	7048	1
988	151	1
267	1879	1
9234	9488	1
5315	1838	1
11201	5922	1
11799	1307	1
6069	6388	1
4363	10002	1
13538	7739	1
2691	1428	1
6947	7048	1
6849	9763	1
378	4098	1
1461	1428	1
12870	9763	1
11779	13398	1
1810	1179	1
9773	12533	1
13398	13398	1
13413	4748	1
9862	8951	1
14437	8491	1
7625	11194	1
2483	5382	1
5382	2483	1
10389	11214	1
15128	2423	1
12758	10836	1
6977	15023	1
6104	12271	1
563	564	1
13705	13456	1
10285	15023	1
128	15129	1
15130	2199	1
3817	8330	1
5745	2199	1
11602	4506	1
9104	6034	1
11154	6151	1
7032	6127	1
10827	10826	1
14265	10826	1
14670	14273	1
11774	13108	1
14265	6069	1
13037	1648	1
518	518	1
10243	6069	1
6165	14714	1
6469	14714	1
3127	1404	1
5176	5977	1
11216	5656	1
11699	14151	1
3127	1476	1
5278	11168	1
5603	5485	1
6134	6709	1
4577	3512	1
14221	14221	1
6111	7048	1
3730	11635	1
11719	11635	1
3822	14725	1
3840	11635	1
11097	11635	1
564	4457	1
2399	5140	1
7504	6564	1
3450	6646	1
6481	7767	1
14151	11699	1
6647	13355	1
6165	12671	1
10461	1238	1
10958	4069	1
1996	3547	1
7032	7597	1
1215	1998	1
2934	5296	1
207	280	1
3216	5355	1
6165	3576	1
9690	15119	1
6165	8359	1
12373	4603	1
597	2386	1
4603	12373	1
751	15131	1
5922	11201	1
9763	11514	1
12760	3520	1
7614	8152	1
10706	1339	1
15132	15132	1
3822	2454	1
3707	2420	1
984	985	1
14273	14670	1
1402	2935	1
10974	746	1
12117	7713	1
3739	3834	1
3834	3739	1
10123	4294	1
14803	7264	1
7235	4555	1
14263	4555	1
11485	11344	1
5357	7521	1
543	616	1
904	14940	1
14656	5217	1
10154	6445	1
13597	2161	1
5977	5176	1
13453	1371	1
6804	9854	1
14536	7952	1
5427	15106	1
3349	3348	1
7334	15106	1
888	8838	1
887	8838	1
5419	11164	1
476	2342	1
6649	6146	1
5315	2275	1
44	4534	1
5068	3606	1
614	530	1
7266	4946	1
6117	6729	1
3127	7680	1
132	6045	1
12795	14855	1
6729	6117	1
9425	6650	1
6188	11650	1
11789	414	1
4747	12553	1
13187	13187	1
4492	4724	1
11514	15106	1
7421	5663	1
4950	4836	1
7651	3059	1
11224	1572	1
3512	4577	1
1358	1504	1
6947	2278	1
15086	6883	1
12117	8803	1
562	11500	1
1838	5315	1
11344	10654	1
10654	11344	1
11986	12624	1
6947	13706	1
13694	10330	1
1636	1637	1
4439	3331	1
15133	9078	1
5026	5027	1
7066	9078	1
3315	2914	1
7654	8213	1
11224	868	1
4635	4735	1
12456	7831	1
1402	6670	1
2161	13597	1
6947	12777	1
7625	13021	1
12671	6165	1
976	3820	1
12467	8763	1
840	3938	1
4724	4492	1
5641	11991	1
1087	835	1
7179	9378	1
6165	6820	1
3059	7651	1
8330	3817	1
14522	4029	1
6967	2901	1
3127	1188	1
9763	12870	1
8359	6820	1
6111	3797	1
1524	5618	1
4029	14522	1
2311	15088	1
3547	1996	1
11416	15120	1
12117	11779	1
1072	3590	1
2604	8173	1
1523	541	1
9776	9777	1
14224	485	1
4409	4730	1
1299	8173	1
14678	2544	1
12271	6104	1
11214	10389	1
4863	7612	1
5188	12806	1
3451	5928	1
1452	1451	1
4946	7266	1
4250	6279	1
7831	12456	1
9425	14790	1
5203	2122	1
2122	5203	1
9722	11089	1
44	10241	1
7116	10699	1
485	14224	1
5308	1025	1
13853	10550	1
7885	5634	1
12777	7048	1
8109	9062	1
11779	13580	1
1087	864	1
13706	7048	1
5928	3451	1
280	207	1
15134	15134	1
8135	4980	1
14825	13580	1
9425	9953	1
3138	5581	1
14274	14928	1
13	30	1
7779	8057	1
30	13	1
5315	3514	1
5278	12650	1
11015	12650	1
15135	12650	1
597	3780	1
11344	11485	1
1599	6213	1
4363	8967	1
3797	6111	1
5796	6467	1
4128	6062	1
11089	9722	1
12806	5188	1
15106	9966	1
9411	9303	1
13436	254	1
3707	6338	1
9966	15106	1
2091	2529	1
15023	6977	1
6713	159	1
6165	4241	1
13903	1388	1
15136	1375	1
9425	6321	1
10550	13853	1
13436	2511	1
7275	7275	1
6213	1599	1
15137	6321	1
8540	8359	1
2330	12080	1
1402	6038	1
1933	410	1
7267	14825	1
15046	9484	1
13580	14825	1
12117	4281	1
2958	2958	1
7853	6337	1
3493	9669	1
15118	15118	1
10335	13112	1
4375	11012	1
12080	12080	1
15138	6337	1
6638	5812	1
10916	9076	1
12217	14565	1
266	3350	1
6188	371	1
3514	5315	1
2643	2643	1
475	2247	1
4341	1599	1
10330	13694	1
9862	8290	1
13580	11779	1
9384	14584	1
4164	1647	1
3830	131	1
1395	15090	1
243	6161	1
5372	11048	1
11514	6614	1
3370	6765	1
14570	14054	1
6165	6959	1
9451	6765	1
3097	3097	1
9144	2352	1
13488	11806	1
13775	11779	1
635	453	1
4884	5889	1
11511	4294	1
1341	2106	1
4645	2294	1
8322	7326	1
10074	84	1
1285	4265	1
5315	4868	1
10506	6614	1
8976	6614	1
3368	2113	1
9863	4294	1
2924	4806	1
14577	4195	1
11503	10876	1
4371	5624	1
11012	4375	1
4294	11511	1
597	4666	1
15023	6614	1
5204	5205	1
1118	15064	1
5315	2428	1
14584	9384	1
7452	744	1
6062	4128	1
7859	6614	1
3127	2306	1
5278	1608	1
3014	3015	1
744	7452	1
2247	475	1
2077	1514	1
8121	15139	1
9190	5355	1
2672	2428	1
8247	8977	1
13108	11774	1
6165	6985	1
147	15109	1
3799	15140	1
9683	13513	1
835	1087	1
2137	5355	1
15098	2957	1
12734	8336	1
737	1081	1
7810	7090	1
10687	10165	1
6772	14659	1
11275	5516	1
13321	4946	1
6959	8962	1
7739	1134	1
14975	11315	1
11233	8173	1
15014	13893	1
1269	5938	1
14136	9862	1
13088	6003	1
15139	8121	1
1134	7739	1
14522	5485	1
2094	5179	1
8512	12650	1
11297	5415	1
8404	8141	1
9942	2071	1
2127	8141	1
11320	914	1
5516	11275	1
13390	8630	1
6539	8141	1
4836	4950	1
541	1523	1
15109	147	1
9425	5457	1
2351	8141	1
13215	940	1
6053	4996	1
7090	7810	1
3240	8141	1
14825	7267	1
12587	8141	1
9425	8181	1
9067	8549	1
1809	8141	1
8885	6241	1
7866	8141	1
5889	4884	1
3009	8141	1
9683	3510	1
1566	8173	1
13112	10335	1
1740	8141	1
3984	8141	1
2071	9942	1
9862	6279	1
1647	4164	1
13373	8654	1
8165	7764	1
1556	8141	1
710	8141	1
9600	10449	1
4226	11681	1
12420	9897	1
12771	8141	1
14721	3579	1
5437	3295	1
3383	4483	1
4755	10563	1
10563	4755	1
7175	5355	1
8006	8005	1
9425	6433	1
9414	7832	1
8359	8540	1
10049	14565	1
2316	3851	1
12085	1215	1
6003	13088	1
1535	3851	1
15141	3892	1
12777	12777	1
10687	6771	1
3004	3560	1
12487	8688	1
453	635	1
6897	4027	1
9166	8974	1
9203	6183	1
6035	10387	1
1081	737	1
3560	3004	1
3579	14721	1
1740	3674	1
6856	9587	1
7614	4910	1
12587	5598	1
12067	12068	1
5308	12631	1
6068	10165	1
6183	9203	1
6564	7504	1
5650	8243	1
9683	1379	1
15142	15142	1
8207	12606	1
5288	3503	1
2794	2794	1
5315	4525	1
518	2163	1
15034	15143	1
13538	12816	1
14531	13581	1
5745	7090	1
8141	12771	1
7343	859	1
4444	8735	1
5315	2154	1
9093	15103	1
7614	5509	1
4454	5003	1
4581	10769	1
9425	11536	1
5334	12175	1
920	6458	1
11923	972	1
6776	11974	1
859	7343	1
5241	1506	1
8611	5096	1
245	10122	1
5736	7621	1
4597	3826	1
6771	10687	1
10165	10687	1
6328	5726	1
11044	13198	1
10049	7343	1
3302	515	1
8137	226	1
4390	4525	1
9425	5411	1
10810	8139	1
159	2712	1
12624	13367	1
15144	15121	1
1410	14895	1
13367	12624	1
11779	13775	1
15145	1659	1
7000	7624	1
11520	11520	1
11106	271	1
9328	1800	1
15103	9093	1
15095	12071	1
6635	6279	1
4863	5636	1
5259	14280	1
7625	7367	1
972	11923	1
10154	14747	1
5720	1620	1
5964	14118	1
5598	12587	1
4730	4409	1
5943	4948	1
8328	7952	1
4950	6141	1
4525	7048	1
5315	2071	1
9066	8976	1
1509	1560	1
4868	5315	1
2428	5315	1
5618	10374	1
1727	4725	1
931	370	1
4578	3043	1
9687	6321	1
8005	8006	1
4525	5315	1
1055	4725	1
6141	4950	1
2154	5315	1
2071	5315	1
437	1700	1
10916	7677	1
9148	361	1
8222	1897	1
4096	15146	1
6458	920	1
15147	3480	1
14837	10610	1
4747	10351	1
11591	15067	1
9089	2042	1
10778	5026	1
4836	10188	1
3820	976	1
5308	2203	1
15104	14457	1
8243	5650	1
5742	5365	1
7614	5790	1
12661	7913	1
13405	1967	1
7188	14571	1
4032	9460	1
1371	13453	1
11224	13453	1
4128	3027	1
15148	1897	1
914	11320	1
12507	12320	1
1402	3316	1
9425	3316	1
940	13215	1
4846	13412	1
10610	14837	1
13956	13839	1
9581	10620	1
623	5970	1
2565	5970	1
2161	3457	1
9006	6507	1
2454	3822	1
271	11106	1
14886	8222	1
2913	8222	1
5896	3768	1
13644	7760	1
9391	8222	1
1826	4721	1
12596	12596	1
5026	10778	1
3708	3709	1
6840	7062	1
2287	7760	1
1897	8222	1
12721	1939	1
14167	206	1
6249	290	1
3824	3822	1
4294	9863	1
3315	15013	1
5400	3828	1
5726	6328	1
3985	9400	1
3178	5753	1
14229	366	1
13450	1680	1
2132	9889	1
3296	222	1
13772	642	1
3480	15147	1
8935	6380	1
9237	3358	1
9300	7654	1
9212	9211	1
11015	12051	1
3709	3708	1
8213	7654	1
5278	1662	1
7619	11696	1
11564	11564	1
13581	14531	1
1202	1203	1
13830	12802	1
15119	10568	1
5	11201	1
13479	8741	1
15148	6051	1
6539	3944	1
10620	13354	1
8935	5577	1
8735	4444	1
10188	4836	1
9425	5307	1
4303	3400	1
290	6249	1
12889	4090	1
4842	15013	1
12802	13830	1
13198	11044	1
6188	5136	1
1194	4376	1
5270	4741	1
12373	9689	1
9683	884	1
242	241	1
5068	4241	1
6840	9004	1
11226	11225	1
8842	9381	1
6619	1731	1
3970	5586	1
1727	4006	1
10660	10661	1
11781	1711	1
6079	12096	1
3450	5047	1
14522	14547	1
241	242	1
5047	5520	1
4051	5408	1
349	1759	1
9425	5047	1
3707	1110	1
5086	5087	1
3400	4303	1
7421	5477	1
1050	1175	1
2941	10663	1
3043	4578	1
8330	9872	1
1939	12721	1
15137	2252	1
13956	13956	1
3966	6069	1
14968	3021	1
1184	13453	1
6380	8935	1
3006	259	1
6267	1064	1
11947	11175	1
5288	4490	1
1402	4851	1
10685	8568	1
10351	4747	1
7343	10049	1
7827	3153	1
9425	4905	1
13354	10620	1
5489	2479	1
1402	1307	1
13877	8880	1
3310	2479	1
3707	1307	1
9477	15044	1
8086	11520	1
628	627	1
9892	13691	1
13311	13538	1
1567	2479	1
9488	2107	1
15149	8947	1
7521	5357	1
1712	2479	1
4556	4303	1
5825	5576	1
13412	4846	1
2900	1188	1
876	3190	1
1584	3190	1
1055	3503	1
1711	11781	1
4708	8222	1
1188	2900	1
1608	9997	1
9690	12174	1
12741	13105	1
1221	2479	1
5799	4102	1
296	2479	1
530	210	1
15143	15034	1
1064	6267	1
5278	3708	1
5660	1338	1
1402	4375	1
9425	4375	1
1274	10421	1
3190	1584	1
5414	4789	1
15150	15150	1
13018	15151	1
6887	14870	1
3822	3824	1
6646	6246	1
14280	5259	1
6069	14265	1
13893	15014	1
14330	11807	1
12141	78	1
9762	12862	1
15152	15014	1
1388	13903	1
4490	5288	1
6840	6765	1
2428	2672	1
984	1563	1
10341	11807	1
15153	5288	1
14847	11807	1
15153	4490	1
10570	8222	1
5335	1813	1
10778	5027	1
1607	9748	1
15014	15152	1
9433	12695	1
7616	4482	1
274	9423	1
5226	4037	1
6321	9687	1
5380	15075	1
4047	8967	1
4812	4832	1
3503	1055	1
676	1305	1
13253	5298	1
1338	4537	1
1731	6619	1
4692	9031	1
13612	12717	1
10777	10777	1
4832	4812	1
5513	6181	1
5298	13253	1
5822	2532	1
9391	14886	1
2048	1514	1
10685	15066	1
11536	9425	1
13538	12061	1
3503	5288	1
6947	9005	1
6799	5633	1
6213	4484	1
12117	4793	1
5634	7885	1
6337	7853	1
11159	1792	1
8609	6104	1
12695	9433	1
13403	9564	1
6188	3803	1
6564	6994	1
5308	993	1
9769	4692	1
13538	13311	1
2137	2935	1
14049	1120	1
10449	9600	1
11554	2279	1
10488	14798	1
6994	6564	1
9138	8360	1
15154	6619	1
8812	12324	1
7008	8446	1
9330	2912	1
13247	9230	1
9581	9067	1
14647	15155	1
6165	6034	1
1608	5278	1
9230	13247	1
2669	6686	1
1662	5278	1
2423	15128	1
6188	2478	1
3708	5278	1
4946	13321	1
6743	13538	1
10938	585	1
4294	10123	1
5315	1842	1
5278	7402	1
14479	11708	1
15156	15156	1
5812	6638	1
6166	5133	1
11554	2280	1
13803	10582	1
1800	9328	1
7402	5278	1
7767	6481	1
7779	12254	1
9311	7455	1
13976	14943	1
8512	8320	1
11296	8425	1
15157	15157	1
12660	4087	1
6959	6156	1
12174	9690	1
1402	8990	1
11301	6156	1
7937	3507	1
10120	3480	1
6671	3480	1
6947	5010	1
3616	9645	1
3480	10120	1
5027	10778	1
4215	8781	1
5970	2565	1
12886	4368	1
5536	5537	1
11512	15158	1
6444	8781	1
13826	14923	1
4056	718	1
10174	13421	1
6776	6776	1
6947	8749	1
7715	10345	1
13676	4102	1
