2479	7501	1
4301	636	1
14290	6424	1
5728	2436	1
4371	4184	1
1081	9409	1
2016	1556	1
7088	6456	1
7501	7940	1
15204	15204	1
15182	5230	1
13284	14885	1
2874	3391	1
5735	15183	1
12200	12194	1
4613	9330	1
2308	14849	1
14189	14984	1
2205	5294	1
11440	9639	1
7940	7501	1
10778	5027	1
12516	10427	1
5027	10778	1
5893	5047	1
7006	4287	1
2879	4857	1
9009	14849	1
13973	5294	1
8222	4708	1
15205	7109	1
5047	5893	1
14117	9330	1
9174	6507	1
4171	1727	1
5365	13479	1
14787	14494	1
4113	4114	1
13652	8290	1
14849	2308	1
11297	5415	1
15163	6621	1
10538	9966	1
4708	8222	1
1509	1249	1
7334	9966	1
2016	1249	1
6513	9330	1
4087	12660	1
6564	12535	1
15106	9966	1
5	27	1
4251	6507	1
15206	1234	1
1740	3674	1
9330	14117	1
12535	6564	1
371	6188	1
14849	9009	1
10735	6190	1
12373	4384	1
9223	5423	1
5175	4988	1
786	10749	1
7086	4555	1
4810	5423	1
13777	8261	1
92	92	1
15110	14818	1
10620	9581	1
4038	5849	1
3654	14818	1
14711	5849	1
6843	10488	1
3444	3323	1
6120	3041	1
3041	6507	1
6849	10826	1
10073	10826	1
9897	6507	1
800	5076	1
13790	13421	1
5618	8891	1
7673	2569	1
14461	7703	1
6300	3673	1
8025	3358	1
717	3009	1
4250	6700	1
7233	10749	1
9763	11514	1
1631	13756	1
12865	3673	1
12177	1980	1
6849	8323	1
6185	5893	1
9600	7616	1
378	14720	1
527	3295	1
10869	9193	1
5893	6185	1
6700	4250	1
8587	8195	1
4726	2017	1
4469	3010	1
12908	5859	1
8446	7008	1
9055	4857	1
7423	3673	1
15183	5735	1
5630	6903	1
13665	510	1
3453	4333	1
9862	8951	1
15207	15207	1
8824	4653	1
11947	11175	1
3109	5374	1
1331	3084	1
8794	8922	1
535	10737	1
12161	11591	1
4965	2260	1
4469	1404	1
9193	10869	1
7181	4482	1
1900	4386	1
4287	10687	1
6354	3673	1
5423	9223	1
10049	5068	1
2672	11520	1
4294	9863	1
379	14341	1
8681	14341	1
6932	12675	1
6188	371	1
9695	9807	1
12675	6932	1
15193	9079	1
6069	6388	1
6481	5622	1
6037	5540	1
12401	11507	1
7006	3196	1
3837	9807	1
918	8929	1
5374	3109	1
9276	10351	1
11591	12161	1
645	896	1
15208	15208	1
1361	1360	1
14834	13188	1
546	13188	1
6758	1029	1
4386	1900	1
6068	14755	1
7175	5355	1
3079	3079	1
5485	13734	1
2480	3079	1
3444	2725	1
9709	1532	1
2829	10152	1
5485	14522	1
13647	8592	1
14478	4753	1
15126	10677	1
4384	12373	1
6840	3307	1
13893	15014	1
8681	4141	1
5136	623	1
1635	11096	1
1493	1377	1
8137	5576	1
2312	2103	1
976	3820	1
8401	6977	1
2436	5728	1
8121	15139	1
5047	3763	1
8587	11967	1
1900	3525	1
3196	7006	1
6371	11815	1
5140	7242	1
7086	3689	1
8525	8526	1
3444	11815	1
5922	5	1
7859	6977	1
12401	10230	1
5683	3315	1
5628	294	1
9267	9280	1
13734	5642	1
14537	14537	1
14197	3315	1
294	5628	1
4345	4346	1
15198	15103	1
4464	6977	1
4868	1558	1
573	526	1
2765	4061	1
11596	11602	1
6997	2506	1
9234	2506	1
12263	12264	1
14229	2338	1
3302	8526	1
6977	4464	1
13772	642	1
14398	15209	1
5427	15106	1
9862	14136	1
2644	408	1
15210	15106	1
9857	9857	1
4464	8443	1
2004	3186	1
642	13772	1
6243	10024	1
11031	15106	1
9131	10024	1
4061	2765	1
5500	1585	1
1523	1338	1
44	4534	1
3186	2004	1
15106	5427	1
15171	13192	1
6015	11967	1
8451	8867	1
14850	11967	1
4996	5895	1
9429	9429	1
11445	11751	1
14982	5983	1
9997	13237	1
10677	15126	1
1202	1203	1
5631	5632	1
8261	13777	1
17	8936	1
2895	2641	1
13450	1680	1
14818	15110	1
1647	6894	1
13421	6894	1
8443	4464	1
2480	12340	1
13756	1631	1
3447	4233	1
11138	11500	1
1331	11160	1
10618	8729	1
5876	6045	1
2085	13849	1
13900	1134	1
7020	9342	1
3958	1108	1
3315	14197	1
1509	1108	1
8646	11043	1
7032	7597	1
5298	1108	1
15211	8380	1
5140	1439	1
888	8838	1
6977	7859	1
11602	11596	1
6832	13868	1
9242	9250	1
5140	3380	1
998	6670	1
4084	5100	1
1108	5298	1
15212	15212	1
5642	13734	1
4455	4101	1
13192	15171	1
5742	5365	1
4469	2141	1
2016	5845	1
13479	5365	1
3190	876	1
4653	8824	1
416	15213	1
5315	3514	1
11751	11445	1
2392	3972	1
11502	1612	1
3017	6213	1
4501	15213	1
6977	8401	1
7660	816	1
3571	2282	1
13673	8401	1
8171	816	1
9267	2380	1
8696	6670	1
524	816	1
3041	2914	1
10024	9131	1
13342	15213	1
14960	8718	1
10749	786	1
11799	8718	1
11815	6371	1
8536	1396	1
14361	12982	1
14531	13581	1
8161	15213	1
9079	15193	1
1360	1361	1
7475	1222	1
9966	10538	1
2094	5179	1
11096	1635	1
15173	10563	1
1331	3130	1
1120	14049	1
4331	4879	1
1643	4802	1
1680	13450	1
385	2578	1
3994	71	1
8936	17	1
3009	717	1
8587	9249	1
1134	13900	1
2338	14229	1
4806	5408	1
3020	9356	1
2924	5408	1
9936	13493	1
5581	3138	1
366	14229	1
12630	12601	1
15214	15215	1
3138	5581	1
15216	3809	1
1299	899	1
2765	899	1
7881	11602	1
2829	496	1
10759	2096	1
14302	3467	1
12467	8763	1
13868	6832	1
65	14297	1
5348	2242	1
4408	5742	1
5348	5441	1
6513	5441	1
4810	7618	1
14467	8950	1
7277	9404	1
14653	9388	1
8025	9404	1
5537	4939	1
4231	6309	1
3514	5315	1
3467	14302	1
4293	6771	1
6069	14265	1
6997	14265	1
2480	9330	1
527	11307	1
10687	4287	1
9234	14265	1
2480	3523	1
14265	2506	1
876	5756	1
5635	5338	1
6321	14693	1
1635	3528	1
9612	14584	1
2094	1891	1
2829	11800	1
2506	14265	1
3444	3443	1
14197	7108	1
13163	8033	1
2480	8222	1
4753	14478	1
13269	12777	1
9384	14584	1
11602	7881	1
1973	8197	1
2291	623	1
11466	14676	1
14938	9819	1
9220	1887	1
2480	6513	1
12777	13269	1
3616	1935	1
14896	5773	1
14584	9612	1
5085	9612	1
5348	9300	1
2829	9300	1
4336	9819	1
5742	4408	1
6830	1269	1
4939	5537	1
1756	5812	1
2741	2694	1
8630	13390	1
5756	876	1
5826	5825	1
5613	12861	1
1331	2141	1
13390	8630	1
7277	8772	1
1584	876	1
4375	4851	1
10826	10073	1
9212	9211	1
5338	5635	1
5773	14896	1
10639	7614	1
7394	7394	1
2004	5090	1
4851	4375	1
9807	9695	1
3323	3444	1
4960	4838	1
7614	10639	1
271	11106	1
7616	9600	1
5569	4915	1
3994	3785	1
2725	3444	1
15139	8121	1
11815	3444	1
1396	8536	1
12970	7986	1
3739	1264	1
3443	3444	1
15217	2901	1
13826	14923	1
14442	10563	1
4447	8365	1
1188	6765	1
5212	2800	1
15218	15219	1
15179	9877	1
4946	2228	1
1506	4735	1
4331	5354	1
6771	4293	1
15014	13893	1
11540	13538	1
14818	3654	1
2478	4077	1
329	6520	1
9877	15179	1
460	410	1
5327	940	1
14198	13083	1
13889	5133	1
2228	4946	1
5979	10538	1
3444	14172	1
1897	12340	1
2480	4393	1
13125	13597	1
3302	515	1
7853	515	1
9568	6765	1
14136	6765	1
14494	14787	1
12601	12630	1
3269	6495	1
1338	1523	1
15099	15220	1
1764	2235	1
1059	4457	1
10574	13900	1
15059	15059	1
9862	6245	1
5504	6135	1
5514	5066	1
15211	15211	1
1237	13900	1
7967	9717	1
13538	11540	1
9717	7967	1
4457	1059	1
14364	4321	1
13900	1237	1
14087	9717	1
13187	13187	1
12910	12910	1
13284	9329	1
5656	6245	1
5859	12908	1
3809	15216	1
4735	1506	1
4714	3798	1
5628	6854	1
7612	9717	1
1119	6854	1
9329	13284	1
3994	4599	1
509	13580	1
15221	15221	1
5087	5086	1
8141	3347	1
1086	760	1
4321	14364	1
3999	1656	1
13787	6363	1
7512	7976	1
14326	6403	1
5813	1229	1
7181	11605	1
5878	14268	1
5066	5514	1
2096	8621	1
295	8173	1
5822	2532	1
2480	5086	1
7211	5524	1
3689	7086	1
9154	14929	1
2016	2933	1
8545	9587	1
2506	6997	1
1727	4171	1
5261	5410	1
2480	7086	1
6045	5876	1
15137	9669	1
3852	4159	1
11807	14330	1
14049	1120	1
5518	5170	1
14929	9154	1
3170	8707	1
2480	5862	1
3216	6265	1
8071	10411	1
9055	6914	1
8729	10618	1
15222	10411	1
2480	7223	1
2829	3963	1
4802	1605	1
14172	3444	1
14173	5936	1
6765	9568	1
13597	13125	1
10427	12516	1
9273	5222	1
9356	3020	1
9165	12403	1
737	1081	1
190	203	1
5897	5898	1
4611	1791	1
11043	8646	1
6675	425	1
2480	7602	1
1081	737	1
1659	15145	1
6849	12867	1
1429	2087	1
3444	3731	1
876	1584	1
5324	6874	1
13737	14573	1
4399	1748	1
8039	13689	1
13734	5485	1
10620	14573	1
12061	13538	1
9669	7899	1
2081	2080	1
9992	14573	1
2282	3571	1
93	6799	1
8702	5407	1
6765	1188	1
6783	3440	1
8774	3440	1
10390	6113	1
15223	12545	1
323	2777	1
2260	4965	1
8587	4915	1
3440	6783	1
4992	2936	1
3043	1850	1
2380	9267	1
15224	11451	1
2751	6325	1
1996	2456	1
3210	1188	1
13553	14573	1
6325	2751	1
3203	9080	1
7277	15112	1
5524	1711	1
7334	15106	1
13493	9936	1
802	598	1
3113	11629	1
5983	14982	1
1429	2751	1
8025	13248	1
13538	6646	1
15099	13031	1
3019	5531	1
8886	14075	1
14755	6068	1
15225	15225	1
2080	2081	1
159	2712	1
11591	15067	1
5086	5087	1
2480	5087	1
10837	10452	1
6646	13538	1
2096	10759	1
14075	8886	1
5599	5428	1
14187	11159	1
5796	4876	1
5617	14756	1
940	5327	1
2308	6499	1
2228	12842	1
2480	1800	1
6135	5504	1
7508	12217	1
876	3190	1
13311	13538	1
4812	4832	1
14849	3190	1
4763	4561	1
13775	15226	1
13723	12591	1
3523	5862	1
9493	8222	1
4315	5022	1
997	9409	1
11779	13775	1
1469	3723	1
2703	6212	1
4832	4812	1
6212	2703	1
5028	14565	1
11186	8785	1
8785	11186	1
2247	4898	1
2297	8222	1
8401	13673	1
1134	8676	1
5419	10285	1
4056	718	1
10609	8785	1
2	8785	1
6352	4227	1
9733	6901	1
8333	8676	1
15227	4926	1
8676	1134	1
9366	4647	1
4315	1215	1
5348	8356	1
1331	8356	1
8222	2297	1
14189	14189	1
10810	8139	1
5943	4948	1
13580	509	1
5376	4009	1
13403	9564	1
4077	2478	1
6363	13787	1
3731	3444	1
11699	3345	1
222	5306	1
3175	3175	1
14573	10620	1
9581	10620	1
8365	4447	1
3480	8668	1
5060	10570	1
7487	5897	1
11009	6466	1
9075	14956	1
8005	8006	1
6339	9131	1
6446	15228	1
5281	6344	1
5898	5897	1
14306	14306	1
1162	15013	1
10188	6435	1
3171	7262	1
4314	14504	1
15115	15116	1
10569	12650	1
15229	8150	1
6765	14136	1
11296	8425	1
12664	12650	1
5936	14173	1
12606	8207	1
3440	8774	1
10411	8071	1
2480	3333	1
4910	7614	1
90	19	1
5306	222	1
9486	13635	1
13538	7789	1
10315	11997	1
4315	191	1
920	6458	1
15137	2252	1
13199	4598	1
5072	2725	1
5410	5261	1
2644	6820	1
5510	6356	1
9416	12677	1
10455	2980	1
9211	9212	1
3555	8897	1
5660	4537	1
11296	11296	1
15228	6446	1
5897	7487	1
5683	3213	1
3017	1647	1
3823	3210	1
10463	12746	1
4250	3258	1
2480	12635	1
10139	7857	1
6513	4589	1
15230	8890	1
8005	6113	1
10075	10085	1
8312	1846	1
1064	2616	1
5199	5199	1
3915	5395	1
9267	1182	1
295	1077	1
1874	3488	1
1077	295	1
17	98	1
11605	7181	1
1184	13453	1
3022	2248	1
12568	7639	1
2646	7857	1
2737	3488	1
7739	13900	1
9067	6094	1
1289	1254	1
15231	15231	1
15116	15115	1
7622	14478	1
2616	1064	1
9270	1372	1
5678	13900	1
7764	3768	1
6313	11781	1
431	5042	1
13900	5678	1
5783	5939	1
6356	5510	1
4485	5939	1
13770	10721	1
5497	5498	1
4610	4484	1
598	802	1
1598	3666	1
3768	7764	1
11771	7723	1
5939	4485	1
8025	3009	1
1913	466	1
14928	14274	1
14222	3515	1
4852	8320	1
3304	3401	1
7452	7988	1
4318	10753	1
11067	2427	1
10368	4037	1
2480	5857	1
1372	9270	1
6648	5598	1
5513	6181	1
12112	8628	1
8734	9777	1
8363	9610	1
5939	5783	1
7873	7874	1
3178	5753	1
1667	3298	1
7277	9649	1
4030	4257	1
5861	6922	1
15232	15233	1
6309	4231	1
15139	7893	1
15234	13985	1
5671	1339	1
15235	15233	1
4312	2145	1
11204	7761	1
1087	864	1
8336	14943	1
760	1086	1
13976	14943	1
5075	3337	1
9158	7526	1
5490	5474	1
4141	8681	1
11203	5944	1
5753	3178	1
1810	4147	1
14046	6419	1
8139	10810	1
3390	4209	1
10437	7276	1
7239	2326	1
15082	1565	1
14225	15211	1
12217	10452	1
6068	10687	1
12660	4087	1
15099	15099	1
15236	12201	1
4037	10368	1
4026	1791	1
4251	4789	1
12773	13289	1
2480	4789	1
8750	8575	1
9069	10507	1
7276	10437	1
325	4032	1
3822	3824	1
15237	15237	1
8785	2	1
13031	15099	1
4983	4796	1
15171	1643	1
7639	13114	1
5845	7331	1
6897	13710	1
15014	5793	1
12312	496	1
7475	7474	1
7225	11170	1
13900	7739	1
8361	3453	1
10507	9069	1
1237	7739	1
1134	7739	1
6874	5324	1
13308	10368	1
13165	524	1
3345	11699	1
3017	9300	1
4032	325	1
4802	1643	1
3302	1076	1
5441	3905	1
14107	6552	1
15016	15016	1
2565	4077	1
9612	5085	1
14947	13750	1
10687	6068	1
429	10834	1
4755	1392	1
13710	6897	1
3041	9117	1
6977	15023	1
13451	14075	1
564	8335	1
14075	13451	1
1535	12728	1
4315	1791	1
7909	15016	1
8756	8499	1
336	62	1
15238	6564	1
4077	2565	1
9300	3017	1
1163	1229	1
2569	7673	1
