7508	12217	1
2898	71	1
5747	1097	1
15199	15200	1
5932	6456	1
14478	7622	1
7489	7489	1
2446	4755	1
12868	8195	1
2260	2881	1
8587	8195	1
10815	15274	1
6559	14443	1
13561	4239	1
6869	14300	1
705	1209	1
4227	6352	1
3952	5962	1
1774	5364	1
12336	6977	1
7622	14478	1
8842	9381	1
15183	5735	1
10816	10815	1
760	1086	1
6183	547	1
6218	5793	1
9414	14066	1
14555	14539	1
6245	9862	1
6610	15273	1
4816	14066	1
1531	2800	1
7831	12456	1
10699	5952	1
10638	12817	1
1584	3190	1
8049	9009	1
10066	8435	1
5735	15183	1
2093	2579	1
15275	7273	1
5057	7126	1
3111	2869	1
5695	11408	1
10550	13853	1
8312	1846	1
6867	9009	1
7337	11439	1
6062	10826	1
3215	9704	1
12544	7868	1
5184	7273	1
15210	6994	1
12732	9069	1
267	11408	1
1903	4368	1
14813	7082	1
10507	9069	1
15253	7006	1
3196	7006	1
6062	2450	1
12779	5366	1
6915	12267	1
7006	15253	1
12353	8260	1
8374	2315	1
5100	4084	1
10667	8162	1
7395	1331	1
7181	5474	1
1607	8386	1
8619	2364	1
3954	2234	1
11730	15254	1
9383	14115	1
2141	1331	1
3130	1331	1
1677	5165	1
4084	2017	1
9069	12732	1
1855	2870	1
12664	12650	1
2017	4084	1
7181	7182	1
3084	1331	1
7258	8150	1
6702	7082	1
6284	13289	1
2123	1731	1
12048	12048	1
8711	4801	1
15258	15259	1
3511	6265	1
7082	6702	1
8836	5860	1
14639	5490	1
12348	8680	1
8195	12868	1
12344	5789	1
10968	14931	1
824	2017	1
5598	12587	1
15276	14931	1
5598	6648	1
10620	14573	1
3345	11699	1
13737	14573	1
7345	10893	1
1163	12348	1
1690	3366	1
4113	5482	1
5783	5939	1
2576	4397	1
12353	6507	1
9600	7616	1
1133	3849	1
6869	3849	1
6530	4755	1
13976	5876	1
5876	13976	1
27	5	1
10538	5979	1
15277	13747	1
13473	5849	1
4755	6530	1
8150	7258	1
6533	9009	1
6679	4721	1
331	332	1
12022	8363	1
9610	8363	1
15278	5294	1
7128	3602	1
2205	5294	1
6722	6287	1
2376	1937	1
9391	8222	1
6679	2727	1
8152	9009	1
15279	2552	1
8854	11060	1
14755	10687	1
6946	6945	1
5416	2346	1
4164	10900	1
3952	9757	1
4940	8522	1
15280	4260	1
14117	13552	1
1050	1175	1
428	1175	1
8334	6113	1
1175	428	1
2870	1855	1
7989	4505	1
7273	5184	1
12955	12954	1
10749	7233	1
10571	1407	1
3022	2248	1
9429	9429	1
3511	8091	1
134	8206	1
4983	4796	1
3312	3312	1
8592	13647	1
5977	5176	1
6637	4444	1
5671	1339	1
7437	7437	1
10869	10681	1
3297	11455	1
14503	11455	1
6524	8296	1
12842	5977	1
13439	768	1
5977	12842	1
2017	824	1
6769	5337	1
13647	8592	1
8430	4282	1
1016	7204	1
4810	8948	1
6265	3511	1
8091	3511	1
1748	4399	1
1425	6183	1
6824	6825	1
1099	1935	1
3297	4162	1
8017	6297	1
9469	9469	1
14531	13581	1
2383	4355	1
5642	5485	1
13552	14117	1
8506	7624	1
15253	5026	1
5027	5026	1
2282	1221	1
13289	6284	1
2881	2260	1
6062	11779	1
6642	4426	1
12954	12955	1
11777	9140	1
13581	14531	1
13273	12932	1
5026	5027	1
645	4984	1
7582	5217	1
484	2369	1
5217	7582	1
13853	10550	1
9493	4257	1
7997	5357	1
8214	10759	1
14603	10666	1
10102	5217	1
14917	7928	1
14503	2260	1
1605	4802	1
8430	4341	1
998	835	1
6648	5598	1
12587	5598	1
14454	7343	1
14148	15281	1
5678	13538	1
4802	1605	1
191	4315	1
10737	12650	1
14937	291	1
14066	4816	1
7739	13538	1
13900	13538	1
1134	13538	1
5598	10285	1
4696	2727	1
3269	2727	1
6062	4432	1
5939	5783	1
2364	4257	1
5860	8836	1
4205	1550	1
481	12281	1
5026	15253	1
6909	15267	1
14825	15226	1
6346	13787	1
5337	6769	1
12214	2268	1
11257	7308	1
623	4963	1
4415	886	1
13538	13900	1
13403	9564	1
8139	10810	1
14752	9762	1
2412	6539	1
5818	1508	1
14928	14274	1
5223	12668	1
4881	15282	1
8496	10096	1
484	2730	1
4062	5411	1
6322	4506	1
4240	3788	1
15094	1711	1
5389	1871	1
2621	2604	1
14300	7791	1
39	39	1
38	39	1
8162	10667	1
484	2733	1
1659	15261	1
1886	1623	1
5599	5599	1
2412	3069	1
10156	10096	1
4647	8967	1
14182	3480	1
5630	14277	1
4159	3852	1
9069	12315	1
8705	9718	1
13538	1134	1
1250	203	1
4796	4983	1
7309	9790	1
4816	15153	1
5598	5191	1
229	203	1
6898	1548	1
6062	4506	1
476	2342	1
8985	14198	1
3511	6126	1
1872	9184	1
13464	6589	1
11948	11948	1
3795	1910	1
9009	8152	1
8609	3965	1
2006	5915	1
4755	11973	1
10069	9158	1
6788	10464	1
1339	5671	1
431	5042	1
13976	10893	1
5981	1910	1
2122	6312	1
8778	9042	1
11652	3010	1
10220	4233	1
10073	10826	1
1727	4171	1
4506	6062	1
4432	6062	1
8867	8451	1
2154	12217	1
1059	5774	1
5636	10620	1
980	2203	1
11779	6062	1
15239	8451	1
294	6854	1
10826	6062	1
2450	6062	1
13737	10620	1
2268	12214	1
1338	1523	1
5388	5799	1
4777	896	1
5366	12779	1
6419	14046	1
14814	9204	1
3605	6424	1
5014	1472	1
5598	4027	1
8903	11387	1
12214	10552	1
13442	15283	1
1579	1580	1
10552	12214	1
3229	1572	1
13676	13048	1
9724	3017	1
5893	5047	1
12174	10754	1
9600	10449	1
835	998	1
15284	1766	1
6282	12494	1
3017	9724	1
12494	6282	1
1237	7739	1
3515	14222	1
13900	7739	1
7619	11696	1
2456	2457	1
4251	3944	1
11547	9070	1
13734	5485	1
15285	15285	1
4102	5240	1
9070	11547	1
14182	7684	1
13289	12773	1
12773	13289	1
15286	7501	1
12315	9069	1
2938	2938	1
7452	15024	1
11591	13291	1
10767	10313	1
10096	8496	1
15241	14889	1
8261	6445	1
1677	1461	1
12353	9120	1
5934	11044	1
8049	8702	1
9120	12353	1
15287	15287	1
1128	2980	1
8153	6113	1
11256	6113	1
6409	7552	1
6094	9067	1
4447	5298	1
484	1886	1
6062	4457	1
6562	12175	1
9022	9251	1
13027	14900	1
1546	7227	1
12336	7051	1
1618	5922	1
9854	6804	1
13291	15288	1
5736	9589	1
7211	5524	1
13048	13676	1
3855	5133	1
4505	7989	1
3366	7791	1
4570	4571	1
8976	9066	1
7602	9085	1
8880	11273	1
2793	10025	1
2234	3954	1
6757	11407	1
1163	2914	1
7466	5568	1
8948	4810	1
5952	10699	1
8049	10347	1
9251	9022	1
14182	4037	1
7051	12336	1
11058	3020	1
6113	8153	1
1935	1099	1
3079	2085	1
8419	4948	1
12217	14565	1
5376	4009	1
15210	13421	1
7616	9600	1
10449	9600	1
5217	10102	1
3662	15289	1
4810	9223	1
13955	13955	1
4726	13477	1
1133	6906	1
13691	10188	1
9223	4810	1
5943	4948	1
484	1362	1
8049	4447	1
8365	4447	1
3626	6206	1
12336	11561	1
14565	12217	1
5817	12217	1
4822	13715	1
5568	7466	1
5818	845	1
5922	1618	1
1229	1163	1
10313	10767	1
12348	1163	1
4418	11182	1
1677	1022	1
6843	12472	1
2178	4496	1
10580	3815	1
1826	4721	1
12717	10563	1
4340	4340	1
12763	12717	1
13477	4726	1
10938	7922	1
10599	1919	1
4469	2935	1
15071	15071	1
14407	14408	1
5922	5	1
2412	2768	1
4171	1055	1
11776	12456	1
4755	12717	1
14816	8420	1
4506	6322	1
15147	3480	1
4901	5000	1
5437	5614	1
4299	1740	1
14240	8572	1
11438	6127	1
11807	10341	1
7791	14300	1
3822	858	1
11182	4418	1
2874	2935	1
4355	2383	1
998	2935	1
13291	11591	1
6257	2863	1
4939	5537	1
12717	4755	1
10571	14172	1
15288	13291	1
1996	3547	1
6070	5355	1
10254	4092	1
8212	14417	1
5598	12381	1
5922	12167	1
15253	14264	1
14245	6144	1
3952	4911	1
2304	7480	1
1163	1229	1
2935	2874	1
4218	14803	1
11012	11012	1
625	3005	1
12189	12189	1
6135	3762	1
3455	8050	1
6346	1134	1
1133	1134	1
9248	15290	1
13750	14947	1
9936	13493	1
5598	8547	1
2578	13493	1
2776	9575	1
14573	13737	1
10620	13737	1
13977	9575	1
9722	7162	1
3511	760	1
9470	9575	1
3893	5373	1
4983	5715	1
65	4884	1
13749	8599	1
15265	15266	1
14969	4260	1
2289	2290	1
15286	15158	1
9769	3546	1
12512	4375	1
7273	15275	1
8499	8756	1
4376	1194	1
15266	15265	1
8261	11814	1
14315	1615	1
3212	4815	1
778	12618	1
2651	3111	1
15291	1194	1
9009	6533	1
14120	14121	1
14573	9992	1
5485	3561	1
13493	2578	1
6062	4021	1
8778	6371	1
8050	3455	1
4692	1568	1
6062	6151	1
11455	14503	1
2234	696	1
6258	5086	1
5341	7592	1
5027	10415	1
14066	9414	1
12469	1055	1
3111	2651	1
6697	14916	1
13266	14916	1
2725	7126	1
484	483	1
7868	12544	1
3738	5128	1
8420	14816	1
3450	5047	1
5047	3450	1
14222	3515	1
1133	7085	1
11372	6898	1
7020	5821	1
5598	7085	1
10124	10124	1
3994	328	1
9564	14301	1
10437	7276	1
13393	13393	1
764	3187	1
371	623	1
12630	12601	1
1514	488	1
1221	2282	1
2935	835	1
11616	4352	1
10003	10003	1
5404	2478	1
13491	2148	1
11814	8261	1
7338	11059	1
10415	5027	1
14107	6552	1
4674	3905	1
8363	9610	1
9575	2776	1
3111	8181	1
835	908	1
1935	2870	1
3545	14197	1
3762	6135	1
15204	1897	1
8430	12200	1
15286	10139	1
1740	4055	1
8386	1607	1
14229	1493	1
5719	4317	1
366	1493	1
10756	10756	1
13884	8280	1
4726	6783	1
5524	7211	1
15292	7582	1
12805	12805	1
5325	8280	1
7178	940	1
11337	11337	1
1855	5830	1
11455	3297	1
6354	3673	1
2412	5956	1
5598	2698	1
8332	5987	1
3158	3158	1
855	670	1
12728	3851	1
6037	5540	1
8049	8152	1
