8365	4447	1
10970	10971	1
5486	10143	1
7624	5075	1
13829	5854	1
5861	6922	1
14816	8420	1
11300	11661	1
10550	13853	1
14804	5294	1
6564	9105	1
1401	10067	1
2715	12660	1
13296	9028	1
9138	8360	1
12660	4087	1
6234	2785	1
3855	14849	1
9863	4101	1
8899	14286	1
3190	14849	1
6922	5861	1
10685	14688	1
1599	6213	1
1460	514	1
10685	2331	1
4087	12660	1
6213	1599	1
12660	2715	1
13259	6227	1
10139	11321	1
11781	1711	1
10827	10826	1
2427	8548	1
14688	10685	1
5859	4333	1
13853	10550	1
2331	10685	1
4852	9065	1
13381	14041	1
12274	12408	1
8854	11060	1
1556	2420	1
4101	9863	1
7902	7902	1
3614	5601	1
8735	4444	1
4816	12300	1
4047	2677	1
12695	9433	1
1120	1119	1
8700	6562	1
14991	14991	1
937	936	1
10488	6843	1
2205	5294	1
14992	8695	1
14993	5165	1
3485	1570	1
6466	6288	1
12774	14904	1
12116	936	1
13710	6897	1
3041	7119	1
9128	7481	1
8695	14992	1
4910	4812	1
14994	13661	1
5756	12774	1
6288	6466	1
9628	7543	1
12870	7336	1
4669	7780	1
9233	9233	1
10677	7780	1
2427	997	1
2259	2259	1
10324	3345	1
9174	7780	1
14995	11702	1
12079	5970	1
11445	9105	1
9300	2973	1
3445	7780	1
8803	7780	1
8331	7780	1
7318	7780	1
1064	8806	1
2973	9300	1
12336	14643	1
13038	3932	1
14996	3361	1
5878	14966	1
12348	8680	1
9105	11445	1
2422	5097	1
7624	7215	1
717	3009	1
14997	10779	1
6843	10488	1
3041	467	1
13710	4020	1
14886	2914	1
3287	585	1
3225	11520	1
4706	4707	1
6201	6105	1
10504	10504	1
585	3287	1
7780	9174	1
8451	8867	1
10274	4175	1
12758	8113	1
14345	2579	1
13710	13710	1
3041	11836	1
13145	13145	1
14949	12819	1
14981	14943	1
2427	2623	1
4687	2910	1
6897	4020	1
13156	9105	1
6402	8128	1
6006	4940	1
4485	5939	1
14998	11943	1
12540	14165	1
13416	2520	1
11817	14510	1
4747	5782	1
3576	3395	1
4332	14510	1
6006	4748	1
6309	3177	1
12750	2520	1
3186	7181	1
6068	14755	1
8360	9138	1
1723	2520	1
11298	3068	1
6671	10120	1
39	38	1
1611	6320	1
10315	14240	1
1055	10002	1
2240	11296	1
11074	5684	1
8451	14889	1
13826	14889	1
11300	7693	1
3056	878	1
3497	2190	1
14966	4013	1
2523	1838	1
1641	2579	1
12908	5942	1
9910	13418	1
14999	7904	1
9898	2727	1
2027	2727	1
14437	8491	1
2102	6113	1
1738	1217	1
12344	5789	1
6635	5355	1
10363	806	1
3041	5355	1
1460	3785	1
5027	8359	1
14839	11807	1
12937	12937	1
11957	12937	1
3826	5318	1
13710	9248	1
12263	12264	1
8278	2342	1
15000	14079	1
14155	14156	1
4447	13261	1
4094	4360	1
663	13018	1
1619	4251	1
3613	483	1
15001	6427	1
4049	1797	1
12437	4521	1
874	6667	1
13710	11164	1
5775	887	1
3817	12383	1
7501	8421	1
5280	8421	1
8141	8421	1
13273	12932	1
12932	13273	1
2362	3614	1
7469	8571	1
11513	9253	1
6673	2386	1
246	6726	1
6006	6457	1
2832	2843	1
10796	1624	1
1087	864	1
6509	12383	1
6380	12383	1
4568	12383	1
4521	12437	1
9433	12695	1
5097	2422	1
2829	5341	1
1341	2506	1
5914	5695	1
696	1517	1
13393	13393	1
9392	5628	1
10458	4174	1
10243	6069	1
2071	9942	1
543	5281	1
11789	414	1
5670	4174	1
14189	14984	1
15002	13516	1
11407	10139	1
8773	4294	1
14995	966	1
8441	12042	1
12669	14945	1
13627	10139	1
653	1236	1
5357	8899	1
4511	13	1
1902	4207	1
887	5775	1
4271	5341	1
13516	11026	1
9753	13	1
9209	1797	1
2523	2621	1
7784	8899	1
11026	13516	1
3753	8899	1
14392	13479	1
447	13088	1
2262	11315	1
235	12168	1
2427	2492	1
2873	10067	1
5281	543	1
14041	13381	1
13483	12855	1
8591	9303	1
2455	6415	1
9966	10335	1
509	4091	1
14292	7721	1
13710	8967	1
7028	11106	1
3815	14373	1
13471	9888	1
9392	294	1
3230	3004	1
1660	1660	1
8498	8756	1
13450	1680	1
2557	2557	1
8899	5357	1
7982	6183	1
2873	7866	1
10139	11043	1
2403	5625	1
13736	13736	1
12795	14855	1
1987	13851	1
4159	3852	1
12936	14855	1
13734	5642	1
12383	4568	1
4597	3826	1
6764	6764	1
8026	1854	1
2427	2915	1
3768	6612	1
4341	10449	1
10626	6246	1
3212	6246	1
7484	6246	1
15003	3606	1
9725	14292	1
8092	6246	1
7137	8222	1
6700	6246	1
2935	2533	1
12519	2356	1
9028	13296	1
2427	2420	1
3153	6246	1
909	910	1
9605	12785	1
7721	14292	1
3450	6246	1
11166	6246	1
5047	6246	1
6635	6246	1
6379	6246	1
3633	11247	1
11300	10377	1
6320	1611	1
8695	8172	1
14124	9110	1
8006	8005	1
7799	3480	1
286	3515	1
14978	11767	1
12785	9605	1
8235	6246	1
14742	1283	1
3721	133	1
9200	6419	1
14667	14970	1
5341	2829	1
1307	1923	1
10164	4430	1
13851	2914	1
5047	3450	1
5248	9896	1
14849	3855	1
13038	4789	1
9962	3855	1
5075	7624	1
14970	14667	1
7215	7624	1
7137	5857	1
7597	9145	1
4444	8735	1
2427	2651	1
3450	5047	1
9277	12949	1
10687	8932	1
7289	2651	1
185	3549	1
6788	6564	1
14382	2506	1
4159	530	1
9456	8071	1
13132	13219	1
6831	2386	1
15004	8614	1
7181	3186	1
14198	12533	1
4854	4854	1
84	2304	1
11702	10788	1
10377	11300	1
6069	10243	1
6183	4755	1
7639	6901	1
7969	4069	1
8004	10788	1
8336	5678	1
2427	3984	1
1381	1370	1
7341	5843	1
11799	8718	1
1599	4341	1
4755	6183	1
4404	4398	1
14851	4078	1
7289	8093	1
261	5947	1
14960	8718	1
9936	2578	1
7020	9342	1
4571	8698	1
9342	7020	1
2870	3693	1
11943	14998	1
4446	4660	1
7626	3581	1
4334	6084	1
15005	15006	1
6343	4883	1
11813	11813	1
2019	186	1
2523	5088	1
13403	9564	1
3017	278	1
186	2019	1
3687	3686	1
7452	4730	1
1504	1358	1
604	8856	1
4333	5859	1
1358	1504	1
7450	4241	1
8128	6402	1
7519	1488	1
4174	10458	1
275	7618	1
3523	5862	1
4921	2654	1
1887	4057	1
13477	9887	1
12774	5756	1
5806	14816	1
13261	4447	1
4996	4996	1
3041	3539	1
7982	13974	1
15007	11949	1
8810	6562	1
5482	6614	1
6185	5576	1
8420	14816	1
3041	13974	1
12383	3817	1
6576	3539	1
14716	7613	1
12300	4816	1
7012	3569	1
4251	4789	1
11807	14839	1
4730	7452	1
7469	13176	1
12869	12869	1
3950	4409	1
4409	3950	1
4341	1599	1
8137	3004	1
6415	2455	1
3569	7012	1
14751	10032	1
926	1791	1
13851	1987	1
7110	3717	1
4349	12207	1
3004	8137	1
5684	11074	1
14980	14945	1
13187	13187	1
10042	12837	1
12533	14198	1
5242	11500	1
7548	75	1
8222	2913	1
29	4666	1
13176	7469	1
9767	12008	1
2532	5822	1
14886	2913	1
861	437	1
6977	8938	1
4091	509	1
8938	6977	1
10788	11702	1
7263	9618	1
15008	11572	1
8172	12785	1
7558	12785	1
13418	9910	1
3041	6444	1
15009	15010	1
10219	7204	1
9480	6093	1
14653	2588	1
6183	7982	1
1625	1280	1
2096	5610	1
4666	11176	1
8050	10140	1
7012	7012	1
8413	9097	1
13974	7982	1
5581	3138	1
2427	11067	1
906	4390	1
10475	5161	1
11043	10139	1
9669	6321	1
15011	10651	1
14945	14980	1
5642	13734	1
7120	14099	1
13685	10651	1
9105	13156	1
3299	7243	1
8806	1064	1
3549	185	1
11630	4260	1
3932	13038	1
133	3721	1
10651	15011	1
11774	13108	1
3041	4034	1
3082	2613	1
10330	7204	1
10206	9	1
10461	1238	1
2613	3082	1
7289	6761	1
4260	11630	1
14292	9725	1
3098	4102	1
6084	1238	1
3606	14565	1
2559	5773	1
5376	6377	1
7450	14565	1
11767	14978	1
5318	3826	1
4574	6377	1
3009	717	1
6419	9200	1
7331	4797	1
7767	6481	1
14945	12669	1
14980	12669	1
936	12116	1
1154	133	1
130	10206	1
4852	12650	1
13392	12899	1
5642	5485	1
13734	5485	1
6612	3768	1
12837	10042	1
4029	11121	1
5266	1619	1
14867	1407	1
3947	4666	1
1460	2524	1
9436	13474	1
8932	10687	1
14326	7119	1
3190	8676	1
4193	4194	1
4194	4193	1
7776	14352	1
4020	4027	1
7289	6453	1
6297	8017	1
447	9927	1
13145	10222	1
2154	8318	1
14197	3545	1
10368	5762	1
10569	12650	1
10222	13145	1
10424	2935	1
150	7779	1
3515	286	1
13711	14041	1
1933	1266	1
10651	13685	1
6814	2102	1
13183	8864	1
6245	14113	1
1797	9209	1
14565	3606	1
10002	8695	1
2523	5630	1
3299	5213	1
906	1266	1
13289	12773	1
799	798	1
6560	10061	1
12869	6867	1
4666	7337	1
9110	14124	1
8050	3024	1
12773	13289	1
4294	8773	1
7031	7741	1
15012	11251	1
12669	14980	1
10139	11407	1
6787	8763	1
8137	5622	1
12937	11957	1
8763	6787	1
9276	14478	1
2646	2496	1
84	10074	1
11935	6245	1
12373	2479	1
14968	1822	1
5762	10368	1
5699	2086	1
5579	5580	1
8896	12175	1
10165	14755	1
9104	6034	1
2913	15013	1
2935	835	1
13898	11301	1
5418	5504	1
510	13665	1
5836	6908	1
11251	15012	1
4447	15014	1
2209	6113	1
6724	10929	1
2911	12580	1
11967	11330	1
13598	12111	1
7345	3149	1
8520	8520	1
2578	9936	1
3041	1987	1
6632	5733	1
914	6529	1
8880	6113	1
5300	8162	1
10859	10896	1
7337	4666	1
7597	6540	1
70	71	1
11301	13898	1
6612	7838	1
8498	8499	1
2913	8222	1
4810	4355	1
12580	2911	1
14932	12685	1
11767	10250	1
1060	3587	1
3079	2911	1
13474	9436	1
3299	3725	1
10066	13710	1
4852	4853	1
14653	9527	1
12408	12274	1
4567	2478	1
2678	4032	1
10326	10326	1
4343	3105	1
10922	3105	1
4132	7807	1
7137	12340	1
5366	12779	1
5047	3068	1
5514	4948	1
1517	2855	1
10859	11301	1
15015	2252	1
12779	5366	1
11194	10437	1
1460	14978	1
14152	8505	1
7395	1428	1
9731	4862	1
4319	6490	1
1173	1641	1
9860	12533	1
7807	4132	1
3687	12477	1
9773	12533	1
10796	2363	1
2865	8452	1
12830	943	1
3177	6309	1
10568	12533	1
8452	2865	1
10139	13627	1
6245	11935	1
5170	1842	1
6697	14916	1
15006	4013	1
9204	14944	1
1488	7519	1
968	2017	1
12776	10717	1
1822	14968	1
14816	5806	1
10024	9131	1
12546	13033	1
7395	1203	1
13038	7764	1
4726	2017	1
7532	11244	1
12805	12606	1
8334	6113	1
2017	4726	1
2360	9426	1
2051	1558	1
4815	3212	1
14510	4332	1
11680	11680	1
15016	7909	1
8024	4206	1
12744	7909	1
8899	3753	1
8839	7909	1
12546	1419	1
7866	7813	1
11817	11816	1
5549	2526	1
838	12581	1
12207	4349	1
14876	3753	1
8280	13407	1
10437	11194	1
7106	6985	1
4422	1009	1
8676	3190	1
9707	623	1
14510	11817	1
3821	901	1
14755	6068	1
7395	12661	1
5197	6344	1
6786	7813	1
10844	1716	1
10123	10753	1
7952	6193	1
7813	6786	1
7597	7423	1
1727	4006	1
10403	14188	1
5357	7521	1
5915	2311	1
4948	5514	1
2654	4921	1
9375	9374	1
10032	14751	1
12630	9329	1
3230	14144	1
968	5462	1
6245	5355	1
11517	15017	1
12580	7481	1
12111	13598	1
6321	9669	1
10737	12650	1
14373	3815	1
846	1797	1
9362	5406	1
3004	15017	1
10432	12889	1
1740	3240	1
2520	13416	1
3137	11479	1
8681	4141	1
4983	5715	1
5885	1487	1
5823	7764	1
14917	10706	1
10273	10273	1
7810	4346	1
15017	3004	1
7982	7930	1
12713	14504	1
21	788	1
5	5922	1
3400	9769	1
14197	14886	1
4556	9769	1
5715	4983	1
1631	13920	1
1257	2616	1
4692	9769	1
13756	13920	1
15018	15018	1
7982	5090	1
3068	5047	1
5406	9362	1
9402	5888	1
15019	12142	1
4726	13477	1
9887	13477	1
9067	8549	1
4869	6424	1
2616	1257	1
12173	7786	1
5341	11613	1
5511	4138	1
14542	5415	1
14855	12795	1
12208	11852	1
3633	835	1
13477	11271	1
11781	13990	1
4485	5877	1
4030	4257	1
5922	5	1
3230	1372	1
11554	4358	1
4138	5511	1
14041	13711	1
12134	8763	1
4358	11554	1
4588	4588	1
15020	15020	1
1517	1096	1
14944	9204	1
11774	14700	1
4370	708	1
3138	5581	1
1923	1307	1
13407	8280	1
