8830	4038	1
15079	7056	1
11661	6869	1
15253	11812	1
5027	6788	1
11799	11800	1
7056	15079	1
13826	14889	1
14807	9763	1
5219	6017	1
10377	2496	1
926	1791	1
2376	6506	1
8530	6539	1
14844	9059	1
6834	7102	1
4726	13477	1
14916	14916	1
14402	15359	1
2901	4247	1
4281	14066	1
5365	15075	1
5357	10654	1
1903	997	1
10414	15079	1
2412	781	1
15421	10217	1
7902	7902	1
3338	13021	1
5009	7791	1
5821	9069	1
7128	10343	1
6713	6562	1
6155	12259	1
4087	12660	1
14792	9009	1
2454	3824	1
3718	6621	1
15423	5294	1
15424	9906	1
13407	8280	1
11469	9619	1
6765	5710	1
7744	9619	1
8740	8741	1
10376	9619	1
4449	9619	1
2913	8222	1
4092	1681	1
3347	3330	1
10266	9619	1
3999	9640	1
4571	4488	1
13350	14754	1
3366	8195	1
13972	3695	1
7002	3671	1
11140	12777	1
8195	3366	1
15425	6093	1
6485	6845	1
1037	6647	1
677	3674	1
15282	13021	1
10989	10989	1
680	3010	1
1445	2015	1
7791	5009	1
4400	4032	1
14046	6419	1
13048	13601	1
5893	5047	1
12274	15153	1
10343	7128	1
6513	4613	1
13090	13090	1
10615	14949	1
1133	4977	1
15153	12274	1
5281	5280	1
14949	10615	1
5288	15153	1
1268	2017	1
824	2017	1
737	14051	1
15417	5482	1
1059	4383	1
728	5532	1
84	425	1
15426	10114	1
15427	12015	1
1132	4196	1
3010	3302	1
8481	3058	1
1031	10363	1
8018	9431	1
5757	6700	1
7863	2727	1
6765	3302	1
1030	4677	1
12467	8763	1
5723	4006	1
3009	4196	1
7086	2484	1
13193	8031	1
1935	1099	1
3503	4006	1
6343	5307	1
11831	6243	1
4383	1059	1
6243	11831	1
4196	6227	1
3068	1096	1
1517	1096	1
3849	4890	1
9431	8018	1
1064	12899	1
9992	15413	1
5684	13989	1
12472	13989	1
11304	4181	1
3759	4181	1
7831	15365	1
7861	14789	1
13442	15283	1
7926	15283	1
13157	14108	1
8357	6816	1
5840	9233	1
1714	3408	1
7861	5600	1
11287	1675	1
269	12790	1
4549	14124	1
9704	3215	1
13710	9248	1
15428	9248	1
5711	408	1
541	194	1
2424	777	1
9021	10455	1
15120	12598	1
4006	3503	1
14051	737	1
5280	5281	1
6977	4464	1
14907	14907	1
14364	2219	1
13473	2982	1
7165	6530	1
13521	11815	1
15429	14321	1
3849	6361	1
10631	1473	1
7861	974	1
15430	15430	1
6700	5757	1
15359	14402	1
15431	485	1
7181	10314	1
8452	6765	1
49	7054	1
1193	4830	1
4652	3176	1
15432	15432	1
6822	6427	1
4123	2260	1
1295	1379	1
2548	1802	1
3503	6256	1
9210	14364	1
1714	2386	1
5497	5498	1
6844	3078	1
3077	3078	1
2191	1752	1
5901	6783	1
13021	3338	1
3967	997	1
9671	12536	1
11472	12009	1
5347	5282	1
10314	5458	1
4340	7746	1
23	7746	1
7512	4951	1
9862	14136	1
7861	2415	1
14136	9862	1
7354	7084	1
8774	15277	1
5409	1795	1
1295	9683	1
1295	5532	1
11767	5924	1
14565	12217	1
5711	12999	1
6005	12148	1
13493	12126	1
826	4308	1
425	84	1
14308	12727	1
826	228	1
228	228	1
1669	410	1
6530	7165	1
1081	9409	1
5757	5503	1
15413	13308	1
1542	1542	1
1451	730	1
3154	7165	1
15098	15098	1
2548	13433	1
920	1554	1
12899	1064	1
730	1451	1
12536	9671	1
6146	10215	1
11702	490	1
1295	270	1
5306	14848	1
15148	4534	1
10788	490	1
7045	7262	1
3166	896	1
6213	1599	1
14346	7323	1
3153	11166	1
7521	11344	1
632	8173	1
4006	5723	1
5307	6343	1
490	11702	1
2721	3166	1
12126	13493	1
9668	9474	1
6297	8017	1
6343	13383	1
408	5711	1
13494	11565	1
11936	15433	1
5733	5266	1
11166	3153	1
1584	876	1
12214	10834	1
7082	6613	1
6286	6613	1
8959	10834	1
5027	5234	1
10035	9375	1
4939	5234	1
2496	10377	1
5509	9009	1
15434	9627	1
8451	8867	1
15385	10435	1
11467	12546	1
14577	940	1
15157	11161	1
10953	9649	1
13574	14825	1
9273	6754	1
5628	294	1
8017	6297	1
10834	12214	1
294	5628	1
6783	5901	1
1954	2269	1
12006	15390	1
5695	2641	1
183	182	1
7764	5823	1
7151	9089	1
249	9501	1
6314	9136	1
978	978	1
15213	416	1
6613	6286	1
13433	2548	1
2386	1714	1
10435	15385	1
11140	9568	1
12259	6155	1
1022	897	1
5981	6155	1
6227	4196	1
12173	7786	1
551	6093	1
7861	3380	1
5266	4561	1
2386	3408	1
3176	1781	1
6765	8452	1
4279	3998	1
2976	3998	1
2672	2428	1
4724	4605	1
5543	5523	1
3212	4815	1
8763	12134	1
9334	15435	1
6379	7290	1
8195	13909	1
6897	4605	1
1084	6183	1
15079	10414	1
15076	14844	1
876	1584	1
15436	15435	1
2484	7086	1
14565	3563	1
2976	11148	1
5823	7764	1
5066	5514	1
7782	9761	1
13424	10478	1
15437	15431	1
14155	14156	1
12161	12472	1
12432	12432	1
5306	2618	1
8333	8676	1
9410	12960	1
1490	822	1
897	1022	1
5894	4133	1
1074	1075	1
9431	4980	1
9889	4133	1
13280	6765	1
8322	7326	1
4815	3212	1
13737	10620	1
1822	14878	1
9612	5085	1
3499	6128	1
13956	9383	1
6373	7130	1
11043	7130	1
8018	7130	1
7089	7130	1
14653	9240	1
6686	7130	1
6321	7130	1
3405	5294	1
9527	9240	1
7205	7130	1
11009	7130	1
11344	7521	1
6765	7130	1
4034	7130	1
8452	7130	1
4854	4854	1
9086	4034	1
14844	15076	1
4400	3521	1
2252	7130	1
3054	869	1
8739	7130	1
12806	7130	1
2433	7130	1
13308	15413	1
2051	4868	1
6918	1361	1
15148	2297	1
5188	7130	1
14804	5294	1
9687	2252	1
4251	3944	1
5514	5066	1
5068	4241	1
8295	8425	1
7952	4362	1
5062	625	1
5473	4511	1
9575	5694	1
10569	12650	1
15438	5694	1
2976	6603	1
15070	12650	1
5840	3561	1
12785	5234	1
3521	4400	1
4868	2051	1
3215	9704	1
4838	422	1
2981	13473	1
14991	11527	1
1295	13421	1
14463	6107	1
14825	15226	1
2698	5853	1
3800	3581	1
8118	15439	1
259	2458	1
1796	46	1
12134	8763	1
3551	4213	1
194	541	1
8141	1096	1
5735	14584	1
8684	10955	1
12747	14055	1
1295	564	1
12312	12403	1
1084	2707	1
3513	14049	1
3390	5521	1
5261	5260	1
7334	9966	1
13373	3353	1
14584	5735	1
11026	3575	1
4603	7025	1
10179	9069	1
5671	9136	1
15283	7926	1
10936	10936	1
2616	12487	1
14804	4024	1
6827	6828	1
5977	9541	1
2941	3912	1
6113	8153	1
9541	5977	1
11403	8903	1
10663	3912	1
5684	6085	1
15440	15441	1
10609	12172	1
2976	666	1
5904	5374	1
5690	640	1
4838	1361	1
6376	2620	1
5318	3826	1
800	5076	1
7736	13476	1
12353	8903	1
4043	1704	1
14277	8412	1
14178	2511	1
8276	15442	1
11287	11433	1
3243	15443	1
9086	3035	1
8923	9374	1
10570	8222	1
5586	5585	1
1859	645	1
5078	8890	1
12727	14308	1
1096	3068	1
15444	15444	1
12420	5571	1
6932	4270	1
7484	12095	1
6783	4726	1
1307	14153	1
13989	5684	1
15388	8044	1
5853	2698	1
4270	6932	1
6612	2914	1
5085	9612	1
3950	6782	1
4399	1541	1
13557	3923	1
8575	8750	1
1361	4838	1
11472	13567	1
898	4398	1
5306	222	1
13567	11472	1
5974	412	1
539	7610	1
3923	13557	1
8763	6787	1
10687	6068	1
7033	5305	1
9383	13956	1
11287	3731	1
4346	7810	1
11140	14239	1
8909	7780	1
5027	10464	1
15417	11551	1
5234	12785	1
14969	7265	1
7920	7052	1
11797	8903	1
14303	10007	1
12259	9414	1
4242	7054	1
12095	7484	1
2646	7099	1
15442	8276	1
3212	7912	1
15210	8903	1
4815	7912	1
13581	14531	1
6314	7223	1
7861	814	1
15445	15313	1
11758	6571	1
10778	8903	1
6930	8903	1
6787	8763	1
13118	15415	1
12397	12773	1
15446	7856	1
8944	328	1
4030	6849	1
5086	5087	1
6068	10687	1
11031	8903	1
14099	7120	1
7654	4317	1
8611	5096	1
14531	13581	1
6782	3950	1
8903	15210	1
11413	3453	1
15365	10713	1
5509	10347	1
1084	8390	1
9446	14501	1
15365	12456	1
6135	7884	1
8856	604	1
1134	15044	1
5504	15397	1
1237	15044	1
12255	13630	1
5757	5154	1
6314	1108	1
13900	15044	1
12910	12910	1
5088	7746	1
6869	11661	1
15447	3194	1
12266	5307	1
14066	4816	1
5087	5086	1
4812	2665	1
15283	13442	1
604	8856	1
6619	1452	1
8412	7992	1
7645	3353	1
10007	14303	1
9582	9583	1
7323	14346	1
1231	9409	1
12383	4568	1
15388	4580	1
1535	2316	1
15435	9334	1
7884	6135	1
9992	14573	1
7780	8909	1
524	816	1
7012	8651	1
1800	9605	1
3768	7764	1
10938	14239	1
10464	5027	1
15447	3380	1
8903	6930	1
10953	2335	1
11512	5449	1
288	6854	1
13165	816	1
10713	15365	1
1886	2700	1
9769	3137	1
3912	10663	1
1933	1266	1
9683	884	1
8903	11403	1
4568	12383	1
12745	936	1
13187	4186	1
9007	3137	1
12596	12596	1
5366	12779	1
5454	884	1
15153	5288	1
3229	1572	1
9009	5509	1
10390	9438	1
5541	7564	1
9391	8680	1
7265	14969	1
10347	5509	1
5306	11509	1
9438	10390	1
518	14626	1
2454	3822	1
5154	5757	1
12487	2616	1
4321	12814	1
826	445	1
10351	4747	1
8903	12353	1
7178	3822	1
15239	14626	1
14792	6867	1
6867	10347	1
7844	10787	1
5027	10415	1
10347	6867	1
4147	2540	1
5234	4939	1
2807	8859	1
12351	6316	1
3731	11287	1
12086	7862	1
2148	12347	1
3079	14804	1
1075	15368	1
4024	14804	1
9041	4864	1
13273	4218	1
1599	6364	1
10437	7276	1
221	222	1
12256	85	1
11807	7895	1
11164	7895	1
12487	3358	1
6811	14025	1
14804	3079	1
7025	4603	1
2749	173	1
15368	1075	1
5694	9575	1
4303	4556	1
5509	4114	1
9041	3077	1
9640	3999	1
5481	1188	1
5047	11124	1
5084	1043	1
13157	13157	1
1055	4725	1
1096	1517	1
5481	3210	1
5234	5027	1
1656	3999	1
3954	2234	1
5296	1517	1
7810	4346	1
9070	9071	1
10415	5027	1
8412	14277	1
4863	4864	1
13939	13939	1
6788	5027	1
1035	6467	1
14117	13552	1
7088	11849	1
7160	8659	1
7072	14404	1
3170	8707	1
9325	5888	1
8868	13852	1
8909	5365	1
15075	5365	1
2976	6978	1
85	12256	1
2428	2672	1
11140	8030	1
4613	6513	1
13552	14117	1
2725	5217	1
2234	3383	1
15448	15446	1
781	10716	1
10769	4581	1
1897	12340	1
15449	15449	1
1295	3182	1
1075	1074	1
4400	4399	1
6752	1110	1
9009	6867	1
8903	5089	1
14166	5307	1
11551	15417	1
10488	14798	1
1681	4092	1
4626	6270	1
8121	7158	1
12472	12161	1
7128	10753	1
9414	12259	1
6867	14792	1
14264	8361	1
10666	14603	1
7108	4724	1
10753	7128	1
4724	7108	1
5897	7487	1
10838	13663	1
13477	4726	1
1897	15204	1
2017	824	1
6270	4626	1
15330	12735	1
8271	12330	1
3506	5333	1
4890	3849	1
13268	11170	1
4556	4303	1
8903	11797	1
424	29	1
6071	6915	1
9070	9253	1
10389	6564	1
13308	13573	1
7861	205	1
5217	2725	1
13573	13308	1
3383	2234	1
7786	12173	1
1492	797	1
14049	3513	1
5072	2725	1
5482	5234	1
5259	9365	1
1456	3949	1
10667	8162	1
3826	5318	1
5333	3506	1
8903	8354	1
6127	12899	1
9368	8207	1
7592	5341	1
9193	3577	1
4581	10769	1
6164	2301	1
10787	7844	1
5234	5482	1
13853	10550	1
6783	2677	1
15236	12201	1
5582	523	1
11007	15044	1
8859	2807	1
7678	12201	1
15450	15450	1
10955	8684	1
2725	2725	1
6816	2914	1
13663	10838	1
5197	11369	1
9276	7409	1
10706	2802	1
10968	2646	1
8361	14264	1
15157	15451	1
5516	6485	1
8773	7535	1
14222	320	1
4525	2802	1
6278	7944	1
3137	9769	1
14321	15429	1
12487	9237	1
3771	188	1
7444	7786	1
11661	15452	1
3545	7108	1
7235	9378	1
14503	3297	1
523	5582	1
1599	6213	1
7370	15453	1
8623	6257	1
15454	15454	1
2316	1535	1
1562	4900	1
14825	13775	1
1135	6257	1
5180	4047	1
2981	2982	1
15452	11661	1
15415	13118	1
1390	1746	1
1926	5506	1
14840	8540	1
14117	8699	1
2646	10968	1
5	207	1
190	222	1
8031	13193	1
5266	1619	1
940	14577	1
4914	6667	1
4796	2847	1
7407	13538	1
10810	8139	1
7266	4946	1
11369	5197	1
9456	9863	1
14846	14818	1
15313	447	1
6564	10389	1
8139	10810	1
5845	7331	1
13477	14818	1
21	4930	1
4101	9863	1
10179	14818	1
7331	5845	1
13775	14825	1
10651	13685	1
5506	1926	1
15110	14818	1
13129	5466	1
4538	13046	1
15447	1436	1
14481	14818	1
14818	10179	1
10319	8975	1
15455	6144	1
15377	15377	1
10434	9491	1
8443	2821	1
5266	5720	1
12347	2148	1
3999	1656	1
5733	5720	1
10161	9498	1
4341	10449	1
10451	14818	1
3654	14818	1
13673	8401	1
14626	15239	1
3729	6147	1
8903	10778	1
8683	14818	1
15446	4092	1
