5002	14814	1
10713	8583	1
9234	9488	1
4726	2017	1
10787	7844	1
6339	7481	1
6633	6034	1
6081	6034	1
1265	11160	1
9104	6034	1
1599	6213	1
12654	3442	1
15684	15607	1
14612	8492	1
7345	14699	1
7228	13289	1
624	4014	1
15505	12802	1
15034	12353	1
3499	5321	1
5377	5298	1
5642	13734	1
8222	4747	1
7215	11194	1
3405	3404	1
9575	2776	1
1565	5225	1
6920	12937	1
6669	5488	1
5321	3499	1
10760	9267	1
15641	9718	1
7868	10330	1
9587	5684	1
11194	7215	1
6730	5684	1
173	2678	1
9280	9267	1
8867	15614	1
15106	10478	1
6620	1731	1
9763	9966	1
13393	13393	1
3043	4578	1
1179	1408	1
2380	2017	1
6158	15579	1
8837	6054	1
11528	3618	1
10741	6128	1
3753	4741	1
5504	15397	1
3450	2959	1
3450	5935	1
625	5062	1
6127	6364	1
10681	9193	1
2973	4039	1
13732	7289	1
7866	1740	1
12672	10054	1
1740	3674	1
15052	10031	1
6363	6346	1
13273	9717	1
9857	11537	1
15685	2672	1
3450	5934	1
15579	6158	1
15385	921	1
11677	2343	1
15686	95	1
14893	9518	1
5380	15075	1
3216	11831	1
1791	6525	1
355	1058	1
4014	624	1
5377	5662	1
1643	10466	1
3450	2284	1
490	5494	1
5488	6669	1
1641	5712	1
12787	5553	1
6354	6786	1
4045	3426	1
11602	15681	1
15681	9577	1
2894	3278	1
2299	1710	1
12018	12018	1
5921	4444	1
9835	1008	1
5203	6312	1
8737	6559	1
2738	15358	1
4059	7580	1
5977	8491	1
14612	8735	1
4747	8222	1
7265	9957	1
3503	5774	1
5297	5774	1
11201	5922	1
253	13972	1
3299	9	1
14547	14522	1
2299	7215	1
10343	15666	1
3083	5297	1
12383	6380	1
15666	10343	1
9582	9583	1
3297	11455	1
9233	15055	1
10036	623	1
14443	7359	1
10036	2616	1
15687	4147	1
2172	2171	1
8347	14075	1
14540	4112	1
3072	6332	1
10036	6332	1
13851	3315	1
3405	8031	1
7532	13595	1
13367	13595	1
14037	9253	1
11513	9253	1
10036	5136	1
12152	3752	1
13593	13847	1
7421	5663	1
15688	974	1
13713	15661	1
243	6161	1
4592	6161	1
7228	9041	1
15483	15483	1
3072	10798	1
5494	490	1
2193	2349	1
11062	12045	1
2348	2349	1
8837	1103	1
4223	4224	1
4747	4555	1
9418	11715	1
378	14720	1
6447	4362	1
13048	5008	1
2017	2380	1
921	15385	1
4478	4653	1
5008	13048	1
2935	835	1
13744	14895	1
1853	7372	1
8681	11344	1
15035	13744	1
3047	5211	1
14895	13744	1
835	2935	1
15658	15657	1
2380	2897	1
14120	14120	1
10036	2420	1
798	2294	1
460	5297	1
13213	5684	1
2897	2380	1
5843	625	1
5977	2935	1
3315	13851	1
2219	14364	1
7592	7595	1
2909	2294	1
6346	6363	1
15657	15658	1
6286	6613	1
6363	2275	1
15689	9813	1
10036	1249	1
3450	9356	1
15668	15652	1
11817	15652	1
7012	3569	1
6213	1599	1
1641	1135	1
5694	13977	1
5488	5892	1
5222	9273	1
10451	14818	1
3450	14885	1
10517	11221	1
8492	14612	1
5169	8959	1
10368	13840	1
7961	1237	1
5546	15422	1
12217	15611	1
8525	8526	1
907	9498	1
1372	9270	1
3315	3545	1
7108	3545	1
9518	10811	1
3450	6245	1
9105	4946	1
5904	4135	1
7266	4946	1
3426	4610	1
828	14082	1
12675	4946	1
10766	1933	1
15281	1367	1
4524	14082	1
6363	5671	1
5694	9575	1
4112	14540	1
10179	9069	1
4218	14803	1
4047	3810	1
15690	10355	1
10704	6499	1
5684	9587	1
1796	46	1
4444	5921	1
6613	6286	1
1933	386	1
7718	8014	1
5715	4561	1
3791	4492	1
10210	11923	1
2051	1558	1
1832	46	1
386	1933	1
7868	12544	1
12544	7868	1
7736	11700	1
2027	4162	1
5904	5374	1
5361	4514	1
12773	13289	1
5553	12787	1
3072	13974	1
2299	5562	1
7053	10502	1
3450	13974	1
8051	10502	1
15624	6343	1
9718	6562	1
2380	9267	1
11121	4029	1
12400	4939	1
8763	12134	1
2542	5588	1
6346	4318	1
2380	3631	1
9447	2663	1
10759	2096	1
4726	15664	1
3072	6144	1
490	11702	1
271	15438	1
2698	11676	1
11702	490	1
1163	2914	1
4601	4942	1
5704	15438	1
11948	12756	1
81	9270	1
3450	5411	1
4946	6765	1
720	15669	1
2660	3788	1
12134	8763	1
12275	12672	1
15691	15664	1
2246	2246	1
6765	4946	1
804	3971	1
9267	10760	1
6363	12342	1
944	897	1
5047	5797	1
3450	4250	1
3966	7624	1
7215	7624	1
12732	14411	1
8533	8614	1
2104	1714	1
5495	3825	1
15664	8522	1
9273	5222	1
1105	12499	1
15614	8867	1
3450	3088	1
4390	4525	1
3447	4233	1
9575	5694	1
13977	5694	1
14904	9325	1
2017	4726	1
15664	4726	1
12779	5366	1
400	4180	1
10036	1100	1
11031	4726	1
8451	10765	1
3450	2137	1
3450	11120	1
3849	6329	1
5374	3109	1
13557	3923	1
10682	6309	1
15664	15691	1
15422	5546	1
6901	14165	1
4257	3794	1
15635	3287	1
3660	3287	1
2380	1268	1
15550	4884	1
5684	6730	1
6562	9718	1
7689	2371	1
4059	15680	1
10036	2488	1
9767	6121	1
12383	4568	1
6531	11767	1
4478	4024	1
5883	3566	1
5042	9680	1
11817	15589	1
4341	1599	1
7090	4006	1
6564	10413	1
6363	1808	1
6183	8035	1
15668	15589	1
920	2114	1
3322	14855	1
10765	15589	1
6351	15692	1
4884	15550	1
11910	15550	1
12806	15550	1
12406	10811	1
4726	11031	1
14913	14896	1
3547	2559	1
15693	11280	1
835	5176	1
15230	5474	1
8785	10609	1
15694	15695	1
9876	8412	1
2299	4777	1
4226	15558	1
15696	13348	1
6936	4218	1
14803	4218	1
6183	4755	1
5488	4218	1
10036	4781	1
2984	4230	1
12763	10563	1
3450	4781	1
1599	4341	1
15550	8404	1
13213	8967	1
8737	14443	1
2663	9447	1
2576	1554	1
14411	12732	1
11923	10210	1
11936	9550	1
437	861	1
3287	3660	1
4755	6183	1
4801	4439	1
4318	6346	1
625	5843	1
4295	14825	1
13571	7688	1
14875	5058	1
7314	3999	1
4439	4801	1
14825	4295	1
13213	5888	1
7670	7671	1
8404	15550	1
1554	2576	1
5488	8705	1
13744	15035	1
12197	9343	1
2678	173	1
12395	13990	1
2380	375	1
2666	4025	1
9957	7265	1
13977	15581	1
12422	12422	1
14754	13350	1
14197	14173	1
2219	13319	1
15697	6135	1
7120	14099	1
12036	1997	1
14173	14197	1
15550	12806	1
15561	10000	1
6774	12862	1
13187	13187	1
7688	13571	1
4025	2666	1
2114	920	1
8443	4464	1
28	5622	1
677	6120	1
8721	1840	1
12862	6774	1
10355	1407	1
4162	2027	1
8896	6562	1
13350	14754	1
4091	10624	1
13692	10623	1
12756	11948	1
3824	4406	1
13289	12773	1
2299	896	1
4464	8443	1
10000	15561	1
4478	5868	1
14049	1120	1
13595	13367	1
15550	11910	1
2096	2199	1
5273	9501	1
1407	10355	1
9391	14796	1
12176	7927	1
6832	13868	1
14071	14681	1
12336	13571	1
9325	7713	1
510	510	1
510	13665	1
6906	10285	1
10736	13900	1
2958	9957	1
4692	9769	1
3109	5374	1
6363	5678	1
3077	6390	1
14197	7108	1
13734	5485	1
3545	7108	1
5190	10464	1
5318	5318	1
15698	15698	1
7273	15699	1
11653	11653	1
11201	6066	1
11661	6869	1
3816	66	1
7406	512	1
10351	12862	1
1584	4789	1
887	871	1
15693	334	1
15648	13611	1
9488	9234	1
8031	4802	1
871	887	1
7824	12342	1
9907	9907	1
11734	7162	1
3822	858	1
2725	13481	1
13213	11301	1
10413	6564	1
5548	184	1
3079	2911	1
15664	12353	1
5047	11751	1
4218	6936	1
15438	271	1
32	1687	1
13481	2725	1
15700	12616	1
3794	4257	1
1434	3815	1
6697	14916	1
10795	1389	1
14631	10713	1
8517	8050	1
8004	9136	1
8050	8517	1
6363	13787	1
15395	5717	1
5318	3826	1
6363	3366	1
5904	5733	1
15181	162	1
5821	5820	1
5690	4563	1
14934	14934	1
8975	10130	1
15701	8927	1
4525	4390	1
4567	2478	1
13348	15696	1
8976	15702	1
5753	314	1
5273	84	1
10620	13737	1
5922	11201	1
9897	10982	1
4230	2984	1
6316	12351	1
10713	14585	1
7215	7625	1
13737	10620	1
4560	6556	1
3999	7314	1
12353	15664	1
1582	1481	1
12351	6316	1
7780	4237	1
12336	15703	1
5482	5234	1
14925	14078	1
11779	13580	1
9325	14904	1
11243	15664	1
6363	7345	1
15503	8974	1
920	15675	1
5922	5	1
15679	6334	1
12521	12521	1
6110	15535	1
13032	1913	1
14144	14578	1
14940	1742	1
13213	9639	1
10130	8975	1
5353	8609	1
11815	6371	1
6363	13538	1
5485	13734	1
1064	12899	1
9388	9240	1
8745	12483	1
15501	15501	1
2559	3547	1
2161	3578	1
1006	13974	1
1100	13974	1
6423	14858	1
14541	4487	1
14714	12899	1
7582	14328	1
15704	15704	1
8220	14461	1
14328	6883	1
15705	15705	1
2084	1432	1
10865	15663	1
8583	10713	1
14328	7582	1
10368	13308	1
14585	10713	1
13734	5642	1
15639	7800	1
15652	11817	1
4414	15663	1
2171	2172	1
14540	4576	1
15589	11817	1
7800	15639	1
8031	3405	1
9001	7891	1
12170	4727	1
6363	11598	1
9240	9388	1
5797	5047	1
5893	5047	1
11499	7079	1
13473	5849	1
5411	5047	1
2646	6507	1
15380	15381	1
12960	9410	1
10145	9410	1
5047	5411	1
1839	1987	1
3450	5047	1
7969	5888	1
4198	4814	1
2835	6948	1
2422	3064	1
14904	5888	1
5756	5888	1
14340	14341	1
14858	4755	1
14139	15451	1
15038	5694	1
5266	1619	1
1619	5266	1
3450	5006	1
9854	5948	1
10036	6700	1
14975	14975	1
15663	10865	1
9280	6945	1
6268	15465	1
3450	6700	1
13215	14774	1
4589	6513	1
2913	14886	1
536	5253	1
8333	8676	1
5904	12019	1
2458	259	1
13868	6832	1
980	1188	1
9280	9656	1
2883	10015	1
5599	4945	1
14150	1240	1
5820	5821	1
10007	9200	1
1134	8676	1
10036	8421	1
6371	11815	1
15371	3702	1
2183	7102	1
14494	2211	1
15706	6883	1
8333	1238	1
4755	14858	1
792	9109	1
7276	14807	1
3098	4102	1
9193	3577	1
15707	15707	1
3450	2958	1
10161	11387	1
11387	10161	1
15708	15708	1
12073	7519	1
6070	5355	1
13851	1987	1
12899	1064	1
13580	11779	1
6363	9736	1
4801	10988	1
5047	5893	1
1509	6287	1
10988	10893	1
6788	3335	1
15707	579	1
10095	10634	1
5281	6287	1
10988	4801	1
13911	15338	1
3450	5797	1
2216	2392	1
14699	2109	1
1641	2579	1
14825	7232	1
5825	6185	1
11015	15709	1
10464	5190	1
5424	5598	1
9270	6200	1
11871	10765	1
4610	3426	1
5717	15395	1
2885	10765	1
12862	10351	1
5701	14140	1
1641	8086	1
237	238	1
12861	10765	1
12482	12919	1
1884	8412	1
3568	2914	1
13477	2303	1
11899	7772	1
15697	9381	1
15465	2913	1
7800	15248	1
13962	5382	1
15710	10715	1
10765	8451	1
10082	12900	1
4409	5217	1
15037	3546	1
15711	15711	1
9718	181	1
1782	1781	1
4653	4478	1
15681	13203	1
14222	14222	1
4193	4194	1
10563	12763	1
12769	12769	1
5598	5424	1
13203	15681	1
5190	8043	1
