11779	7713	1
3043	1850	1
2282	2611	1
7215	5635	1
9580	11337	1
10810	8139	1
1956	3461	1
2205	5294	1
5570	5742	1
2653	3310	1
375	15347	1
13737	13553	1
6564	755	1
8891	3310	1
2386	12644	1
6646	2611	1
424	12256	1
1854	1232	1
13853	10550	1
2611	2282	1
5300	10667	1
8645	7136	1
15348	15348	1
11439	14676	1
6068	10165	1
15349	7032	1
10335	11514	1
5165	1677	1
10574	9477	1
3715	3716	1
14676	11439	1
13900	5678	1
4487	14541	1
7920	7052	1
6646	5678	1
4430	7052	1
12336	6994	1
4370	5354	1
15350	5322	1
15253	7535	1
2205	8522	1
7218	8301	1
14855	12795	1
12456	10713	1
14049	1120	1
3294	4260	1
12899	6127	1
3895	3716	1
15068	12795	1
1818	4633	1
13434	9955	1
9792	7616	1
5217	14656	1
14071	814	1
564	905	1
3260	6649	1
6564	15238	1
518	14626	1
11116	6022	1
13403	9564	1
3302	2489	1
14176	14176	1
3502	1064	1
6774	12347	1
4092	10363	1
10455	9021	1
11571	5191	1
10415	5027	1
4504	6022	1
12540	8210	1
11102	6490	1
806	9798	1
5673	10379	1
15351	15352	1
543	736	1
2260	736	1
2901	736	1
1232	736	1
12344	5789	1
331	332	1
1461	1677	1
910	5849	1
1561	5070	1
518	677	1
15238	6564	1
9425	736	1
5173	12484	1
6771	10687	1
6343	11044	1
1022	1677	1
12347	6774	1
7088	6184	1
3568	15013	1
677	518	1
9414	14066	1
11607	15353	1
14541	4487	1
5191	14066	1
3895	4580	1
13869	13989	1
13063	13064	1
8031	6448	1
6448	8031	1
9021	10455	1
7909	12650	1
10363	4092	1
905	564	1
238	564	1
11297	5415	1
6334	8280	1
5415	11297	1
1611	5415	1
5659	14593	1
13687	12650	1
10687	10165	1
8347	14075	1
4287	10687	1
10165	10687	1
10437	7215	1
10687	4287	1
4257	6648	1
15354	893	1
6127	12899	1
10080	13976	1
14943	13976	1
808	11517	1
4257	2364	1
14071	6200	1
7368	9717	1
13976	10080	1
4341	1599	1
564	238	1
6780	14277	1
8412	14277	1
7885	14277	1
954	14277	1
12019	14277	1
15355	14277	1
7922	14277	1
5921	14277	1
4799	14277	1
14699	14277	1
8820	14277	1
13023	14277	1
5904	14277	1
4777	14277	1
11598	14277	1
7196	14277	1
680	283	1
10080	14277	1
15356	14277	1
13727	14277	1
15357	14277	1
8891	7616	1
10449	7616	1
9600	7616	1
1050	428	1
6468	11600	1
2738	15358	1
5217	5282	1
1360	1361	1
10285	13323	1
8280	6334	1
2911	2085	1
10687	6771	1
10285	8998	1
742	14373	1
5445	2725	1
3297	11455	1
3102	1855	1
3895	11120	1
2385	2386	1
12644	2386	1
6473	126	1
5673	8421	1
14071	7104	1
6343	4603	1
5642	5485	1
13734	5485	1
4247	2901	1
11689	11164	1
8483	4308	1
5673	5706	1
6343	5706	1
7895	11164	1
1451	730	1
14920	370	1
868	1266	1
344	9335	1
1368	1280	1
6343	13030	1
3665	1108	1
1677	1461	1
344	6644	1
3159	4945	1
5849	910	1
12819	11702	1
3768	7764	1
11677	11678	1
14224	485	1
15359	14402	1
3679	15148	1
2364	4257	1
6831	3919	1
7764	3768	1
1954	6256	1
14398	15209	1
9704	3215	1
11713	8732	1
5445	4457	1
9872	5317	1
3285	4921	1
1797	3476	1
11775	7162	1
15168	15169	1
12634	11254	1
11371	7408	1
9584	11017	1
14495	1057	1
6648	4257	1
3895	3088	1
10246	5467	1
8121	15139	1
14949	12819	1
2172	14595	1
3520	3905	1
11702	12819	1
5570	5720	1
13737	10620	1
6343	7025	1
10550	13853	1
6234	2785	1
1120	869	1
5897	5898	1
3315	7108	1
14197	7108	1
15360	1835	1
8528	11807	1
11120	6126	1
2713	2059	1
3476	1797	1
6644	344	1
6385	6385	1
1939	12721	1
10922	4343	1
1933	1266	1
10285	5598	1
1064	3502	1
4064	4495	1
7895	11807	1
6079	11807	1
12721	1939	1
7350	5839	1
929	928	1
1040	1194	1
730	1451	1
3302	8526	1
11101	8380	1
847	3176	1
3302	515	1
6343	710	1
15361	15361	1
4399	1748	1
14075	8347	1
7780	8909	1
9754	9474	1
5219	6017	1
12470	11807	1
884	3480	1
15106	9966	1
6308	3480	1
14066	9414	1
9223	4810	1
243	6161	1
8194	15341	1
14839	11807	1
6343	3358	1
1452	1451	1
10765	12861	1
7997	534	1
5878	15139	1
17	18	1
11120	3895	1
13830	2154	1
721	7941	1
5120	5121	1
6185	5576	1
13398	10449	1
14769	738	1
7616	10449	1
9527	6210	1
12060	12280	1
15362	15362	1
6184	7088	1
15139	5878	1
14414	1361	1
15363	10615	1
1341	15180	1
884	5454	1
3302	6765	1
4006	1727	1
3555	3555	1
1656	3999	1
15274	15274	1
9835	14382	1
11514	10335	1
868	2488	1
3383	2488	1
9966	15106	1
12255	13630	1
14577	4195	1
6843	12472	1
12312	12403	1
4696	1504	1
5424	5598	1
1854	3108	1
4430	6270	1
769	1722	1
3895	3068	1
6270	4430	1
9066	11164	1
15364	5096	1
10100	15106	1
6898	9798	1
5457	3068	1
6183	13597	1
12161	12472	1
6165	8359	1
5648	10061	1
3730	8614	1
1919	2511	1
1463	5747	1
13597	6183	1
8547	15334	1
8359	6165	1
5715	4561	1
2114	4703	1
7032	15349	1
5415	1611	1
7624	12381	1
6069	6388	1
6126	11120	1
10285	5443	1
8195	13909	1
5673	5188	1
6343	5188	1
4011	3824	1
6590	623	1
6308	9616	1
12381	7624	1
7086	5759	1
15209	14398	1
9477	10574	1
10415	11135	1
14655	7245	1
11677	7240	1
3285	1523	1
5445	1483	1
5221	681	1
6343	8452	1
1619	5266	1
7025	6210	1
5673	8646	1
3302	6836	1
12300	4816	1
15153	4816	1
3919	6831	1
6247	5717	1
4491	6836	1
50	49	1
5043	6499	1
9798	6898	1
9009	6533	1
266	3350	1
3895	835	1
12126	49	1
15365	10713	1
3176	847	1
7741	5800	1
9769	3546	1
5759	7086	1
11807	14839	1
6782	3950	1
14825	13775	1
4828	5185	1
11455	3581	1
10674	15366	1
9835	14321	1
6348	8923	1
7338	3523	1
6872	4679	1
2794	2794	1
3215	9704	1
11254	12634	1
5191	11571	1
12512	4375	1
8909	7780	1
3895	4375	1
15217	2901	1
13596	5076	1
3895	6038	1
11201	6066	1
10285	5365	1
7179	7731	1
7739	5021	1
3849	6361	1
3302	3010	1
5641	3468	1
3895	1188	1
4057	11938	1
5089	8903	1
7731	7179	1
11677	14925	1
15106	10100	1
2752	14667	1
15366	10674	1
4816	15153	1
5427	15106	1
15367	11157	1
3822	3824	1
10814	8903	1
1022	897	1
13777	8261	1
2511	1919	1
10061	5648	1
10704	4669	1
7765	8903	1
10988	8903	1
6017	5219	1
6308	6307	1
13580	12469	1
721	416	1
386	1933	1
868	416	1
14739	5941	1
7020	9342	1
415	416	1
8903	10814	1
9342	7020	1
7211	5524	1
5800	7741	1
1850	3043	1
12832	5537	1
10285	5888	1
5318	3826	1
2488	3383	1
4260	3294	1
9335	344	1
4562	12684	1
5598	5424	1
3269	422	1
5673	2801	1
14536	5773	1
1064	6267	1
13181	475	1
14117	8699	1
7408	11371	1
7303	6022	1
9955	13434	1
11779	13580	1
9876	9876	1
12469	13580	1
1599	6213	1
8222	8031	1
2246	11247	1
986	7029	1
6210	9527	1
6788	5027	1
13674	13674	1
6343	3585	1
7029	986	1
1184	387	1
5168	2229	1
7132	12908	1
3895	2935	1
6113	11256	1
8611	5096	1
4904	1664	1
3302	2935	1
10386	13750	1
8483	7774	1
1599	11760	1
12908	7132	1
7693	10411	1
10411	7693	1
1872	1872	1
6343	2420	1
5845	7331	1
12336	8967	1
12819	14949	1
11120	2420	1
11135	10415	1
9517	13284	1
3950	6782	1
5598	6648	1
7331	5845	1
6765	11645	1
3468	5641	1
11826	10363	1
1664	4904	1
928	929	1
2976	11148	1
13088	3601	1
3992	5641	1
14595	2172	1
14066	4816	1
1462	5187	1
14402	2611	1
5047	2284	1
14197	8680	1
15341	8194	1
6297	8017	1
6765	5622	1
8502	8680	1
6343	3177	1
11121	5234	1
15297	11521	1
2119	5167	1
7688	8680	1
3302	3177	1
1855	3102	1
2802	4525	1
13710	13710	1
15364	647	1
3895	760	1
5234	4939	1
3405	4949	1
13477	4726	1
5481	7543	1
1514	2083	1
7893	6525	1
3824	4011	1
2621	14119	1
1793	4346	1
868	1676	1
5445	4408	1
5718	5720	1
3563	14565	1
3849	15034	1
13381	14041	1
9862	8951	1
5325	8280	1
15034	3849	1
13418	7051	1
4544	5958	1
13101	7051	1
3775	6765	1
9314	6112	1
13882	15106	1
5673	11503	1
14071	6112	1
1086	760	1
13900	15044	1
10560	8460	1
7444	2083	1
12598	15120	1
9325	7713	1
11256	6113	1
7108	4724	1
7051	13101	1
14197	3545	1
14340	14341	1
2420	11120	1
4724	7108	1
3826	5318	1
11284	6577	1
4025	2666	1
1134	15044	1
14855	11159	1
9070	9253	1
9089	7151	1
6343	9144	1
721	2037	1
7082	13106	1
5673	7597	1
13208	8290	1
3302	2127	1
15290	15290	1
1636	1697	1
14943	5876	1
336	62	1
12533	845	1
15284	1799	1
5717	6247	1
5759	5759	1
7051	13418	1
13017	13908	1
5058	14875	1
3027	9903	1
5673	4217	1
5465	5466	1
7455	9311	1
1997	75	1
14992	10925	1
4006	7359	1
12217	14565	1
9903	3027	1
13273	13573	1
130	822	1
12536	9671	1
4726	13477	1
13573	13273	1
10437	4317	1
5524	7211	1
14277	10080	1
2019	186	1
8959	1998	1
8903	6930	1
7079	7078	1
4815	3212	1
868	5341	1
8619	10738	1
3346	2867	1
5849	10632	1
10925	14992	1
12256	13734	1
936	12116	1
3183	8425	1
1452	6514	1
7082	6702	1
6533	9009	1
6893	10632	1
6112	14071	1
4238	2580	1
9378	7179	1
1666	3723	1
5773	4021	1
5485	13734	1
6343	7484	1
6267	1064	1
13734	12256	1
15368	1075	1
15106	5427	1
6343	7847	1
5506	1926	1
994	1075	1
7179	9378	1
15144	15121	1
3470	709	1
4851	13858	1
10984	12830	1
1727	4006	1
534	10737	1
5380	5904	1
8825	8826	1
10363	11826	1
3895	1232	1
2154	13830	1
5642	3561	1
12533	10639	1
1074	1075	1
14066	5191	1
5840	3561	1
6765	3775	1
4084	2017	1
3302	1076	1
2552	6752	1
14678	12342	1
7616	8891	1
2017	4084	1
15369	12162	1
6343	5411	1
8681	4141	1
3895	3450	1
15370	12877	1
11120	3450	1
12596	9378	1
6236	8781	1
15371	223	1
3804	6274	1
9031	4692	1
530	210	1
14340	14340	1
15372	15372	1
12830	10984	1
8017	6297	1
5234	11121	1
5266	5733	1
186	2019	1
6274	3804	1
2234	3954	1
5282	5217	1
6551	3012	1
6343	14239	1
4346	1793	1
7108	14197	1
5219	1022	1
3545	14197	1
2506	15180	1
7407	3171	1
3450	11120	1
3171	7407	1
5266	4561	1
897	1022	1
8934	12855	1
5747	1463	1
944	1022	1
15116	15115	1
14875	5058	1
4672	14232	1
13289	12773	1
2137	1171	1
5381	10387	1
9717	7612	1
4715	3747	1
12960	10779	1
344	1097	1
3747	4715	1
8214	3817	1
8330	3817	1
8051	7053	1
7801	3817	1
3978	4149	1
15115	15116	1
8854	11060	1
12022	10084	1
11060	8854	1
5407	8702	1
15365	12456	1
3545	7108	1
15106	13882	1
13208	6781	1
3606	14565	1
5266	1619	1
9451	6506	1
12773	13289	1
15373	4556	1
7162	11775	1
12533	8639	1
15365	7831	1
7831	6781	1
6506	2376	1
15274	5952	1
5122	6120	1
2384	10025	1
6781	7831	1
10632	5849	1
484	4748	1
10537	11411	1
14565	12217	1
572	992	1
2376	6506	1
14667	2752	1
15360	9576	1
9966	7334	1
3441	7647	1
1361	1360	1
582	824	1
507	15374	1
9488	11624	1
15187	15188	1
3285	5574	1
5076	800	1
14804	8924	1
1135	15375	1
10073	10826	1
1064	10153	1
6685	312	1
12152	3752	1
5511	8476	1
7104	14071	1
4906	5411	1
12941	12941	1
12340	1897	1
13914	12941	1
5673	3069	1
8702	5407	1
814	14071	1
3523	8222	1
9253	9070	1
824	2017	1
6604	7403	1
6343	6243	1
15374	507	1
4149	3978	1
4370	708	1
5156	3581	1
9335	227	1
5411	4906	1
13493	9936	1
13088	447	1
5474	5490	1
2578	9936	1
1043	5084	1
6245	9862	1
7403	6604	1
8617	9104	1
9735	9250	1
4358	9015	1
992	572	1
15376	8739	1
7020	15110	1
11411	10537	1
5813	13744	1
8049	8049	1
14818	15110	1
5490	5474	1
10738	8619	1
6702	7082	1
6649	3260	1
9104	8617	1
7334	9966	1
1945	5031	1
12533	8162	1
4951	7512	1
15325	15325	1
8903	5089	1
12472	12161	1
71	2898	1
3302	9568	1
4581	10769	1
6380	12383	1
9575	13977	1
4568	12383	1
4064	3852	1
12271	12383	1
4004	529	1
11779	13574	1
15377	15377	1
13278	15260	1
5170	1842	1
7928	15378	1
15120	14069	1
8723	11321	1
14565	3606	1
737	8281	1
14041	13381	1
6540	8421	1
1022	944	1
828	14082	1
11767	5924	1
1268	2017	1
11507	10610	1
8774	5191	1
11044	6343	1
10826	10073	1
960	960	1
13900	1134	1
3503	5288	1
12086	8591	1
10610	11507	1
3302	6905	1
4603	6343	1
7452	7988	1
2666	4025	1
5706	6343	1
13030	6343	1
15379	14198	1
7025	6343	1
5288	3503	1
710	6343	1
6098	6069	1
3079	14804	1
6113	1105	1
12546	10742	1
5280	5107	1
5445	5715	1
13772	642	1
5446	2077	1
5188	6343	1
15380	15381	1
1126	15382	1
3259	3260	1
8452	6343	1
10821	10466	1
12381	15383	1
3585	6343	1
2420	6343	1
3177	6343	1
10713	7831	1
9144	6343	1
12153	6515	1
7791	14300	1
5876	7944	1
12869	5793	1
4777	896	1
15384	9837	1
