5555	3949	1
11661	6270	1
4092	10363	1
5894	7085	1
159	2712	1
12886	14900	1
5037	447	1
6120	2596	1
7643	9690	1
768	158	1
15398	15383	1
5688	5689	1
14263	4613	1
8451	5689	1
3202	518	1
2596	6120	1
15300	3113	1
1619	5266	1
2432	118	1
11751	5047	1
12446	1833	1
467	10266	1
11779	9325	1
229	203	1
9325	11779	1
1268	4666	1
10266	467	1
11387	1238	1
10266	10266	1
5351	6056	1
9212	9211	1
4281	13320	1
7215	13320	1
1687	1493	1
510	13665	1
13951	9117	1
14153	1307	1
1339	5671	1
4751	9058	1
4444	8735	1
9203	13125	1
2894	3343	1
10582	9250	1
5320	14886	1
4406	9480	1
7983	7042	1
6899	271	1
2407	2776	1
12928	11268	1
7452	7988	1
11661	10363	1
10704	6499	1
717	3009	1
6546	2712	1
7988	7452	1
8204	1064	1
10569	12650	1
14152	14001	1
9325	7713	1
6343	11044	1
11779	7713	1
5341	11613	1
1996	2559	1
15527	5757	1
5278	12650	1
9350	15528	1
11613	5341	1
11285	3345	1
14938	2161	1
9690	7643	1
494	418	1
13407	8280	1
2947	15412	1
12965	2646	1
5190	10464	1
1390	1746	1
1584	849	1
2646	12965	1
5234	10464	1
10728	5510	1
11044	6343	1
3430	3234	1
4384	6343	1
6546	10400	1
8222	14886	1
9493	14886	1
4198	7824	1
7025	6343	1
4445	8492	1
12837	12837	1
2149	6429	1
6437	1259	1
5266	1619	1
14154	9193	1
12457	9798	1
3818	3817	1
9041	3077	1
805	3835	1
8162	5300	1
9174	12991	1
7299	13553	1
10351	4747	1
12779	5366	1
4020	6897	1
3768	5823	1
3822	858	1
4655	6454	1
13421	14949	1
4025	2666	1
10415	15428	1
6068	6883	1
5859	4333	1
10183	8705	1
14545	6410	1
4226	11681	1
10206	1844	1
12816	7407	1
5598	6648	1
12372	1081	1
7928	15147	1
1155	2109	1
14341	9464	1
5366	12779	1
15525	514	1
344	1097	1
7025	4384	1
919	11509	1
4285	10164	1
453	4886	1
10415	10464	1
9080	2572	1
2813	2204	1
7291	10236	1
11957	12124	1
12937	12124	1
4422	3017	1
1307	14153	1
7351	7352	1
494	588	1
10651	13685	1
11815	9026	1
15069	9560	1
15529	14559	1
6242	1019	1
10182	6113	1
1905	4422	1
11344	10403	1
14155	14156	1
7299	631	1
8222	8031	1
11661	7119	1
6562	10685	1
12991	9174	1
8735	4444	1
1746	1390	1
5481	9957	1
4250	3775	1
3043	9957	1
9887	4726	1
115	2194	1
7560	427	1
7893	6525	1
2776	2407	1
494	6992	1
5551	791	1
5555	4251	1
17	640	1
2347	12383	1
427	7560	1
11944	12383	1
14234	8235	1
5757	15527	1
9080	12439	1
4741	4742	1
15517	12732	1
14715	8280	1
5325	8280	1
10415	5234	1
3322	1188	1
1517	1188	1
3654	8280	1
5823	7764	1
7764	3768	1
5690	640	1
10451	14818	1
12439	9080	1
6921	5588	1
5628	294	1
15530	10099	1
6334	8280	1
13638	6281	1
6193	15081	1
9080	944	1
737	1081	1
3768	7764	1
10330	7204	1
8280	6334	1
12134	8763	1
1081	737	1
2260	6321	1
8339	3998	1
9365	5259	1
15047	2632	1
6364	1599	1
15531	1599	1
4026	1791	1
13436	12240	1
9493	6177	1
1930	1791	1
6213	1599	1
3837	15442	1
6562	8700	1
2149	3457	1
1461	1677	1
8309	15297	1
14073	14901	1
4742	5271	1
8810	8700	1
15442	3837	1
12073	5221	1
12153	6515	1
10464	5190	1
1031	3103	1
986	7029	1
9237	12487	1
2616	12487	1
6637	6452	1
1126	15382	1
3178	5753	1
9141	14597	1
1452	1451	1
9043	2380	1
5717	2873	1
8141	2873	1
13196	5700	1
8222	3829	1
12861	8867	1
271	15438	1
3185	6391	1
5694	15438	1
4106	3810	1
12347	2148	1
5130	797	1
2134	801	1
1791	4026	1
656	2345	1
11048	15438	1
4886	14900	1
2291	3461	1
10232	3487	1
15501	2023	1
6391	3185	1
4886	5835	1
12239	11717	1
6321	2260	1
6185	5576	1
4943	2260	1
1599	6364	1
7868	12544	1
9479	11717	1
321	3800	1
8013	8466	1
5130	3818	1
7376	5553	1
9493	4445	1
6948	2835	1
13599	6428	1
9080	1401	1
3234	3430	1
5700	5640	1
6607	3176	1
8160	5597	1
9936	13493	1
10685	6562	1
5341	7592	1
15532	15532	1
13925	596	1
15382	1126	1
5306	14848	1
5943	4948	1
730	1451	1
14691	14292	1
3176	4652	1
14831	2677	1
1087	864	1
13741	7206	1
12468	7206	1
12487	2616	1
3043	1850	1
2677	14831	1
3202	8864	1
5902	3877	1
3434	15460	1
5485	1504	1
919	3707	1
10638	12817	1
3077	3078	1
294	5628	1
12259	7366	1
996	3068	1
5929	6417	1
3017	4935	1
14229	366	1
7012	3569	1
1813	427	1
13665	510	1
3176	6607	1
12383	11944	1
6898	9798	1
2985	295	1
4446	6264	1
12928	6893	1
6490	4320	1
12656	13581	1
9964	3432	1
3803	6822	1
12353	15034	1
414	15034	1
15533	1885	1
14531	13581	1
5130	2654	1
1282	788	1
6428	13599	1
15438	271	1
12383	8935	1
2345	656	1
8676	8333	1
15466	15534	1
8222	14197	1
3775	4250	1
4250	6700	1
632	8173	1
5640	5700	1
4485	8173	1
5130	6716	1
14546	12403	1
2873	6700	1
11361	1654	1
2973	4039	1
640	17	1
15535	15535	1
13595	7532	1
15534	15466	1
8968	11092	1
6264	4446	1
15536	162	1
15106	15210	1
7824	4198	1
849	1584	1
9391	2289	1
9233	5840	1
10824	9039	1
14135	14135	1
5643	5006	1
3651	3190	1
4051	5994	1
10096	5994	1
11689	4939	1
5537	4939	1
7668	5879	1
15438	5694	1
6243	11831	1
14835	10284	1
14341	14340	1
10314	1935	1
11758	11831	1
7407	12816	1
6047	5899	1
4139	9680	1
2870	1935	1
9080	13705	1
11912	12535	1
264	253	1
4647	5888	1
12383	2347	1
8867	12861	1
1599	6213	1
1900	4386	1
7505	7504	1
4172	4386	1
5130	3343	1
11033	11427	1
447	3699	1
4270	2590	1
1064	12886	1
5006	5643	1
4939	11689	1
9239	12886	1
13018	663	1
13150	9346	1
6700	4250	1
3812	3699	1
12774	7291	1
9491	9491	1
11201	6066	1
1171	2137	1
13553	13737	1
3569	7291	1
10413	6564	1
10415	6564	1
4345	4346	1
15003	3606	1
7361	14982	1
12124	12937	1
1207	7842	1
8222	14612	1
15071	15071	1
10620	9581	1
95	15215	1
2698	5301	1
15387	15387	1
3068	996	1
10192	12295	1
9663	9819	1
13737	13553	1
2993	2989	1
9080	3203	1
4726	5570	1
14234	15463	1
1368	1625	1
8222	15465	1
190	95	1
2817	940	1
15210	15106	1
7853	370	1
4182	28	1
10687	10910	1
9223	9437	1
874	28	1
1504	5430	1
14886	5320	1
3125	3105	1
8222	5856	1
4409	3950	1
5280	2958	1
6107	4021	1
2578	385	1
3427	3105	1
8161	13383	1
1740	4055	1
12928	5849	1
2289	9391	1
366	14229	1
3699	3601	1
13553	7299	1
645	1859	1
2149	3462	1
5643	2915	1
4433	4432	1
788	21	1
5899	6047	1
8222	13599	1
11285	15183	1
1451	730	1
6454	4655	1
4939	5537	1
8946	770	1
1237	5678	1
14478	13599	1
5301	2698	1
15034	414	1
3345	11285	1
15183	11285	1
11179	749	1
2543	2543	1
835	2935	1
1361	3278	1
3825	1062	1
13381	14041	1
2658	12817	1
65	64	1
15537	14449	1
788	1282	1
4666	1268	1
5715	4561	1
12565	10938	1
15538	9810	1
11243	8788	1
12295	9723	1
7291	12774	1
5085	9612	1
11667	14873	1
9091	8750	1
7499	7499	1
3512	4577	1
7265	14117	1
14968	7602	1
4055	1740	1
13747	12774	1
12383	3817	1
15527	5078	1
5880	5981	1
3258	7602	1
987	902	1
15517	14411	1
6842	2142	1
3950	4409	1
5125	3978	1
2773	4765	1
5130	5766	1
1625	1368	1
13129	5466	1
7666	4814	1
14597	9141	1
9493	10506	1
7986	12970	1
824	1268	1
3243	5778	1
8695	8172	1
5546	6475	1
14234	9545	1
3190	3651	1
12915	11584	1
13980	4072	1
5570	4726	1
8466	8013	1
3367	1268	1
8377	13871	1
8335	1268	1
4726	9887	1
9193	2107	1
3606	15003	1
979	5314	1
10415	5027	1
663	13018	1
2380	1268	1
4386	1900	1
4747	10351	1
8222	5857	1
4254	1214	1
1124	1268	1
13418	7051	1
8455	12161	1
7291	3569	1
14411	15517	1
8222	8680	1
11265	15411	1
5849	13876	1
9493	8680	1
1268	3602	1
11135	8967	1
1722	769	1
5761	11103	1
5689	5688	1
12170	8412	1
10389	9251	1
8222	7481	1
11831	6243	1
15407	651	1
14388	7771	1
494	6348	1
3137	9769	1
1585	7771	1
14886	7516	1
6775	8656	1
5300	8162	1
7309	10363	1
4581	10769	1
8788	11243	1
10808	11258	1
3139	3012	1
13493	9936	1
6348	494	1
9624	2198	1
6992	494	1
588	494	1
3480	14095	1
9281	8412	1
3999	1656	1
10319	8802	1
5091	424	1
6475	3480	1
7862	7731	1
3489	3502	1
5481	11045	1
10810	8139	1
14144	13270	1
4662	3828	1
10582	9735	1
3017	12479	1
3502	3489	1
13074	14498	1
13580	7713	1
10368	4037	1
9777	15539	1
9626	7715	1
14367	264	1
7402	5278	1
4333	5859	1
3480	6475	1
10415	4021	1
5130	2182	1
1401	11045	1
2276	3161	1
5130	384	1
7516	14886	1
9080	2420	1
11135	10415	1
4755	11973	1
9992	10461	1
14041	13381	1
6564	15238	1
15428	10415	1
10464	10415	1
3998	8339	1
10206	6846	1
5234	10415	1
13123	10615	1
8501	14676	1
11661	15452	1
10615	13123	1
7318	5009	1
10910	10687	1
15539	9777	1
9477	9799	1
2243	2243	1
15540	10467	1
8139	10810	1
4259	93	1
7206	13741	1
2576	4397	1
7643	14983	1
3451	5928	1
10736	7949	1
12300	12029	1
2909	2294	1
4747	7622	1
15541	3153	1
5832	5833	1
4287	10687	1
920	6458	1
10415	5026	1
7731	7862	1
2646	7857	1
5475	5475	1
15533	380	1
14197	3315	1
12124	11957	1
15079	7056	1
12073	7519	1
9493	10387	1
11411	10537	1
6811	7056	1
13284	9329	1
9410	12960	1
13432	7056	1
7715	9626	1
11175	7141	1
5270	9626	1
6007	6008	1
14807	7276	1
8172	8695	1
14992	8695	1
6697	8695	1
3549	2800	1
14234	8642	1
14316	9234	1
11831	11758	1
14547	9234	1
7366	12259	1
5259	9365	1
13599	8460	1
15542	9583	1
1188	1517	1
8460	13599	1
9583	15542	1
6346	10574	1
14144	5870	1
13737	14411	1
15542	9582	1
8923	4475	1
14411	13737	1
15543	13027	1
14825	4281	1
9903	12261	1
3315	14197	1
651	15407	1
9391	14796	1
3333	14263	1
15461	2776	1
1194	1040	1
15544	15544	1
5288	3503	1
4014	624	1
13581	14531	1
78	12141	1
2114	1040	1
8222	2914	1
6008	6007	1
1338	3996	1
5009	7318	1
9080	2883	1
7056	15079	1
21	788	1
9493	8222	1
15501	15501	1
8412	12170	1
10415	5353	1
12568	6901	1
1509	6287	1
12261	9903	1
10108	6287	1
380	15533	1
6287	1509	1
12622	6287	1
7031	7741	1
2935	835	1
10537	11411	1
10574	6346	1
11396	14609	1
5281	6287	1
7254	2416	1
5485	3561	1
5966	7842	1
10811	6475	1
15403	5266	1
6475	10811	1
12029	12300	1
3689	2480	1
2958	5280	1
1923	7495	1
5678	1237	1
1188	3322	1
7495	1923	1
8695	14992	1
1058	355	1
10061	13989	1
14609	11396	1
6287	6344	1
12497	9296	1
6559	8737	1
9493	2913	1
12300	5684	1
2479	3542	1
15545	1082	1
2149	7480	1
13989	10061	1
4431	4144	1
2705	10116	1
9543	12316	1
15546	3840	1
3258	2646	1
11135	7800	1
15465	8222	1
2646	3258	1
10938	12565	1
9132	13580	1
4613	2480	1
14982	7361	1
3447	4233	1
13853	10550	1
6901	12568	1
846	846	1
2646	6507	1
11661	1631	1
7728	4346	1
12891	12438	1
7162	11734	1
8334	9997	1
6107	14463	1
8297	8297	1
4233	3447	1
14099	7120	1
944	889	1
1307	15547	1
15086	4037	1
12336	6977	1
5293	5000	1
3082	6869	1
5822	2532	1
5139	287	1
4652	4537	1
13580	9132	1
14816	8420	1
15079	14025	1
12970	7986	1
2873	4930	1
5482	5234	1
5643	6265	1
11661	6869	1
13775	11779	1
7134	7158	1
2198	9624	1
3950	6319	1
14263	3333	1
7323	14346	1
15078	15078	1
6024	1356	1
3950	10838	1
6977	12336	1
150	7779	1
4047	3810	1
1188	1428	1
3699	447	1
4281	14825	1
7779	150	1
11779	13775	1
5130	9846	1
919	1624	1
11045	1401	1
7987	7986	1
2721	3166	1
11365	12499	1
15548	4701	1
10687	4287	1
6490	11102	1
8462	11602	1
5759	8616	1
12622	5977	1
14734	14734	1
13114	7639	1
3877	5902	1
5176	5977	1
11258	10808	1
4780	7804	1
4404	4398	1
7128	10753	1
3880	5137	1
7235	9378	1
9197	7804	1
15549	15549	1
3978	5125	1
11602	8462	1
4977	10387	1
15550	7804	1
11132	3136	1
3699	3812	1
8855	14982	1
14144	5735	1
5753	4027	1
9366	7151	1
10206	14226	1
15067	883	1
6319	5442	1
9393	9394	1
1022	12361	1
13270	5735	1
14382	2107	1
13871	8377	1
7804	9197	1
13493	2578	1
13826	15381	1
5753	3178	1
5130	1791	1
7644	15459	1
2714	13925	1
6750	5753	1
9207	15459	1
10002	13781	1
930	15459	1
6899	14425	1
3493	4368	1
11584	12915	1
7842	5966	1
15539	1816	1
5000	5293	1
1519	12361	1
624	4014	1
1816	15539	1
11120	1404	1
10353	8616	1
15452	11661	1
9581	10620	1
1404	11120	1
4200	3630	1
9493	8412	1
5234	5482	1
2018	252	1
4747	9276	1
1903	4368	1
3795	5566	1
2137	5355	1
1146	768	1
11017	13423	1
7361	10620	1
14917	7928	1
7318	9128	1
15452	9604	1
2149	13974	1
1311	9669	1
9080	2427	1
3895	5977	1
5880	6155	1
7704	7705	1
1429	6822	1
3996	1338	1
12491	5385	1
15551	7122	1
4475	8923	1
4087	12660	1
13685	10651	1
15520	5202	1
9493	4977	1
15547	1307	1
7484	6485	1
5753	6750	1
5977	5176	1
2114	3671	1
13200	8290	1
9493	5202	1
12544	7868	1
15552	8460	1
6485	7484	1
2480	4613	1
2289	2913	1
7810	12342	1
10550	13853	1
10758	11406	1
3833	1869	1
10753	7128	1
5643	8570	1
10476	500	1
15553	4632	1
15381	13826	1
10363	4092	1
14889	13826	1
3098	15314	1
2590	3009	1
11831	3216	1
1584	3190	1
14982	8855	1
623	9707	1
3315	2914	1
4193	4937	1
4741	7033	1
1108	5298	1
4595	772	1
9493	8676	1
15554	12869	1
