11135	10415	1
1307	14153	1
5759	8616	1
3768	5823	1
8903	10988	1
5823	3768	1
3260	6649	1
5876	7944	1
14916	6697	1
4747	10351	1
4650	13528	1
3895	3316	1
15385	1817	1
2364	4257	1
2630	4943	1
4504	4122	1
13116	13201	1
11775	7162	1
2576	4397	1
7484	6343	1
7847	6343	1
15386	15383	1
5366	12779	1
11702	12819	1
5411	6343	1
8412	14277	1
15387	15387	1
6243	6343	1
11371	7408	1
11044	6343	1
2735	11762	1
10989	3458	1
8359	3382	1
6454	4769	1
13074	14498	1
6257	2863	1
6729	6730	1
7033	6649	1
6994	3382	1
6960	7681	1
14198	15379	1
5202	15253	1
642	13772	1
8676	8333	1
14752	4300	1
15282	7318	1
4084	3382	1
4355	5474	1
11121	5234	1
14342	7526	1
9777	3382	1
5206	3382	1
6112	3382	1
9992	14573	1
2205	5294	1
15382	1126	1
14573	9992	1
6213	1599	1
173	4796	1
10415	5027	1
11826	10363	1
1075	994	1
13084	5027	1
9414	14066	1
10506	3382	1
4816	14066	1
12217	14565	1
10663	2941	1
9087	3999	1
6878	10580	1
6343	6243	1
920	6458	1
2205	8522	1
2042	8068	1
9610	8363	1
6414	5824	1
1599	4341	1
1599	11760	1
6184	7088	1
7088	6184	1
9735	9250	1
3099	1942	1
7211	5524	1
15388	4580	1
8328	6490	1
14245	13032	1
3768	6612	1
6612	3768	1
15282	3196	1
5258	3160	1
15389	15389	1
3855	14849	1
9506	7165	1
1666	3723	1
7303	8386	1
14153	1307	1
5027	6788	1
11938	4057	1
13048	13601	1
3434	371	1
13772	642	1
13580	7713	1
3817	8214	1
5860	8880	1
1789	3739	1
12472	13989	1
5684	13989	1
9763	14807	1
14066	4816	1
12024	12400	1
6860	12400	1
11807	14360	1
3824	3822	1
5278	5748	1
5720	5717	1
5718	5717	1
13630	12255	1
8854	11060	1
2941	10663	1
10025	2384	1
6827	6828	1
10989	12006	1
1631	13756	1
12312	12403	1
5641	3468	1
13573	13273	1
3768	7764	1
13007	13007	1
4769	6454	1
14752	9762	1
12400	12024	1
1886	2113	1
1599	6213	1
1110	3816	1
2611	14402	1
9704	3215	1
6315	9364	1
3468	5641	1
13528	4650	1
1817	15385	1
9028	6777	1
14060	11874	1
3520	3905	1
1126	15382	1
1942	3099	1
4343	10922	1
8328	7850	1
9028	12562	1
7033	10345	1
5720	5266	1
5733	5266	1
1619	5266	1
65	190	1
7165	8314	1
705	1243	1
210	530	1
5718	1620	1
12274	6564	1
8923	6348	1
5720	1620	1
8017	6297	1
10397	8314	1
4112	14540	1
8655	2419	1
13418	7051	1
13101	7051	1
5952	15274	1
1897	12340	1
12259	9414	1
6590	6427	1
13202	12689	1
10834	8959	1
6564	12274	1
3503	6256	1
802	3380	1
4154	4610	1
802	2232	1
2706	4475	1
1965	6525	1
227	9335	1
3297	11455	1
2419	8655	1
2765	14297	1
2713	2059	1
7764	3768	1
65	203	1
931	13944	1
2094	1891	1
7051	13101	1
1490	4167	1
11807	14839	1
10699	8195	1
9936	13493	1
2578	13493	1
3665	4431	1
8750	11148	1
9091	11148	1
2748	3641	1
9336	7293	1
12203	13030	1
13493	2578	1
5823	3944	1
15320	10435	1
10067	9095	1
15068	10435	1
11088	11088	1
10319	8975	1
6551	3012	1
5823	7764	1
4252	5164	1
4196	717	1
7340	13311	1
12661	6951	1
8774	5191	1
2588	14580	1
12006	15390	1
12467	8763	1
14297	2765	1
3269	2727	1
15391	5009	1
12161	12472	1
10699	5888	1
5718	5719	1
15290	1427	1
13989	12472	1
1119	869	1
6343	3585	1
530	210	1
11054	6312	1
13783	10435	1
9008	15392	1
7051	13418	1
1514	2083	1
14442	7526	1
3176	4652	1
6024	11824	1
6120	5122	1
13574	11779	1
15155	14647	1
5750	2398	1
680	283	1
15393	13276	1
9276	10351	1
6257	8623	1
3848	2989	1
9465	15394	1
2909	2294	1
13	88	1
2873	5717	1
7764	11807	1
6417	15071	1
88	13	1
5203	9111	1
15395	5717	1
10506	2308	1
14073	14901	1
9913	2727	1
14414	6551	1
10351	9276	1
21	4930	1
7744	6389	1
5236	3815	1
755	6564	1
6024	6503	1
7863	2727	1
5901	7024	1
12929	2300	1
5628	6854	1
117	5	1
15110	14818	1
624	4014	1
9095	10067	1
14402	2611	1
8328	10377	1
13273	13573	1
1110	2141	1
2316	3851	1
6905	3302	1
12255	13630	1
9568	3302	1
5720	15011	1
6024	1356	1
1076	3302	1
6343	8452	1
2308	6499	1
6112	6499	1
2127	3302	1
14869	7276	1
3177	3302	1
5690	640	1
10506	6499	1
11661	12623	1
1517	1096	1
3399	7838	1
7813	11947	1
14476	14476	1
1096	1517	1
10842	7968	1
9414	12259	1
13516	15002	1
15396	13412	1
2373	3123	1
11807	7764	1
8845	15314	1
2308	10506	1
4548	1401	1
802	3607	1
10699	6911	1
4317	10437	1
9009	6533	1
15397	7761	1
13909	13909	1
8195	13909	1
563	564	1
1631	2185	1
10989	6963	1
6343	9144	1
9028	6136	1
12381	15383	1
5301	12456	1
2373	3286	1
3286	2373	1
4475	2706	1
15398	15383	1
13989	5684	1
4057	11938	1
4167	533	1
13274	11799	1
15394	9465	1
5266	4561	1
1110	3707	1
14364	4321	1
2454	3822	1
5994	4051	1
14277	8412	1
4703	2114	1
3286	3286	1
1110	3462	1
11807	6079	1
15282	6135	1
4580	15388	1
14647	15155	1
5262	9373	1
6356	6143	1
8651	7012	1
4950	4836	1
2941	3912	1
2246	11247	1
10255	10255	1
6932	8195	1
1110	1835	1
7761	15397	1
8195	6932	1
6788	5027	1
15110	7020	1
14794	2008	1
12456	5301	1
4938	3309	1
151	988	1
11201	6066	1
8068	2042	1
14021	8934	1
7020	15110	1
1933	386	1
3302	3177	1
9342	7020	1
12868	14085	1
27	5	1
3849	6118	1
709	3470	1
10814	8903	1
8260	8903	1
2386	1714	1
692	4019	1
3302	2127	1
7020	9342	1
8541	8191	1
6112	9314	1
4422	1009	1
845	5818	1
4014	624	1
14540	4112	1
3493	3819	1
15397	5504	1
4796	173	1
2842	2042	1
8082	5230	1
15253	8541	1
8191	8541	1
10988	8903	1
10699	7117	1
3951	5230	1
10191	5630	1
5419	8007	1
8483	15399	1
802	342	1
4836	4950	1
994	1075	1
3817	8330	1
8934	14021	1
7881	7881	1
2042	2842	1
8868	13852	1
5046	5045	1
802	2082	1
11403	8903	1
13320	4281	1
12353	8903	1
7029	88	1
13320	7215	1
15381	13826	1
1928	1928	1
15400	15400	1
84	10380	1
13694	13826	1
3027	9903	1
6628	10255	1
6495	2727	1
960	960	1
8328	8903	1
5504	15397	1
10699	5952	1
4742	5271	1
15274	5952	1
8639	12533	1
13868	6832	1
6930	8903	1
7804	10024	1
15034	414	1
5089	8903	1
6127	6127	1
3768	3096	1
15120	14069	1
717	4196	1
8363	9610	1
10620	5892	1
845	12533	1
15379	14198	1
12689	13202	1
15401	15401	1
12819	11702	1
5078	8890	1
11779	4281	1
12779	5366	1
4525	4390	1
12898	6977	1
1237	1884	1
4390	4525	1
8591	9303	1
10699	1910	1
3921	3921	1
242	241	1
2116	8451	1
12970	7986	1
8541	15253	1
755	2126	1
14066	4281	1
2802	4525	1
11101	9523	1
8152	14792	1
3183	859	1
9059	14844	1
5718	5733	1
14944	11650	1
6236	9330	1
5720	5733	1
15402	9777	1
3258	7602	1
5266	5733	1
241	242	1
5847	5000	1
13826	15381	1
2229	5168	1
3826	5318	1
15403	2727	1
1110	5885	1
15404	11026	1
7165	9506	1
4345	4346	1
2548	1802	1
6564	755	1
15405	10032	1
7033	3753	1
13477	4726	1
1802	2548	1
7838	3399	1
1789	1400	1
7926	15283	1
518	7520	1
15358	2738	1
5047	5893	1
4815	2901	1
4332	14510	1
14510	4332	1
10922	4343	1
7520	518	1
3822	2454	1
15406	1647	1
4241	5068	1
2901	10380	1
3215	9704	1
1791	4026	1
5759	7086	1
13826	14889	1
5443	11007	1
3182	6859	1
6577	6577	1
4409	4300	1
8876	6513	1
10389	9251	1
3446	357	1
6513	8876	1
4300	4409	1
223	15371	1
1163	2480	1
15407	3380	1
2654	4921	1
9862	6245	1
5164	4252	1
8312	1846	1
15391	6048	1
8153	6113	1
6084	1238	1
7276	14869	1
1096	3068	1
1401	4548	1
14573	10620	1
7260	515	1
6113	8153	1
11831	7602	1
13354	10620	1
7602	11831	1
9111	5203	1
190	65	1
5818	845	1
7602	3258	1
11060	8854	1
12259	6155	1
10631	328	1
15079	7056	1
9378	7179	1
10699	2308	1
4433	15226	1
884	853	1
10432	2480	1
2398	5750	1
15408	15408	1
12908	4408	1
4019	692	1
11121	4029	1
13311	7340	1
8903	6930	1
6379	7308	1
4281	11779	1
1041	2083	1
14522	4029	1
7179	9378	1
8670	8670	1
5718	6264	1
7308	6379	1
1832	46	1
8903	10814	1
9501	249	1
15409	10786	1
490	11702	1
12502	12832	1
6328	11151	1
4946	11151	1
13567	11472	1
46	1832	1
6898	6899	1
29	424	1
414	15034	1
14804	3079	1
4730	4409	1
3849	15034	1
12274	15153	1
5718	5720	1
6017	5219	1
8934	12855	1
11479	3137	1
2017	1268	1
1022	5219	1
9302	9302	1
11767	5924	1
8611	5096	1
6066	11201	1
3623	2902	1
5988	12383	1
6530	2902	1
10815	10816	1
9233	5840	1
6564	15238	1
3260	3259	1
10024	7804	1
2017	824	1
7838	2914	1
15153	12274	1
15410	2349	1
1897	15204	1
6612	2914	1
4196	3009	1
15362	15362	1
5840	3561	1
2185	1631	1
13756	1631	1
9276	7409	1
2678	2679	1
13157	13157	1
15104	10006	1
15411	15411	1
10699	8803	1
9215	8177	1
8909	5365	1
6126	7501	1
5683	3213	1
6256	3503	1
9335	227	1
4487	14541	1
6185	5576	1
6418	5773	1
12790	269	1
15412	2947	1
3330	3347	1
1987	1987	1
7501	6126	1
2005	5724	1
14197	3545	1
5213	5724	1
1584	3190	1
8786	8786	1
7108	3545	1
249	1967	1
9769	3546	1
7516	8222	1
1601	4856	1
8750	8575	1
9091	8575	1
13826	13694	1
14780	15385	1
8067	3923	1
1967	249	1
1110	2441	1
8935	12383	1
1810	5185	1
13574	13580	1
7040	11223	1
1987	2379	1
1886	3051	1
7409	9276	1
8903	8260	1
12960	9410	1
3568	2914	1
9303	8591	1
14654	2749	1
1075	1074	1
4164	10900	1
11779	13574	1
12086	8591	1
13580	13574	1
249	3005	1
13442	15283	1
12472	12161	1
5757	10236	1
7323	14346	1
11216	6804	1
4584	632	1
7517	9816	1
9314	6112	1
1072	2019	1
4144	8018	1
8330	3817	1
9431	8018	1
8214	3817	1
5627	3335	1
7056	15079	1
2646	6507	1
14865	3877	1
13775	14825	1
4568	12383	1
7831	15365	1
3399	5813	1
12456	15365	1
1110	944	1
4447	8365	1
1392	4755	1
13308	15413	1
3829	15414	1
4034	5240	1
2178	4496	1
12383	5988	1
6282	12494	1
15413	13308	1
14825	13574	1
9091	8750	1
15415	13118	1
3545	14197	1
4408	12908	1
4610	4154	1
5062	625	1
9028	13296	1
9914	13682	1
15283	13442	1
6118	3849	1
5257	425	1
12580	7481	1
2982	13473	1
4102	5240	1
8903	1238	1
10615	14949	1
10073	10826	1
5244	7410	1
2738	15358	1
12494	6282	1
11650	14944	1
1884	1237	1
2679	2678	1
331	2135	1
1110	2087	1
10958	7052	1
13296	9028	1
1727	1055	1
9028	9214	1
4677	1030	1
5778	7039	1
6155	12259	1
14949	10615	1
10179	5821	1
5521	3390	1
4852	4853	1
3079	8031	1
13493	9936	1
6832	13868	1
3137	11479	1
13193	8031	1
7235	2914	1
5821	10179	1
6115	7340	1
2620	6376	1
3640	15416	1
6777	9028	1
7376	7128	1
5598	7780	1
15204	1897	1
3689	1897	1
8031	13193	1
15365	7831	1
4755	1392	1
15148	3679	1
7126	5057	1
3999	1656	1
5840	9233	1
2135	331	1
8903	11403	1
8530	6539	1
6539	8530	1
5047	2284	1
11697	2194	1
3849	6361	1
7128	10343	1
9248	13710	1
5057	7126	1
15283	7926	1
76	425	1
12126	13493	1
13265	13710	1
482	130	1
15417	5482	1
14124	4549	1
6343	4883	1
8043	7993	1
3190	1584	1
15418	7204	1
130	482	1
5365	8909	1
3753	6649	1
14254	14255	1
2480	10432	1
4321	14364	1
8903	12353	1
3121	1305	1
15419	15419	1
781	2412	1
9936	2578	1
15413	9992	1
12660	4087	1
425	76	1
9374	8923	1
10531	2024	1
14364	2219	1
4726	6783	1
9605	1800	1
9671	12536	1
6977	4464	1
8220	14461	1
1105	6113	1
2219	14364	1
9226	5188	1
7884	6135	1
3671	7002	1
12536	9671	1
4464	6977	1
13574	1750	1
5222	9273	1
6113	1105	1
10531	6127	1
1750	13574	1
6113	5758	1
6613	7082	1
15253	5202	1
6127	10531	1
1780	1702	1
10343	7128	1
4353	13563	1
4281	14066	1
8260	15420	1
6562	6713	1
5710	6765	1
4525	500	1
6257	1135	1
4025	2666	1
7083	2455	1
7791	5009	1
415	791	1
2665	4812	1
13268	11170	1
8260	1238	1
5598	10478	1
5482	15417	1
6343	15421	1
5820	5821	1
2399	5750	1
1937	7665	1
6977	12898	1
15422	375	1
10084	12022	1
4317	7654	1
3613	762	1
