5376	6377	1
5474	5490	1
5027	10778	1
13202	12689	1
4627	1360	1
768	3912	1
8903	10778	1
437	1523	1
3068	1294	1
11517	1254	1
12664	12650	1
3992	5503	1
4196	3009	1
14715	8280	1
4226	11681	1
5441	15195	1
5553	7027	1
7501	13900	1
5047	2959	1
8646	8490	1
15014	8702	1
8525	8526	1
9117	3041	1
6393	1934	1
7027	5553	1
15471	14982	1
6936	4218	1
11472	13567	1
13567	11472	1
3105	3427	1
14982	15471	1
6869	14300	1
10542	10363	1
173	2678	1
4939	9248	1
2646	7857	1
15628	13911	1
6869	10363	1
9281	5647	1
14148	15281	1
14263	4555	1
7235	4555	1
1185	2718	1
1265	4930	1
11472	11472	1
3010	3954	1
15645	15645	1
13900	7501	1
9903	12261	1
15642	5590	1
10031	15052	1
5288	4490	1
9325	14904	1
6633	8121	1
5893	5047	1
13884	10649	1
11156	8363	1
2436	5728	1
2678	4032	1
5047	9105	1
2781	2780	1
1394	1188	1
9105	5047	1
12937	6920	1
2	1847	1
8909	6489	1
5121	11537	1
1847	2	1
7532	12998	1
6489	8909	1
4977	1134	1
4194	4193	1
15641	10784	1
7508	12217	1
5598	6648	1
15611	12217	1
9374	601	1
10687	14755	1
15035	5920	1
6637	4444	1
2234	4057	1
4445	8492	1
12307	5532	1
3216	11831	1
15605	7597	1
2542	5588	1
355	1058	1
6231	15147	1
10319	8975	1
118	4309	1
5341	15556	1
12779	5366	1
5590	15642	1
10077	12899	1
2780	2781	1
6901	14165	1
15147	6231	1
1175	6556	1
2623	3816	1
11637	11638	1
5632	5631	1
5072	2725	1
6166	7127	1
9629	15646	1
6231	3480	1
13571	6977	1
1394	6332	1
15647	15647	1
15587	15588	1
9233	5840	1
15512	15609	1
6992	6455	1
12561	7932	1
13433	13433	1
6466	11734	1
8681	11344	1
3767	5217	1
8899	11344	1
6081	6380	1
11106	6899	1
3591	2963	1
4964	342	1
9385	328	1
4032	2678	1
1565	490	1
1967	3005	1
1299	8231	1
4604	9147	1
15648	4295	1
1565	252	1
5058	14875	1
9744	2549	1
15555	6811	1
5541	5542	1
11715	15638	1
1289	1289	1
5542	5541	1
490	11702	1
1265	3491	1
13412	15091	1
14904	9325	1
8141	4755	1
4947	8959	1
10338	13277	1
1514	2083	1
11106	271	1
6245	13277	1
2678	173	1
4796	2847	1
10541	1625	1
10769	13277	1
6287	5281	1
1368	1625	1
1625	1368	1
7308	13277	1
1934	6393	1
5628	294	1
14715	13407	1
4747	4555	1
7582	14328	1
9207	15459	1
3570	13832	1
10922	4343	1
12670	11935	1
4432	6256	1
4964	700	1
10574	9477	1
4036	11724	1
5670	11724	1
12369	11724	1
6556	1175	1
118	4064	1
11238	11239	1
6633	8506	1
6127	690	1
7969	5164	1
8492	4445	1
3648	1241	1
15320	1649	1
3302	515	1
2982	2982	1
2935	835	1
2878	2877	1
11734	6466	1
13869	14443	1
7780	7151	1
5694	9575	1
5334	3255	1
2877	2878	1
6081	8967	1
1625	10541	1
3255	5334	1
9477	10574	1
4390	4525	1
3959	8441	1
12795	13777	1
11724	4036	1
4112	14540	1
15581	13977	1
6642	4426	1
4888	12917	1
1299	3335	1
15637	5316	1
5334	12175	1
13638	10909	1
1503	5327	1
11979	3017	1
12073	5221	1
1305	3527	1
8785	11186	1
7802	3737	1
1299	2232	1
14654	2749	1
1714	3408	1
5977	3895	1
3737	7802	1
4696	1199	1
1199	4696	1
4346	4345	1
6245	9862	1
185	8258	1
6447	4362	1
4218	14803	1
3545	3315	1
5546	10158	1
5644	1573	1
14264	15633	1
15589	11817	1
14803	4218	1
118	2853	1
1299	1250	1
14886	2913	1
6348	10759	1
8024	8533	1
206	14796	1
11243	9244	1
15649	4610	1
5047	5893	1
15407	15211	1
6869	9391	1
11339	15478	1
6317	257	1
8683	14818	1
12689	13202	1
592	7208	1
8138	15650	1
8533	8614	1
5977	5176	1
4541	4228	1
1358	1504	1
437	861	1
5970	11675	1
4218	6936	1
59	10919	1
13407	14715	1
6343	15624	1
6967	7868	1
15651	6743	1
5476	14844	1
15628	15624	1
6066	11201	1
257	6317	1
7000	9138	1
7421	5663	1
9575	5694	1
9628	7336	1
2370	2572	1
7211	5524	1
14612	8492	1
11979	8235	1
8492	14612	1
14055	12747	1
4610	15649	1
2749	14654	1
11194	7215	1
8735	14612	1
7375	7594	1
15050	15050	1
6081	5684	1
6633	5684	1
5377	13343	1
4034	5240	1
5817	6982	1
10266	2446	1
3545	14197	1
4525	4390	1
6232	3323	1
1265	3520	1
5404	15571	1
11979	1537	1
13105	13105	1
10609	12172	1
2616	8204	1
5266	1619	1
573	526	1
3660	3287	1
12172	10609	1
15652	15652	1
1299	270	1
8889	13597	1
14577	13215	1
12240	13436	1
14844	9059	1
10645	2960	1
15538	9810	1
1565	10788	1
490	10788	1
730	1451	1
4362	6447	1
9253	9070	1
10067	1740	1
10788	490	1
1265	9389	1
15209	14398	1
1756	13007	1
7866	1740	1
4638	4791	1
13215	14577	1
15438	271	1
15631	14169	1
11372	15438	1
11344	8899	1
3822	2454	1
1740	10067	1
271	15438	1
1099	5006	1
9244	11243	1
7594	7375	1
1299	6987	1
5006	1099	1
4568	12383	1
2735	3618	1
12239	1674	1
7866	7813	1
6068	5762	1
6081	2343	1
1565	2951	1
3088	2284	1
9105	2284	1
13777	12795	1
12747	14055	1
15438	11372	1
10035	5250	1
12383	4568	1
12599	14008	1
12544	7868	1
10663	2941	1
15571	5404	1
14169	15631	1
6155	5981	1
8222	15465	1
4492	3791	1
5704	15438	1
10476	500	1
3296	141	1
3817	12383	1
12307	14584	1
12671	12672	1
15653	15654	1
5728	2436	1
10054	12672	1
12275	12672	1
10330	7868	1
5973	4822	1
15630	15016	1
4801	4439	1
15527	1997	1
6155	5880	1
4679	1264	1
5981	5880	1
14531	13581	1
14502	9009	1
5197	6103	1
15655	15655	1
7083	5374	1
15554	9009	1
12812	15656	1
9242	5982	1
13476	10706	1
5826	7854	1
2802	10706	1
9100	8194	1
5000	14021	1
8194	9100	1
4439	4801	1
4964	699	1
1299	3865	1
6003	13088	1
2	12172	1
7215	11194	1
3366	6489	1
11537	5121	1
3109	5374	1
12763	10563	1
6281	13638	1
8412	9876	1
10909	13638	1
3330	3177	1
15657	15658	1
46	1796	1
3774	10865	1
4453	9576	1
1997	15527	1
15595	15595	1
13571	7688	1
4810	9723	1
9237	12487	1
194	3779	1
9132	13580	1
10108	15659	1
15660	10788	1
14259	14259	1
13436	12240	1
6633	10896	1
10457	13900	1
2559	5773	1
4939	12400	1
12239	14113	1
6364	6127	1
14198	12533	1
11547	9070	1
12172	2	1
15650	8138	1
2454	3822	1
15079	7056	1
1394	8707	1
15570	14759	1
9351	3361	1
7228	12773	1
8051	7053	1
10706	1238	1
14021	5000	1
7053	8051	1
15661	13713	1
12152	3752	1
11514	10478	1
7688	13571	1
15465	8222	1
15560	6429	1
3923	13557	1
10035	9375	1
12672	12275	1
1509	15662	1
950	4066	1
10054	12275	1
10542	9790	1
6869	9790	1
1802	14308	1
15438	5704	1
3315	3545	1
5226	4823	1
8498	9018	1
6869	6361	1
15110	14482	1
10610	9018	1
9404	6424	1
11121	1900	1
14308	1802	1
1452	1451	1
14482	15110	1
13581	14531	1
15663	10865	1
2459	2460	1
12383	3817	1
9391	6869	1
12026	12026	1
12947	13732	1
12397	12773	1
252	252	1
4198	5630	1
13711	14041	1
12672	10054	1
9876	8412	1
9314	6319	1
12107	12357	1
3545	7108	1
1619	5266	1
6612	6319	1
12806	6836	1
13381	14041	1
12239	6379	1
15633	14264	1
15664	4030	1
15550	12806	1
12672	12671	1
8483	15101	1
4030	15664	1
7345	14699	1
1299	3785	1
10179	15665	1
14861	13732	1
14470	14470	1
8204	2616	1
12281	2337	1
14699	2109	1
7289	13732	1
10343	15666	1
5490	6416	1
5977	6265	1
4724	7108	1
7056	15079	1
13581	12656	1
5012	7786	1
9009	8162	1
15667	3433	1
10563	12763	1
7266	4946	1
9018	8498	1
15609	15512	1
4836	4950	1
3287	15635	1
6251	2873	1
14851	2691	1
11943	14779	1
1299	1954	1
15461	13957	1
5086	5087	1
5047	5935	1
13505	478	1
15478	11339	1
2734	12624	1
12483	5722	1
14165	6901	1
8899	6649	1
861	437	1
10054	10054	1
478	13505	1
13869	12894	1
12221	4070	1
15664	4726	1
4988	5185	1
13580	11779	1
6633	9303	1
14779	11943	1
11344	8681	1
15075	5380	1
4257	2364	1
492	505	1
8925	8924	1
8031	4802	1
3345	2200	1
5542	15034	1
14654	2607	1
153	505	1
1008	9835	1
8575	8750	1
4017	4211	1
6982	5817	1
4251	3944	1
7402	5278	1
15668	15652	1
6259	5217	1
118	8616	1
504	505	1
4802	8031	1
8152	8162	1
4832	4812	1
8162	8152	1
13599	8460	1
7969	5756	1
7083	5753	1
15652	15668	1
15365	10713	1
14982	8545	1
2607	14654	1
5981	6155	1
15637	8162	1
10183	8705	1
5880	6155	1
1333	6296	1
1900	11121	1
5977	9416	1
14886	2914	1
11943	14069	1
2669	2873	1
13130	12999	1
12853	4930	1
10759	6348	1
960	82	1
4352	11616	1
11186	5875	1
14843	512	1
6832	13868	1
15034	5542	1
11273	8332	1
15669	720	1
7151	7780	1
8924	8925	1
12275	10054	1
7511	5753	1
3315	10749	1
3708	11567	1
2941	10663	1
2	8785	1
3514	7561	1
13737	10620	1
15635	3287	1
15670	15670	1
10318	2240	1
5217	6259	1
4726	15664	1
15671	3795	1
10713	15365	1
2200	3345	1
14041	13381	1
13977	15581	1
775	15672	1
9059	14844	1
8120	6445	1
4696	6577	1
10749	3315	1
9018	10610	1
4597	3826	1
7824	8361	1
490	261	1
5639	1514	1
12217	15611	1
6404	6404	1
7575	2532	1
9273	5222	1
1299	3603	1
15673	15054	1
5297	5774	1
4910	4812	1
5663	7421	1
5488	6669	1
15663	10541	1
1058	355	1
4946	9144	1
7066	10128	1
261	5947	1
261	490	1
5176	835	1
7625	7624	1
14825	4295	1
1134	4977	1
7215	7624	1
1731	6620	1
10810	8139	1
15674	514	1
10541	15663	1
3157	3157	1
4461	6377	1
6577	4696	1
1265	1401	1
5700	13196	1
11702	490	1
10900	6894	1
13868	6832	1
5101	5289	1
6294	896	1
957	15067	1
10778	5027	1
7624	3966	1
1162	2914	1
6785	6785	1
7639	6901	1
9959	6484	1
4747	9276	1
5756	7969	1
12301	5278	1
15665	10179	1
12533	14198	1
12400	4939	1
11356	2190	1
1674	12239	1
5717	15395	1
10363	10542	1
15153	12274	1
9276	4747	1
15675	920	1
7624	7215	1
11310	2087	1
5440	8377	1
5033	15103	1
6081	5988	1
13993	13994	1
9240	9388	1
3752	12152	1
1338	5660	1
15422	5546	1
12483	7143	1
8992	12806	1
5524	7443	1
15395	12403	1
7398	1608	1
5715	4561	1
6633	5948	1
14398	15209	1
11831	3216	1
11702	261	1
6869	8618	1
13277	6245	1
9862	6245	1
15676	15677	1
8347	14075	1
9936	2578	1
7682	162	1
10095	5876	1
294	5628	1
5813	2914	1
261	11702	1
13851	1987	1
15181	162	1
4823	5226	1
1987	13851	1
8991	4743	1
3512	4034	1
15678	1046	1
12656	13581	1
10158	5546	1
8258	185	1
12301	7402	1
5876	10095	1
13156	6370	1
4669	4670	1
6370	13156	1
14584	12307	1
6334	15679	1
5318	3826	1
5977	2172	1
1740	7866	1
5532	12307	1
3137	11479	1
4457	5774	1
7486	5894	1
14081	14075	1
6633	6081	1
5376	42	1
6158	15579	1
1649	13974	1
5660	1338	1
3996	1338	1
4237	7780	1
2234	696	1
4126	1338	1
2941	1338	1
8096	11302	1
12756	11948	1
3047	2142	1
3849	5496	1
3177	3330	1
2289	2290	1
5977	6221	1
1338	3996	1
2506	15180	1
12997	15642	1
15180	2506	1
14308	7628	1
9477	8073	1
14699	7345	1
95	4258	1
7922	7345	1
8073	9477	1
2171	2172	1
8690	8690	1
5753	3178	1
12344	5789	1
14565	12217	1
1299	1373	1
8998	3178	1
12798	8707	1
5762	6068	1
3287	3660	1
1299	899	1
14075	8347	1
12773	7228	1
12596	12596	1
4226	15558	1
11199	13074	1
2364	4257	1
11205	3323	1
15664	11243	1
13289	7228	1
4778	6911	1
6869	11661	1
1132	4196	1
4036	5670	1
4578	3043	1
10465	8347	1
3794	4257	1
4233	3447	1
15120	12006	1
14328	7582	1
3248	7228	1
4812	4910	1
11973	4755	1
3768	3726	1
490	1565	1
6811	15555	1
4059	15680	1
11624	13614	1
7764	3726	1
4755	11973	1
9041	7228	1
3743	5791	1
4723	3005	1
5033	5017	1
2503	4200	1
15666	10343	1
252	1565	1
14725	3822	1
15681	11602	1
11602	15681	1
9270	1372	1
5753	7511	1
10788	1565	1
1299	8402	1
878	4389	1
1265	296	1
1996	3547	1
13241	13241	1
8750	8575	1
3569	7012	1
13614	11624	1
9253	14037	1
15652	11817	1
1933	10766	1
612	5730	1
6633	6923	1
1742	2083	1
2546	6161	1
5488	15641	1
4952	3064	1
4487	14541	1
15579	6158	1
7228	13289	1
3014	2537	1
5714	15682	1
159	2712	1
15683	12899	1
5191	12300	1
4346	2712	1
9718	15641	1
6564	12535	1
15238	6564	1
15016	15630	1
9385	12577	1
6843	10488	1
12535	6564	1
11455	3297	1
1299	5627	1
835	2935	1
12123	13421	1
14837	14885	1
1720	14678	1
15505	13830	1
13095	8512	1
14678	1720	1
5301	9233	1
9857	6309	1
12176	7927	1
