1246	4060	1
214	6653	1
8699	14117	1
1746	1390	1
10651	9281	1
5481	9689	1
5197	11369	1
12624	12816	1
7407	12816	1
824	2017	1
3171	12816	1
15452	5859	1
5884	7628	1
15177	7628	1
7128	10343	1
12941	12941	1
1134	8676	1
11369	5197	1
8338	12816	1
4747	10351	1
9276	10351	1
12664	12650	1
9761	7782	1
13308	15413	1
8222	7481	1
10330	7204	1
6243	11831	1
7868	4632	1
11831	6243	1
12773	12397	1
5027	10415	1
13956	13956	1
7711	6363	1
14844	9105	1
8676	8333	1
666	3998	1
14839	11807	1
2484	7086	1
1016	7204	1
8191	8086	1
8773	7535	1
3954	3010	1
8763	13353	1
7329	3591	1
7711	1523	1
7333	14818	1
1535	2316	1
8280	14715	1
10415	5234	1
14969	8951	1
5513	6181	1
14545	9782	1
12644	2386	1
5442	3950	1
7711	5684	1
6417	5929	1
2666	4025	1
15415	13118	1
15447	3380	1
3718	6556	1
3950	5442	1
15398	15383	1
2632	15047	1
12806	12657	1
14308	12727	1
5624	11361	1
8092	9930	1
7108	3545	1
12114	13705	1
10753	7128	1
5845	5047	1
5374	5904	1
13048	13601	1
8611	5096	1
5047	5845	1
12010	3426	1
14969	11233	1
11502	6251	1
10761	718	1
3405	5294	1
6357	5860	1
814	1333	1
1029	6758	1
1846	8312	1
8763	12467	1
12397	13289	1
28	9	1
3190	1584	1
13674	13674	1
1656	3999	1
14837	11884	1
14715	8280	1
5268	9290	1
604	1642	1
207	5	1
2738	15358	1
3837	9807	1
9009	13343	1
1884	1238	1
15446	3162	1
15456	7832	1
9	28	1
12785	10464	1
8018	7130	1
7449	6562	1
4751	9058	1
2234	3954	1
5994	10096	1
209	209	1
13829	12882	1
6758	1029	1
14803	11377	1
9782	14545	1
7926	15283	1
5278	5748	1
10651	13685	1
9431	12924	1
9431	419	1
2205	15278	1
10351	9276	1
6653	214	1
5407	8702	1
12161	12472	1
8896	6248	1
1726	12071	1
13687	12650	1
673	672	1
10569	12650	1
2422	3546	1
8735	14062	1
12495	9248	1
12472	8455	1
14565	15091	1
2148	12347	1
15238	6564	1
1799	15284	1
485	15431	1
7002	8722	1
10792	1379	1
8722	7002	1
13573	13308	1
3800	3581	1
2641	5695	1
13412	15091	1
5624	3671	1
12495	5888	1
7764	3768	1
11205	9026	1
271	6899	1
11287	1675	1
23	95	1
15457	9477	1
11102	14156	1
2127	1835	1
490	11702	1
10434	9391	1
9009	640	1
2480	9330	1
7786	7444	1
2150	2150	1
2794	2794	1
5624	2606	1
11517	1254	1
238	3239	1
14051	737	1
14876	14876	1
6987	2343	1
1361	262	1
14117	8699	1
173	2749	1
9058	4751	1
4988	5049	1
15458	14436	1
14436	14436	1
6849	4030	1
8141	4755	1
424	12256	1
6427	6822	1
6987	5503	1
7807	5503	1
3963	800	1
3718	428	1
9431	4755	1
5624	6377	1
2127	2420	1
45	5446	1
1372	9270	1
431	5042	1
15459	9207	1
6363	6346	1
1874	1873	1
7120	14099	1
10802	5042	1
4030	6849	1
3111	10154	1
5624	1558	1
15460	15460	1
14818	15110	1
2209	2210	1
8525	8526	1
5076	800	1
5042	431	1
1556	10435	1
11017	13423	1
3506	5333	1
13353	8763	1
8836	8886	1
5055	9959	1
3120	2189	1
1333	13423	1
383	777	1
3082	2613	1
9827	4810	1
5516	3230	1
11025	13241	1
3716	1485	1
7108	3315	1
592	7208	1
2127	1401	1
453	6530	1
14197	3315	1
5111	3723	1
4663	1722	1
1987	2379	1
5628	5628	1
11127	9798	1
12899	6127	1
5929	6417	1
13956	5772	1
6282	5772	1
6320	1611	1
6530	453	1
4047	5180	1
2031	3641	1
1188	5481	1
13671	14302	1
11751	11445	1
7586	14921	1
921	15385	1
9050	1241	1
6037	5540	1
9009	6533	1
4250	5540	1
2677	6783	1
1586	4278	1
4815	7912	1
5268	8421	1
15139	11511	1
2127	8421	1
13407	14818	1
14938	2161	1
3971	3117	1
3370	6765	1
6765	3370	1
15284	1799	1
14844	9059	1
5454	3377	1
10162	12572	1
8385	5145	1
9059	14844	1
15110	14818	1
5042	9680	1
1582	1481	1
13715	4822	1
1939	12721	1
9863	4101	1
15461	2776	1
2189	3120	1
15462	15462	1
10091	10091	1
3718	13348	1
6987	4266	1
3210	5481	1
1727	4171	1
6297	8017	1
5268	5673	1
5381	10387	1
14321	9835	1
15463	2246	1
12217	12217	1
2127	1241	1
14382	9835	1
7711	14443	1
1727	4006	1
2749	173	1
4171	1727	1
4006	1727	1
6533	9009	1
12071	1726	1
640	9009	1
2127	4563	1
14531	13581	1
6455	6992	1
15460	6216	1
2821	8443	1
4186	13187	1
13187	13187	1
9835	14382	1
6454	7791	1
13638	6281	1
2620	129	1
5107	5280	1
5859	4049	1
11201	6066	1
8092	2555	1
5904	5374	1
5047	5893	1
6216	15460	1
8934	14021	1
15464	9381	1
6987	9381	1
2127	3177	1
10434	6294	1
2802	4525	1
5485	1504	1
3849	9790	1
14187	10645	1
14052	14052	1
623	6427	1
1504	1358	1
3315	14197	1
383	9335	1
3139	3012	1
3315	7108	1
14197	7108	1
5624	5376	1
7665	1937	1
1504	5485	1
13574	13580	1
12779	5366	1
13734	5485	1
5268	8646	1
9253	11513	1
14949	13807	1
2924	5408	1
3545	7108	1
12172	10609	1
10342	11513	1
6248	6801	1
6427	623	1
6667	4914	1
6513	4613	1
14037	11513	1
9375	953	1
8544	15456	1
3768	7764	1
9089	7151	1
5516	3068	1
7711	4133	1
3077	9041	1
10541	847	1
12347	2148	1
13767	11513	1
15139	13807	1
15464	8086	1
4362	7952	1
12495	3335	1
9575	5694	1
10541	10865	1
6562	6713	1
12748	3426	1
9429	9429	1
14818	13407	1
7885	5634	1
5382	2483	1
3730	1935	1
14715	13407	1
5268	5267	1
3426	1935	1
10687	6068	1
5772	13956	1
10224	13574	1
9936	13493	1
7624	9373	1
13493	2578	1
4801	12540	1
2154	12217	1
7791	6454	1
11344	10403	1
13547	1096	1
3117	3971	1
9248	15428	1
879	878	1
12522	2128	1
9233	5840	1
6251	11502	1
10728	8881	1
10541	3176	1
940	5327	1
14653	9240	1
2127	710	1
15464	7993	1
2578	13493	1
3978	4149	1
9835	14321	1
2127	11160	1
4940	6068	1
9431	11160	1
3353	7645	1
5485	13734	1
5634	7885	1
10390	9438	1
9804	8697	1
5624	5272	1
11101	9523	1
5623	5772	1
6210	5307	1
12495	13021	1
5318	3826	1
7645	3353	1
4101	9863	1
9001	5307	1
5516	8026	1
12816	13500	1
1124	2260	1
357	363	1
10014	9300	1
9300	10014	1
509	13580	1
7108	14197	1
11807	12470	1
14458	14458	1
14969	9144	1
12795	14855	1
8092	8235	1
11159	14855	1
9009	10374	1
6987	10896	1
7508	7508	1
14754	14535	1
8243	5650	1
1452	1451	1
9041	3077	1
15078	15078	1
5386	9240	1
3271	10072	1
15465	5817	1
271	272	1
914	1451	1
7158	8121	1
4346	4345	1
4315	862	1
363	357	1
4720	4392	1
872	873	1
1935	3426	1
9762	12862	1
14187	2427	1
10108	10108	1
6343	15460	1
9506	2427	1
129	2620	1
3822	7178	1
2483	5382	1
4603	7025	1
7654	5906	1
11678	14925	1
953	9375	1
6316	7334	1
14187	14920	1
9690	14198	1
2161	14938	1
11858	2371	1
12397	12773	1
14021	8934	1
11859	11858	1
12540	4801	1
5315	3380	1
9956	4087	1
5624	2186	1
10713	15365	1
424	1273	1
14752	9762	1
9009	5790	1
6457	5798	1
1452	6619	1
4390	4525	1
15358	14780	1
3137	9007	1
5772	6282	1
5427	15106	1
5516	9424	1
7308	6379	1
10865	10541	1
9469	777	1
4647	8333	1
6068	4940	1
7711	11767	1
15464	7535	1
8301	13701	1
4383	5774	1
3177	6765	1
10389	6564	1
11253	11253	1
15365	10713	1
15385	921	1
2127	7520	1
13973	4852	1
2234	696	1
15466	15466	1
11631	4926	1
15467	12777	1
15468	6146	1
6987	3992	1
7807	3992	1
8333	10387	1
5642	6989	1
5543	3295	1
7993	7761	1
7711	6783	1
9431	13974	1
10415	5027	1
9506	13974	1
11530	15469	1
8333	4647	1
2422	13229	1
13229	2422	1
4950	8967	1
9471	9488	1
8646	12000	1
10374	9009	1
6977	3366	1
11472	13567	1
7711	6380	1
11514	15106	1
12816	3171	1
2830	6024	1
3689	1897	1
11445	11751	1
11751	5047	1
12535	11912	1
6503	6024	1
492	505	1
11824	6024	1
8092	9131	1
9990	11675	1
7108	4724	1
6559	4346	1
7128	10753	1
1566	2802	1
2802	1566	1
4597	3826	1
2576	2336	1
15106	1069	1
9330	2480	1
2127	3130	1
3019	5531	1
4724	7108	1
10838	3950	1
2148	4137	1
9009	12498	1
8164	2056	1
6987	5789	1
12498	9009	1
5110	5818	1
2355	2526	1
9431	4980	1
3682	1161	1
15322	15322	1
1069	15106	1
1935	3730	1
931	13944	1
6146	15468	1
6496	6496	1
9007	3137	1
9769	3137	1
10351	4747	1
2883	4211	1
8695	9407	1
15106	5427	1
12591	13723	1
27	5	1
9270	1372	1
12660	4087	1
7761	7993	1
3366	6977	1
5266	4561	1
1586	677	1
2691	1428	1
5454	14868	1
6345	3332	1
12536	9671	1
8401	13673	1
7981	7981	1
4525	4390	1
15470	11048	1
10832	7763	1
15471	13573	1
5624	1886	1
5599	7763	1
8092	5726	1
8763	12134	1
2127	634	1
1726	9917	1
15472	15472	1
2366	2813	1
7602	14968	1
6566	6566	1
7340	6115	1
12086	5504	1
3176	4652	1
9506	944	1
4084	5180	1
6987	7258	1
10506	3382	1
15473	15474	1
2471	8021	1
15475	13743	1
1851	3611	1
6379	7308	1
5268	14239	1
2017	824	1
2422	2423	1
9827	12722	1
878	879	1
6035	10387	1
14330	12470	1
5845	7408	1
6712	1699	1
9477	15457	1
15464	7318	1
9009	7318	1
12470	14330	1
10174	14600	1
7408	5845	1
7831	15365	1
12472	12161	1
12565	10938	1
11551	7337	1
12925	11284	1
10753	10753	1
10541	1697	1
9105	11151	1
4149	3978	1
10122	5632	1
2842	2042	1
6082	5341	1
7501	4250	1
13671	1664	1
13111	6668	1
4830	1193	1
7334	9966	1
10810	8139	1
15476	11404	1
12583	9649	1
2423	2422	1
2652	11888	1
2651	11888	1
3137	9769	1
1619	5266	1
6668	13111	1
5720	5266	1
14855	12795	1
7711	9139	1
12530	12517	1
13157	13157	1
5202	15253	1
11812	15253	1
6602	2914	1
11047	11047	1
15115	15116	1
8333	8676	1
5536	5537	1
12960	9410	1
1690	334	1
7711	8676	1
9207	15459	1
8121	7158	1
6562	7449	1
15116	15115	1
6513	9330	1
5585	5585	1
14307	14221	1
4250	7501	1
875	8451	1
9506	3401	1
5673	10968	1
12735	15330	1
4346	6559	1
5268	4577	1
14806	10651	1
6899	271	1
14535	14754	1
8330	4670	1
11702	490	1
10788	1565	1
6765	3177	1
9961	8579	1
11182	4418	1
5845	7331	1
4914	6667	1
6113	11256	1
15477	2957	1
10615	13123	1
13123	10615	1
9431	10503	1
6346	6363	1
2127	296	1
10153	10153	1
3718	2159	1
4816	14066	1
2813	2366	1
5516	9842	1
7486	8330	1
2422	6911	1
12124	12937	1
383	9088	1
13074	14498	1
1361	1360	1
8721	4006	1
11957	12937	1
1358	1504	1
12134	8763	1
2422	4779	1
7151	9089	1
5454	3602	1
4810	5314	1
9506	7165	1
14612	6414	1
54	3773	1
5307	14166	1
10788	11702	1
6248	8896	1
3400	9769	1
3815	4058	1
9009	6867	1
6157	4742	1
12991	9174	1
4006	8721	1
383	382	1
14818	14481	1
4981	14603	1
2127	1740	1
2422	7859	1
11048	11187	1
3461	2291	1
9470	9575	1
5821	14481	1
4647	8967	1
4946	10715	1
2807	4577	1
13033	9980	1
13734	9980	1
13118	15415	1
11256	6113	1
