7128	8763	1
7928	14917	1
10252	9554	1
3569	5684	1
14382	2107	1
2713	2059	1
12804	7453	1
5899	6047	1
7614	7614	1
13032	10015	1
6466	7162	1
8855	14982	1
6897	4027	1
6213	1599	1
12274	12408	1
7056	6811	1
2194	11697	1
7902	3542	1
957	15067	1
8420	14816	1
12408	12274	1
11758	11831	1
5248	5670	1
8412	5237	1
4341	1599	1
1599	4341	1
426	2274	1
3849	5553	1
13348	11704	1
14522	6982	1
12344	5789	1
12300	12029	1
4092	10363	1
7810	12342	1
3216	11831	1
5047	2284	1
10206	9	1
4301	7548	1
2274	426	1
13311	7407	1
3138	5581	1
6047	5899	1
8558	207	1
12869	15554	1
15153	11074	1
2166	207	1
15555	6811	1
3939	6544	1
5553	3849	1
10620	9581	1
13393	13393	1
6982	14522	1
10769	7435	1
3822	3824	1
9651	9651	1
9248	2866	1
11074	15153	1
9276	7622	1
11102	6490	1
1563	984	1
9581	10620	1
8363	11529	1
9966	10649	1
12773	7228	1
5341	15556	1
11520	14566	1
10061	13989	1
15034	5879	1
12397	7228	1
13989	10061	1
425	12816	1
9041	7228	1
4226	11681	1
2721	5796	1
13853	10550	1
5642	7228	1
5483	5601	1
3450	2284	1
9105	2284	1
9276	4747	1
8646	8490	1
10765	11871	1
15557	15557	1
7209	5354	1
2289	2290	1
12748	1010	1
10524	7736	1
280	207	1
4226	15558	1
12816	8290	1
10188	8705	1
3569	3041	1
7162	6466	1
3125	3487	1
3487	3125	1
2045	2044	1
15559	15559	1
14783	6367	1
3939	8929	1
640	5690	1
1897	8222	1
7736	10524	1
9480	4406	1
4742	4741	1
10206	12584	1
5366	12779	1
2044	2045	1
9324	749	1
6562	3070	1
252	2018	1
749	9324	1
14263	4555	1
5566	3795	1
2503	4201	1
4864	9041	1
6899	271	1
5504	7083	1
9374	11223	1
627	628	1
328	272	1
3570	1784	1
9695	9807	1
1226	508	1
1321	2901	1
1372	9270	1
7941	416	1
6544	3939	1
416	7941	1
66	3816	1
5690	640	1
7081	8775	1
3671	2114	1
1040	2114	1
6822	1429	1
10814	8903	1
3607	7444	1
11301	6858	1
8260	8903	1
2345	640	1
6468	2420	1
9453	6615	1
6750	5753	1
3178	5753	1
4014	624	1
5542	5541	1
3570	13832	1
12816	2969	1
3480	6307	1
12259	7366	1
13580	509	1
13599	8460	1
12152	15390	1
15212	15212	1
1010	12748	1
3051	1279	1
15560	2260	1
12361	1022	1
8105	5331	1
2525	15561	1
8977	8247	1
3434	4946	1
3737	14178	1
15562	15562	1
9612	5735	1
6357	12488	1
13270	5735	1
11637	11637	1
1280	1625	1
3136	11132	1
13599	8031	1
8341	4499	1
5880	5981	1
7868	12544	1
8609	5684	1
4946	3434	1
15563	1622	1
15210	8903	1
7267	953	1
768	1146	1
1407	10355	1
11575	10966	1
8280	6713	1
10792	1379	1
346	1379	1
4678	1222	1
10778	8903	1
2512	1741	1
3041	3569	1
953	7267	1
3467	14302	1
15500	13223	1
3939	2616	1
10206	1483	1
14982	8855	1
705	5671	1
8460	13599	1
5482	5234	1
7421	5663	1
13737	10620	1
1673	5502	1
4287	10687	1
10620	13737	1
6564	10413	1
9059	14844	1
5376	42	1
2969	12816	1
1850	3043	1
14463	6107	1
6307	3480	1
15564	925	1
15565	15565	1
7638	15385	1
4939	12400	1
13925	2714	1
5928	3451	1
15459	930	1
3939	3720	1
3269	2727	1
271	15438	1
64	5843	1
5694	15438	1
424	5091	1
1022	12361	1
242	241	1
9300	930	1
1461	3803	1
2913	2727	1
13875	72	1
1900	4386	1
1445	2015	1
9871	5598	1
13741	7206	1
1617	4310	1
8161	4056	1
4777	896	1
14843	512	1
10687	10910	1
15438	271	1
4765	2773	1
15566	751	1
3822	858	1
12117	12600	1
11630	4260	1
15560	13149	1
2616	3939	1
1087	864	1
2480	6492	1
3803	6822	1
11734	6466	1
72	13875	1
3353	7645	1
9560	4482	1
8222	9493	1
4534	5561	1
3803	1461	1
5502	1673	1
512	363	1
1062	15034	1
944	889	1
11465	5111	1
4485	8173	1
7375	7594	1
5111	3723	1
10413	6564	1
10206	8293	1
3817	4027	1
5735	9612	1
4334	344	1
15438	5694	1
7228	12397	1
5101	5289	1
2900	1188	1
14844	9059	1
4386	1900	1
8161	1236	1
3009	2590	1
2636	6161	1
3043	1850	1
4640	13291	1
8222	1897	1
64	13291	1
5530	15567	1
5678	1237	1
13595	14305	1
271	6899	1
15568	3737	1
15110	14482	1
4246	14352	1
15527	4554	1
4724	3323	1
6467	5796	1
5537	4939	1
424	13734	1
114	115	1
2666	4025	1
4678	2190	1
8903	8260	1
4241	7450	1
9649	14567	1
15407	3380	1
12400	4939	1
11689	4939	1
6144	15455	1
1022	6161	1
12466	4059	1
8330	9872	1
490	9872	1
3190	5756	1
8711	4801	1
4524	1727	1
1584	5756	1
7223	1897	1
13447	3783	1
15517	12732	1
624	4014	1
1391	1452	1
8799	6609	1
12774	7291	1
3569	7291	1
243	6161	1
4592	6161	1
1565	490	1
1935	10314	1
6400	5502	1
3017	1674	1
15569	7147	1
6822	3803	1
5849	6893	1
15570	14759	1
8460	13932	1
13734	424	1
3451	5928	1
11575	721	1
5893	5047	1
3315	2914	1
6893	5849	1
2901	1321	1
7741	7031	1
6564	10415	1
7274	6564	1
10910	10687	1
5027	10415	1
15571	5404	1
6713	8280	1
2154	12217	1
10415	6564	1
12779	5366	1
509	13580	1
8932	10687	1
8903	15210	1
5354	7209	1
14825	13580	1
6030	7624	1
3737	15568	1
9477	8333	1
5994	10096	1
2765	14297	1
7624	15572	1
3520	5690	1
14832	8545	1
14983	7643	1
9479	5717	1
4218	4219	1
5690	3520	1
5026	10415	1
14531	13581	1
5353	10415	1
7291	3569	1
9767	14855	1
65	14297	1
6281	13638	1
15573	15573	1
5125	3978	1
7643	14983	1
640	2345	1
9479	5970	1
10609	12172	1
4265	1285	1
11106	9147	1
15574	5791	1
15575	6377	1
8247	8977	1
8333	9477	1
9799	9477	1
12161	8455	1
5357	8899	1
1674	3017	1
15079	14025	1
5684	12300	1
12029	12300	1
13580	14825	1
8496	12252	1
2613	2613	1
14297	2765	1
5970	9479	1
5400	3828	1
8711	5742	1
5717	9479	1
1091	2589	1
996	3068	1
7220	5920	1
29	424	1
2900	8228	1
8711	2726	1
15548	101	1
835	2935	1
14198	8985	1
3545	7108	1
9582	9583	1
7291	12774	1
9479	9165	1
8700	8810	1
15576	9165	1
4939	5537	1
9378	7179	1
6189	6113	1
8737	6559	1
9727	10634	1
7407	13311	1
6107	14463	1
15577	15578	1
10054	4020	1
4579	2647	1
8903	1238	1
14197	10634	1
1727	4524	1
378	14719	1
1391	11868	1
2700	7740	1
12261	9903	1
15255	3929	1
9165	9479	1
7323	12546	1
614	530	1
6811	7056	1
15079	7056	1
9903	12261	1
6650	8228	1
9477	9799	1
2505	11868	1
9041	4864	1
11777	9127	1
129	4064	1
14482	15110	1
8903	8354	1
760	1034	1
7927	12176	1
9127	11777	1
10687	8932	1
3337	5326	1
9233	5840	1
4386	4172	1
12714	4429	1
47	4340	1
12239	9479	1
7922	4439	1
2243	8776	1
6466	11734	1
10415	11135	1
15579	6158	1
5047	5893	1
12565	10938	1
7151	9366	1
7831	15365	1
9311	5778	1
7056	15079	1
12568	6901	1
9641	15580	1
4977	10387	1
416	2216	1
9550	9550	1
5258	3160	1
9253	9070	1
13826	14889	1
4499	8341	1
5796	6467	1
7624	6030	1
788	3921	1
5347	5282	1
11687	9824	1
7709	4377	1
4950	8967	1
9518	8616	1
13977	15581	1
10736	10250	1
6609	1273	1
1853	7372	1
5840	9233	1
355	1058	1
9479	12239	1
2589	1091	1
15438	11048	1
13493	2578	1
15582	15582	1
10634	14197	1
8584	12600	1
15583	15583	1
10582	13803	1
10654	15584	1
7453	12804	1
2698	5301	1
2137	5355	1
4201	2503	1
14540	4576	1
12606	3108	1
4447	13261	1
14858	5855	1
6458	920	1
663	13018	1
781	10716	1
12816	425	1
15585	3826	1
9335	1379	1
4482	9560	1
6367	14783	1
5318	3826	1
7495	15398	1
5756	3190	1
3137	9007	1
7138	5789	1
876	3190	1
15407	651	1
15586	9966	1
12239	2588	1
13781	10002	1
9966	15586	1
7824	8361	1
9479	2588	1
9089	10374	1
3826	5318	1
5111	11465	1
8711	5185	1
2935	835	1
2994	5119	1
9807	9695	1
12960	9410	1
8490	8646	1
8975	10319	1
10391	59	1
12778	12777	1
5411	5047	1
6901	12568	1
6068	10165	1
10145	9410	1
7452	7988	1
8802	10319	1
8609	3965	1
5756	1584	1
15560	6429	1
883	15067	1
7323	1954	1
4678	1954	1
6314	15067	1
10054	10054	1
4597	3826	1
1727	4171	1
447	5037	1
15106	13882	1
7780	3445	1
5266	5733	1
6607	10541	1
14178	3737	1
10713	8583	1
5110	5818	1
5625	15257	1
9762	12862	1
6297	8017	1
12862	9762	1
1333	6296	1
295	107	1
1161	3682	1
15540	13491	1
15587	15588	1
15586	4029	1
10206	123	1
15441	3682	1
2900	6309	1
10760	4007	1
5170	6296	1
4029	15586	1
7986	7987	1
6468	5473	1
3877	6296	1
13882	15106	1
7764	3768	1
8575	8750	1
1058	355	1
11483	6185	1
2193	2349	1
95	190	1
3445	7780	1
5733	5266	1
10389	9251	1
15589	4013	1
222	190	1
8049	8365	1
15106	5427	1
3480	14193	1
8365	8049	1
9251	10389	1
5377	10735	1
10735	5377	1
12970	7986	1
8711	5442	1
4655	5415	1
601	9374	1
15034	1062	1
15586	3966	1
9410	12960	1
4346	7728	1
7276	14869	1
14816	8420	1
10615	13123	1
7128	10753	1
8812	12324	1
3966	15586	1
4295	207	1
12097	8781	1
10811	6475	1
5427	15106	1
14066	4816	1
6846	1400	1
12926	6079	1
13203	13203	1
12634	11254	1
15590	7282	1
8031	13599	1
13581	14531	1
207	4295	1
4013	15589	1
12239	6379	1
4007	10760	1
14781	14463	1
279	278	1
9410	10145	1
5541	6779	1
8903	10814	1
9479	5475	1
944	2441	1
5631	5632	1
1667	5414	1
8492	4445	1
5415	4655	1
8750	8575	1
1377	6057	1
4445	8492	1
13851	1987	1
5047	5411	1
2042	2185	1
10900	6894	1
6185	11483	1
14755	10687	1
5704	9147	1
8849	14769	1
4199	3769	1
190	95	1
15589	11817	1
9777	15539	1
4409	3950	1
6319	3950	1
8583	10713	1
10838	3950	1
427	1813	1
14132	4167	1
7988	7452	1
11817	15589	1
3950	6319	1
5000	5293	1
2725	5072	1
15539	9777	1
10476	500	1
15591	13598	1
15592	15592	1
3768	7764	1
2295	254	1
11730	10461	1
5293	5000	1
3939	4873	1
11404	15476	1
3950	4409	1
10550	13853	1
6429	15560	1
6779	5541	1
6894	10900	1
15398	7495	1
12565	12565	1
9479	9389	1
6966	12806	1
9378	7235	1
8322	8323	1
4988	5185	1
5301	2698	1
4723	3005	1
12938	15420	1
14321	9488	1
10179	4024	1
9620	2978	1
5688	5689	1
12300	5191	1
936	937	1
3480	10120	1
5870	14144	1
1628	1628	1
5735	14144	1
12487	9237	1
490	1565	1
9325	7713	1
6936	4219	1
9941	385	1
15067	883	1
101	15548	1
3978	5125	1
14139	15451	1
1987	13851	1
2870	1485	1
12429	9488	1
4577	9240	1
1226	11100	1
7667	7158	1
5072	2725	1
9156	5160	1
10374	9089	1
4439	3622	1
12252	8496	1
8361	7824	1
5789	7138	1
15593	15593	1
8017	6297	1
7235	9378	1
6830	15124	1
15051	15052	1
15594	15594	1
3068	996	1
15595	15595	1
11704	13348	1
8369	3744	1
87	3999	1
9007	3137	1
3769	4199	1
8330	10478	1
5689	5688	1
4461	1558	1
13291	4640	1
8139	10810	1
510	13665	1
2578	13493	1
5442	14754	1
8081	3546	1
8152	5790	1
2699	14869	1
8455	12161	1
12096	10537	1
17	8936	1
13580	9132	1
7983	3345	1
10938	12565	1
14754	5442	1
7083	5504	1
8084	9777	1
5722	8639	1
6468	8674	1
8639	5722	1
7639	13114	1
5414	1667	1
4024	10179	1
3178	314	1
1741	2512	1
14144	5735	1
7596	7619	1
2700	1886	1
2483	5382	1
6811	14025	1
6475	5546	1
4832	4910	1
12785	8354	1
5382	2483	1
2015	1445	1
10158	5546	1
730	1451	1
6185	5576	1
13270	14578	1
1452	1451	1
9612	5085	1
3273	7324	1
5463	6113	1
12664	12650	1
107	295	1
3302	8526	1
11031	6069	1
4172	4386	1
9561	1451	1
5637	5187	1
10461	11730	1
15461	2776	1
12618	7324	1
11831	3216	1
8162	9460	1
5135	7856	1
14578	5735	1
13974	15596	1
5984	9460	1
10206	2134	1
7370	15453	1
7619	7596	1
12300	5684	1
2646	12965	1
3243	3068	1
13390	12587	1
14363	10831	1
3999	87	1
15139	11294	1
3041	6513	1
6490	11102	1
5581	3138	1
8120	6445	1
6294	4777	1
10831	14363	1
6811	15555	1
1897	7223	1
2052	1483	1
4581	10769	1
15386	10758	1
4432	6256	1
2776	15461	1
257	6317	1
6539	8421	1
3570	2287	1
611	5295	1
8886	8836	1
10319	8802	1
11102	5875	1
4881	5862	1
6932	10154	1
15597	15598	1
3767	5217	1
10154	6932	1
4439	7922	1
8940	8595	1
7020	10179	1
2520	1723	1
98	1104	1
15599	10620	1
6816	2914	1
15600	8296	1
7108	3545	1
12587	13390	1
13826	15381	1
424	29	1
15601	15241	1
5441	15195	1
5037	447	1
8867	8451	1
9234	9488	1
12861	8451	1
5689	8451	1
1302	1624	1
9240	4577	1
9479	2116	1
