3091	756	1
4087	12660	1
13429	2549	1
4106	8260	1
13037	2652	1
13597	15834	1
12196	4657	1
13830	12802	1
4287	10687	1
3559	5565	1
7382	8934	1
12174	8162	1
15855	15761	1
4250	6700	1
15668	15589	1
8162	12174	1
6649	6721	1
10049	13429	1
3559	5630	1
15666	10343	1
3654	8280	1
13775	9325	1
13411	5304	1
3493	4368	1
6700	4250	1
6721	6649	1
266	265	1
8243	5650	1
8934	7382	1
15856	15856	1
13573	15471	1
9684	15854	1
3648	1485	1
447	131	1
1903	4368	1
1441	9245	1
12908	13331	1
15857	1395	1
9876	11300	1
13006	5762	1
10095	4431	1
12806	13367	1
7090	7810	1
13367	12806	1
28	19	1
5650	8243	1
9318	7143	1
14265	9488	1
4167	2673	1
15797	441	1
11799	441	1
7810	12342	1
4408	355	1
15847	789	1
15620	5320	1
4251	3944	1
1166	9689	1
12432	6156	1
5365	5888	1
15452	5859	1
14307	14221	1
6127	690	1
13766	13923	1
8046	8046	1
13844	127	1
13666	11871	1
13705	9436	1
15858	5849	1
5259	9213	1
9009	8144	1
7940	8026	1
9365	9213	1
8144	9009	1
14577	5817	1
15635	3287	1
3315	14197	1
11910	8404	1
14969	11233	1
4408	1058	1
1611	6320	1
14493	14477	1
6320	1611	1
4375	7563	1
3405	12196	1
1339	5671	1
5307	10576	1
15615	15615	1
12533	15379	1
2205	5294	1
5817	14577	1
6168	7965	1
5693	5240	1
13331	12672	1
9375	828	1
5414	1667	1
8201	8201	1
2520	1723	1
6927	1103	1
11390	13938	1
3377	3602	1
887	870	1
5176	5977	1
7688	10459	1
12899	7597	1
8854	11060	1
4368	1903	1
15456	7832	1
1840	9133	1
28	5622	1
11233	4260	1
7986	12970	1
6316	6329	1
6556	1175	1
1175	6556	1
8135	14644	1
15859	7853	1
3235	11468	1
2234	696	1
10300	8989	1
2496	2646	1
15854	9684	1
10120	3480	1
4947	115	1
9245	1441	1
439	44	1
66	3816	1
1462	3816	1
14197	3315	1
7521	5357	1
355	4408	1
883	745	1
1058	4408	1
12870	7336	1
4469	1232	1
15860	3033	1
5799	12095	1
2470	616	1
6811	14025	1
9318	7072	1
4375	2909	1
1983	2321	1
15861	11509	1
15120	12598	1
9170	11646	1
6771	9117	1
9325	7713	1
2091	2529	1
3377	5628	1
15769	6899	1
328	6899	1
15761	8335	1
2051	847	1
9610	15436	1
6899	328	1
12965	7340	1
9080	10015	1
13032	11851	1
15757	10723	1
5885	10015	1
2189	2218	1
3893	6898	1
1057	14495	1
12598	15120	1
9330	4613	1
12660	4087	1
3377	5454	1
5799	9131	1
6596	564	1
2740	4755	1
3315	7108	1
8150	9248	1
12545	15223	1
8987	1297	1
3852	4159	1
1143	8443	1
11679	11679	1
13037	11379	1
11679	11680	1
5880	5981	1
968	2017	1
8046	6580	1
4863	4864	1
2517	6022	1
8113	12758	1
5411	7804	1
5671	1339	1
14346	7323	1
11182	5321	1
637	638	1
13900	14165	1
3079	8031	1
10095	1620	1
15223	12545	1
11194	7624	1
12802	13830	1
3928	3929	1
10735	5377	1
8903	10161	1
10161	8903	1
3849	4899	1
4375	6650	1
9471	2107	1
9120	9251	1
11660	12540	1
5678	12565	1
6562	8700	1
15862	11630	1
3059	11560	1
4947	8959	1
2364	4257	1
14375	82	1
14078	1451	1
12421	9730	1
5227	4270	1
4363	8967	1
11910	2958	1
14495	1057	1
4950	8967	1
5799	5726	1
1366	953	1
4375	5047	1
321	13671	1
7235	2914	1
3568	2914	1
1163	2914	1
15665	5299	1
14315	9862	1
6321	6299	1
5514	5066	1
10095	5742	1
15153	12300	1
9207	15459	1
11852	5977	1
5066	5514	1
1504	5430	1
5715	4561	1
5818	4027	1
12970	7986	1
8700	6562	1
14015	13145	1
10015	9080	1
2276	2673	1
12024	12870	1
2646	7857	1
3521	3930	1
8341	4499	1
28	874	1
5799	9268	1
7108	3315	1
9786	9365	1
4741	4742	1
8121	15139	1
3178	314	1
1451	1452	1
5845	4781	1
12865	4217	1
15863	15864	1
7804	5411	1
5678	3453	1
10749	3315	1
8676	4027	1
4375	3020	1
6382	4781	1
9341	7805	1
10759	1314	1
14042	7558	1
5768	6264	1
1305	3527	1
14277	8680	1
13373	3353	1
181	1022	1
7501	12932	1
12932	7501	1
2605	11865	1
5799	12203	1
8404	11910	1
7622	4426	1
5799	5006	1
12413	11164	1
737	4426	1
11910	5457	1
3054	2219	1
4193	3779	1
14969	8228	1
264	253	1
15834	13597	1
7542	6059	1
5000	14021	1
2517	2237	1
6079	11164	1
7895	11164	1
15865	4204	1
14021	5000	1
5419	11164	1
5440	5134	1
13294	13294	1
3333	15866	1
13853	10550	1
847	3411	1
123	15789	1
6730	5684	1
6266	15721	1
2673	4167	1
14165	13900	1
1414	2627	1
9325	6069	1
15745	12541	1
7501	13900	1
10374	10224	1
8172	11074	1
5377	10735	1
127	13844	1
13473	2982	1
5357	7521	1
4363	8214	1
6804	15314	1
15555	6248	1
2325	13124	1
15511	11932	1
15867	15867	1
6960	7681	1
5011	5532	1
12664	12650	1
6115	15720	1
3820	12541	1
11948	12756	1
6495	3350	1
879	3056	1
12806	6836	1
8280	3654	1
12666	9626	1
14825	13574	1
3451	5928	1
3098	2842	1
5869	6055	1
873	208	1
2982	13473	1
15720	13455	1
8162	5300	1
9325	13775	1
4159	3852	1
6530	4755	1
930	9207	1
6380	8935	1
15721	6266	1
4755	6530	1
13393	8431	1
5332	5333	1
940	940	1
13574	15226	1
10685	12175	1
15761	15719	1
10095	8213	1
10095	2838	1
10343	15666	1
5533	79	1
5457	11910	1
11074	8172	1
15789	123	1
2189	1805	1
4375	5411	1
4525	2802	1
4390	2802	1
10687	4287	1
12881	7119	1
5307	5107	1
1929	10756	1
10095	5720	1
7624	11676	1
6034	6022	1
5256	15807	1
2632	2631	1
7780	3445	1
15868	15869	1
700	9926	1
10759	2096	1
12472	14088	1
873	2096	1
2769	3581	1
11485	11106	1
5977	5176	1
14088	12472	1
2096	2199	1
1368	1625	1
2491	2030	1
4375	5386	1
11676	7624	1
4939	12400	1
13032	8688	1
5684	6730	1
7206	13741	1
3493	9669	1
347	15103	1
13007	13007	1
1179	8283	1
11044	13652	1
15870	1273	1
4983	4763	1
4355	2383	1
5378	15871	1
1199	2727	1
6960	500	1
4133	5874	1
8137	5622	1
4384	14239	1
1530	3785	1
6107	6062	1
2769	5628	1
15720	6115	1
11382	5506	1
1926	5506	1
6832	12672	1
5590	9719	1
1100	5006	1
5300	8162	1
9253	11513	1
12100	14663	1
378	14719	1
15471	13573	1
5100	4084	1
10167	5783	1
11779	13581	1
15745	1674	1
4043	5350	1
4375	4851	1
6649	6146	1
13193	11513	1
6721	6146	1
12941	14663	1
14531	13581	1
6299	6321	1
14713	4251	1
6017	3594	1
10550	13853	1
5869	6118	1
9132	7042	1
8228	14969	1
2769	8173	1
15038	6649	1
2802	4525	1
8222	8031	1
15872	1429	1
7952	6193	1
5121	5120	1
3937	3542	1
526	573	1
5120	5121	1
2706	5370	1
3440	3558	1
12540	11660	1
10285	13323	1
9318	3756	1
9393	9394	1
9626	12666	1
5203	6312	1
2017	968	1
9375	4662	1
13001	3269	1
14411	5892	1
12100	12816	1
4437	6309	1
1054	2211	1
6435	10784	1
14467	8950	1
4389	8959	1
2769	4389	1
5506	1926	1
21	1512	1
1667	4789	1
7033	6649	1
13323	10285	1
11711	13763	1
12228	14300	1
2572	3401	1
4091	4091	1
2749	14654	1
10389	9251	1
3079	14968	1
3333	14968	1
2607	14654	1
3056	4389	1
4375	8476	1
705	1243	1
2757	3466	1
14876	9546	1
15641	8705	1
5896	2085	1
9546	14876	1
14792	9009	1
9009	14792	1
1062	5774	1
573	526	1
14968	7602	1
13951	8490	1
7602	14968	1
482	3697	1
918	12415	1
1414	3725	1
2769	486	1
27	5922	1
1512	21	1
14690	6997	1
271	15438	1
7776	14352	1
6960	6361	1
15873	15041	1
3855	3366	1
13123	9412	1
12596	9378	1
2769	1215	1
8683	8320	1
13007	1756	1
9248	8150	1
15874	15874	1
6419	13590	1
2356	3788	1
10095	3395	1
12787	3849	1
13590	6419	1
802	15875	1
11967	15788	1
4251	14713	1
7558	14042	1
15788	11967	1
6625	9892	1
4890	3849	1
8260	4106	1
11445	11565	1
12173	7786	1
3456	11294	1
4621	3637	1
3947	2501	1
15106	6112	1
3377	6854	1
7741	7031	1
3302	2127	1
10832	8441	1
14968	3079	1
4270	5227	1
4946	7266	1
6248	15555	1
9798	11239	1
1034	3648	1
5107	5307	1
13097	15309	1
1841	1841	1
11565	11445	1
7013	6206	1
7334	6206	1
13381	14041	1
2705	2705	1
5735	5870	1
14308	13847	1
13900	7501	1
5482	15417	1
7266	4946	1
873	4197	1
4084	4779	1
4363	4120	1
7859	4779	1
6649	7033	1
4345	4346	1
3020	10226	1
14041	13381	1
4437	4980	1
9378	12596	1
2245	9539	1
4597	3826	1
3056	879	1
5890	4857	1
3105	10922	1
2769	879	1
5820	5821	1
9862	13390	1
873	3822	1
9050	11103	1
14139	15451	1
11551	15417	1
6069	9325	1
6203	6203	1
2546	6161	1
15278	2205	1
6339	15034	1
2948	13014	1
13023	8763	1
6960	7302	1
942	1192	1
11074	15153	1
15517	14411	1
1358	15067	1
12541	15745	1
6084	1238	1
8785	11186	1
207	9412	1
1674	15745	1
13452	15226	1
5592	3810	1
8763	12134	1
8499	6984	1
9412	207	1
6316	4084	1
6788	9138	1
4763	4561	1
4084	6316	1
14411	15517	1
5821	5820	1
13652	11758	1
13571	7513	1
13425	13426	1
6921	5588	1
6650	3020	1
3079	4802	1
12756	11948	1
15034	6339	1
10368	9719	1
5533	2666	1
4133	6783	1
15459	9207	1
7181	10314	1
8283	1179	1
6372	1092	1
11164	5419	1
13048	13676	1
8619	5202	1
13572	6919	1
15876	15877	1
10095	2726	1
1687	1493	1
12196	3405	1
1584	3190	1
3190	1584	1
13187	13187	1
7885	5634	1
2751	11618	1
8600	10690	1
15589	15668	1
12117	12600	1
8924	13599	1
13826	14923	1
4257	2364	1
5176	835	1
5977	835	1
5011	71	1
1142	71	1
308	307	1
13817	13817	1
1774	4692	1
6163	307	1
2380	2017	1
13882	13882	1
7056	6811	1
15552	8460	1
6811	7056	1
9031	4692	1
5762	13006	1
5202	8619	1
2907	3560	1
1841	13014	1
15115	15116	1
8711	2726	1
13741	7206	1
12466	13014	1
8079	410	1
4485	5877	1
8763	13023	1
10623	8506	1
11331	11331	1
1933	410	1
386	410	1
3453	5678	1
13574	14825	1
12565	5678	1
11455	3297	1
14503	3297	1
13581	14531	1
5799	6453	1
87	86	1
6494	2887	1
10273	9717	1
5889	9727	1
13581	11779	1
3896	13900	1
12133	5643	1
8630	8631	1
14535	14317	1
15878	15878	1
6960	2330	1
5944	13626	1
2894	3487	1
5979	13626	1
13421	6894	1
8540	14840	1
5795	3210	1
6185	5576	1
4654	4812	1
15210	2199	1
12344	5789	1
14277	13023	1
4375	3450	1
5643	12133	1
3533	6097	1
6048	15879	1
12861	8973	1
10351	7622	1
4812	4654	1
3098	2185	1
9276	7622	1
13750	14947	1
4707	4706	1
14831	10067	1
2470	2496	1
8499	9018	1
15520	6142	1
10432	3079	1
14947	13750	1
8932	10687	1
6319	14069	1
5789	12344	1
15683	8556	1
12217	14565	1
9018	8499	1
5799	11565	1
6112	15106	1
15732	10610	1
3405	8031	1
15880	15880	1
14303	9223	1
4947	5303	1
10610	15732	1
9223	14303	1
12745	936	1
14277	15798	1
5795	4930	1
756	3091	1
10836	3660	1
6783	4106	1
15879	6048	1
13473	5849	1
15194	11159	1
8973	12861	1
5870	5870	1
14144	5870	1
12758	8113	1
8498	10610	1
910	5849	1
14968	3333	1
10610	8498	1
6547	5345	1
153	505	1
530	614	1
15881	10742	1
9727	5889	1
14152	14001	1
3072	12372	1
5742	5720	1
9105	11565	1
1229	4430	1
8860	3708	1
496	1624	1
3533	6095	1
4084	2017	1
4335	13868	1
4084	5100	1
7272	6197	1
8950	14467	1
6769	6197	1
12372	3072	1
4616	2712	1
5979	6977	1
6062	6107	1
9067	6197	1
12051	6197	1
15438	271	1
10760	9267	1
7143	6197	1
2769	70	1
4956	6845	1
6109	4909	1
71	1142	1
9318	7073	1
1837	2712	1
11074	5191	1
11372	15579	1
1314	10759	1
8031	3405	1
11276	3917	1
12862	10649	1
467	185	1
11016	6197	1
5598	5191	1
9730	12421	1
12656	5142	1
6811	15555	1
4478	6197	1
3020	6650	1
13407	14818	1
9155	9154	1
4815	8692	1
11894	11894	1
4485	5142	1
7333	14818	1
4946	11565	1
12134	8763	1
3660	10836	1
14992	14916	1
15882	3973	1
8331	7318	1
11802	2465	1
4363	8082	1
6894	13421	1
7913	14810	1
4346	4345	1
10506	4779	1
12661	14810	1
14676	4779	1
3767	5202	1
10067	14831	1
11470	5562	1
13652	11044	1
5435	5123	1
4174	5024	1
1199	13555	1
5191	5598	1
7931	12694	1
14992	14992	1
5870	5735	1
1087	864	1
4036	5670	1
3560	2907	1
15023	15023	1
6960	7780	1
7731	7862	1
12861	2886	1
15883	15883	1
4828	5185	1
6649	15038	1
9318	9717	1
7178	7121	1
368	9964	1
8959	5169	1
4375	2283	1
9207	930	1
9138	6788	1
3214	930	1
11724	5670	1
873	15884	1
4143	1897	1
13868	4335	1
15885	15885	1
15886	7598	1
14288	6225	1
8365	4447	1
15153	11074	1
