3404	14145	1
1064	6267	1
15691	2172	1
9133	1840	1
4227	1456	1
14382	589	1
12174	9009	1
11608	5009	1
6843	10488	1
2172	15691	1
8139	10810	1
5546	6475	1
9207	15459	1
3456	5084	1
15422	6475	1
11017	5423	1
2211	14494	1
6844	15561	1
5423	11017	1
4102	13676	1
8017	6297	1
7340	10982	1
12208	11590	1
10982	7340	1
6267	1064	1
9140	11777	1
3345	11699	1
9762	12862	1
9276	10351	1
8043	5874	1
15539	9777	1
4647	5888	1
10459	5888	1
3456	11294	1
7894	1839	1
14145	3404	1
11699	3345	1
9511	14612	1
14535	14754	1
10405	5316	1
12351	6316	1
11777	9140	1
13851	1987	1
10542	10363	1
1045	786	1
6775	8656	1
8070	1560	1
4724	8492	1
15014	15014	1
1289	426	1
5625	14849	1
3020	3450	1
5797	3450	1
2958	3450	1
5047	3450	1
5753	7511	1
4250	3450	1
13974	3450	1
2289	2290	1
2137	3450	1
6245	3450	1
4482	9560	1
15599	9992	1
4319	6490	1
10792	1379	1
11616	4352	1
1846	12035	1
3695	12470	1
15691	4751	1
11715	9418	1
1420	980	1
6897	4020	1
3794	4257	1
1305	3527	1
6479	9949	1
4260	4474	1
13407	8280	1
6843	14039	1
1420	2203	1
4132	7807	1
2994	5119	1
786	1045	1
13775	15226	1
9229	9628	1
1232	1913	1
12271	6104	1
12906	10820	1
10836	12758	1
7471	1952	1
4132	6987	1
5922	5	1
1420	6700	1
1344	7616	1
15660	14887	1
9076	11610	1
8280	13407	1
3499	5321	1
8049	13261	1
7140	7102	1
13261	8049	1
10791	1941	1
9144	4946	1
1420	8235	1
14844	1887	1
1711	10754	1
9291	14032	1
12326	8549	1
1560	8070	1
8492	4724	1
2122	920	1
15723	7352	1
15732	4482	1
5366	12779	1
9949	6479	1
6419	11564	1
2348	2349	1
9687	8653	1
10766	1933	1
6316	12351	1
14804	15733	1
4132	3992	1
6887	13408	1
15691	4037	1
10997	5131	1
13751	4555	1
12035	1846	1
5047	5893	1
14263	4555	1
4910	9769	1
5087	5086	1
3400	9769	1
10232	3234	1
10351	9276	1
798	1305	1
13477	4726	1
14804	9583	1
5125	3978	1
6788	3335	1
1711	3335	1
6467	5796	1
17	3779	1
11621	11135	1
6387	6387	1
1584	4789	1
14840	8540	1
70	1576	1
14197	4708	1
8144	9009	1
8280	5325	1
1742	2083	1
7595	7592	1
14612	8735	1
7411	15722	1
6119	9391	1
5325	8280	1
12758	10836	1
3992	4132	1
5301	9233	1
5893	5047	1
14779	11943	1
2873	5047	1
13014	12624	1
7260	3527	1
10810	8139	1
645	1848	1
10023	3819	1
5047	2873	1
11943	14069	1
15120	14069	1
4724	3323	1
6119	2364	1
1420	1677	1
12117	11779	1
11943	14779	1
7308	14510	1
1456	3949	1
1711	801	1
9391	7893	1
5110	5818	1
2901	2610	1
2913	15465	1
15734	15274	1
4812	4654	1
10363	10542	1
15371	3702	1
10276	6977	1
4007	11730	1
4474	4260	1
14807	9762	1
14887	15660	1
3170	8707	1
3258	3949	1
2546	6161	1
3970	5586	1
2715	8959	1
9583	14804	1
15733	14804	1
15037	3546	1
2894	186	1
3185	3445	1
1420	1905	1
3185	1844	1
14844	9059	1
946	3785	1
14559	14560	1
1711	4814	1
1420	1176	1
3056	878	1
4485	5877	1
11730	4007	1
10067	5021	1
10811	9518	1
9128	7481	1
6339	7481	1
5021	10067	1
2353	2582	1
3248	7228	1
1844	3185	1
1160	1019	1
3445	3185	1
9605	1800	1
4946	9144	1
15735	15735	1
14691	15712	1
14916	6697	1
6119	8368	1
15652	15668	1
3877	2347	1
15589	15668	1
15721	6266	1
1848	645	1
6471	3310	1
12035	2875	1
2152	13165	1
2677	6052	1
7081	14536	1
9067	6094	1
12956	13778	1
6104	12271	1
3315	2914	1
3923	13557	1
15736	6743	1
3138	858	1
13723	12591	1
2255	13165	1
8499	8482	1
2776	271	1
5428	4945	1
1711	3736	1
9216	12677	1
5817	6982	1
12732	13737	1
6513	5240	1
3706	1497	1
1062	13165	1
13737	11909	1
6689	5243	1
8028	13165	1
12732	14573	1
3514	800	1
13193	7537	1
7352	15723	1
10860	13165	1
3539	1482	1
366	14229	1
1643	13165	1
4226	11681	1
11025	13165	1
7902	3542	1
5227	8864	1
849	3651	1
612	5730	1
14201	14201	1
10623	12840	1
11344	5402	1
8899	5402	1
8835	14239	1
1840	9133	1
62	13165	1
6982	5817	1
5419	6138	1
9709	8864	1
15035	15737	1
8735	14612	1
15459	9207	1
6689	5402	1
4132	1641	1
8031	3405	1
705	5671	1
6258	6319	1
814	7104	1
2885	1754	1
1797	3920	1
6119	9207	1
8261	8261	1
9560	4482	1
13737	12732	1
2239	9056	1
14573	12732	1
4654	4812	1
5414	1667	1
15048	13165	1
3825	13165	1
2015	13165	1
9193	14154	1
8133	6357	1
5121	5120	1
13165	3825	1
15738	13165	1
534	5402	1
11266	6357	1
15471	13573	1
5120	5121	1
5943	4948	1
972	13165	1
3315	13851	1
15583	15583	1
7407	13311	1
6034	12383	1
1019	1160	1
11468	13165	1
10855	70	1
10351	12862	1
5409	13165	1
12862	10351	1
2893	13165	1
5515	3825	1
92	4277	1
2229	13165	1
5424	5598	1
15517	13737	1
14573	11909	1
95	70	1
6111	5567	1
1897	12340	1
15739	12717	1
4846	14565	1
7997	5402	1
4030	4257	1
5785	6998	1
11445	7266	1
15740	13903	1
2420	944	1
12340	1897	1
3825	5515	1
6094	9067	1
1723	2520	1
5202	5625	1
3998	2520	1
3405	8031	1
7651	2520	1
6771	9117	1
3768	7764	1
15664	11243	1
4747	8222	1
70	10855	1
14849	5625	1
9233	5301	1
9325	5979	1
1420	5717	1
14510	7308	1
7427	2172	1
15110	14482	1
6429	15560	1
1232	3020	1
14482	15110	1
4482	15732	1
2172	7427	1
6597	3563	1
5820	5821	1
2672	749	1
13165	2255	1
12086	8591	1
28	5622	1
920	2122	1
11205	3323	1
3323	11205	1
12899	14714	1
4047	3810	1
1922	110	1
323	4613	1
5567	6111	1
4485	770	1
9278	9278	1
5237	1910	1
5694	15038	1
4796	4983	1
6454	5446	1
8546	10986	1
4983	4561	1
13573	10986	1
3258	2912	1
15604	15604	1
7175	9365	1
7764	3768	1
6977	10276	1
3079	2085	1
14576	14144	1
811	3815	1
9518	10811	1
5243	6689	1
854	15741	1
15742	15742	1
10154	5547	1
10982	9897	1
5547	10154	1
7061	8412	1
6619	1452	1
4947	8959	1
3185	9456	1
13676	3098	1
11700	7736	1
1456	4227	1
6816	2914	1
5360	2255	1
5821	5820	1
1232	3098	1
5703	3456	1
3186	2148	1
8222	4747	1
8107	5590	1
6483	6484	1
6119	9888	1
10351	4747	1
2882	4755	1
1420	3578	1
15642	168	1
1584	3190	1
944	2420	1
2420	15032	1
6070	2596	1
11779	12117	1
7206	2904	1
13851	3315	1
13263	2204	1
1452	1451	1
15743	15743	1
10300	11263	1
3166	4735	1
5068	4241	1
1420	4422	1
5446	6454	1
13868	4335	1
3258	4422	1
15744	425	1
15745	7481	1
1439	6070	1
5843	8611	1
3137	9769	1
9754	9474	1
1756	5812	1
2749	5831	1
11836	6444	1
12400	12400	1
15746	10395	1
221	222	1
4029	9217	1
1693	222	1
14494	2211	1
1439	2596	1
8609	5353	1
1711	1620	1
11344	691	1
3190	1584	1
8639	9690	1
4303	7791	1
3079	3079	1
6120	677	1
2433	12806	1
2610	2901	1
2734	12816	1
4241	5068	1
3258	2646	1
14577	13215	1
1005	920	1
4043	11455	1
4604	1108	1
5203	6312	1
6989	5642	1
12806	2433	1
5402	6689	1
11455	4043	1
1420	8614	1
9628	9229	1
14654	2607	1
4389	3056	1
6118	3849	1
10895	15598	1
1232	1404	1
13101	7051	1
4735	3166	1
9851	164	1
14734	14734	1
12174	11918	1
15720	13311	1
4747	7409	1
6052	4032	1
2901	15716	1
6297	8017	1
15716	5690	1
4660	4446	1
13381	14041	1
1420	1537	1
9769	3400	1
4198	4814	1
1190	2272	1
11918	5790	1
9762	14807	1
3258	4250	1
3212	4815	1
8172	14992	1
8705	10183	1
5842	2706	1
3456	5703	1
9690	8639	1
1420	1025	1
15147	10165	1
2715	3380	1
15716	2901	1
15023	6977	1
5122	5122	1
8322	8323	1
749	2672	1
5489	4548	1
10737	10569	1
10605	4294	1
10021	3071	1
14041	13381	1
4708	14197	1
7068	2441	1
6138	5419	1
9527	9527	1
8401	6112	1
3970	7384	1
15561	6844	1
7791	4303	1
8026	8030	1
12777	8030	1
7162	8030	1
6017	3594	1
1163	2914	1
7731	7179	1
425	5267	1
15747	15747	1
4369	2184	1
12259	15528	1
4669	4670	1
5119	2994	1
9762	12092	1
12092	9762	1
15116	15115	1
12906	5223	1
7179	7731	1
12779	5366	1
8595	9118	1
12541	15745	1
5107	7025	1
5341	15556	1
15696	13348	1
3451	5928	1
4934	3225	1
15748	15748	1
4287	12870	1
12785	12274	1
3800	7626	1
6985	2330	1
12870	4287	1
12383	6034	1
9325	13663	1
10741	6128	1
14132	7945	1
15104	6557	1
1420	6325	1
2204	13263	1
11220	14816	1
7997	5357	1
6113	11256	1
8676	3190	1
15736	11972	1
110	1922	1
1898	15745	1
9777	15402	1
6932	10982	1
593	1541	1
13165	2229	1
5591	5947	1
10982	6932	1
6185	5576	1
12467	8763	1
7597	12899	1
1338	3996	1
9880	4857	1
3056	4389	1
1232	736	1
2666	4025	1
14714	4946	1
2715	439	1
10395	15746	1
3738	5128	1
5678	13900	1
15745	1898	1
11256	6113	1
7820	3574	1
4830	4763	1
9118	8595	1
2260	736	1
1452	6619	1
11918	12174	1
4996	5895	1
4569	9915	1
6052	2677	1
3178	5753	1
4763	4561	1
7415	7415	1
4981	14603	1
10067	15749	1
8402	15703	1
10023	4569	1
3959	8441	1
4000	4001	1
15750	14559	1
505	492	1
15703	8402	1
15210	2199	1
3073	9085	1
3033	15334	1
2480	15745	1
1497	3706	1
426	1289	1
12960	9410	1
1628	1628	1
7513	13571	1
4664	2677	1
4446	6264	1
11297	10815	1
13998	13998	1
14197	3315	1
6119	6615	1
2330	6985	1
15745	2480	1
4771	11043	1
9791	5191	1
10145	9410	1
14814	11497	1
4602	4346	1
4950	4836	1
5570	6264	1
1969	1708	1
13215	14577	1
11276	9582	1
12624	13014	1
4233	3447	1
14938	5705	1
4217	13014	1
14849	4113	1
4836	4950	1
5482	4113	1
10506	4113	1
5443	7535	1
3924	11758	1
1711	3536	1
15706	8610	1
4763	4830	1
11758	3924	1
11497	14814	1
13663	9325	1
15745	5862	1
9492	7537	1
6135	7535	1
9376	9377	1
15626	6769	1
4376	2641	1
13408	6887	1
9878	12722	1
328	272	1
15751	13237	1
12456	7831	1
8824	15718	1
3447	4233	1
4047	8967	1
5735	15183	1
10826	6849	1
4829	4830	1
7334	7535	1
15449	13097	1
9270	6200	1
1031	3103	1
8610	15706	1
2396	2788	1
15586	9966	1
1420	1022	1
570	7179	1
3549	2800	1
4613	14263	1
4830	4829	1
4907	5136	1
242	241	1
6319	14754	1
7273	11567	1
14754	6319	1
9610	7997	1
6532	7535	1
2479	3542	1
6893	5849	1
12664	8320	1
5357	7997	1
2520	7651	1
9393	9394	1
3939	8181	1
3159	3158	1
12816	2734	1
4747	10351	1
14388	14388	1
3996	1338	1
241	242	1
380	15645	1
2894	1338	1
647	5096	1
9966	15586	1
6444	11836	1
6112	8401	1
6079	6135	1
13232	788	1
7137	1897	1
10165	15147	1
9582	11276	1
4321	15313	1
13741	1091	1
12802	15505	1
15183	5735	1
2698	11676	1
6135	6079	1
14039	6843	1
7673	2569	1
13140	12624	1
9966	9763	1
9070	11547	1
1091	13741	1
13830	15505	1
15737	5813	1
11157	278	1
6669	2508	1
3560	2907	1
14032	9291	1
15752	5750	1
6513	4589	1
15519	15519	1
5928	3451	1
1754	2885	1
9763	9966	1
1432	2084	1
3847	11322	1
3549	185	1
831	930	1
3366	9962	1
6489	9962	1
8137	1410	1
13665	510	1
9777	15539	1
5197	6127	1
12535	15162	1
805	3835	1
11511	1240	1
1420	6635	1
4025	2666	1
11159	9767	1
1837	2712	1
10706	1238	1
4589	6513	1
1377	1493	1
9216	4158	1
4863	4864	1
3784	3783	1
6146	9470	1
8549	12326	1
14351	6270	1
4569	10023	1
3815	1434	1
12045	11062	1
4806	5408	1
930	831	1
13962	2483	1
9104	6034	1
14783	6367	1
10569	10737	1
5357	8899	1
2911	3079	1
15648	207	1
1434	3815	1
13165	11468	1
5690	15716	1
5983	14982	1
6120	2596	1
4113	10506	1
10437	5931	1
4751	15691	1
2569	7673	1
4037	15691	1
