5701	4368	1
4368	5701	1
15539	9777	1
6893	3305	1
2019	2526	1
6107	6062	1
8496	13089	1
10810	8139	1
6048	6938	1
4437	10907	1
13006	5762	1
505	153	1
8360	4981	1
9892	6625	1
5259	9213	1
10061	13989	1
13547	1096	1
8377	5440	1
2741	10604	1
5058	14875	1
1305	819	1
11831	6243	1
3615	791	1
7622	4426	1
11699	10434	1
209	1029	1
5072	2725	1
5537	11164	1
2609	2611	1
11407	15837	1
5278	7402	1
10434	11699	1
13629	575	1
4034	4851	1
4912	9229	1
8070	4048	1
15517	11909	1
15807	425	1
11910	5457	1
5849	2727	1
8975	8998	1
15023	8998	1
4939	9248	1
4132	6987	1
2127	3302	1
15913	15124	1
2479	1567	1
12671	11121	1
10351	7622	1
4375	9230	1
4437	9230	1
4092	14039	1
15178	4980	1
15905	7611	1
8542	11521	1
9248	4939	1
6513	9330	1
4376	2641	1
4613	9330	1
12834	3690	1
385	7568	1
6135	11270	1
6899	271	1
15106	6112	1
3027	3028	1
11270	6135	1
12533	9690	1
14042	9706	1
8975	4842	1
2127	8526	1
1049	588	1
7128	8763	1
13023	8763	1
4216	4215	1
13727	4317	1
3985	8763	1
15914	6843	1
3861	425	1
7162	12777	1
12692	12777	1
14700	12777	1
6033	12777	1
3453	4333	1
12861	2886	1
6820	3559	1
1096	13547	1
4816	15153	1
344	1097	1
11565	9105	1
7570	7446	1
6810	7884	1
11689	5843	1
4603	6246	1
7401	1687	1
5845	7332	1
5845	7446	1
7570	6126	1
2901	736	1
6316	6329	1
4657	12196	1
1132	4196	1
3849	6329	1
15620	5320	1
6428	13599	1
625	5062	1
3559	6820	1
5822	3854	1
6428	8460	1
8609	6059	1
6243	11831	1
4816	8214	1
6320	14317	1
1958	5495	1
8790	4108	1
3623	2572	1
15886	7597	1
9373	5262	1
9412	207	1
13599	8031	1
15442	3837	1
6048	15879	1
1076	885	1
4755	15915	1
10563	15915	1
12196	4657	1
2829	5341	1
588	1049	1
53	9258	1
3286	3123	1
885	1718	1
6155	9671	1
15835	2369	1
344	15768	1
11182	5321	1
4108	8790	1
7402	5278	1
15879	6048	1
6994	9880	1
2386	3467	1
11164	5537	1
11923	14224	1
6155	5880	1
15750	14559	1
8589	8589	1
3767	5217	1
4806	5408	1
5278	7273	1
10067	14831	1
564	4576	1
5495	1958	1
6562	12694	1
14828	14831	1
14165	13900	1
15161	9	1
14870	4431	1
10503	4755	1
3909	3909	1
15916	15120	1
7611	15905	1
2017	4084	1
5221	12073	1
12481	15886	1
7597	15886	1
14886	14197	1
15886	15886	1
3453	5678	1
15917	4579	1
7517	9816	1
12781	3432	1
3837	15442	1
4333	3453	1
12845	12844	1
15906	1840	1
11164	12413	1
5905	515	1
8975	9966	1
14131	15754	1
1432	2663	1
14577	6193	1
15642	5944	1
2021	15154	1
13626	5944	1
5278	5278	1
13517	5278	1
5845	5047	1
14831	10067	1
271	11106	1
6899	11106	1
885	6127	1
12664	12650	1
15799	15799	1
9388	11734	1
7367	6294	1
11025	13516	1
5845	1294	1
13421	6894	1
4084	2017	1
5463	3351	1
12777	12692	1
9993	11591	1
5321	11182	1
1050	8140	1
1049	2715	1
632	956	1
1406	1294	1
11407	7501	1
7570	4580	1
5845	3153	1
6603	6603	1
5769	2390	1
15628	11758	1
12073	681	1
6689	9834	1
2698	2194	1
2868	492	1
3965	8609	1
4106	6783	1
6122	3088	1
8975	1900	1
4954	2212	1
4816	6783	1
7625	11194	1
15911	15911	1
1388	4108	1
5457	11910	1
9318	9318	1
3088	6122	1
5800	7741	1
12413	11164	1
7031	7741	1
1058	1030	1
9863	5875	1
12500	4605	1
4724	4605	1
5088	579	1
7675	13289	1
13900	1134	1
4726	6783	1
6271	7741	1
8820	14577	1
10363	10542	1
6120	677	1
5262	9373	1
15889	3166	1
4317	13727	1
5845	7408	1
3559	6903	1
4577	9389	1
11591	9993	1
3109	3166	1
7415	7416	1
7741	7031	1
11635	8806	1
4580	11792	1
5817	14577	1
7570	11792	1
14573	3919	1
15790	11602	1
5327	940	1
2873	7328	1
10620	3919	1
1512	21	1
11065	6190	1
1136	3919	1
2229	2411	1
677	6120	1
10749	3315	1
7206	13741	1
1884	1237	1
1344	11683	1
8975	1574	1
7799	15735	1
12056	10769	1
1687	7401	1
2194	2698	1
11683	1344	1
5845	6246	1
801	1854	1
6070	5355	1
5845	11758	1
6294	7367	1
15918	15919	1
5845	6344	1
13687	12650	1
7570	6479	1
4574	3169	1
15920	8547	1
12591	13723	1
4816	4732	1
4293	2699	1
4102	15314	1
4287	2699	1
7570	4034	1
15602	15921	1
14461	6361	1
5845	3450	1
15886	12481	1
5845	5090	1
1503	5327	1
1884	5463	1
1748	1748	1
902	987	1
13573	10986	1
1081	9409	1
5176	5047	1
11846	4549	1
5845	7308	1
14577	5817	1
2699	4287	1
207	9412	1
10542	10363	1
2855	1081	1
1081	2855	1
1748	655	1
15686	95	1
3547	3380	1
437	1523	1
11164	10423	1
7602	15745	1
10003	4060	1
4353	13847	1
9628	8977	1
8855	11014	1
3166	3109	1
12172	2303	1
9240	4577	1
2611	2609	1
5341	2829	1
5568	3028	1
11194	7625	1
1584	876	1
12190	12190	1
1439	2596	1
6070	1439	1
15922	15124	1
1377	1493	1
14411	14573	1
3919	14573	1
3651	3190	1
12487	9237	1
3190	3651	1
6788	2343	1
5711	12999	1
4549	11846	1
14277	2727	1
9880	6994	1
4816	11074	1
6447	4362	1
8611	5096	1
7466	3028	1
11106	271	1
13373	3353	1
4431	14870	1
8306	15774	1
2699	4293	1
7645	3353	1
8007	6449	1
11602	15790	1
4946	14581	1
13513	3510	1
490	10788	1
95	15686	1
13741	7206	1
13884	5325	1
1997	259	1
4580	15388	1
3917	461	1
1897	7086	1
15388	4580	1
1930	5130	1
4102	1437	1
15602	7125	1
14581	4946	1
12899	15886	1
9213	5259	1
15023	1910	1
15923	12879	1
12466	1841	1
9706	14042	1
13014	1841	1
9230	15924	1
14968	3079	1
232	5774	1
1897	7223	1
8896	10685	1
1584	3028	1
15925	12483	1
5997	3028	1
5981	6155	1
2018	2069	1
11455	7042	1
12970	7986	1
15023	10285	1
5066	5514	1
12271	12383	1
4580	14749	1
4976	3028	1
12073	2663	1
13787	6346	1
4390	4525	1
9336	7293	1
10174	13421	1
5818	6113	1
10008	6113	1
1441	21	1
10788	490	1
4525	4390	1
1439	6070	1
14982	8855	1
11014	8855	1
876	1584	1
7570	12095	1
4201	4200	1
14485	6997	1
4200	4201	1
12383	6022	1
8806	11635	1
8359	14131	1
8141	4755	1
12845	14837	1
8975	8976	1
14131	8359	1
14840	8540	1
11679	11679	1
13579	9026	1
930	3214	1
1599	1009	1
234	7055	1
4007	8932	1
7570	14844	1
2691	1428	1
5495	5360	1
15908	9687	1
14596	15926	1
6112	15106	1
15927	3274	1
1134	13900	1
7308	5845	1
3450	5845	1
5360	5495	1
11758	5845	1
7810	4346	1
7408	5845	1
13289	7675	1
1841	13014	1
3153	5845	1
13581	14531	1
5325	8280	1
13884	8280	1
3214	930	1
11407	9436	1
5047	5845	1
9687	15908	1
4852	9586	1
1905	3312	1
3919	10620	1
5845	14239	1
11407	14239	1
14755	10687	1
7446	5845	1
5817	12217	1
15916	12006	1
4335	11382	1
664	6111	1
6185	5576	1
4346	7810	1
11815	9026	1
9044	7055	1
6540	791	1
9914	9152	1
6216	4522	1
625	624	1
5845	8224	1
8609	3965	1
1152	6752	1
8935	12383	1
5845	6245	1
9237	12487	1
14	9104	1
1213	1214	1
11212	12217	1
6055	8609	1
624	625	1
3606	3263	1
14411	13737	1
4580	9436	1
3079	14968	1
490	11702	1
3333	14968	1
5845	8290	1
3769	4126	1
5845	6379	1
7206	10065	1
7728	1558	1
6346	13787	1
5330	3401	1
5497	15928	1
12336	15703	1
4362	6447	1
6080	5161	1
15857	13461	1
9336	15929	1
3692	2958	1
3263	3606	1
3996	1338	1
5330	5357	1
4345	4346	1
2894	1338	1
4335	13868	1
13461	15857	1
4333	3850	1
11534	4976	1
5775	4304	1
5613	5906	1
1152	7492	1
2663	1432	1
4313	5624	1
14836	8618	1
8975	15023	1
10160	5314	1
7215	8928	1
13599	6428	1
9762	12862	1
4861	5363	1
7273	5278	1
5745	1506	1
15930	13925	1
15931	13925	1
11517	15017	1
4664	2677	1
6539	3944	1
3817	4514	1
15932	15932	1
7423	12481	1
1712	1713	1
11563	9001	1
10285	15023	1
11847	11847	1
15911	12403	1
9964	368	1
4950	5392	1
12781	368	1
14201	14201	1
13925	15930	1
7570	5390	1
6245	5845	1
15438	5694	1
8328	6119	1
6379	5845	1
5333	3506	1
6783	4726	1
13263	13263	1
12022	8363	1
11846	11509	1
791	6540	1
13868	4335	1
15886	9145	1
7570	7162	1
10174	10033	1
8525	7480	1
12779	5366	1
10389	9251	1
4822	6095	1
5003	6919	1
15933	4087	1
9777	15539	1
8975	10319	1
979	5314	1
1049	4087	1
1506	5745	1
21	613	1
2802	4525	1
4950	8967	1
1093	7162	1
12845	11507	1
10330	13694	1
5393	763	1
6894	10900	1
8261	9320	1
1207	7842	1
9320	8261	1
14844	11710	1
12672	12275	1
9388	15837	1
