14982	5983	1
14754	6319	1
14577	13215	1
3225	4934	1
1933	386	1
5628	1120	1
15519	15519	1
15461	13957	1
15753	8057	1
2596	6120	1
14715	8280	1
10594	6638	1
5000	4900	1
12388	12388	1
11051	3563	1
6120	2596	1
12817	10638	1
1420	1556	1
3345	11699	1
14131	15754	1
8412	7061	1
2478	14814	1
8835	14239	1
13165	2152	1
14714	4946	1
9732	11699	1
15755	2071	1
4946	9105	1
1620	5720	1
11835	15754	1
10276	6499	1
1620	4948	1
2508	6669	1
828	3274	1
2911	9250	1
10460	10451	1
11236	3762	1
9105	4946	1
11768	710	1
1959	5352	1
15756	15756	1
8676	8333	1
6893	10623	1
8021	12392	1
2907	3560	1
7901	3762	1
9	10206	1
1620	4431	1
5069	4616	1
5725	5845	1
4257	4030	1
394	10206	1
5398	13291	1
13573	15471	1
11704	11704	1
2734	12816	1
14536	3160	1
7090	3160	1
386	1933	1
13501	3307	1
4729	5869	1
11243	15664	1
1434	3815	1
4241	15664	1
6118	5869	1
14154	9193	1
15757	10723	1
15758	15758	1
4233	3447	1
9410	10145	1
5210	3506	1
4335	13868	1
3706	15725	1
12507	12320	1
476	8678	1
7780	4237	1
3999	9087	1
9360	8864	1
5227	8864	1
8141	2873	1
14263	4613	1
690	6127	1
11758	11831	1
3185	95	1
10982	7340	1
15745	5862	1
3651	849	1
7340	10982	1
3704	4039	1
15280	15280	1
4036	12369	1
5854	13829	1
6638	10594	1
10151	11009	1
2454	3824	1
1361	1360	1
4260	4474	1
1727	4171	1
15740	13903	1
1063	13903	1
10769	8929	1
10862	10289	1
14869	14807	1
3534	474	1
1897	7137	1
2698	7291	1
7230	5298	1
5553	9391	1
15747	15747	1
15759	10961	1
13868	4335	1
9391	6119	1
2364	6119	1
8368	6119	1
9207	6119	1
887	888	1
1620	3739	1
1620	5733	1
1401	5717	1
1620	5717	1
5727	2265	1
6119	9391	1
5419	745	1
1325	1692	1
14041	14041	1
12110	6564	1
14192	6248	1
4794	1146	1
12624	3170	1
5553	5902	1
745	5419	1
1620	5419	1
13220	7932	1
3447	4233	1
11062	12045	1
15718	8824	1
426	1289	1
7235	4555	1
10061	5982	1
15067	10023	1
5720	1620	1
4948	1620	1
4431	1620	1
4364	4365	1
3739	1620	1
5733	1620	1
5717	1620	1
6475	15422	1
5419	1620	1
6827	6828	1
319	1504	1
14565	12217	1
5553	4328	1
13311	15720	1
1099	2865	1
4794	15760	1
5643	788	1
10151	2420	1
7291	2698	1
811	1434	1
788	5643	1
2830	2142	1
5316	2142	1
15761	15719	1
4900	5093	1
664	4554	1
12239	1674	1
4035	1257	1
5727	508	1
4794	7479	1
11243	5033	1
3629	3358	1
15762	5382	1
3707	897	1
15008	15008	1
3545	7108	1
8004	602	1
10151	12249	1
13193	4478	1
12045	11062	1
7595	7593	1
5753	3178	1
14844	5476	1
9276	7622	1
3014	3015	1
5705	14938	1
2043	8443	1
5725	12095	1
1325	15763	1
10205	2616	1
4946	8027	1
4377	7709	1
5727	3514	1
14292	9725	1
1041	1194	1
1289	426	1
3704	2167	1
10067	9095	1
6969	1599	1
12779	5366	1
3560	2907	1
14593	5659	1
2187	8354	1
7622	9276	1
5715	4561	1
9807	9695	1
9273	5222	1
15327	11210	1
2420	944	1
1451	730	1
10484	8838	1
5822	5822	1
10206	9	1
15737	14895	1
12732	11909	1
11547	9070	1
656	2345	1
13853	10550	1
656	640	1
1326	12375	1
6899	271	1
11243	9223	1
10716	781	1
5778	7039	1
2412	781	1
2052	1483	1
3704	1740	1
13289	7228	1
14144	14576	1
1919	107	1
12816	2734	1
6619	1731	1
14364	2219	1
12763	10563	1
9391	5553	1
8027	4946	1
4328	5553	1
95	3185	1
7521	11344	1
13319	2219	1
7236	13031	1
10503	4755	1
3054	2219	1
9456	3185	1
3843	4755	1
10737	10569	1
15706	6883	1
5047	5893	1
8610	6883	1
9080	1305	1
5725	5726	1
15764	15741	1
10960	5726	1
13193	11513	1
3019	5531	1
15281	1367	1
14415	15741	1
3920	1797	1
5725	11537	1
7088	2237	1
5481	3210	1
2511	15741	1
5122	4573	1
7670	7671	1
4171	1727	1
13808	6466	1
11831	11758	1
5481	3043	1
4983	4561	1
5287	4561	1
1599	6969	1
6320	10174	1
10713	11368	1
4794	7623	1
8172	8967	1
1063	1388	1
5553	7027	1
7137	1897	1
13573	10986	1
3509	9092	1
11243	15572	1
3704	2652	1
9725	14292	1
12336	8967	1
4520	1831	1
4386	1897	1
7228	13289	1
10343	15666	1
781	10716	1
15251	12322	1
5731	1677	1
4092	10363	1
6475	5546	1
12322	15251	1
6428	10174	1
3113	2869	1
7027	5553	1
8763	12134	1
736	2260	1
1455	5812	1
1933	1266	1
3383	1126	1
14977	7597	1
5222	9273	1
9184	4034	1
8109	1523	1
705	1243	1
7108	3545	1
10067	15749	1
1667	5414	1
12126	50	1
14895	5920	1
11369	5197	1
5381	10387	1
10807	6414	1
4087	12660	1
12660	4087	1
5690	4563	1
15576	11047	1
2120	4634	1
5275	323	1
15720	13311	1
14600	10174	1
6243	11758	1
110	323	1
2865	1099	1
10203	7040	1
11973	4755	1
15334	3033	1
5725	9268	1
1401	3380	1
625	5062	1
15148	15148	1
3077	1921	1
6213	1599	1
1997	3642	1
2552	1437	1
9223	11243	1
5768	5569	1
1031	3103	1
14527	15765	1
15666	10343	1
10971	10970	1
5197	11369	1
15223	13900	1
2051	1558	1
12172	14582	1
5725	7089	1
13311	9409	1
13900	15223	1
730	1451	1
13604	13604	1
1401	6716	1
184	5548	1
8152	9009	1
14531	13581	1
6128	10741	1
12038	4554	1
6127	690	1
5725	13145	1
10167	10502	1
13220	11650	1
530	210	1
1326	4785	1
4136	4137	1
14582	12172	1
10502	10167	1
14992	8172	1
6264	5570	1
15059	14373	1
4996	4996	1
323	110	1
5683	3213	1
6985	3479	1
12274	15766	1
1727	1055	1
2247	4898	1
1055	1727	1
5548	184	1
1620	5569	1
13421	14949	1
15309	13097	1
9400	3985	1
10755	3985	1
10205	7446	1
1069	3985	1
8260	145	1
4220	4221	1
9863	10982	1
10174	14600	1
5893	5047	1
8235	9545	1
15746	10395	1
15766	12274	1
8642	9545	1
14949	13421	1
10051	3019	1
10174	6320	1
4064	5203	1
15714	12855	1
1555	15767	1
6982	6193	1
4171	1055	1
14559	15750	1
12709	6900	1
12732	14573	1
2246	9545	1
15722	8776	1
14844	12886	1
13220	3462	1
3138	5581	1
6900	12709	1
7511	5753	1
15768	344	1
314	5753	1
9725	551	1
3178	5753	1
6466	13808	1
2245	9545	1
5203	4064	1
15769	4637	1
5253	536	1
3190	8676	1
7831	12456	1
3633	9545	1
13220	8585	1
11910	15550	1
28	5622	1
3234	3430	1
15770	15770	1
10550	13853	1
8452	6765	1
5553	2289	1
8109	9872	1
1407	10355	1
3430	3234	1
4135	5351	1
10736	13900	1
5542	2212	1
8172	14992	1
5598	6648	1
7624	5933	1
7211	5524	1
4047	4346	1
6149	485	1
14229	366	1
8160	4727	1
4727	8160	1
1000	1363	1
13432	14025	1
10023	15067	1
5062	625	1
10724	2550	1
14612	8735	1
15456	7832	1
13884	10649	1
4616	5069	1
2646	7857	1
7853	8057	1
13826	14923	1
551	9725	1
13775	11779	1
6111	6111	1
1401	897	1
888	887	1
10151	2935	1
12832	5537	1
3288	3287	1
2237	7088	1
15099	15099	1
3843	420	1
5553	4457	1
4777	896	1
13744	15035	1
12381	4101	1
10151	6265	1
5725	6265	1
13215	14577	1
11779	13580	1
13323	1910	1
944	2420	1
1054	2211	1
8222	4747	1
14955	1307	1
7409	4747	1
10351	4747	1
6638	4133	1
13732	14431	1
420	3843	1
11368	10713	1
2229	2411	1
4133	6638	1
6538	9058	1
15725	3706	1
11699	9732	1
11623	11623	1
5524	7211	1
2289	5553	1
8401	6112	1
1388	1063	1
14807	14869	1
5156	3581	1
1620	1711	1
4220	4161	1
2228	835	1
4161	4220	1
3033	15334	1
1620	858	1
6844	15561	1
13381	14041	1
11758	8421	1
4640	5982	1
6033	8030	1
13663	10838	1
7074	11758	1
11758	7074	1
11251	8140	1
15771	15772	1
15665	5299	1
6301	11935	1
14807	2699	1
6112	8401	1
6367	5981	1
10355	1407	1
3794	5817	1
10571	1407	1
6454	2077	1
9527	9240	1
11243	11407	1
8451	8867	1
13479	5742	1
4755	11973	1
10183	8705	1
10623	5849	1
12604	969	1
4043	1704	1
5553	6361	1
4101	12381	1
10276	5482	1
319	569	1
4113	5482	1
10205	5673	1
13843	4538	1
14585	10713	1
15554	13973	1
1220	985	1
8818	7179	1
788	21	1
5376	1558	1
11018	5087	1
7179	8818	1
1800	9605	1
3315	13851	1
1363	1000	1
4161	4221	1
15773	15641	1
13501	4525	1
3547	3380	1
8313	562	1
6193	6982	1
10395	15746	1
11407	11243	1
3704	690	1
14047	14047	1
10205	11997	1
15395	12403	1
6648	5598	1
4613	14263	1
3985	10755	1
14292	2753	1
4000	4001	1
1620	9187	1
14914	8005	1
4043	11455	1
5411	4062	1
5713	3865	1
15774	3720	1
1620	12381	1
13424	5598	1
11018	11440	1
12134	8763	1
2296	3544	1
5981	6367	1
10969	5920	1
10916	12751	1
3704	2897	1
835	835	1
4696	8680	1
9480	8680	1
2154	12217	1
7688	8680	1
5650	8243	1
7380	5752	1
12369	4036	1
8160	15746	1
1338	2894	1
9386	4181	1
5735	15183	1
1401	635	1
5569	1620	1
12834	5987	1
14814	2478	1
4253	9658	1
10838	13663	1
2894	3278	1
7731	7179	1
7179	7731	1
1620	5374	1
12340	15745	1
5191	9791	1
1711	1620	1
9762	12092	1
14576	14144	1
9658	4253	1
1325	2741	1
9342	7020	1
11779	13775	1
10363	10542	1
13851	1987	1
3820	15745	1
12381	1620	1
5870	14144	1
5374	1620	1
13505	478	1
15148	15745	1
50	12126	1
1134	10736	1
10174	13421	1
4815	3212	1
4652	3176	1
1987	13851	1
2077	6454	1
13421	10174	1
8404	9226	1
13580	11779	1
1674	15745	1
15775	15775	1
7179	570	1
13581	14531	1
5414	1667	1
13193	9067	1
6264	4446	1
15411	5000	1
4828	5185	1
6849	10826	1
6119	6615	1
10623	10247	1
15611	12217	1
10799	11943	1
5750	2399	1
4365	4364	1
6765	8452	1
11943	10799	1
10569	10737	1
4868	13009	1
3704	1034	1
7033	5305	1
478	13505	1
12070	511	1
8334	14446	1
9769	3137	1
15505	13830	1
5725	9131	1
4727	1238	1
10276	14676	1
9226	8404	1
8676	3190	1
6248	14192	1
3605	1926	1
12568	6901	1
3651	3190	1
7639	6901	1
44	439	1
15776	14211	1
5504	6135	1
8086	10561	1
11479	3137	1
15119	14145	1
10276	6977	1
3190	3651	1
8490	2647	1
5443	7535	1
8172	10002	1
13900	1134	1
12197	7995	1
10982	9863	1
4257	5817	1
647	5096	1
15290	1427	1
5752	7380	1
10151	6344	1
15410	15410	1
8230	1022	1
1401	2141	1
4510	2647	1
14612	9511	1
4836	4950	1
6007	6008	1
570	7179	1
6280	1548	1
6901	12568	1
10167	5783	1
2713	2059	1
13571	7513	1
14855	3322	1
14144	5870	1
1456	3949	1
10276	10506	1
12212	7841	1
4950	4836	1
9804	8697	1
4444	5921	1
1407	10571	1
10810	8139	1
5217	4409	1
12666	15777	1
13528	5010	1
4801	8711	1
5442	8711	1
9962	3366	1
110	1922	1
10002	8172	1
2576	1554	1
2735	3618	1
5093	4900	1
9009	8152	1
5351	4135	1
8243	5650	1
2250	4967	1
13830	15505	1
13957	15461	1
2873	5047	1
1401	1094	1
5693	5240	1
8450	5314	1
5047	2873	1
7715	5357	1
12775	6901	1
9581	10620	1
70	1576	1
5087	11018	1
11440	11018	1
6721	6649	1
15183	5735	1
4946	9144	1
5066	5514	1
7997	15436	1
2646	3258	1
8711	5442	1
7945	14132	1
6192	7004	1
8139	10810	1
13552	4034	1
7810	6108	1
4747	8222	1
6811	7056	1
10826	6849	1
562	8313	1
4485	770	1
9117	6771	1
1439	6070	1
7056	6811	1
12182	7308	1
11918	5790	1
10205	7308	1
5000	15411	1
14041	13381	1
642	13772	1
13973	15554	1
3985	3103	1
11201	6066	1
15059	15059	1
5553	7309	1
15664	4241	1
526	573	1
10140	4241	1
9628	9229	1
2587	425	1
4409	5217	1
4631	1527	1
7602	9085	1
6564	12110	1
13220	2011	1
15778	15778	1
13479	12737	1
15779	15779	1
1837	2712	1
1401	709	1
12344	5789	1
15780	14805	1
15781	15781	1
8745	13343	1
10982	10783	1
13724	6765	1
6984	8499	1
10232	3487	1
3137	9769	1
15782	6562	1
6048	6938	1
3669	7933	1
13772	642	1
5660	4537	1
715	749	1
13900	9477	1
4747	10351	1
6562	15782	1
10561	8086	1
7513	13571	1
6765	13724	1
4241	10140	1
13165	972	1
5725	6986	1
4164	1647	1
8763	11983	1
5087	5086	1
8005	14914	1
9511	14612	1
10900	1647	1
2699	14807	1
1754	2885	1
3849	6361	1
8824	15718	1
2184	4369	1
9733	11346	1
3943	4556	1
5817	4257	1
6108	7810	1
14609	10357	1
5625	3855	1
7323	14346	1
2820	3019	1
11018	8587	1
5278	5748	1
3138	13938	1
346	3250	1
4111	5318	1
3366	3855	1
6564	15238	1
10247	10623	1
5402	15468	1
10276	7109	1
12640	14916	1
15468	6146	1
4478	13193	1
11513	13193	1
1401	2127	1
6901	7639	1
11947	11947	1
13193	8031	1
13193	15718	1
1134	5924	1
9270	6200	1
6084	1238	1
5753	5924	1
1843	9620	1
15768	14276	1
7444	7786	1
11540	13538	1
12173	7786	1
15664	2172	1
1726	8058	1
3404	3405	1
12919	8320	1
9878	12722	1
15746	8160	1
13479	8741	1
8425	7334	1
5678	14165	1
3855	5625	1
3479	6985	1
1523	1338	1
12217	15611	1
1781	4199	1
953	9375	1
15274	15274	1
12021	12021	1
12732	13737	1
6264	6142	1
15783	447	1
15745	15148	1
1154	7109	1
912	4211	1
2957	9010	1
9067	13193	1
13961	12572	1
8320	12919	1
15784	9876	1
831	930	1
15693	769	1
5353	5234	1
996	1380	1
3268	1416	1
6619	1391	1
15079	7056	1
6066	11201	1
1188	1428	1
8031	13193	1
4034	13552	1
6844	6758	1
3753	14876	1
656	695	1
6188	1428	1
1134	13900	1
6070	1439	1
452	3515	1
9477	13900	1
9375	953	1
3762	11236	1
1188	1188	1
6307	14095	1
3762	7901	1
1554	2576	1
5374	7083	1
6758	6844	1
5407	5406	1
10542	10363	1
5423	11017	1
634	518	1
10457	15120	1
7056	15079	1
1461	425	1
6258	5086	1
15785	14648	1
6385	6397	1
9518	8616	1
14165	5678	1
4946	10715	1
1081	9409	1
5514	5066	1
12021	13421	1
3451	5928	1
7235	2914	1
12345	15422	1
1311	1740	1
7952	8820	1
15081	8820	1
9620	1843	1
10620	7361	1
4294	10605	1
15786	424	1
3183	2199	1
9251	9120	1
13193	7402	1
1058	4408	1
6119	2364	1
9018	8498	1
5363	12342	1
12732	15517	1
13737	12732	1
7671	9488	1
11243	4810	1
15517	12732	1
15787	10190	1
10620	9581	1
10723	15757	1
7402	13193	1
3037	6774	1
14711	7158	1
5415	5415	1
4735	2721	1
5725	9105	1
8441	8441	1
2260	736	1
15081	4647	1
9714	13317	1
4777	2721	1
4647	15081	1
5414	4789	1
8820	15081	1
10569	12650	1
11967	15788	1
781	2412	1
13215	14774	1
6700	518	1
12021	12472	1
518	6700	1
8330	3817	1
2304	1934	1
3834	3739	1
13165	816	1
3606	14565	1
3985	9400	1
2678	321	1
5725	760	1
6034	4718	1
14565	3606	1
2721	896	1
15745	1674	1
12541	3820	1
15687	13938	1
