5191	11074	1
9318	9585	1
5202	3767	1
15555	6811	1
15887	14328	1
13123	12989	1
878	3056	1
3091	756	1
4335	13868	1
2842	3098	1
4351	6169	1
4408	355	1
2185	3098	1
15038	6649	1
1361	1360	1
355	4408	1
13676	12899	1
2678	321	1
11074	5191	1
5799	6265	1
8837	4019	1
13868	4335	1
5598	5191	1
3098	3098	1
11565	11445	1
7089	2647	1
1903	4368	1
4335	420	1
5142	4485	1
9267	10760	1
8882	8882	1
5670	11724	1
13421	6894	1
15590	4157	1
11445	11565	1
5191	5598	1
6036	8014	1
1092	6372	1
15888	15888	1
11724	5670	1
3816	1462	1
6894	13421	1
4950	4836	1
12989	13123	1
12133	5643	1
9604	15452	1
15889	3166	1
3817	8214	1
2611	2609	1
14016	15890	1
5411	7804	1
5643	12133	1
15210	12274	1
3808	1051	1
5304	13411	1
582	7681	1
1030	1058	1
264	207	1
6146	15468	1
4408	1058	1
6983	5804	1
13844	127	1
1096	13547	1
6708	6708	1
7235	4555	1
6428	13599	1
13599	8031	1
14263	4555	1
5970	623	1
12079	623	1
12777	6033	1
2380	1268	1
1388	13903	1
5684	5948	1
3917	11276	1
10982	11831	1
6897	4605	1
11618	1081	1
5785	6998	1
2907	3560	1
8285	6172	1
10330	8031	1
14831	10067	1
2132	2132	1
5565	3559	1
8692	4815	1
1462	3816	1
8452	8453	1
460	5297	1
9777	15539	1
1268	2380	1
1791	4346	1
14398	15796	1
14714	4946	1
4430	1229	1
6649	15038	1
1058	4408	1
3750	2230	1
12870	7336	1
564	4576	1
3249	11509	1
7089	8235	1
15181	162	1
5802	508	1
387	2571	1
1407	10355	1
15837	9388	1
5802	342	1
10068	13630	1
9170	13832	1
1192	942	1
5894	6810	1
207	9412	1
12449	5518	1
4157	15590	1
11074	15153	1
5170	5518	1
5802	1784	1
15460	15460	1
15590	3171	1
4437	3171	1
1783	1784	1
15716	3171	1
502	551	1
124	590	1
3849	4890	1
12779	5366	1
15147	3480	1
3994	3422	1
12908	5380	1
4108	8790	1
8763	7128	1
5380	12908	1
7128	8763	1
425	1437	1
4437	2420	1
3549	2800	1
15171	15789	1
9412	207	1
557	2862	1
2802	4390	1
10343	15666	1
4836	4950	1
1791	926	1
15390	10435	1
13021	7535	1
15891	12695	1
9801	15835	1
11677	14925	1
9539	889	1
3166	15889	1
13411	5304	1
7056	6334	1
15401	15401	1
7442	7443	1
11660	12540	1
1405	1573	1
1636	1697	1
9207	15459	1
8214	3817	1
11278	11278	1
15590	2735	1
7804	5411	1
5802	2030	1
10704	5301	1
15468	6146	1
11565	4946	1
6048	15879	1
7089	4579	1
676	1305	1
9170	15892	1
194	541	1
15120	12598	1
7228	9041	1
4106	6783	1
1188	2334	1
5169	8959	1
564	4119	1
7089	12805	1
6822	6427	1
10604	2741	1
924	13925	1
11276	3917	1
15893	12613	1
5121	5120	1
6638	5812	1
5120	5121	1
15552	6428	1
9923	6183	1
2004	12975	1
5812	6638	1
557	3514	1
3560	2907	1
3141	1476	1
12777	14700	1
12340	1897	1
12541	3820	1
6492	1897	1
1476	3141	1
3056	878	1
8763	13023	1
7089	3716	1
15894	15537	1
4437	3716	1
12540	13023	1
12908	3850	1
3451	5928	1
7728	1558	1
6160	4755	1
15666	10343	1
8235	7089	1
9009	14792	1
6367	1237	1
6919	13572	1
4579	7089	1
12805	7089	1
3716	7089	1
5701	4034	1
1805	2189	1
6034	9104	1
2465	11802	1
2189	3231	1
14449	15537	1
1237	6367	1
271	15438	1
14652	9080	1
3930	6031	1
6649	6146	1
5325	13884	1
12777	8030	1
15590	7308	1
5845	4781	1
13311	15314	1
4652	3176	1
15895	5273	1
5905	515	1
9575	6146	1
6624	6146	1
6320	14317	1
3082	10280	1
15724	14982	1
5684	6923	1
10685	6562	1
7120	6146	1
14328	15887	1
11485	6146	1
4980	15178	1
13547	1096	1
14982	15724	1
8975	4842	1
6562	10685	1
2479	1567	1
1791	3232	1
3615	3068	1
12540	11660	1
2047	6059	1
7089	7089	1
5642	6982	1
11186	10609	1
13676	13048	1
10609	11186	1
7844	7893	1
7308	15590	1
1142	1793	1
5650	8243	1
15896	15896	1
13331	12672	1
3850	12908	1
4431	14870	1
13989	10061	1
4437	4603	1
10103	7188	1
3141	7680	1
7206	13741	1
14565	12217	1
12124	11957	1
4437	9268	1
3171	15590	1
2735	15590	1
7089	8570	1
4038	7188	1
2017	5462	1
3440	11989	1
15745	4555	1
5202	8619	1
2677	6052	1
15349	7290	1
11957	12124	1
12771	8141	1
6055	5869	1
1096	8141	1
1791	1215	1
7089	14471	1
14197	8876	1
6037	9397	1
3731	6250	1
2588	14580	1
7885	5634	1
12598	15120	1
15537	15894	1
9923	13351	1
8243	5650	1
3493	2873	1
15590	3261	1
6146	11485	1
7340	8962	1
5518	5170	1
9237	3358	1
6783	4106	1
625	624	1
1944	4996	1
4136	4137	1
4034	4851	1
2609	2611	1
4034	5701	1
14437	15897	1
8855	14982	1
5778	9311	1
5204	5205	1
6730	5684	1
7741	5800	1
6923	5684	1
4292	15422	1
4851	4034	1
13572	6919	1
15673	15054	1
14277	14699	1
4447	8365	1
2576	1554	1
15732	4482	1
2749	1541	1
1554	2576	1
15724	15833	1
14916	14992	1
15442	15442	1
8948	8948	1
2526	2771	1
8371	6556	1
4986	13870	1
4437	9389	1
10796	2363	1
15234	13985	1
6753	6753	1
4218	14803	1
7089	6853	1
14699	2109	1
646	6843	1
13023	12540	1
2411	2229	1
4613	9330	1
9835	12297	1
12202	5138	1
6977	5979	1
4888	5154	1
13553	14411	1
5254	11683	1
5922	27	1
1152	623	1
3919	10620	1
3985	3103	1
5845	11758	1
15898	5042	1
1099	5855	1
15008	11572	1
2726	3103	1
2832	900	1
6982	5642	1
8405	2440	1
15899	15230	1
11758	5845	1
15833	15724	1
5154	4888	1
10609	12172	1
9240	4577	1
15438	271	1
10759	1314	1
5320	15620	1
12732	14411	1
11623	15055	1
8222	15620	1
15785	207	1
3822	3581	1
15900	15900	1
5745	5920	1
8876	14197	1
14411	12732	1
14471	14210	1
3820	6765	1
6197	6769	1
15831	13751	1
13574	14825	1
5802	858	1
15836	627	1
5518	12449	1
471	165	1
10061	13989	1
3405	12196	1
557	12949	1
9276	14478	1
1081	9409	1
15901	15900	1
9863	5875	1
13124	8029	1
4577	9240	1
11511	1240	1
1599	2562	1
2771	2526	1
1314	10759	1
9089	7081	1
1139	5327	1
15902	15903	1
5816	7901	1
14573	14411	1
5856	7753	1
9330	6513	1
5286	12379	1
8876	6513	1
5869	6055	1
680	3033	1
9388	15837	1
6052	2677	1
7776	15561	1
12344	5789	1
2071	9942	1
6197	15827	1
12172	10609	1
7056	14025	1
9604	8967	1
1229	4430	1
2154	6084	1
707	5459	1
9133	1840	1
4047	2677	1
10827	10826	1
11602	8241	1
2873	4930	1
5321	11182	1
14266	3480	1
5100	4084	1
2017	4084	1
3480	14266	1
1793	1142	1
5715	4561	1
582	3947	1
14565	15611	1
4842	8975	1
4663	75	1
12379	5286	1
5802	768	1
14992	14916	1
3210	613	1
3794	14577	1
10319	8975	1
4437	4384	1
15023	8975	1
5087	11018	1
5278	5748	1
5634	7885	1
1628	1628	1
1237	1884	1
15561	7776	1
8460	15552	1
853	2172	1
6428	15552	1
14478	9276	1
1493	1377	1
1060	3587	1
15055	11623	1
262	2018	1
6084	2154	1
13957	6556	1
14968	3333	1
12664	12650	1
2018	262	1
15620	8222	1
12834	3690	1
5979	6977	1
5009	6135	1
12777	12692	1
7089	12095	1
1107	1690	1
15417	11551	1
4353	13847	1
15904	15904	1
5076	13596	1
13381	14041	1
14317	6320	1
12695	15891	1
5448	15904	1
3808	8273	1
7266	4946	1
5922	5	1
47	1690	1
4938	5769	1
8241	11602	1
15284	15284	1
9456	14947	1
6788	2343	1
2189	3120	1
14947	9456	1
6135	11270	1
2677	4664	1
13596	5076	1
5327	940	1
6146	6649	1
1718	885	1
371	1935	1
10120	3480	1
13741	7206	1
8079	410	1
12400	4939	1
3480	10120	1
3353	13373	1
819	1305	1
209	614	1
5401	1356	1
4084	2017	1
5376	1558	1
582	2017	1
9330	4613	1
14654	2607	1
6513	8876	1
6250	3731	1
185	467	1
3353	7645	1
3209	3209	1
736	2901	1
368	12781	1
1567	2479	1
12862	9762	1
1791	2019	1
2526	2019	1
1451	1452	1
5870	5735	1
3547	2457	1
6127	885	1
3615	1858	1
1791	1930	1
1840	9133	1
15491	8695	1
5138	12202	1
557	2604	1
1395	15857	1
11270	6135	1
564	5774	1
4437	7407	1
9762	12862	1
8695	15491	1
5514	5066	1
15879	6048	1
5066	5514	1
582	824	1
12381	12545	1
8929	14235	1
5694	5372	1
5372	5694	1
940	5327	1
1723	2520	1
5802	1620	1
9604	11300	1
590	124	1
2283	4375	1
15148	15745	1
13751	15831	1
5678	3453	1
5419	11164	1
8216	5722	1
11626	11627	1
3453	6205	1
6205	3453	1
14577	3794	1
738	14769	1
624	625	1
4437	5307	1
3928	12242	1
3615	430	1
14803	4218	1
472	473	1
6436	6435	1
4437	7891	1
8141	12771	1
7083	5531	1
6556	6854	1
5951	5929	1
14310	13974	1
3315	10749	1
10570	8222	1
15905	7611	1
4300	6122	1
14081	12929	1
8070	4048	1
294	6854	1
15886	12481	1
15906	8721	1
4334	15907	1
1791	12173	1
7610	539	1
13826	14889	1
6294	7367	1
6811	14025	1
13567	11472	1
15552	8460	1
8611	5096	1
6428	8460	1
14886	14197	1
1731	6619	1
15300	3113	1
9213	5259	1
11438	12252	1
6657	13923	1
15450	15450	1
15579	11372	1
3919	1136	1
1338	3996	1
1391	6619	1
4437	7164	1
3547	2559	1
9575	11372	1
11121	12671	1
6619	1731	1
9671	6155	1
6435	6436	1
4595	9269	1
6620	1731	1
15865	1973	1
15835	12818	1
905	9895	1
5880	6155	1
5217	3767	1
6597	5822	1
15590	2590	1
1791	4345	1
3854	5822	1
14197	14886	1
4034	11986	1
2958	6908	1
4983	4561	1
14	97	1
7309	579	1
7517	9816	1
7402	5278	1
13580	11779	1
12840	12275	1
15908	9687	1
7188	4038	1
7611	15905	1
15909	15910	1
9276	10351	1
6282	12494	1
14131	6777	1
12009	11472	1
3615	1499	1
15911	12312	1
2885	456	1
9687	15908	1
7622	10351	1
9393	9394	1
4205	7397	1
12073	5221	1
14041	13381	1
5307	5107	1
8763	3985	1
5107	5307	1
12777	7162	1
10475	5161	1
1791	861	1
15912	15912	1
6395	5790	1
14021	5000	1
5701	4368	1
11758	15628	1
10891	10093	1
13911	13117	1
8139	10810	1
13900	14165	1
12274	15210	1
3261	15590	1
11382	4335	1
6777	14131	1
9414	11776	1
2590	15590	1
15590	15590	1
12494	6282	1
10895	9479	1
4368	5701	1
