9320	8261	1
8261	9320	1
10826	10827	1
14844	11710	1
10900	6894	1
6937	15934	1
14039	4092	1
5817	8222	1
14870	4431	1
9586	4852	1
12383	12271	1
5585	5585	1
15810	12870	1
10266	2446	1
6458	920	1
8977	9628	1
7899	4157	1
12432	6156	1
623	5970	1
5546	5850	1
9517	12844	1
2677	4664	1
13853	10550	1
5970	623	1
12861	14496	1
2786	15935	1
4631	1871	1
4852	9586	1
4886	13974	1
3121	635	1
14837	10715	1
13265	13710	1
9962	3366	1
5278	7402	1
13974	4886	1
15886	12899	1
12853	4930	1
5711	6329	1
5357	10654	1
9104	6034	1
3020	6650	1
5711	5715	1
15886	7598	1
4034	4422	1
5843	5844	1
7523	7523	1
2569	7673	1
6165	12671	1
14638	8065	1
8222	2914	1
2572	3623	1
5683	3213	1
5304	13411	1
7671	7042	1
5711	9888	1
3917	770	1
10687	14755	1
1996	7121	1
5897	5592	1
6111	664	1
5325	13884	1
7899	6327	1
2411	2229	1
10542	10363	1
12500	4605	1
9212	9211	1
8431	13393	1
13900	1134	1
7340	15314	1
9628	8977	1
5546	7446	1
1297	1574	1
3098	4102	1
9230	15924	1
8443	8989	1
10074	1746	1
10467	15540	1
3225	4934	1
8700	6562	1
4490	754	1
4007	8932	1
13390	9862	1
8609	6055	1
3509	9862	1
849	5100	1
1606	3739	1
8328	8974	1
4598	7705	1
4949	9150	1
624	625	1
754	4490	1
6070	1439	1
2786	4945	1
4034	5733	1
12654	4717	1
1886	3051	1
4383	1031	1
3315	13851	1
13851	3315	1
14197	7108	1
3917	7540	1
12899	15886	1
6894	10900	1
2296	1279	1
1069	1031	1
4034	13552	1
4439	5301	1
8043	6352	1
7761	6352	1
6294	3870	1
9207	15459	1
14803	4218	1
6319	14069	1
9480	9391	1
6119	8328	1
11623	15055	1
4208	11801	1
8998	8975	1
7108	14197	1
14949	13421	1
387	2571	1
5278	5748	1
3523	3333	1
14263	3333	1
5236	3815	1
1900	8975	1
1574	8975	1
10604	2741	1
3333	3523	1
7570	5797	1
8976	8975	1
15055	11623	1
5711	5384	1
9517	12845	1
15936	15936	1
8975	8802	1
7791	4303	1
15937	1514	1
15908	9687	1
4765	4217	1
3225	859	1
4890	7309	1
14779	11943	1
15938	15890	1
5966	7842	1
5086	5442	1
10647	768	1
6814	6128	1
6783	4726	1
10363	7309	1
2767	167	1
319	3028	1
11943	14779	1
13237	11128	1
1854	801	1
6393	7657	1
6352	7761	1
2043	6981	1
5711	4561	1
12196	4657	1
5711	4978	1
7842	5966	1
492	2868	1
7899	9669	1
11910	15550	1
3815	5236	1
5546	6700	1
4303	2665	1
15745	7602	1
5823	3944	1
2642	2642	1
7602	15745	1
9480	8680	1
5592	5897	1
1439	6070	1
5659	14593	1
4007	4287	1
12541	15618	1
2345	15618	1
8136	9103	1
12671	6165	1
15718	8824	1
11429	4955	1
15481	15481	1
259	1997	1
10464	5190	1
9480	5902	1
3225	8959	1
15634	896	1
4657	12196	1
15540	10467	1
1105	14525	1
8611	5096	1
11571	11571	1
7680	3210	1
15550	11910	1
5849	6893	1
2786	4965	1
7741	7031	1
5374	7083	1
319	1769	1
4346	1769	1
12383	8935	1
1746	10074	1
549	3678	1
4755	10503	1
5278	7273	1
7121	1996	1
8280	5325	1
4007	3232	1
4765	13470	1
7128	10491	1
9517	15179	1
7060	6380	1
10503	4755	1
5670	4036	1
14825	13574	1
8137	226	1
9391	8680	1
13884	5325	1
8975	8976	1
10507	9069	1
9895	905	1
1143	226	1
4303	7791	1
3824	3822	1
4007	2428	1
15939	10341	1
7602	14968	1
5979	905	1
6128	6814	1
12275	12672	1
3870	6294	1
7086	1897	1
5857	14062	1
8609	6104	1
6414	14062	1
3315	14062	1
8222	14062	1
14968	7602	1
6562	12694	1
6893	5849	1
1761	3666	1
4976	1769	1
70	1769	1
15106	9966	1
6562	8700	1
9774	10336	1
4735	5343	1
1031	13412	1
9480	6093	1
7060	14577	1
6899	271	1
3709	3708	1
3109	3166	1
496	441	1
5694	15438	1
876	3190	1
8903	10814	1
10778	9248	1
3366	6499	1
7798	5325	1
15663	10865	1
3445	7780	1
14062	5862	1
5464	6523	1
5217	6259	1
8460	13599	1
14949	12819	1
5546	11406	1
15940	14078	1
387	3444	1
12929	14081	1
4078	14844	1
13237	1108	1
4034	2433	1
9687	15908	1
15661	13713	1
11511	1240	1
387	1572	1
14173	14197	1
6259	5217	1
4034	8228	1
3559	6903	1
15397	6352	1
6113	11330	1
11437	4942	1
9966	15106	1
10479	13264	1
2392	2216	1
1134	13900	1
828	14082	1
3621	15941	1
10728	321	1
6104	8609	1
2786	1572	1
4293	5897	1
2665	4303	1
7060	5948	1
5004	5601	1
14197	14173	1
5047	5176	1
15438	5694	1
13710	13265	1
15848	15638	1
11455	5318	1
15942	15942	1
6243	10024	1
10054	10054	1
5190	10464	1
1064	12899	1
8222	5817	1
6070	5355	1
2786	2259	1
6128	10741	1
167	2767	1
4034	6513	1
15624	6343	1
6220	15886	1
3027	3028	1
4724	4605	1
3998	10173	1
6658	4515	1
1517	13233	1
6821	5726	1
15819	15819	1
5711	5381	1
5997	1769	1
1584	1769	1
9248	10778	1
12383	3817	1
12758	5286	1
3027	1769	1
15943	15857	1
2216	2392	1
6055	8609	1
11689	6788	1
5318	3826	1
4946	7266	1
4726	6783	1
9069	10507	1
13117	13911	1
14577	8820	1
7790	9804	1
5297	5774	1
7486	9769	1
9769	7486	1
7266	4946	1
8619	6784	1
1031	1069	1
5944	15642	1
3098	14117	1
15944	15945	1
5363	4861	1
3190	8676	1
14949	13807	1
1584	8676	1
7899	7501	1
6034	9104	1
7083	5374	1
4664	9296	1
168	15642	1
9862	13390	1
6671	5591	1
4007	7334	1
1972	3297	1
15163	7983	1
15548	321	1
5660	7995	1
8021	7693	1
6352	15397	1
12115	4525	1
14525	1105	1
4034	11445	1
5320	7027	1
1142	71	1
11201	6066	1
4111	5318	1
9517	7142	1
10351	9276	1
5844	5843	1
15153	4816	1
7693	8021	1
8214	4816	1
15946	15946	1
8676	1584	1
11014	8855	1
5711	3670	1
3333	14263	1
8065	14638	1
15947	15535	1
3269	13001	1
3917	13696	1
8975	1900	1
13574	14825	1
11074	4816	1
1062	15948	1
14886	7188	1
7401	1687	1
5330	3786	1
5670	5248	1
4007	9133	1
4193	4937	1
9862	8290	1
5325	7798	1
4038	7188	1
3817	8774	1
4937	4193	1
3719	15618	1
441	496	1
15854	9223	1
4007	8214	1
5704	7416	1
14381	13437	1
7031	7741	1
15949	15950	1
6788	11689	1
2786	387	1
15951	9498	1
1108	13237	1
625	624	1
13421	14949	1
8222	10570	1
5440	8377	1
7791	3366	1
11128	13237	1
3444	387	1
1572	387	1
8377	5440	1
12819	14949	1
10093	10891	1
5897	4293	1
15952	9015	1
8280	13884	1
2354	2546	1
7335	13261	1
13412	1031	1
8656	6775	1
7986	12970	1
7286	3286	1
8676	3190	1
15161	1585	1
14263	4613	1
1938	737	1
2546	2354	1
2137	5355	1
12908	3850	1
15953	15953	1
10276	6499	1
4036	11724	1
15642	168	1
7340	1723	1
1022	12361	1
3678	549	1
3225	7989	1
5221	681	1
12779	5366	1
14869	14807	1
3330	3330	1
12361	1022	1
9480	7106	1
8774	3817	1
7899	11750	1
4007	8247	1
14062	3315	1
6658	6658	1
14496	5906	1
9237	3401	1
1838	1837	1
10570	8222	1
10685	8896	1
3259	1954	1
14030	14029	1
4816	15153	1
11513	9377	1
15954	6452	1
1529	908	1
9479	10895	1
3259	1871	1
3434	15955	1
835	908	1
5256	2315	1
3202	9239	1
5147	3295	1
4111	4111	1
13990	13990	1
13367	12806	1
13001	3269	1
1625	1280	1
6490	4320	1
4034	7265	1
10024	6243	1
9239	3202	1
2076	5580	1
8051	4320	1
15956	15956	1
14536	4320	1
3439	2501	1
5613	5906	1
5546	3153	1
3098	2185	1
9393	9394	1
12756	11948	1
4007	5630	1
4007	1808	1
11948	12756	1
7680	616	1
7680	7680	1
7370	7211	1
1100	1099	1
12970	7986	1
14245	6144	1
15465	14197	1
8451	8867	1
4346	4345	1
387	3002	1
9564	15957	1
12483	15925	1
2786	3002	1
7309	10363	1
4313	15958	1
8496	1929	1
3999	1656	1
5845	6379	1
14807	14869	1
1523	7702	1
14844	9953	1
2289	2290	1
14229	366	1
15886	7423	1
12481	7423	1
5488	13737	1
8525	7480	1
6783	4106	1
13237	9997	1
11163	9009	1
10865	4414	1
1837	1838	1
4724	7108	1
8333	8676	1
4414	10865	1
15937	70	1
10769	12056	1
13737	5488	1
5402	15468	1
3826	5318	1
9251	10389	1
9517	7125	1
5635	15959	1
7235	15745	1
7842	1207	1
5711	6716	1
13737	10620	1
12271	12953	1
6369	10282	1
9517	10845	1
7408	13538	1
4653	12650	1
14678	7810	1
7810	14678	1
10569	12650	1
4861	5363	1
15436	9610	1
13455	6716	1
3817	12383	1
8935	12383	1
7361	10620	1
2172	13423	1
13956	9383	1
5203	6312	1
12271	12383	1
15581	13977	1
1481	1582	1
1897	12340	1
15218	15219	1
15960	15961	1
4296	4297	1
11783	4297	1
14636	6113	1
5489	6765	1
3366	7791	1
15962	15962	1
4390	4525	1
8460	7512	1
9876	5648	1
15961	15960	1
6048	6938	1
7899	7089	1
10282	6369	1
6490	4319	1
2749	488	1
11497	14814	1
366	14229	1
15963	9419	1
5640	12835	1
15274	15274	1
15934	6937	1
1884	8666	1
1723	7340	1
5753	3178	1
5711	5445	1
8361	4977	1
15964	11614	1
1143	8443	1
4724	8492	1
1509	15662	1
7885	5634	1
5100	849	1
12870	15810	1
95	15686	1
11614	15964	1
8492	4724	1
4287	15810	1
4007	4977	1
4832	4812	1
15911	12403	1
9383	13956	1
7776	14352	1
763	5393	1
2873	7328	1
7868	12544	1
4007	10687	1
7027	5320	1
6702	6798	1
5231	4070	1
2543	14180	1
6657	13923	1
2985	11144	1
10368	5762	1
14603	4981	1
15965	6221	1
6243	11831	1
14180	2543	1
2554	890	1
4034	9144	1
5711	4763	1
8750	8575	1
5699	9960	1
