15624	2284	1
4408	355	1
7409	15383	1
13962	16017	1
7267	10304	1
345	9193	1
6622	6621	1
16028	14949	1
11455	3297	1
625	9193	1
3043	4578	1
1741	4021	1
800	5548	1
13667	13668	1
13668	13667	1
9193	5755	1
11565	11405	1
12819	14949	1
6264	6023	1
15401	15401	1
5547	2652	1
11405	11565	1
5755	9193	1
2652	5547	1
16025	7090	1
6475	5546	1
8420	14816	1
6220	9731	1
6985	7053	1
850	95	1
1338	1523	1
9223	15852	1
6513	6576	1
4383	5774	1
7286	3286	1
7801	3817	1
8583	10247	1
1059	5774	1
8237	8237	1
9690	14198	1
5288	15153	1
6576	6513	1
6771	6056	1
8330	3817	1
8160	10121	1
4292	5546	1
2502	4316	1
10765	5546	1
2383	4355	1
5446	6454	1
6559	7359	1
10932	7265	1
6604	2331	1
5546	6475	1
3503	5715	1
3297	7042	1
3822	611	1
3249	5546	1
12819	10552	1
2234	3954	1
11549	11549	1
4788	7502	1
3178	2455	1
6810	7318	1
13710	4020	1
6376	4467	1
4735	3166	1
2721	3166	1
5047	7543	1
11650	14944	1
2650	2650	1
6348	3274	1
5715	3503	1
5715	4561	1
10552	12819	1
9109	9345	1
9375	828	1
7461	12945	1
9480	6093	1
3777	1218	1
4524	14082	1
7265	9957	1
2646	7857	1
10466	86	1
16029	16029	1
6127	12899	1
1064	12899	1
14654	2113	1
1595	4677	1
10249	3361	1
8404	8647	1
12785	12671	1
5455	9896	1
15300	3113	1
12671	12672	1
5366	12779	1
7801	8214	1
8247	8214	1
4936	5374	1
12672	12671	1
15925	9717	1
1162	3568	1
16030	12161	1
828	9375	1
5582	3245	1
14108	13157	1
5485	14522	1
3387	8080	1
10435	8291	1
8854	16031	1
355	4408	1
13851	3315	1
3245	5582	1
13829	15792	1
13737	10620	1
6810	7544	1
16032	430	1
1746	7544	1
8451	5613	1
4671	2950	1
10304	7267	1
13713	15661	1
9414	14066	1
15299	9422	1
3849	4666	1
1523	1338	1
7884	6810	1
6190	6810	1
4355	2383	1
12021	12021	1
6264	5768	1
7318	6810	1
8790	1571	1
974	1571	1
16033	16033	1
12819	11702	1
3835	1377	1
7544	6810	1
3731	1572	1
12666	9626	1
3105	10922	1
334	2941	1
12572	9228	1
10116	9593	1
751	14159	1
2611	1674	1
1245	2371	1
16034	2069	1
1051	3383	1
4863	4864	1
4819	15760	1
543	3383	1
635	3383	1
5365	5742	1
1509	15662	1
13007	3862	1
13326	856	1
14047	8076	1
15611	12217	1
4976	5742	1
3731	6250	1
2607	14654	1
3506	8838	1
5826	13692	1
3315	13851	1
3753	4741	1
11502	1612	1
8222	5856	1
5413	1388	1
7956	763	1
14573	9644	1
12881	15792	1
13326	9714	1
11702	12819	1
7086	4555	1
15792	12881	1
271	15438	1
4936	1200	1
7014	11944	1
14165	12540	1
15561	7776	1
2824	4353	1
15257	3569	1
1005	5160	1
7265	10932	1
2547	391	1
9150	16035	1
1791	1930	1
6811	14025	1
5446	84	1
12669	7868	1
14945	7868	1
6771	1556	1
12544	7868	1
13574	15226	1
14565	12217	1
5176	5977	1
8320	8512	1
5597	8160	1
450	5042	1
7235	4555	1
9416	5977	1
15447	3194	1
12668	2172	1
431	5042	1
15852	9223	1
1388	5413	1
9093	15103	1
5783	5468	1
6023	6264	1
2606	4809	1
1436	3194	1
8333	8676	1
15745	15866	1
14428	8676	1
6702	7082	1
4170	2194	1
1897	15866	1
6220	11800	1
13121	4873	1
9807	9695	1
15560	13149	1
6428	8460	1
10932	10933	1
10412	6783	1
6810	5894	1
4936	1483	1
1819	13431	1
1096	2902	1
3545	14197	1
3315	14197	1
3644	3644	1
10412	12397	1
5845	6245	1
2154	12217	1
6309	7082	1
4370	708	1
4863	5636	1
11186	10609	1
86	10466	1
1979	16036	1
14969	4260	1
7868	12544	1
12172	10609	1
16037	15428	1
10634	5921	1
13435	13007	1
14197	3545	1
8653	7141	1
10304	13455	1
3816	1126	1
7810	6108	1
5673	6845	1
14654	2607	1
10412	4133	1
2433	2588	1
7082	6309	1
6918	1361	1
15946	11204	1
2824	1585	1
15927	13455	1
5402	5358	1
4671	5722	1
5894	6783	1
3731	11287	1
5042	431	1
8653	4579	1
1361	6918	1
10569	8460	1
6783	5894	1
12021	8460	1
3822	3824	1
1571	8790	1
9600	10449	1
2502	4263	1
5042	9680	1
5345	4162	1
14078	1452	1
16017	13962	1
15898	5042	1
2832	3278	1
3496	4204	1
14708	8836	1
15925	13343	1
8214	8247	1
3353	7645	1
8790	4429	1
13007	13435	1
6925	7012	1
2194	4170	1
1512	11527	1
10084	7012	1
6969	6635	1
15153	5288	1
11235	4464	1
4410	15836	1
10247	8583	1
13376	12919	1
14531	13581	1
4664	6783	1
10609	12172	1
14837	5862	1
14546	15911	1
15110	14482	1
6810	12650	1
14482	15110	1
12881	7119	1
14066	9414	1
15548	3581	1
7345	3149	1
6771	710	1
8889	7868	1
6446	15228	1
1269	3070	1
5518	1842	1
92	4277	1
12572	12572	1
9228	12572	1
627	4135	1
11661	1893	1
5977	5176	1
185	8258	1
4589	8876	1
5042	12582	1
6757	4704	1
3068	3615	1
7211	5524	1
3176	6607	1
15153	15153	1
1858	3615	1
430	3615	1
1499	3615	1
1142	16	1
6380	8935	1
6771	4293	1
2388	2388	1
14187	13121	1
5047	2284	1
708	4370	1
16038	8014	1
2873	4930	1
10663	2941	1
6607	3176	1
3534	3278	1
1031	3103	1
16	1142	1
16021	16020	1
16017	10247	1
13737	14411	1
16034	5502	1
644	3091	1
2023	3498	1
4613	14263	1
16039	16039	1
5353	3965	1
2904	7206	1
3333	14263	1
16040	16040	1
12881	13829	1
13305	12709	1
8935	6380	1
375	15422	1
10247	16017	1
14197	3315	1
6062	6107	1
4806	5408	1
11051	3563	1
3816	66	1
5910	110	1
5522	5544	1
12217	15611	1
4432	4898	1
4047	6052	1
15413	9992	1
2677	6052	1
4171	1837	1
9193	625	1
5502	16034	1
3615	1499	1
10620	13737	1
14411	13737	1
4300	6122	1
624	625	1
4364	4365	1
15566	751	1
5636	13737	1
5441	4589	1
2936	625	1
4578	3043	1
4188	8755	1
4936	7134	1
5753	5924	1
4945	2786	1
6160	1624	1
3677	2609	1
2824	5242	1
6619	1731	1
6810	15773	1
6620	1731	1
8451	12861	1
13196	610	1
5804	870	1
2733	2694	1
7082	6702	1
4422	885	1
5358	5402	1
2169	7487	1
14354	15936	1
16041	9079	1
10412	4662	1
14522	10623	1
14426	10623	1
14597	9141	1
14159	751	1
7137	7223	1
13829	12881	1
5243	6689	1
1452	14078	1
4981	14603	1
9079	16041	1
2749	488	1
14816	8420	1
3483	7608	1
14388	13927	1
11204	15946	1
9731	6220	1
3087	4913	1
9834	6689	1
14969	11630	1
12397	13289	1
6765	8452	1
850	5289	1
8332	5987	1
2737	2736	1
14459	14458	1
16042	12033	1
6069	15681	1
4936	5922	1
12487	3358	1
14458	14459	1
5628	294	1
16043	1061	1
8377	5440	1
3149	7345	1
12671	12785	1
294	5628	1
6027	12116	1
6218	8153	1
2818	7121	1
3569	10623	1
3297	11455	1
6108	9375	1
12732	14411	1
13215	14577	1
14814	14814	1
4043	11455	1
4258	15763	1
3434	15460	1
13431	1819	1
4671	8705	1
7423	15886	1
9977	9977	1
953	9375	1
5742	4976	1
16041	16044	1
15878	801	1
295	107	1
12161	16045	1
10100	15106	1
10100	3950	1
6110	7079	1
3795	1910	1
8512	8320	1
6894	9300	1
5856	8222	1
10389	9251	1
12377	4864	1
10061	5982	1
12840	10623	1
13063	13064	1
5446	1784	1
6810	7761	1
13361	9577	1
3701	7705	1
11565	4946	1
5910	11517	1
7276	6112	1
6765	9669	1
4946	11565	1
15106	10100	1
3950	10100	1
8506	10623	1
7608	3483	1
2154	8318	1
15886	7423	1
7544	15818	1
3642	16006	1
9669	6765	1
11944	7014	1
7966	2979	1
1619	5266	1
15784	9388	1
13149	15560	1
10100	6849	1
3965	5353	1
2364	4257	1
7051	12336	1
6977	6112	1
14197	15465	1
6122	4300	1
14807	14869	1
9375	953	1
12958	9790	1
16046	16047	1
3921	15985	1
4263	2502	1
7761	6810	1
3849	9790	1
10330	8031	1
15465	14197	1
8619	10738	1
15460	3434	1
12919	13376	1
1452	1451	1
15422	375	1
15153	8354	1
10179	7020	1
242	241	1
4020	13710	1
4316	2502	1
6810	13021	1
8653	7115	1
8137	5622	1
1284	6023	1
2473	2502	1
7622	10351	1
241	242	1
3159	5426	1
5086	5087	1
1674	15745	1
13826	14923	1
7020	15110	1
10108	6287	1
10100	7334	1
8810	5343	1
15745	1674	1
7235	15745	1
5582	523	1
10427	5597	1
7012	10084	1
9511	14612	1
16048	16048	1
2941	10663	1
7147	2371	1
14923	13826	1
5231	4070	1
15831	15556	1
5532	15928	1
9762	10054	1
9578	10374	1
12108	4287	1
5922	5	1
4034	3512	1
14403	8162	1
7452	7988	1
16049	16050	1
7988	7452	1
13289	12397	1
7053	6985	1
3433	6493	1
3512	4034	1
4741	3753	1
13572	6919	1
1466	3786	1
1681	4092	1
2941	4824	1
7012	6925	1
10179	4024	1
13455	10304	1
4335	13868	1
625	624	1
469	1902	1
15465	2913	1
13868	4335	1
15876	9832	1
10054	9762	1
15034	6339	1
15681	6069	1
7126	7194	1
5977	9416	1
12336	7051	1
663	13018	1
11270	6135	1
13573	15471	1
7012	6358	1
11910	15550	1
13558	13595	1
13687	12650	1
10351	9276	1
6539	3944	1
7318	8974	1
7622	9276	1
3731	3444	1
11630	15188	1
4832	4654	1
14411	12732	1
6810	6059	1
4806	1586	1
1586	4806	1
1096	1517	1
2141	1517	1
3704	1517	1
696	1517	1
16051	7168	1
4254	15663	1
2488	1517	1
1740	1517	1
3921	1517	1
1055	4725	1
6251	2873	1
16052	13956	1
14342	10069	1
9235	8600	1
9299	7368	1
6319	14069	1
15937	369	1
8676	7695	1
7223	6314	1
5312	16013	1
13025	2294	1
6810	5184	1
2611	9192	1
15985	3921	1
15405	15988	1
6287	10108	1
6771	8247	1
3951	5230	1
15365	12456	1
6771	2116	1
29	424	1
4864	12377	1
4864	4863	1
12741	9731	1
11551	15417	1
5949	4162	1
8496	13089	1
12819	3190	1
15094	11781	1
2620	2619	1
1144	705	1
5581	13938	1
8935	12999	1
564	563	1
751	862	1
8653	3068	1
1584	13111	1
10405	4252	1
9276	7622	1
3975	14653	1
14612	9511	1
16053	16053	1
10351	7622	1
9015	16054	1
481	12281	1
1377	3835	1
7967	12498	1
4755	6160	1
627	628	1
3976	1399	1
4343	3105	1
7083	3019	1
3818	3817	1
4592	5836	1
5910	6965	1
12033	16042	1
10507	9069	1
997	9409	1
1567	5411	1
5411	1567	1
6155	1323	1
4735	5343	1
6054	692	1
5343	4735	1
3190	12819	1
4003	1028	1
6160	4755	1
6314	7223	1
6810	2047	1
1058	4640	1
14300	6869	1
935	2019	1
15835	2369	1
16055	10380	1
4069	15277	1
1399	3976	1
4950	15687	1
5524	7211	1
5536	5537	1
4252	10405	1
16056	16049	1
16057	2834	1
1011	4207	1
16049	16056	1
1372	9270	1
13007	1756	1
5266	1619	1
70	2712	1
12579	5801	1
7368	9299	1
5845	7331	1
13492	12551	1
8222	14886	1
6339	15034	1
3019	7083	1
9375	12254	1
692	6054	1
14047	1756	1
13089	8496	1
13763	11918	1
3287	3288	1
7331	5845	1
10032	10032	1
6113	10390	1
11014	8162	1
2450	6062	1
6107	6062	1
4755	11973	1
11967	8587	1
4934	3225	1
11973	4755	1
3568	1162	1
15767	1555	1
1143	205	1
6810	8444	1
6112	6977	1
13744	2914	1
15687	4950	1
14300	11661	1
859	3225	1
1188	1188	1
5320	15773	1
6869	11661	1
14577	13215	1
1828	1827	1
13376	7073	1
7989	3225	1
5870	5735	1
2043	1827	1
13513	14321	1
14576	5735	1
3392	3561	1
6135	11270	1
3383	6344	1
11661	6869	1
1827	2043	1
10900	4164	1
13935	13934	1
5176	2228	1
3225	4934	1
7783	5357	1
9717	15925	1
4654	4832	1
6079	7109	1
205	1143	1
3159	4945	1
5485	3561	1
8836	14708	1
16041	564	1
12340	1897	1
8443	1143	1
10304	14288	1
6810	11069	1
2997	3561	1
15417	11551	1
10810	8139	1
10449	9600	1
424	29	1
4386	2914	1
380	2202	1
8141	2902	1
14201	14201	1
13595	13558	1
9251	10389	1
10938	14239	1
15395	12403	1
5905	515	1
3719	15618	1
8243	5650	1
6689	5357	1
12970	7986	1
12807	15798	1
3302	515	1
3225	7989	1
10304	10938	1
7853	515	1
7318	11258	1
8183	515	1
15471	13573	1
2230	3750	1
49	50	1
737	14051	1
371	515	1
14274	14928	1
6527	4515	1
5533	304	1
16058	14928	1
3669	1506	1
3970	5586	1
3750	2230	1
8125	7854	1
2646	2646	1
5581	4293	1
4810	5314	1
3288	3287	1
7780	8435	1
4293	5581	1
3675	805	1
5910	3376	1
7260	515	1
2390	4293	1
12870	4293	1
6492	12340	1
11630	14969	1
3121	515	1
13775	11779	1
1144	3070	1
6648	5598	1
4983	4763	1
8067	11293	1
4293	2390	1
4983	5715	1
3760	3169	1
1897	12340	1
5650	8243	1
10687	4293	1
2734	3171	1
207	3867	1
14051	737	1
13574	13580	1
7085	5598	1
7311	4293	1
12898	6977	1
5715	4983	1
3731	3722	1
7776	14352	1
13018	663	1
16059	3232	1
15599	10620	1
6977	12898	1
705	1144	1
5735	5870	1
10909	13455	1
4950	8967	1
2532	16060	1
9274	9263	1
13376	13122	1
8977	4293	1
6938	7780	1
6120	6121	1
9076	11610	1
3177	8184	1
9580	515	1
370	515	1
7780	6938	1
6062	2450	1
4937	4029	1
8184	3177	1
4293	12870	1
14428	1238	1
4113	5482	1
8653	6479	1
2364	8619	1
736	13923	1
5424	5598	1
9762	4293	1
6849	4293	1
801	2134	1
10461	1238	1
16061	7404	1
16036	1979	1
4293	7336	1
15517	14411	1
6810	6879	1
8139	10810	1
8071	11661	1
5598	6648	1
2895	2641	1
8379	11141	1
5598	5424	1
7004	4729	1
16062	4580	1
2786	4945	1
15745	7235	1
15760	4819	1
14303	5423	1
13479	15115	1
14361	10374	1
6810	4915	1
14818	10179	1
7121	2818	1
12664	12650	1
15863	15864	1
3553	1825	1
4653	8824	1
9966	10319	1
10266	16063	1
13111	1584	1
5845	11758	1
4521	12437	1
7179	7731	1
5217	3070	1
7731	7179	1
8533	16064	1
15845	15845	1
7309	6869	1
3867	207	1
3870	896	1
11758	5845	1
6280	6280	1
1812	2084	1
4937	4193	1
16034	8946	1
7266	4946	1
4278	2691	1
2832	2819	1
15886	15921	1
7295	6651	1
4029	4937	1
4777	896	1
6625	13973	1
5110	5818	1
1731	6619	1
13973	6625	1
66	4811	1
15106	5564	1
9031	4692	1
5043	4070	1
5818	5110	1
3563	11051	1
13122	13376	1
6651	7295	1
7715	6649	1
1452	6619	1
801	15878	1
14653	3975	1
15773	10784	1
482	6317	1
1143	8443	1
5636	4863	1
14886	3295	1
13580	13574	1
5695	5109	1
3867	3868	1
257	6317	1
4457	1059	1
1731	6620	1
15977	15977	1
1188	5481	1
5482	4113	1
4215	7235	1
442	4019	1
16065	2789	1
107	295	1
14016	10404	1
7474	9705	1
4692	9031	1
11610	9076	1
794	3870	1
7334	10100	1
9378	7179	1
6849	10100	1
16066	9389	1
6720	7179	1
1930	5766	1
7654	5906	1
16067	14728	1
8043	6352	1
4293	8977	1
4092	1681	1
5481	1188	1
5266	4561	1
7295	1108	1
6771	9089	1
8656	15535	1
15566	8443	1
17	8936	1
3258	3949	1
2573	2571	1
7179	6720	1
8824	4653	1
6211	6646	1
5625	2422	1
2480	6492	1
8989	8443	1
12312	15383	1
6669	2508	1
7235	6492	1
15276	14931	1
12587	5598	1
9992	15413	1
5598	12587	1
7179	9378	1
65	64	1
14503	3297	1
5549	9771	1
570	7179	1
5343	8810	1
5481	9689	1
5598	10478	1
10374	8498	1
11779	13775	1
4474	4260	1
6218	5406	1
7449	14025	1
6218	5793	1
12779	5366	1
7309	10363	1
3288	12816	1
7536	10363	1
564	16041	1
5135	5440	1
6492	7235	1
7997	4741	1
1184	3444	1
6816	2484	1
1469	3723	1
13455	15927	1
2508	6669	1
12587	12743	1
