14300	7119	1
15745	3820	1
4034	13552	1
264	253	1
7842	5966	1
8880	11273	1
2721	4777	1
4863	4864	1
6163	307	1
4748	5932	1
3899	9159	1
11776	5142	1
9872	10742	1
15789	7042	1
4810	11243	1
15081	8820	1
5671	12342	1
7624	5933	1
2211	1054	1
12656	5142	1
375	10742	1
15666	10343	1
2611	2609	1
11918	5790	1
10801	2108	1
1401	3310	1
6774	3037	1
4241	15664	1
11470	5562	1
2172	15664	1
4293	1660	1
6367	5981	1
8152	9009	1
8499	11047	1
1740	1311	1
2412	781	1
1934	2304	1
14503	3297	1
1651	11121	1
5553	573	1
6772	14659	1
13626	5944	1
7309	10363	1
8412	1884	1
1746	10074	1
10390	9438	1
573	526	1
5979	9009	1
1257	4035	1
4036	12369	1
13694	13826	1
12117	4647	1
1900	11121	1
1063	13903	1
14876	3753	1
9928	3645	1
4586	5740	1
7853	14724	1
912	10742	1
385	3725	1
5377	10735	1
15381	13826	1
425	2446	1
10368	4029	1
5451	10769	1
4346	4047	1
15302	2132	1
14678	12342	1
8247	8052	1
3405	3404	1
6363	12342	1
5693	5240	1
8052	8247	1
2842	5849	1
634	1077	1
14210	14844	1
7090	12342	1
15790	7042	1
9009	5979	1
10075	1077	1
13503	5164	1
10730	14844	1
905	5979	1
5789	12344	1
10205	10314	1
4328	5979	1
11758	11831	1
425	1461	1
5849	10247	1
4586	8805	1
9128	7481	1
15550	11910	1
7361	10620	1
1461	425	1
8924	13599	1
14691	9009	1
1077	634	1
2127	2127	1
14716	12868	1
4257	5817	1
11624	9193	1
13734	5485	1
15791	1548	1
10247	5849	1
99	195	1
9270	6200	1
13421	10174	1
4586	5490	1
8676	8333	1
5260	5261	1
12840	12672	1
370	425	1
12881	15792	1
15792	12881	1
1690	1107	1
15789	123	1
6287	10108	1
15161	9	1
15290	1427	1
2873	8141	1
8219	9009	1
5981	6367	1
6466	9816	1
1512	21	1
2726	2727	1
5593	13829	1
12631	10370	1
2721	4735	1
1396	1395	1
9391	6119	1
2364	6119	1
15067	957	1
2753	14292	1
15793	15794	1
14904	6911	1
425	370	1
10390	6113	1
10351	4747	1
1416	3268	1
10347	8702	1
1938	737	1
2108	10801	1
15422	12345	1
1401	642	1
3753	7033	1
2132	15302	1
4927	638	1
14430	3609	1
2993	2989	1
6268	5890	1
8975	4842	1
736	1232	1
12941	12941	1
1404	1232	1
3098	1232	1
3020	1232	1
13914	12941	1
1913	1232	1
9725	551	1
3304	1232	1
6530	997	1
12345	15422	1
271	6899	1
6008	6007	1
13599	8924	1
997	6530	1
7995	12197	1
5979	4328	1
6146	7323	1
888	8838	1
15442	15442	1
15683	12899	1
14062	5862	1
15795	14456	1
7786	7444	1
12021	6858	1
6899	271	1
1742	2083	1
9	15161	1
15390	15390	1
7651	2520	1
15746	10395	1
7933	3669	1
14716	11445	1
5075	7624	1
8610	6307	1
12672	12840	1
12263	12264	1
6157	15796	1
6562	8810	1
13826	13694	1
15183	5735	1
8109	9062	1
3214	930	1
6307	8610	1
15797	11799	1
4723	3005	1
6637	4444	1
15798	3878	1
3725	385	1
4253	9658	1
5890	6268	1
7260	515	1
11799	11799	1
3288	3287	1
6477	1483	1
7536	7536	1
7235	4555	1
5630	6903	1
4724	4445	1
4445	4724	1
253	264	1
11910	15550	1
4444	4724	1
5047	5893	1
10857	10488	1
1126	3383	1
6492	5689	1
6248	6801	1
14263	4613	1
12779	5366	1
8610	6883	1
5323	11103	1
8141	2873	1
800	3514	1
15785	15785	1
4199	1781	1
14154	1190	1
2520	7651	1
11831	11758	1
11243	8732	1
3702	15371	1
9541	5977	1
3560	2907	1
2234	3383	1
2616	8204	1
15798	6294	1
8935	6380	1
11758	6243	1
6243	11758	1
11935	6301	1
5382	2483	1
5650	8243	1
4135	5904	1
5142	11776	1
5804	870	1
10235	14153	1
13031	7236	1
7868	12544	1
6530	4755	1
12072	11103	1
6055	5904	1
4755	6530	1
9477	13900	1
15148	4555	1
15799	15799	1
8332	5987	1
13657	13657	1
5849	13473	1
14716	14844	1
11121	1900	1
2003	13657	1
4724	4444	1
2198	10964	1
6845	9290	1
14827	4217	1
12820	6276	1
15620	5320	1
13014	4217	1
13048	3673	1
7236	13031	1
12274	15766	1
817	817	1
6450	8799	1
2007	3598	1
1481	1582	1
14062	8222	1
10701	10714	1
9277	6253	1
11846	15652	1
10390	8880	1
5673	13736	1
5072	2725	1
1338	1523	1
8247	8214	1
2894	3487	1
4708	4555	1
5299	15665	1
14876	6649	1
15745	4555	1
8204	2616	1
1295	2199	1
6649	14876	1
8341	4499	1
5773	7012	1
5297	460	1
15322	15322	1
366	14229	1
8651	7012	1
4901	5093	1
4277	92	1
14328	14816	1
15517	11909	1
8214	8247	1
6309	2900	1
1188	2900	1
13317	9714	1
294	5628	1
15800	5825	1
3433	2863	1
4758	8533	1
15611	12217	1
4053	2194	1
2483	5382	1
10502	10167	1
6786	15619	1
5977	9541	1
15801	15801	1
6518	6549	1
8932	10687	1
9876	9389	1
5783	10167	1
3921	1517	1
14546	14546	1
4170	2194	1
13149	425	1
10054	4020	1
8820	6193	1
569	319	1
7922	4020	1
4020	10054	1
4341	1599	1
12892	10896	1
13088	6003	1
15802	14107	1
12699	6003	1
5904	4135	1
243	1397	1
9041	3248	1
11660	11660	1
12217	15611	1
13925	13927	1
490	9872	1
10343	15666	1
14565	15611	1
2722	1599	1
3908	3907	1
8243	5650	1
12372	12010	1
12630	12601	1
1397	243	1
15664	2172	1
10372	15801	1
6481	5622	1
10167	10502	1
6133	705	1
1853	7372	1
10174	13421	1
6485	6845	1
10968	6845	1
1997	15527	1
2742	12342	1
13289	12773	1
7810	12342	1
15691	15664	1
10370	12631	1
14062	3315	1
737	1081	1
13743	15559	1
15801	10372	1
5365	7969	1
9872	490	1
4047	8967	1
13059	6439	1
8799	6450	1
7163	11683	1
6447	4362	1
461	10855	1
15745	2480	1
9658	4253	1
4208	1970	1
6845	10968	1
1051	11618	1
12773	13289	1
4020	7922	1
14907	14907	1
6003	12699	1
6325	11618	1
677	3674	1
10741	6128	1
4965	3674	1
5251	847	1
15741	14415	1
9488	7671	1
2011	13220	1
4511	13	1
10730	4873	1
14546	12403	1
1476	7476	1
15803	15804	1
8585	13220	1
5813	3568	1
13097	15309	1
3462	13220	1
7108	3545	1
14277	14699	1
15735	13840	1
15805	14356	1
11650	13220	1
15099	15220	1
2948	6845	1
2725	5072	1
1055	4171	1
8988	5344	1
15395	12403	1
10186	1122	1
8330	3817	1
3563	11051	1
944	3567	1
12732	13737	1
5481	3043	1
5506	11382	1
15148	7223	1
7323	6146	1
15038	6146	1
2091	2529	1
21	788	1
15782	6562	1
3461	1956	1
8810	6562	1
6104	6241	1
5825	15800	1
15806	6557	1
12975	2004	1
3605	8614	1
12830	3251	1
1439	6070	1
677	6120	1
12239	12097	1
3617	9273	1
1723	2520	1
15148	15745	1
15807	5256	1
12009	11472	1
9138	6788	1
8610	8610	1
14716	5188	1
4171	1055	1
13737	12732	1
3820	15745	1
10368	13308	1
7334	8425	1
13581	14531	1
6120	677	1
14969	11630	1
1674	15745	1
15319	1060	1
960	82	1
14375	82	1
92	4277	1
6783	4133	1
5570	6264	1
11630	14969	1
3467	651	1
12336	15703	1
15703	12336	1
2480	15745	1
10736	10250	1
3568	2914	1
8820	7952	1
15664	15691	1
1556	10435	1
13590	6419	1
11123	2300	1
5375	6419	1
5735	15183	1
15808	15808	1
6030	8160	1
8036	14699	1
1781	4199	1
4727	8160	1
4882	4277	1
8498	9018	1
8836	8886	1
11564	6419	1
10730	2465	1
95	15686	1
15198	15103	1
15664	5033	1
14531	13581	1
9200	6419	1
3718	3718	1
1395	1396	1
8903	10814	1
10206	9	1
15809	15809	1
5047	2284	1
2046	9318	1
1406	1294	1
6562	15782	1
1072	2019	1
15099	15099	1
5406	5407	1
13573	10986	1
10347	5509	1
8545	10986	1
9432	1797	1
12351	5531	1
11642	3169	1
4613	14263	1
8924	8925	1
5039	1854	1
14062	6414	1
10930	12960	1
3166	4135	1
12960	10930	1
564	4680	1
2506	1341	1
13248	6265	1
4217	13014	1
6241	6104	1
9410	12960	1
10003	12336	1
10547	10215	1
11779	13580	1
5799	6033	1
1727	4725	1
3014	3015	1
593	631	1
1055	4725	1
9706	1365	1
2907	3560	1
1060	15319	1
2148	12347	1
1620	5414	1
10139	14239	1
6774	12347	1
10108	6287	1
11472	12009	1
6419	9200	1
1341	2506	1
13734	5642	1
4977	15745	1
328	3826	1
15810	3171	1
14565	12217	1
12010	12372	1
5318	3826	1
1081	737	1
10964	7082	1
7810	14678	1
13473	5849	1
15449	12630	1
6788	9138	1
11851	3786	1
3171	15810	1
3297	14503	1
15811	11160	1
15812	15813	1
6994	9880	1
4369	12582	1
14663	12100	1
7031	7741	1
6811	7056	1
6301	11935	1
12728	3851	1
11051	3563	1
11487	11160	1
5093	4901	1
10033	10174	1
10252	9554	1
12040	11236	1
12336	7051	1
13538	11540	1
8412	12170	1
14431	13732	1
7051	12336	1
12086	8082	1
15554	13973	1
14876	9546	1
15046	15046	1
3669	7933	1
5156	7626	1
13308	2199	1
9546	14876	1
10832	8441	1
6127	12899	1
10836	3660	1
14714	12899	1
4369	1756	1
5592	3810	1
10363	10542	1
14876	4741	1
8092	9669	1
3159	6574	1
10230	10230	1
11018	5087	1
5437	5340	1
3308	13778	1
13220	10108	1
13248	12902	1
7211	5524	1
4741	14876	1
11346	9733	1
5234	5353	1
2051	13009	1
1776	3432	1
7761	8043	1
13903	1063	1
9657	14377	1
15645	380	1
5414	1620	1
194	8803	1
5365	5888	1
3817	8330	1
295	107	1
3660	10836	1
5280	9389	1
4777	896	1
1620	7172	1
195	99	1
12709	6900	1
14886	8222	1
5407	8618	1
3753	9546	1
7033	3753	1
9546	3753	1
7172	1620	1
5438	14836	1
7602	15745	1
4675	1987	1
15745	7602	1
6900	12709	1
13100	5120	1
14132	7945	1
6771	9117	1
12751	10916	1
5904	5374	1
3826	5318	1
5259	9365	1
5120	13100	1
6146	7715	1
9690	5818	1
7622	9276	1
3043	4930	1
5353	5234	1
6086	12342	1
7602	3258	1
5765	3361	1
12347	6774	1
9351	3361	1
6197	7272	1
194	2082	1
7056	6811	1
15794	15793	1
13900	9477	1
10852	3079	1
6811	14025	1
5753	5924	1
5110	5818	1
6609	8799	1
6034	5924	1
12086	5132	1
13429	3606	1
4801	7922	1
6128	10741	1
15814	3186	1
3258	7602	1
15637	8162	1
4556	3943	1
10971	10970	1
10215	10547	1
15766	12565	1
7731	7179	1
4747	7409	1
14837	10715	1
5000	15411	1
12086	5009	1
4600	4181	1
12494	6282	1
14876	5333	1
15411	5000	1
5634	7885	1
4446	6264	1
6213	8933	1
15815	12173	1
8886	13573	1
6070	1439	1
7012	8651	1
14612	8492	1
11403	10161	1
5818	9690	1
2	3306	1
3849	6361	1
4106	8260	1
75	7235	1
7569	4865	1
6134	1813	1
12086	12086	1
14914	8005	1
14315	14844	1
6419	13590	1
15663	10865	1
3943	4556	1
271	2776	1
3187	11347	1
6899	2776	1
14868	12917	1
2185	3851	1
9880	6994	1
4447	8365	1
13031	8195	1
9325	13663	1
7810	4346	1
15745	15618	1
1418	10742	1
12565	15766	1
5142	4930	1
12097	8781	1
3824	2454	1
13546	13432	1
12086	14131	1
3438	10226	1
8441	10832	1
7624	7127	1
9027	10226	1
930	3214	1
14041	13381	1
7602	6444	1
1956	3461	1
6647	15535	1
14929	15691	1
6048	6938	1
2398	5750	1
3251	12830	1
15810	8247	1
7997	5357	1
6938	6048	1
12086	8591	1
8247	15810	1
7801	8247	1
4626	3851	1
9400	7786	1
5750	2398	1
6475	5546	1
15745	4977	1
13248	15159	1
8803	194	1
9492	13368	1
6980	332	1
5541	12342	1
2082	194	1
14678	7810	1
10276	5482	1
5227	9302	1
10654	5357	1
8460	13932	1
4346	7810	1
13117	15338	1
13663	9325	1
5762	13006	1
11044	7074	1
7056	15079	1
11998	10465	1
7969	5888	1
10368	13006	1
1034	3704	1
10390	7361	1
2957	6102	1
10810	8139	1
12899	7597	1
1781	1891	1
13248	11905	1
4251	3944	1
9669	4385	1
7082	10964	1
5442	8711	1
13503	12308	1
7597	12899	1
5482	10276	1
11347	3187	1
6197	6769	1
2897	3704	1
15244	15244	1
1247	7838	1
9297	8678	1
4747	10351	1
690	3704	1
12174	10754	1
14062	5857	1
15693	6556	1
15773	6435	1
5642	13734	1
13710	6897	1
14836	5438	1
4020	6897	1
12086	13229	1
2652	3704	1
11466	11439	1
2715	4087	1
15816	12064	1
11817	11406	1
14691	14691	1
10730	3391	1
1740	3704	1
6856	6193	1
4613	6513	1
4087	2715	1
4039	3704	1
4975	7849	1
5005	3849	1
5743	2172	1
7225	11170	1
13973	15554	1
12787	3849	1
439	2715	1
1761	3666	1
13088	447	1
2787	4230	1
15079	7056	1
15817	5426	1
7461	12945	1
2172	13423	1
12300	15153	1
2608	15754	1
10167	5783	1
8711	5442	1
8333	8676	1
6513	4613	1
12173	15815	1
1106	5983	1
168	15642	1
6284	14075	1
13491	13491	1
12086	6135	1
12086	5230	1
13756	3851	1
14345	3865	1
4385	9669	1
5357	10654	1
10663	2941	1
9270	7358	1
14597	9141	1
1361	9270	1
2941	10663	1
1096	6670	1
12086	10677	1
9141	14597	1
107	295	1
9009	8219	1
3709	4332	1
9400	3985	1
2454	3824	1
6350	7860	1
10755	3985	1
9777	15539	1
6897	4020	1
3761	15818	1
4647	9894	1
10390	13872	1
1402	6670	1
6262	5150	1
10938	7407	1
10067	15749	1
2420	1009	1
5546	10158	1
3855	3366	1
3137	11479	1
12086	11608	1
4300	12082	1
15407	4087	1
12086	7884	1
15422	10158	1
6945	4378	1
10654	8948	1
1361	2218	1
7020	10179	1
3826	328	1
10623	8803	1
8492	14612	1
12806	6836	1
15819	15819	1
7922	4801	1
1876	6716	1
2909	3212	1
1227	1934	1
4062	5411	1
7407	5678	1
8160	6030	1
6071	207	1
8162	15637	1
12340	1897	1
5678	7407	1
8005	14914	1
3383	2234	1
2958	11910	1
5525	5525	1
207	6071	1
15442	15820	1
3568	1163	1
4369	9491	1
13900	7407	1
2178	4496	1
11237	5525	1
7739	7407	1
6066	9713	1
6861	13	1
9690	14198	1
1617	1392	1
7902	3542	1
6303	4496	1
6894	13421	1
2894	186	1
11439	11466	1
6454	4769	1
8630	8631	1
3709	3853	1
12348	1163	1
14198	9690	1
11377	14803	1
5659	14593	1
8026	7143	1
13744	1163	1
1633	4395	1
5546	11406	1
15798	7466	1
11043	2127	1
5514	5066	1
5870	5735	1
8756	8498	1
7074	11044	1
8499	8498	1
6649	6721	1
9706	2193	1
4032	6052	1
3234	4725	1
9117	6771	1
7824	12342	1
6713	159	1
15023	1910	1
2193	9706	1
12997	5590	1
12664	12650	1
14969	4260	1
14263	4555	1
5426	15817	1
4318	2785	1
9245	1441	1
15079	14025	1
5689	6492	1
1392	1617	1
2646	7857	1
461	3917	1
6700	8126	1
10435	1556	1
7188	14886	1
5333	14876	1
1163	2914	1
8401	8974	1
9330	6513	1
6704	1094	1
2970	3917	1
15652	11846	1
9237	3401	1
8938	8974	1
1843	9620	1
2572	3401	1
