14597	15988	1
13553	9644	1
7340	1723	1
5715	4561	1
5256	8548	1
1723	7340	1
7367	6564	1
13574	14825	1
1619	5266	1
6649	6721	1
11487	5008	1
11943	14779	1
5735	15183	1
932	1757	1
6066	11201	1
5699	10432	1
180	264	1
2913	2914	1
12202	10285	1
3629	3358	1
8998	10285	1
4312	4485	1
13962	2483	1
5921	4485	1
1358	15067	1
6713	6562	1
10620	7361	1
13368	9492	1
13573	15471	1
8026	7501	1
15349	15349	1
15183	5735	1
3245	5582	1
5893	4579	1
11483	11484	1
736	13923	1
5570	4726	1
850	1038	1
7501	8026	1
15468	6721	1
668	9917	1
14577	8820	1
6721	15468	1
1339	5671	1
14308	3276	1
7842	1207	1
15106	5564	1
8026	7143	1
8490	14898	1
13165	2255	1
387	386	1
10363	4092	1
2646	7857	1
10254	4092	1
13480	4092	1
5342	4198	1
4266	4092	1
8528	13554	1
5008	11487	1
11831	6243	1
1255	4092	1
1595	4677	1
11826	4092	1
1681	4092	1
14510	15989	1
5699	8222	1
424	3602	1
5047	2284	1
4657	11909	1
4092	11826	1
13667	13668	1
5592	5897	1
5897	5592	1
13884	10649	1
9226	9862	1
625	12107	1
9600	10449	1
8820	14577	1
1358	424	1
13668	13667	1
9809	13516	1
11054	6312	1
4293	5581	1
9759	6883	1
6781	3069	1
11858	15990	1
3043	4578	1
3262	9498	1
15356	14277	1
5900	6332	1
4260	7965	1
5413	1388	1
15991	3915	1
5760	10615	1
2562	15772	1
1055	9374	1
4092	10363	1
4092	13423	1
1987	9371	1
15744	2645	1
6418	5773	1
13977	15581	1
7723	3480	1
6739	1373	1
850	95	1
1133	5890	1
5238	10844	1
12861	5613	1
4293	5562	1
6649	15038	1
6146	15038	1
9374	11223	1
4293	2390	1
14229	366	1
11113	14742	1
13689	8039	1
4293	12870	1
1987	3315	1
4293	1660	1
4869	1844	1
4490	754	1
4996	6265	1
850	540	1
1388	5413	1
1756	631	1
10403	7521	1
3451	5928	1
6671	754	1
3867	207	1
2588	14580	1
5546	6475	1
5900	5876	1
15038	6649	1
5893	2873	1
6132	2420	1
6721	6649	1
6811	14025	1
4390	4525	1
4516	5643	1
1571	8790	1
15438	7491	1
4370	5354	1
9936	13493	1
6936	15992	1
6619	1452	1
15993	15993	1
6132	13705	1
15994	4426	1
1699	6712	1
12498	7967	1
4949	12650	1
13436	13927	1
15995	1685	1
1372	9270	1
1840	9133	1
7386	8736	1
9300	6637	1
8260	10611	1
4444	6637	1
2632	10380	1
5699	14855	1
1517	3921	1
15996	14215	1
9133	1840	1
890	15997	1
9248	7624	1
12832	9248	1
366	14229	1
7521	11344	1
7521	10403	1
7624	9248	1
9392	294	1
8460	8208	1
3849	5859	1
8442	11497	1
12236	11147	1
4188	5755	1
8700	8810	1
9581	12732	1
6205	9200	1
3970	5586	1
7393	12761	1
5859	3849	1
4578	10933	1
5699	5862	1
4217	4765	1
13470	4765	1
8051	4320	1
4727	5190	1
5723	4006	1
10611	8260	1
9136	410	1
5693	6211	1
4135	5190	1
10464	5190	1
490	1565	1
11060	8854	1
14638	8065	1
15852	9223	1
15079	14025	1
9397	6037	1
8810	8700	1
6646	6211	1
6132	9268	1
8824	6448	1
5650	8243	1
6343	15624	1
15561	7776	1
472	473	1
12732	9581	1
8854	11060	1
1181	5006	1
3849	4666	1
15998	6153	1
15999	12848	1
2941	3912	1
15110	7020	1
2958	3692	1
850	1504	1
7370	15453	1
3312	1905	1
689	1194	1
10158	10158	1
7020	15110	1
2573	2571	1
14531	13581	1
9610	15436	1
1987	2379	1
13998	13998	1
4112	14540	1
1245	2371	1
15624	6343	1
12372	10798	1
2936	4992	1
3692	2958	1
6132	3541	1
10060	5430	1
8208	8460	1
8634	3885	1
12021	10243	1
10759	2096	1
5893	6650	1
5893	3450	1
6314	7223	1
2632	2631	1
9517	3673	1
5613	8451	1
4293	7336	1
12861	8451	1
15900	15901	1
16000	444	1
6364	5520	1
8867	8451	1
4293	10687	1
5893	5411	1
15547	8451	1
13048	3673	1
3822	3824	1
5164	814	1
5497	15928	1
12061	15624	1
6739	5757	1
16001	2901	1
7104	11555	1
7491	15438	1
8499	9018	1
5164	11555	1
16002	10982	1
1756	13007	1
15034	12353	1
11437	7705	1
9270	1372	1
6265	4996	1
7202	1372	1
7050	906	1
4298	1249	1
4727	4605	1
1372	7202	1
13007	3862	1
4727	1568	1
5893	14136	1
2096	10759	1
8046	6580	1
5411	8404	1
15471	13573	1
7136	9815	1
906	7050	1
2610	2901	1
6845	4956	1
8647	8404	1
8688	13032	1
850	5101	1
12779	5366	1
11852	9541	1
3315	1987	1
12848	15999	1
1908	11160	1
95	4258	1
8451	5613	1
4956	6845	1
6037	9397	1
3862	13007	1
6485	6845	1
15038	6146	1
8404	5411	1
3670	3669	1
5711	3669	1
4727	9031	1
123	15789	1
14144	7341	1
7933	3669	1
12371	4696	1
7908	13531	1
1105	14525	1
4293	7311	1
4298	1935	1
6637	9300	1
5900	1316	1
10065	10065	1
218	5874	1
1194	689	1
8080	1361	1
3497	2190	1
5107	7025	1
551	6093	1
16003	8460	1
6364	6845	1
3669	15946	1
6925	7012	1
6727	6040	1
15946	3669	1
1031	3103	1
11857	1361	1
3669	3670	1
4084	2017	1
4220	4221	1
16004	6549	1
7868	12544	1
16005	16005	1
1997	16006	1
8127	4221	1
6241	3602	1
2832	2843	1
13088	3992	1
4578	3043	1
5248	4036	1
8899	4741	1
15155	6790	1
3506	5333	1
6845	6364	1
14742	11113	1
15038	6721	1
13323	13323	1
2501	12142	1
13513	14321	1
9924	4318	1
14321	13513	1
3722	2712	1
16007	16007	1
3178	5753	1
10886	8724	1
5893	4883	1
14153	1307	1
7341	14144	1
8222	10570	1
14031	10478	1
2722	13923	1
8724	10886	1
5699	7308	1
15214	15215	1
5893	5047	1
3796	1999	1
4657	4885	1
1517	1740	1
1360	7358	1
11054	2583	1
1935	8783	1
4996	5895	1
5546	7308	1
5845	7308	1
140	3481	1
8790	1571	1
3982	1891	1
12182	7308	1
3110	7810	1
3915	15991	1
1517	2488	1
15772	9713	1
3739	8296	1
3315	3545	1
5327	524	1
5047	5893	1
4666	3849	1
6888	12899	1
12861	5906	1
15076	14844	1
10570	8222	1
2483	13962	1
13019	8788	1
1999	3796	1
15789	123	1
14550	7114	1
5613	12861	1
16008	16008	1
8451	12861	1
15444	8216	1
10449	9600	1
13019	3467	1
5327	1503	1
10609	11186	1
2183	7102	1
850	3412	1
8799	6450	1
4139	9680	1
9080	3527	1
10824	9039	1
1902	469	1
8026	8030	1
12257	14534	1
12956	13778	1
5333	3506	1
13037	1648	1
2613	1371	1
8026	6479	1
13581	14531	1
3110	5301	1
6450	8799	1
7688	7672	1
1532	16009	1
6153	15998	1
2843	2832	1
12275	12672	1
791	3615	1
3615	3615	1
13761	3467	1
8162	5300	1
12457	9575	1
4293	8977	1
2017	4084	1
10412	9375	1
14540	4112	1
1737	6742	1
319	569	1
7502	4788	1
850	573	1
14779	11943	1
12862	12867	1
3545	3315	1
8610	14095	1
4580	9550	1
3333	14263	1
1987	2727	1
1571	974	1
5381	10387	1
5564	15106	1
4613	14263	1
1031	1030	1
10827	10826	1
2091	2529	1
3523	5862	1
12420	13032	1
3979	1891	1
13580	11779	1
5357	6689	1
426	1289	1
5300	8162	1
12867	4953	1
5893	3068	1
4524	14082	1
14224	207	1
4953	12867	1
7082	2198	1
5190	4135	1
850	1108	1
12300	15153	1
964	5827	1
4298	2260	1
4774	15835	1
7517	9816	1
5699	2086	1
637	638	1
1565	490	1
3606	3263	1
7386	1742	1
10900	1647	1
5699	7602	1
2941	334	1
12383	8935	1
6689	5243	1
4293	8616	1
16010	16010	1
424	1358	1
3497	1891	1
4335	13868	1
414	11789	1
10285	6906	1
16011	16011	1
3867	3868	1
14197	3545	1
4996	1468	1
6160	1624	1
5282	5217	1
2786	4945	1
6739	4345	1
14565	12217	1
15611	12217	1
8026	8092	1
9575	12457	1
4828	5185	1
11650	14944	1
15106	6112	1
10033	10174	1
4092	10254	1
5742	4976	1
5752	15840	1
14944	11650	1
1512	21	1
1781	1782	1
10932	10933	1
13165	524	1
1837	4171	1
1782	1781	1
11781	15094	1
13868	4335	1
6446	15228	1
10389	9251	1
5893	7484	1
6485	7484	1
6742	1737	1
13019	3420	1
850	319	1
1517	696	1
5468	800	1
13978	9233	1
8204	1064	1
15716	3171	1
814	5164	1
6132	3240	1
11555	5164	1
15624	12061	1
16012	16012	1
4647	10459	1
1064	8204	1
10459	4647	1
5581	5049	1
14297	65	1
14725	3822	1
11258	7318	1
1987	7318	1
9374	1055	1
5312	16013	1
7318	1987	1
16014	15879	1
6712	1699	1
12672	12275	1
15257	10617	1
4258	95	1
12970	7986	1
2519	2518	1
4727	9138	1
7025	5107	1
5699	5782	1
10285	12202	1
5699	4206	1
5905	2127	1
6651	1273	1
13761	9408	1
16015	16015	1
8014	6036	1
8335	1268	1
4727	4692	1
15724	7963	1
378	14719	1
14807	14869	1
5533	304	1
5893	5797	1
7276	14869	1
6210	5107	1
1774	3855	1
5307	5107	1
3545	7108	1
4996	7136	1
11313	2914	1
13157	14108	1
2749	14654	1
9815	7136	1
2076	5580	1
14843	6859	1
14522	10617	1
368	3432	1
9233	13978	1
16016	1017	1
4084	6316	1
1497	3706	1
3017	2611	1
8763	12134	1
7537	10179	1
7318	11258	1
5243	6689	1
692	10177	1
4346	7810	1
4949	13691	1
8460	16003	1
15977	15977	1
12867	12862	1
6316	4084	1
8695	15491	1
444	16000	1
1188	1188	1
1371	2613	1
11630	15188	1
5278	7273	1
8447	6692	1
10177	692	1
15986	15987	1
12579	635	1
8049	10347	1
2234	3383	1
1126	3383	1
4996	710	1
4343	3105	1
5	11201	1
5922	11201	1
5699	3258	1
1985	3383	1
5893	10208	1
9735	3079	1
11779	13580	1
9018	10374	1
1517	3704	1
10922	3105	1
1674	15745	1
2488	3383	1
9226	9767	1
6127	885	1
14411	13737	1
1718	885	1
370	3383	1
5699	9511	1
14546	15911	1
1832	46	1
9769	4692	1
8498	10374	1
10798	12372	1
16017	13962	1
1796	46	1
13007	1756	1
14201	12535	1
12254	9375	1
16018	7986	1
10982	16002	1
12344	5789	1
1517	2141	1
5893	6343	1
14197	3315	1
10357	14609	1
1661	2353	1
8619	10738	1
4293	7213	1
6906	10285	1
14654	2749	1
5519	9371	1
6628	9320	1
1323	6155	1
2632	15047	1
385	8722	1
9644	14573	1
13851	1987	1
13089	8496	1
13213	7517	1
1987	13851	1
1030	1031	1
6132	6056	1
5893	3020	1
15911	14546	1
642	13772	1
4092	4266	1
3077	5463	1
1987	6513	1
850	6677	1
7398	1608	1
6513	1987	1
4293	12092	1
5408	4806	1
14816	8420	1
3330	3330	1
5783	5939	1
15687	4950	1
14088	13479	1
6739	1295	1
5468	164	1
4727	4832	1
2924	4806	1
1586	4806	1
6112	7276	1
2832	3278	1
9934	6060	1
16	1254	1
6034	9104	1
11117	4806	1
2089	2090	1
850	628	1
1506	5745	1
16019	16019	1
5699	4905	1
4260	4474	1
8732	8732	1
4869	1506	1
9550	4580	1
15851	6564	1
5745	1506	1
10654	5357	1
9541	6836	1
8587	11943	1
14263	3333	1
7179	9378	1
3079	10852	1
6070	5355	1
5699	11981	1
8191	8950	1
8692	7912	1
164	5468	1
5537	13710	1
5382	2483	1
800	5468	1
1523	1338	1
4992	2936	1
6352	8043	1
13710	5537	1
15745	7235	1
4020	13710	1
13978	9089	1
10015	5885	1
3651	3190	1
10379	10968	1
6897	13710	1
1517	1096	1
7334	15106	1
11797	10935	1
9228	12572	1
15925	1662	1
12953	12271	1
2518	2519	1
1289	426	1
2154	6084	1
3405	8031	1
3465	4731	1
14198	9690	1
3965	5353	1
14869	14807	1
10810	8139	1
11943	8587	1
5625	2422	1
13710	6897	1
6060	9934	1
12664	12650	1
16020	16021	1
5845	7331	1
7235	2914	1
7331	5845	1
7622	10351	1
15548	3581	1
3263	3606	1
8587	11967	1
4319	6490	1
2399	5750	1
10390	6113	1
1269	3070	1
3171	15716	1
488	2749	1
4962	6892	1
8950	8191	1
12217	15611	1
13978	4868	1
4946	11565	1
5699	2912	1
14263	4613	1
12383	2347	1
8139	10810	1
10738	8619	1
15591	16022	1
12806	6836	1
12709	13305	1
15438	271	1
14530	2423	1
8507	6197	1
7673	2569	1
8420	14816	1
7804	9300	1
5300	4898	1
16023	16024	1
16025	15153	1
6513	4589	1
13018	663	1
1884	6346	1
4589	6513	1
5301	9233	1
5357	7997	1
8051	4418	1
15886	7423	1
6363	6346	1
6012	14605	1
15745	1674	1
5463	3077	1
9069	10475	1
7108	3545	1
6919	5003	1
5357	5330	1
1797	3779	1
15483	15483	1
7810	4346	1
32	31	1
4293	9762	1
7997	5357	1
3665	3154	1
5750	2399	1
15454	15454	1
5330	5357	1
3753	4741	1
2852	4074	1
10982	10783	1
3190	1584	1
1662	15925	1
8080	3387	1
3110	5092	1
10475	9069	1
6810	6190	1
336	62	1
428	1175	1
2502	2473	1
1756	5092	1
5823	7764	1
5378	1921	1
14215	26	1
10368	13840	1
3523	3333	1
5377	8049	1
13840	10368	1
3706	1497	1
3113	15300	1
4727	9159	1
3110	3234	1
10351	7622	1
569	319	1
3286	7286	1
4293	6849	1
9263	6552	1
13695	5202	1
5699	2543	1
8876	4589	1
10459	5888	1
4418	8051	1
6935	5125	1
10304	7267	1
6084	2154	1
4485	4312	1
2691	13069	1
4677	1595	1
2151	5402	1
800	5076	1
7487	2169	1
4692	9769	1
2433	2588	1
10792	3250	1
346	3250	1
15228	6446	1
2804	4640	1
2736	2737	1
7967	13343	1
5893	4603	1
5358	5402	1
16026	16026	1
15975	15975	1
6257	2863	1
9104	6034	1
9876	7983	1
5944	13626	1
4741	3753	1
3818	2634	1
2399	3931	1
6789	11565	1
11405	11565	1
9411	12691	1
11565	4946	1
12456	7831	1
6132	8044	1
9208	11113	1
13479	14088	1
7053	6985	1
5125	6935	1
835	908	1
8935	6380	1
7714	7753	1
5699	4422	1
7012	6925	1
16027	16027	1
4355	2383	1
5636	10620	1
7484	6485	1
1469	3723	1
5231	4070	1
15624	6485	1
2422	5625	1
1243	1144	1
6113	10008	1
12928	6135	1
6314	15067	1
3258	3949	1
13032	12420	1
2569	7673	1
16024	16023	1
6985	7053	1
5548	800	1
3190	3651	1
12741	9731	1
15925	12483	1
6485	15624	1
2588	2433	1
6264	6023	1
6023	6264	1
10639	9773	1
9233	5301	1
12945	7461	1
15624	2284	1
4467	6376	1
5893	2284	1
6237	12819	1
1930	1791	1
10549	12777	1
