13503	12308	1
14503	7042	1
13311	9409	1
4408	1058	1
6119	2364	1
15821	15822	1
15823	15824	1
6849	10826	1
8219	9009	1
5994	4051	1
12572	13961	1
9539	2245	1
10357	14609	1
425	370	1
8810	8700	1
8998	314	1
2636	6161	1
7462	7461	1
3792	5784	1
9276	7622	1
9270	9272	1
6297	8017	1
3985	9400	1
1247	2914	1
314	8998	1
15825	15825	1
5859	15452	1
5378	1921	1
4193	4937	1
4135	3166	1
14182	14095	1
4937	4193	1
4842	8975	1
3161	2673	1
4842	15013	1
7476	1476	1
2675	13923	1
14229	14229	1
5979	905	1
8330	3817	1
8705	10183	1
5076	800	1
8803	10623	1
1541	4399	1
2722	13923	1
13766	13923	1
13614	10742	1
490	9872	1
905	5979	1
10437	920	1
11983	8763	1
366	320	1
2301	1858	1
6458	920	1
3465	5203	1
6134	6709	1
8948	10654	1
5590	12997	1
9620	1843	1
5561	3820	1
14803	11377	1
15666	10343	1
9924	1910	1
13990	13990	1
7469	9239	1
13778	3308	1
920	10437	1
14805	15780	1
6163	19	1
10139	14239	1
10623	8506	1
10183	8705	1
4657	12196	1
7279	7278	1
13429	10049	1
15586	13884	1
11164	12413	1
9966	9763	1
1063	13903	1
3917	2970	1
6492	5689	1
8460	13599	1
15826	15826	1
7233	3235	1
2364	6119	1
5693	5240	1
15309	13097	1
4630	4629	1
4601	13527	1
6197	15827	1
15716	5690	1
1247	7780	1
9276	10351	1
9936	14672	1
11466	11439	1
8711	2085	1
13381	14041	1
5357	7715	1
6689	7715	1
3808	2616	1
15555	6248	1
15745	4555	1
1058	4408	1
14810	7913	1
15148	4555	1
5066	5514	1
15810	7336	1
7344	4048	1
250	261	1
2385	10902	1
5812	1455	1
19	6163	1
10314	7181	1
15828	11497	1
6619	1731	1
11497	15828	1
13734	14522	1
14522	14522	1
15745	1674	1
15079	6811	1
9763	9966	1
10351	9276	1
6704	1676	1
7622	9276	1
6146	15038	1
2301	2555	1
8054	4204	1
4019	15829	1
6562	10685	1
5203	3465	1
2609	2611	1
8799	6609	1
15830	15830	1
4204	8054	1
5741	638	1
3212	2909	1
3166	4135	1
5643	12133	1
14975	207	1
10916	12751	1
11631	12546	1
12565	12565	1
13037	2420	1
1523	1338	1
2301	1203	1
3680	11342	1
2234	3383	1
4126	1338	1
4629	4630	1
2301	1249	1
1338	1523	1
13019	3862	1
10620	6015	1
11342	3680	1
13097	15449	1
10968	6845	1
15831	13751	1
6549	6518	1
12630	15449	1
15832	15833	1
14123	15223	1
2091	2529	1
883	745	1
6562	15782	1
15449	11675	1
1924	13196	1
4002	7451	1
5765	974	1
800	5076	1
2506	14382	1
5514	5066	1
1841	12466	1
13877	14982	1
2127	11043	1
8855	14982	1
12196	4657	1
8551	8552	1
8800	8799	1
7128	8763	1
14944	11650	1
5561	874	1
6562	8810	1
7624	5075	1
10685	8810	1
6774	5134	1
4457	4119	1
13884	15586	1
12133	5643	1
14769	738	1
2322	2322	1
564	4119	1
788	5643	1
8700	8810	1
2776	328	1
1268	8335	1
874	620	1
3808	4522	1
942	8552	1
7235	4555	1
14382	2506	1
14982	8855	1
9863	4101	1
13006	10368	1
2301	1740	1
5142	12656	1
13196	610	1
3629	3358	1
15611	14565	1
15079	14025	1
6811	15079	1
8810	10685	1
14667	14970	1
15386	13694	1
11572	15008	1
5775	2907	1
6807	6808	1
1556	10435	1
8785	10609	1
3984	14315	1
1194	1194	1
5845	11758	1
15773	10784	1
11758	5845	1
9059	14844	1
2	10609	1
1338	4126	1
5134	6774	1
12347	2148	1
4511	13	1
1476	7476	1
5042	431	1
7866	14400	1
10623	6893	1
2385	7620	1
8654	5400	1
5642	6989	1
490	11702	1
9894	4647	1
71	1142	1
3532	2902	1
10667	5300	1
3849	5005	1
3971	3117	1
9292	5568	1
7375	2588	1
2120	4634	1
11560	3059	1
14382	14321	1
2769	11559	1
847	5251	1
10158	5546	1
3999	3834	1
15800	5825	1
12756	11948	1
14565	12217	1
1143	8443	1
2154	12217	1
15811	11160	1
15611	12217	1
6298	5577	1
15834	13597	1
7776	15561	1
4102	15314	1
1134	13538	1
14844	9059	1
5546	6475	1
11182	4418	1
11773	8738	1
11948	12756	1
7863	5782	1
7810	6108	1
11498	7930	1
323	4613	1
3666	1761	1
14531	13581	1
13599	5782	1
2301	2762	1
15835	15835	1
2900	6309	1
5765	2299	1
6704	2969	1
4390	4525	1
9292	7466	1
4525	4390	1
3843	1100	1
5662	9223	1
12174	10754	1
5849	13473	1
4777	896	1
14565	15611	1
9695	9807	1
385	5335	1
13473	5849	1
15836	896	1
4362	6447	1
3616	6460	1
2360	9730	1
6303	4496	1
11702	490	1
754	4490	1
14198	8985	1
8985	14198	1
9	10206	1
3170	12624	1
10539	10540	1
1742	2083	1
13037	1648	1
15835	2369	1
4574	3169	1
5054	4523	1
11467	11631	1
13524	2562	1
15810	8977	1
1361	3278	1
5592	3810	1
1853	7372	1
5789	12344	1
15449	13097	1
800	3514	1
9730	2360	1
12344	5789	1
7409	4747	1
6015	10620	1
6530	997	1
4193	4194	1
3361	9351	1
12170	8412	1
1055	1727	1
13884	10649	1
1727	1055	1
3068	1294	1
511	3381	1
3497	2190	1
15468	5402	1
13436	13927	1
7279	9213	1
9223	5662	1
4613	323	1
627	628	1
8043	5874	1
13187	13187	1
4651	715	1
14904	15223	1
9807	9695	1
15442	15442	1
15829	4019	1
6513	9330	1
9633	628	1
5320	7027	1
3549	2800	1
8369	3741	1
3870	3227	1
7521	11344	1
8512	12650	1
14152	14001	1
628	627	1
6197	12650	1
11010	4535	1
2301	6265	1
7027	5320	1
13350	14754	1
10542	10363	1
3913	14844	1
10736	10250	1
7466	15798	1
5402	15468	1
3878	15798	1
15115	13479	1
6294	15798	1
7804	5411	1
828	9375	1
15691	14929	1
5533	304	1
5017	5033	1
5411	7804	1
3493	9669	1
6343	5411	1
13097	15309	1
5867	3929	1
4034	9184	1
9669	3493	1
3849	12787	1
1232	4469	1
5411	6343	1
5928	3451	1
4194	4193	1
15837	15837	1
14165	12540	1
2802	4525	1
13679	1997	1
3176	1781	1
8934	10553	1
3451	5928	1
12336	8967	1
9150	9150	1
14315	3984	1
7279	5956	1
4287	10687	1
4368	3493	1
11342	11342	1
3753	7033	1
6063	6081	1
5251	847	1
8211	1135	1
8121	15139	1
4399	1541	1
6922	5861	1
15838	11402	1
8079	410	1
14970	14667	1
1693	222	1
5753	5924	1
5678	12565	1
10687	4287	1
4084	8618	1
14982	13877	1
5546	10158	1
6810	5894	1
12472	14088	1
6419	5375	1
82	14375	1
6518	6549	1
9470	15839	1
5897	5592	1
625	5062	1
14075	6284	1
9184	4034	1
15139	8121	1
4747	7409	1
4418	11182	1
4156	5625	1
5033	5017	1
13898	11301	1
10609	2	1
12929	15840	1
5402	7997	1
12217	14565	1
9693	12536	1
7430	1349	1
3056	878	1
7407	13900	1
10206	9	1
8810	8568	1
10368	13840	1
15436	7997	1
878	3056	1
8552	8551	1
5628	294	1
1134	13900	1
5357	7997	1
13479	15115	1
12272	12308	1
9070	9071	1
4101	9863	1
4809	4974	1
8544	13361	1
15841	15841	1
294	5628	1
7997	15436	1
5320	15620	1
13361	8544	1
8222	1897	1
3493	3819	1
1224	15842	1
645	3241	1
5066	9713	1
14197	7108	1
6197	9067	1
3315	7108	1
920	6458	1
8335	1268	1
2478	10266	1
5715	4983	1
11301	13898	1
13751	15831	1
13581	11779	1
15395	12403	1
7819	7853	1
4445	8492	1
7108	3315	1
4156	7052	1
1247	7052	1
10761	4645	1
512	7406	1
7624	7127	1
3154	3665	1
12572	12572	1
2970	3917	1
10964	2198	1
15843	14982	1
7082	2198	1
15810	4287	1
5318	3826	1
6788	9138	1
13124	2325	1
1934	1227	1
11043	2127	1
8160	6030	1
4205	8224	1
13356	7965	1
15844	15844	1
8247	7801	1
4726	5570	1
3241	645	1
8139	10810	1
7407	7739	1
15586	11391	1
13573	15471	1
13580	11779	1
12816	12100	1
8653	9687	1
12536	11518	1
207	15648	1
13671	321	1
8974	8938	1
905	4576	1
4950	8967	1
11044	13900	1
9138	6788	1
9302	5227	1
7831	8757	1
4983	5715	1
6197	12051	1
7625	11676	1
2325	2083	1
15836	5562	1
11715	9418	1
8757	7831	1
7449	8700	1
2247	4898	1
7969	5365	1
5485	3561	1
5570	4726	1
9418	11715	1
2301	3384	1
2646	2496	1
4747	5782	1
10266	2478	1
1247	15845	1
5753	314	1
10623	8803	1
11779	13580	1
7761	15397	1
11935	6301	1
853	2172	1
7340	12965	1
13505	478	1
7780	7337	1
5861	6922	1
7963	1449	1
13393	13393	1
7215	11194	1
7838	3399	1
4983	4763	1
10461	11730	1
3315	13851	1
5400	8654	1
12228	14300	1
3709	3853	1
14300	12228	1
15634	6182	1
15773	15641	1
4156	2423	1
3399	7838	1
11853	7601	1
5700	5640	1
1674	15745	1
3383	2234	1
15641	15773	1
14184	14184	1
15257	5952	1
7407	10938	1
3569	15257	1
3862	13019	1
11776	9414	1
15846	14053	1
11676	7625	1
12536	9693	1
6476	13880	1
5922	27	1
13851	3315	1
745	883	1
7108	14197	1
3919	14573	1
11194	7624	1
4156	7109	1
14165	13900	1
252	6022	1
13405	1967	1
8017	6297	1
7624	11194	1
14814	10266	1
15727	12626	1
2219	3054	1
869	3054	1
15223	14123	1
1247	6372	1
9128	7481	1
441	15847	1
4235	3948	1
6811	14025	1
14982	15843	1
6843	10488	1
10459	7688	1
9477	9799	1
9009	8219	1
2924	4806	1
4499	8341	1
3709	7481	1
3027	3028	1
6301	11935	1
5952	15257	1
15842	1224	1
8903	6934	1
5577	6298	1
15638	15848	1
505	153	1
4156	6977	1
328	2776	1
9365	5259	1
8496	15619	1
5735	14144	1
13432	13546	1
1100	3843	1
14041	13381	1
10488	6843	1
9777	15539	1
10353	6934	1
6197	7143	1
1560	1147	1
10266	14814	1
5122	4946	1
2301	10200	1
1229	3723	1
9414	11776	1
19	28	1
7367	3561	1
380	3054	1
6556	1175	1
13574	15226	1
99	195	1
6414	5782	1
3877	4560	1
14263	5782	1
1247	4690	1
7279	3673	1
6284	14075	1
12664	12650	1
14388	14388	1
12545	15223	1
4437	4946	1
4293	2699	1
14478	7622	1
1508	5818	1
4156	2379	1
2301	2141	1
1247	2379	1
4156	5857	1
14144	5735	1
12400	4939	1
1584	11797	1
314	5753	1
4626	3851	1
2699	4293	1
5234	5353	1
13014	4217	1
15847	441	1
4763	4561	1
10810	8139	1
1163	3568	1
15815	12173	1
7466	9292	1
13089	8496	1
1247	5043	1
15849	11919	1
75	4663	1
5353	5234	1
3568	3568	1
12259	7366	1
3774	10865	1
1325	2694	1
10351	7622	1
8364	14916	1
1054	2211	1
11618	6325	1
5353	6059	1
15850	15850	1
6319	14069	1
12540	11660	1
10224	10374	1
12970	7986	1
15471	13573	1
5107	5307	1
15397	7761	1
2282	3181	1
6370	6370	1
13165	1062	1
9325	13775	1
14001	14152	1
13407	8280	1
15751	13573	1
14810	12661	1
15223	14904	1
8938	8974	1
12787	6361	1
1449	7963	1
5546	11406	1
11817	11406	1
6065	252	1
15642	168	1
10145	9410	1
11724	4207	1
12369	4207	1
541	1365	1
1247	14131	1
5259	9365	1
13900	13492	1
1504	6577	1
3186	9365	1
12961	10174	1
8260	4106	1
355	4408	1
14914	8005	1
3849	6361	1
6697	8695	1
4597	3826	1
11797	1584	1
3950	4409	1
8335	15761	1
8031	3079	1
4409	3950	1
13492	13900	1
5711	5715	1
3079	3333	1
953	7267	1
4156	5482	1
3333	3079	1
70	1576	1
261	250	1
6811	7056	1
15716	3171	1
14088	12472	1
6832	7109	1
2883	3527	1
1188	11645	1
133	7109	1
12672	7109	1
5821	5820	1
15851	6564	1
11618	2751	1
2193	2349	1
6721	6649	1
6197	11016	1
5227	4270	1
5138	12202	1
4156	8195	1
11943	14069	1
12297	9835	1
15223	12545	1
6474	11783	1
3433	2863	1
1897	8222	1
7902	3542	1
13573	15751	1
8222	5782	1
12565	5678	1
7201	625	1
8498	8756	1
3054	380	1
5678	5845	1
3171	15716	1
15589	15668	1
10174	13421	1
11194	7215	1
7407	5678	1
5845	5678	1
8700	7449	1
7622	10351	1
14197	3315	1
14180	10247	1
10343	15666	1
5890	4857	1
14263	4555	1
15852	15852	1
13421	10174	1
3186	5090	1
5442	14754	1
2699	4287	1
3826	4597	1
8630	8631	1
11025	14731	1
1247	5191	1
8950	14467	1
1817	8224	1
13688	12533	1
4523	5054	1
4900	4888	1
1884	8412	1
8443	1143	1
4804	4803	1
5180	5100	1
7074	11758	1
4084	5100	1
7731	7179	1
3808	3502	1
14054	15853	1
14713	4251	1
4948	5514	1
4810	5314	1
5715	4561	1
4156	10506	1
789	15847	1
7614	12533	1
7179	7731	1
4398	2113	1
9292	5499	1
2579	2093	1
9799	9477	1
4888	4900	1
9690	12533	1
14198	12533	1
2321	1983	1
10030	11043	1
10701	10701	1
2172	853	1
7558	14042	1
6086	8724	1
1361	1360	1
4595	4596	1
14672	9936	1
5514	4948	1
5715	5711	1
12323	9005	1
10899	11074	1
7267	953	1
9067	6198	1
4890	4899	1
11074	10899	1
6700	8126	1
7728	1558	1
3849	4899	1
4251	14713	1
11910	8404	1
4977	8361	1
6815	12542	1
3405	12196	1
32	2266	1
4864	4863	1
5783	10167	1
3210	5782	1
12533	14198	1
3875	4582	1
14495	1057	1
4296	4297	1
11849	7088	1
7810	7090	1
12870	7336	1
15634	896	1
12533	7614	1
6248	15555	1
7674	14075	1
14075	7674	1
12196	3405	1
4662	9375	1
10803	13777	1
265	266	1
15854	9684	1
8903	12353	1
2211	1054	1
12929	14081	1
7893	7893	1
8934	7382	1
250	5947	1
8724	6086	1
12806	6836	1
5983	1106	1
5671	1339	1
4133	4241	1
5932	4119	1
6033	6033	1
6198	9067	1
3366	3855	1
8257	8257	1
4217	13014	1
1022	181	1
7601	11853	1
2198	7082	1
9133	1840	1
2334	1188	1
6143	10934	1
3480	10120	1
11711	8162	1
14799	11568	1
7318	8331	1
3287	15635	1
7056	6811	1
2077	5446	1
9436	13705	1
321	5335	1
4156	3855	1
3718	6621	1
4241	4133	1
12340	6985	1
10633	3380	1
15555	6811	1
5765	1852	1
15120	15120	1
5300	8162	1
8404	11910	1
6197	4478	1
13410	13410	1
2549	13429	1
10667	8162	1
