1656	3999	1
2543	14180	1
14180	2543	1
7776	14352	1
11831	6243	1
4810	9223	1
9223	4810	1
6994	6564	1
10363	7309	1
4034	8374	1
7060	6564	1
15938	15890	1
15961	15960	1
9897	11831	1
15966	15967	1
3353	13373	1
5711	3849	1
5325	5326	1
8512	8320	1
3515	452	1
15539	9777	1
5613	5906	1
13105	9731	1
12227	15628	1
201	14599	1
12835	5640	1
5347	10250	1
12908	5942	1
14976	3860	1
8774	3817	1
12383	3817	1
15471	13573	1
15967	15966	1
4078	6265	1
5254	3170	1
1181	6265	1
3812	8947	1
5762	10368	1
15968	831	1
6369	1104	1
4301	636	1
271	272	1
7791	4303	1
5190	5904	1
1307	14153	1
3870	6156	1
10235	14153	1
10066	13710	1
754	6671	1
12432	6156	1
905	564	1
15969	15969	1
3286	3286	1
6354	3673	1
7537	15970	1
12774	13747	1
15540	13491	1
334	2941	1
4851	1926	1
6021	1493	1
9791	7291	1
5634	7885	1
15550	11910	1
7340	15314	1
15642	5944	1
5461	5519	1
3582	238	1
8335	564	1
7291	9791	1
15642	15642	1
4950	15687	1
65	14297	1
4424	9671	1
10319	8975	1
4525	12115	1
9104	6034	1
12196	4657	1
4657	12196	1
15810	12870	1
4078	8092	1
9501	249	1
10778	9248	1
15970	15970	1
6937	15934	1
3547	2456	1
4319	6490	1
15792	13829	1
5593	13829	1
9541	2116	1
8990	2116	1
6649	15468	1
15810	7336	1
8208	2212	1
6369	10282	1
14814	11497	1
11497	14814	1
3506	5645	1
10404	14016	1
625	5062	1
1039	304	1
9102	9165	1
1884	7695	1
2185	3098	1
5897	5592	1
4869	8989	1
9762	14807	1
1693	222	1
745	883	1
625	12107	1
6490	8328	1
368	3432	1
3985	14583	1
4009	14030	1
15971	15945	1
4189	1958	1
6135	9371	1
5062	625	1
12107	625	1
9239	3202	1
11144	2985	1
2021	13145	1
7643	1148	1
400	4180	1
6425	1031	1
1069	1031	1
4028	5160	1
1997	259	1
1199	13555	1
14083	2164	1
12535	6564	1
4293	6771	1
15972	1232	1
14426	14461	1
4724	7108	1
1987	13851	1
755	6564	1
2985	11144	1
2021	2555	1
441	11800	1
15837	9388	1
11734	9388	1
4603	4384	1
4303	7791	1
6824	6825	1
10024	8421	1
2116	8990	1
6352	8043	1
6079	11164	1
2582	2353	1
5343	4735	1
14115	2248	1
3262	9498	1
1105	14525	1
7108	4724	1
15468	6649	1
13851	3315	1
249	9501	1
8484	5966	1
4890	3849	1
5218	3069	1
3315	13851	1
3002	387	1
6771	4293	1
14867	1407	1
3849	4890	1
3701	7705	1
5218	2141	1
13851	1987	1
2116	9541	1
5332	6649	1
8575	14877	1
8785	10609	1
7309	3849	1
13493	2578	1
5942	12908	1
8328	8974	1
14742	11113	1
268	8329	1
8006	8005	1
8136	7893	1
3768	7764	1
8484	5503	1
6919	13572	1
9276	10351	1
5813	15737	1
14328	6883	1
14895	15737	1
13572	6919	1
8443	4814	1
636	5376	1
15772	2562	1
5076	800	1
625	3005	1
5904	5190	1
15106	7334	1
10179	5821	1
7776	15561	1
10464	5190	1
9141	14597	1
15973	15973	1
883	745	1
13261	7335	1
849	5100	1
13710	13265	1
15974	5876	1
5327	5327	1
8490	14898	1
5442	8711	1
4645	2446	1
1031	6425	1
9397	6037	1
8609	6059	1
1108	1254	1
2085	8711	1
5876	15974	1
6937	14854	1
8443	15566	1
5366	12779	1
9362	8618	1
2726	8711	1
15975	2109	1
9690	12533	1
1232	15972	1
14854	6937	1
3479	6985	1
15379	12533	1
1207	7842	1
6985	3479	1
7614	12533	1
3849	7309	1
14198	12533	1
1871	3259	1
14583	3985	1
9759	6883	1
13665	510	1
956	632	1
3988	238	1
8824	7310	1
5100	849	1
1954	3259	1
11060	8854	1
11243	15664	1
7225	13268	1
2646	6507	1
5519	5461	1
5190	10464	1
6788	11689	1
14895	5682	1
2021	4040	1
3020	3088	1
9190	5355	1
7265	10932	1
5525	11237	1
11986	2433	1
4078	4980	1
7310	8824	1
10547	11651	1
14875	5058	1
5684	3160	1
3136	11132	1
15799	15799	1
4981	14603	1
2021	1692	1
9001	4956	1
14603	4981	1
6702	6798	1
14638	8065	1
13373	3353	1
11986	14714	1
4174	15976	1
13747	12774	1
14028	14028	1
4159	3852	1
4735	5343	1
9644	10620	1
628	4763	1
1181	11919	1
92	4809	1
3503	5288	1
15977	15977	1
8976	8763	1
11689	4939	1
3513	14049	1
4939	11689	1
3166	4735	1
7512	8460	1
7258	11689	1
14603	14603	1
4809	92	1
15491	8695	1
8005	8006	1
13393	8431	1
5822	6597	1
3185	3380	1
3088	3020	1
4645	1487	1
7334	15106	1
5442	5086	1
4078	6126	1
12664	12650	1
11689	6788	1
8889	13125	1
13390	9862	1
7885	5634	1
11472	12009	1
11689	9248	1
1220	985	1
1631	13756	1
14597	9141	1
15978	6129	1
8460	13599	1
15664	11243	1
7335	13261	1
5488	13737	1
1994	1813	1
10620	13737	1
11986	4034	1
10736	11598	1
6272	5354	1
7622	10351	1
5305	7033	1
10313	4285	1
2636	5360	1
452	3515	1
9862	13390	1
1897	7086	1
2051	1558	1
10610	14837	1
2255	5360	1
5288	3503	1
4078	3384	1
5256	7480	1
11437	7705	1
10620	9644	1
12006	9372	1
9248	10778	1
7501	11346	1
14904	7291	1
11346	7501	1
625	5886	1
7688	8680	1
5360	2255	1
6120	2596	1
6475	5546	1
1148	7643	1
15106	9966	1
8921	7674	1
5546	6475	1
9852	12599	1
12958	9790	1
9862	8290	1
10569	6475	1
6070	5355	1
1137	2202	1
11301	15979	1
7800	5882	1
15980	15394	1
8484	2200	1
8533	7712	1
12568	6901	1
13677	5265	1
12568	7639	1
4078	2420	1
6104	6059	1
4084	8192	1
14411	12732	1
5581	5049	1
15981	15964	1
12732	14411	1
2480	1897	1
7423	15886	1
625	2936	1
7086	1897	1
625	624	1
4318	9924	1
15293	9966	1
12275	12840	1
1897	2480	1
9644	9644	1
8711	2726	1
1069	3985	1
4004	5192	1
6062	6107	1
15293	8903	1
8824	4653	1
8192	4084	1
3236	5890	1
3480	7723	1
1407	14867	1
10474	8748	1
15982	14315	1
4653	8824	1
4679	6872	1
4189	2356	1
14889	13826	1
10738	8619	1
14949	12819	1
3800	3581	1
7884	6810	1
15293	7334	1
12533	7614	1
5210	4742	1
15293	15106	1
5376	1558	1
8443	8522	1
4078	3720	1
11121	13084	1
5190	4135	1
6982	6844	1
10810	8139	1
14197	14886	1
7334	11514	1
5904	4135	1
11514	7334	1
625	375	1
13273	4218	1
8667	8668	1
831	11402	1
1897	6492	1
8774	5191	1
5689	6492	1
6241	6059	1
6364	5520	1
15976	4174	1
5301	4439	1
13737	14411	1
5939	5783	1
7908	13531	1
623	5970	1
10160	10160	1
11576	4531	1
13125	8889	1
15126	10677	1
4578	3043	1
3506	5333	1
5461	6055	1
15293	12870	1
13517	5278	1
13084	11121	1
4078	9237	1
10927	10927	1
5068	9749	1
15983	15983	1
3769	1781	1
4741	3753	1
1032	1033	1
14525	1105	1
8359	14131	1
9200	6205	1
800	5076	1
12956	13778	1
386	387	1
4616	5069	1
8824	8824	1
6899	271	1
4852	9586	1
6135	5009	1
4977	8361	1
5009	6135	1
5758	6113	1
12533	14198	1
4812	4832	1
15365	12456	1
2741	10604	1
11689	7258	1
4645	2478	1
8043	6352	1
8903	10778	1
5735	11060	1
5750	2399	1
12728	3851	1
4475	2706	1
15949	15719	1
6901	12568	1
7639	12568	1
8240	8236	1
1662	12470	1
5278	13517	1
8843	14699	1
7223	226	1
4293	8616	1
14577	7952	1
15041	15873	1
205	4968	1
5086	5442	1
8748	10474	1
4078	2440	1
14364	2219	1
8810	6562	1
953	1366	1
3640	15416	1
12470	1662	1
13756	1631	1
4640	2804	1
11650	9049	1
4937	4193	1
14699	8843	1
2143	2219	1
9223	15854	1
15854	9223	1
8439	8439	1
7714	9246	1
1452	6619	1
6241	8609	1
1449	7963	1
10677	15126	1
387	2786	1
5773	6418	1
7521	10403	1
9767	5107	1
15955	3434	1
14867	1646	1
5353	3965	1
7033	5305	1
5318	11455	1
10282	6369	1
9762	12862	1
14132	14461	1
4832	4812	1
6789	11405	1
8139	10810	1
8854	11060	1
9270	9272	1
3965	5353	1
9400	3985	1
7020	15110	1
12832	7138	1
905	5979	1
2164	14083	1
13694	13826	1
6109	2727	1
2611	3017	1
14825	13574	1
8599	13973	1
11455	5318	1
14162	2202	1
6721	6649	1
4511	13	1
15984	6461	1
4078	4368	1
14450	1548	1
3753	4741	1
13826	14889	1
8824	12650	1
3709	3853	1
14869	7276	1
15538	9810	1
492	4531	1
10054	4020	1
3820	6279	1
14263	3333	1
9119	9119	1
4020	10054	1
8609	6241	1
3815	5236	1
10351	7622	1
15067	1358	1
2317	1536	1
10623	8506	1
5546	10158	1
11835	15754	1
3796	2113	1
6107	6062	1
6122	4300	1
5218	9113	1
13737	5488	1
12367	12777	1
15103	9093	1
207	3867	1
10285	12202	1
13366	4029	1
1030	1031	1
1358	15067	1
1176	15818	1
387	3930	1
7622	7495	1
4029	13366	1
8367	12161	1
6671	10120	1
11986	11043	1
14411	13737	1
7495	7622	1
14054	14570	1
5333	3506	1
1926	4851	1
3017	4935	1
3849	5496	1
7952	14577	1
5217	5282	1
13973	9069	1
10341	15939	1
7449	14025	1
5671	1339	1
5282	5217	1
15873	15041	1
4741	8899	1
9378	7179	1
8328	6119	1
10120	6671	1
5069	4616	1
222	1693	1
2172	13423	1
4092	13423	1
10061	13989	1
8860	3708	1
8141	12771	1
3930	387	1
6810	7884	1
4397	2576	1
677	15818	1
7961	3178	1
13368	9492	1
14570	14054	1
5645	3506	1
1664	4904	1
12819	14949	1
5205	5204	1
13989	10061	1
12779	5366	1
11986	9389	1
12340	6492	1
9069	13973	1
11487	11160	1
5988	12383	1
6932	4946	1
9362	8152	1
441	6492	1
14001	14152	1
6113	5758	1
4946	6932	1
7232	15793	1
14783	6367	1
1548	14450	1
6037	9397	1
6127	4935	1
5054	328	1
1459	2712	1
1620	3109	1
5236	3815	1
1902	698	1
8065	14638	1
9492	13368	1
5218	7484	1
1651	6784	1
6562	6713	1
6556	1009	1
6183	4755	1
4755	6183	1
11060	5735	1
2172	3250	1
6492	1897	1
4260	7965	1
4078	3310	1
5047	7543	1
9414	14066	1
5582	3245	1
7308	12182	1
751	15566	1
4204	3239	1
4474	4260	1
6492	441	1
7179	9378	1
8328	6490	1
11651	10547	1
14886	8222	1
9362	5488	1
15985	11846	1
5237	1910	1
1711	1105	1
9815	7136	1
6419	13590	1
11846	15985	1
9391	8222	1
15986	15987	1
13668	13667	1
11918	5790	1
15911	14546	1
13104	4455	1
10285	8998	1
14066	9414	1
5266	1619	1
14573	9644	1
4726	5570	1
5910	6965	1
14779	11943	1
13553	9644	1
3109	1620	1
13280	6765	1
9644	13553	1
6490	4319	1
14496	14477	1
