9270	6163	1
13176	15908	1
12379	5354	1
1447	8850	1
4485	5877	1
3642	1997	1
4265	447	1
10188	8162	1
14678	12342	1
2433	2588	1
9414	5582	1
15908	13176	1
10610	8498	1
7163	11683	1
4937	4029	1
9276	7622	1
2239	9056	1
12379	5286	1
8609	6059	1
10351	7622	1
625	5062	1
5634	15959	1
7622	9276	1
4020	6897	1
10118	5438	1
2172	3250	1
4315	862	1
13379	382	1
9402	4029	1
9575	6146	1
16102	7423	1
6556	1009	1
7690	12774	1
7423	16102	1
7624	11676	1
11565	11405	1
5981	5880	1
6104	8609	1
9438	10390	1
5358	9612	1
5353	8609	1
3965	8609	1
8391	4873	1
6100	6700	1
72	207	1
13799	4873	1
5047	6246	1
9752	7484	1
7223	12048	1
13187	13187	1
1517	3921	1
5366	12779	1
6649	15468	1
15716	3171	1
2623	4045	1
101	321	1
4599	1534	1
2636	5360	1
6245	3820	1
800	5076	1
4735	3166	1
8113	12758	1
1058	4640	1
8609	3965	1
14741	14740	1
65	4640	1
3262	9498	1
1819	9079	1
3020	7543	1
3088	7543	1
206	9079	1
4640	65	1
14297	65	1
1043	1427	1
12456	15365	1
4255	12670	1
5922	5	1
16041	564	1
1096	13547	1
1180	5977	1
12945	15094	1
11346	7501	1
4983	6329	1
9706	14042	1
2894	3487	1
8974	6490	1
16103	16103	1
12048	7223	1
527	11307	1
7986	12970	1
6428	13599	1
2044	2045	1
8451	8867	1
1687	3602	1
13599	6428	1
1819	16104	1
5368	13830	1
13770	10721	1
11150	14001	1
931	7853	1
6428	8460	1
13892	12308	1
6084	10095	1
10095	6045	1
6045	10095	1
10623	14522	1
5495	1958	1
5360	1958	1
3640	15416	1
3079	9735	1
329	6520	1
5202	7780	1
13851	3315	1
15422	12345	1
4204	15865	1
2326	2326	1
66	3816	1
342	150	1
65	14297	1
15663	4254	1
5368	6332	1
12361	13416	1
9428	974	1
16105	15704	1
15471	13573	1
564	16041	1
366	14229	1
10374	10610	1
3475	6183	1
14837	10610	1
3020	3088	1
8498	10610	1
15732	10610	1
3315	13851	1
1092	2719	1
3260	2342	1
12561	2533	1
11507	10610	1
150	342	1
4729	7004	1
3716	2306	1
6163	9270	1
2518	2519	1
14477	14496	1
2364	4257	1
7311	3543	1
12779	5366	1
3161	3996	1
5376	1558	1
5688	4039	1
9392	294	1
9791	5684	1
7311	8012	1
6923	5684	1
8262	4039	1
72	4921	1
5546	10158	1
2786	2370	1
488	2749	1
12551	13492	1
5280	6845	1
6997	14382	1
3111	9237	1
9319	9319	1
13574	15226	1
16106	9488	1
10945	12006	1
15789	123	1
10147	5779	1
5570	9942	1
15094	12945	1
15828	11497	1
13595	5520	1
2019	5099	1
11497	15828	1
5197	3383	1
11639	6281	1
1823	3383	1
1958	5360	1
1833	1819	1
5360	2636	1
6374	1266	1
4942	7705	1
8732	8732	1
9079	1819	1
16104	1819	1
15229	15226	1
387	2571	1
4741	7997	1
15555	6811	1
10081	7345	1
874	6667	1
313	12536	1
7014	11944	1
11960	3361	1
6003	3361	1
5099	2019	1
180	264	1
13775	15226	1
1854	11786	1
3615	4634	1
2420	1599	1
16107	7705	1
6915	9906	1
3849	4666	1
7264	8443	1
7997	8111	1
7671	7042	1
15978	6129	1
13483	12855	1
7056	14025	1
16108	16109	1
2539	6798	1
3475	13145	1
2819	2832	1
8441	12042	1
8111	7997	1
8333	9477	1
6842	2142	1
9428	8790	1
13145	2294	1
16052	5772	1
1307	11800	1
5280	9230	1
3706	1497	1
1360	342	1
72	13875	1
387	3930	1
3930	387	1
6427	6822	1
3930	2571	1
3653	2439	1
9147	11106	1
15835	2369	1
13354	10620	1
5368	11783	1
10081	11331	1
10108	6287	1
8333	8676	1
12924	4375	1
14021	8934	1
9230	5280	1
3297	14503	1
5365	5742	1
1958	7746	1
15953	15953	1
5327	940	1
6919	13572	1
1481	1582	1
4724	8492	1
15365	12456	1
11031	12456	1
5400	3828	1
14496	14477	1
14001	14152	1
2396	2600	1
13547	1096	1
9226	4603	1
12345	15422	1
3020	2873	1
15428	564	1
3166	4735	1
564	15428	1
14886	8222	1
6100	7446	1
13492	12551	1
15681	11602	1
11783	5368	1
10603	7143	1
1353	1352	1
6100	7332	1
1819	12365	1
14078	1452	1
13393	8431	1
3475	15834	1
12024	12870	1
12861	5906	1
8460	6428	1
2641	2895	1
12870	12024	1
5176	835	1
11602	15681	1
11647	3287	1
9273	5222	1
9300	6894	1
15846	15846	1
14238	16110	1
2636	1022	1
1819	7560	1
15334	8547	1
5544	5522	1
6894	9300	1
2652	2922	1
9392	5628	1
647	5096	1
2678	4032	1
10609	11186	1
14831	14828	1
387	1184	1
2789	13956	1
1452	1451	1
12456	11031	1
1031	3103	1
6113	2421	1
940	5327	1
13117	15338	1
14078	1451	1
16111	16111	1
6100	6635	1
737	1081	1
4248	3948	1
1452	14078	1
9470	5694	1
72	12365	1
1451	1452	1
1451	14078	1
16112	16113	1
14613	14613	1
4727	4605	1
9560	4482	1
1081	737	1
1459	3998	1
8763	12134	1
1996	2456	1
1184	387	1
16114	16114	1
5979	905	1
9895	905	1
3636	4735	1
2431	3891	1
1594	1594	1
4087	12660	1
1358	424	1
12134	8763	1
1055	4725	1
6612	2914	1
7311	8977	1
3849	5859	1
1958	5495	1
4032	2678	1
2255	5360	1
1727	1055	1
2954	4617	1
11913	10563	1
447	4265	1
3467	651	1
6100	3578	1
123	15789	1
12660	4087	1
3893	9262	1
6843	10488	1
16113	16112	1
11186	10609	1
9470	9262	1
8977	7311	1
1506	3669	1
8012	7311	1
3543	7311	1
6508	2708	1
66	4811	1
11745	7114	1
3716	6221	1
2922	2652	1
15552	8460	1
10844	10844	1
4577	9240	1
8460	15552	1
8785	11186	1
4613	14263	1
7015	50	1
2383	4355	1
4287	12108	1
12819	12108	1
6287	10108	1
14913	8073	1
1022	2636	1
4482	9560	1
6100	14844	1
11044	8614	1
7891	13416	1
13289	12397	1
5628	2109	1
2386	12644	1
4624	5622	1
13187	12886	1
12108	12819	1
6490	4319	1
16094	10309	1
2446	9825	1
14828	14831	1
3607	7444	1
10788	490	1
9966	10335	1
1108	2065	1
10368	5762	1
16085	16085	1
1599	4341	1
651	3467	1
5368	8035	1
9862	1064	1
1743	14695	1
1466	3458	1
5354	12379	1
7822	14844	1
3716	673	1
5027	10464	1
4208	1970	1
11119	11119	1
12807	16085	1
72	13	1
10984	13973	1
5047	5797	1
9104	6034	1
9718	8705	1
14565	12217	1
16115	11521	1
15773	8705	1
2045	2044	1
10335	9966	1
15865	4204	1
3225	2672	1
3937	3542	1
8162	14403	1
7444	3607	1
801	15878	1
9022	9120	1
3701	7705	1
8507	12650	1
14844	7822	1
849	3561	1
6100	3153	1
3433	2863	1
5840	3561	1
2124	14844	1
1819	275	1
6155	16085	1
10411	12872	1
10459	7688	1
10374	14361	1
3669	1506	1
232	708	1
849	3651	1
3072	6144	1
11069	6810	1
13581	14531	1
1064	9862	1
13868	6832	1
7644	9207	1
12931	6571	1
11858	906	1
9367	9367	1
16100	16100	1
10230	10230	1
16116	9841	1
14361	10374	1
8333	1134	1
5779	10147	1
16085	6155	1
1582	1481	1
6635	6100	1
5797	5047	1
3578	6100	1
8444	6810	1
14844	6100	1
5184	6810	1
3153	6100	1
3392	1781	1
72	1059	1
640	9009	1
6317	257	1
1360	7200	1
5222	9273	1
14968	7602	1
7511	5043	1
2896	2895	1
10374	10230	1
12889	8940	1
2370	2786	1
4842	10510	1
12757	7127	1
11624	9193	1
8940	12889	1
627	12336	1
8360	8544	1
14755	10687	1
16117	16117	1
12872	10411	1
15817	5426	1
2519	2518	1
12164	6127	1
12021	13421	1
11511	15139	1
7086	4555	1
13837	7082	1
6810	11069	1
5570	8935	1
16118	920	1
10183	10568	1
2404	4084	1
16119	5413	1
2051	1558	1
4084	2017	1
1781	3392	1
7602	14968	1
3037	7191	1
9009	640	1
4735	3636	1
2017	4084	1
6822	6427	1
10464	5027	1
11186	5875	1
6832	13868	1
7744	14695	1
16120	8522	1
14400	1985	1
5361	3817	1
14198	8985	1
10737	535	1
5376	4009	1
3954	10177	1
13270	5735	1
14144	5735	1
9148	9498	1
7771	7771	1
16121	16121	1
7868	12544	1
7501	11346	1
5368	5090	1
12587	11346	1
12795	15068	1
10435	15068	1
3068	5090	1
16122	16122	1
8547	15334	1
9103	12997	1
6811	7056	1
8162	10188	1
2873	3020	1
3392	3561	1
852	9204	1
13675	8460	1
8328	15979	1
16123	16123	1
5360	2255	1
7432	7433	1
11186	11102	1
689	1623	1
3361	11960	1
1360	3865	1
9825	2446	1
7056	6811	1
7644	2979	1
1933	410	1
14818	14967	1
5176	5977	1
8935	6193	1
10735	15925	1
15382	16124	1
16125	15945	1
8609	6104	1
10568	10183	1
6612	3315	1
4120	15153	1
6612	5442	1
763	5393	1
4069	15277	1
1819	7476	1
6127	4935	1
6612	3950	1
15468	6649	1
7558	12308	1
3689	4555	1
906	11858	1
1360	6141	1
14807	7276	1
14212	14284	1
5393	763	1
8017	6297	1
9428	7104	1
15548	3581	1
14814	2478	1
3924	13117	1
7985	12416	1
12397	13289	1
4334	14428	1
3716	7089	1
2749	488	1
7134	15139	1
905	5979	1
604	1642	1
11945	8772	1
7781	9749	1
3506	16126	1
9416	4158	1
6806	285	1
4860	15892	1
10531	2567	1
8162	8781	1
5628	9392	1
952	9488	1
294	9392	1
10174	10033	1
3716	7141	1
6193	8935	1
151	152	1
15925	10735	1
15365	10713	1
14844	2124	1
2439	3653	1
5307	5836	1
4193	4937	1
3515	3588	1
3287	3288	1
12816	3288	1
10510	4842	1
9240	4577	1
14038	13899	1
16127	2989	1
16053	16053	1
4577	9388	1
7668	1062	1
1360	1389	1
11346	12587	1
8008	9488	1
9752	7480	1
10449	9600	1
2506	9488	1
13111	1584	1
9100	8194	1
4836	4950	1
16128	13291	1
3288	3287	1
7311	5307	1
7546	11207	1
8506	8194	1
6893	8194	1
7318	8194	1
4950	4836	1
10145	2979	1
7810	4346	1
9410	2979	1
8814	11521	1
12590	11521	1
10620	7361	1
10738	8619	1
4346	7810	1
8431	13393	1
15985	12861	1
5779	13570	1
4867	3732	1
8575	14877	1
4475	2706	1
4939	5234	1
8446	16129	1
15698	9015	1
13899	14038	1
16130	14607	1
13900	13492	1
16126	3506	1
6363	13538	1
2766	594	1
16131	16132	1
6757	4704	1
6612	3853	1
1389	1360	1
12861	15985	1
8073	14913	1
7622	10351	1
6689	9834	1
2091	3786	1
16133	16134	1
15925	12483	1
8258	185	1
6810	5184	1
7361	10620	1
5678	12565	1
859	2396	1
9644	11909	1
6079	6632	1
8705	9718	1
13132	13219	1
4571	8698	1
6562	10685	1
11530	15469	1
5258	5773	1
1547	12772	1
12467	13851	1
14754	6320	1
6843	15914	1
3588	3515	1
13851	12467	1
13538	6363	1
4715	14801	1
2396	5096	1
890	2554	1
9796	5952	1
92	4809	1
7433	7432	1
11715	9418	1
3450	6246	1
9002	8684	1
6288	6466	1
11517	15017	1
6100	2198	1
4025	2666	1
910	5849	1
6170	62	1
10525	9291	1
10810	8139	1
363	1295	1
16135	10065	1
4935	4935	1
3037	3983	1
6100	10626	1
6080	5161	1
1062	7668	1
5304	2712	1
13868	4335	1
15925	8745	1
10735	8745	1
5076	800	1
9777	15539	1
2954	9562	1
15400	15400	1
11687	7690	1
6612	13851	1
