2456	2457	1
564	16041	1
5598	12587	1
16020	16021	1
1561	1561	1
12587	12743	1
5502	3739	1
9207	7644	1
1461	2446	1
6052	2677	1
2446	1461	1
8243	5650	1
751	862	1
9438	10390	1
12870	14796	1
12732	15517	1
1162	3568	1
5766	1930	1
2450	6062	1
2422	5625	1
14411	15517	1
8363	13308	1
7644	15459	1
7622	10351	1
7776	14352	1
15925	13343	1
15517	12732	1
15517	14411	1
4462	2130	1
11051	3563	1
13361	7860	1
13390	12587	1
9325	7713	1
819	1561	1
7776	15561	1
12587	13390	1
3444	1184	1
3731	791	1
5779	10147	1
6108	7810	1
8194	9100	1
8194	4857	1
11789	414	1
13741	1091	1
453	515	1
1493	6021	1
7404	16061	1
15535	11434	1
8460	13599	1
1506	3669	1
11434	15535	1
10219	7204	1
12483	15925	1
16063	8929	1
10623	7672	1
8313	7451	1
10404	14016	1
5804	870	1
11405	5411	1
8911	7451	1
16068	10737	1
1561	819	1
13599	8460	1
15459	7644	1
8929	16063	1
6067	7451	1
15452	15925	1
5742	5365	1
13455	10304	1
10938	10304	1
10735	15925	1
15153	13869	1
14016	10404	1
12579	515	1
635	515	1
346	3250	1
7165	515	1
6613	1501	1
7866	515	1
5423	14303	1
15428	16037	1
7989	3225	1
9862	515	1
11858	15990	1
16042	817	1
7618	275	1
15736	16037	1
7594	7423	1
65	14297	1
16063	13682	1
16041	9079	1
15663	4254	1
7618	4810	1
12816	8290	1
8688	3512	1
6369	1104	1
14577	13215	1
13574	15226	1
4755	15915	1
12644	2386	1
12336	627	1
14477	14496	1
16041	564	1
15886	12899	1
13869	13989	1
7235	4215	1
6932	7332	1
5468	5783	1
10609	12172	1
9791	10236	1
11201	6066	1
65	4640	1
13737	5636	1
4863	5636	1
7675	13289	1
1812	768	1
12840	12672	1
3110	3109	1
15925	12483	1
6810	12671	1
15550	11910	1
7012	10084	1
4113	5482	1
5725	12899	1
1406	12899	1
5598	5424	1
570	584	1
14698	584	1
1447	8056	1
9938	13872	1
12774	9391	1
15542	15119	1
9714	13326	1
2789	16065	1
8498	10374	1
12898	6977	1
8492	4724	1
10147	5779	1
2539	6798	1
2256	2277	1
1126	3816	1
1812	1704	1
8210	13844	1
9791	8803	1
5334	12175	1
8854	16031	1
2834	16057	1
16069	16057	1
570	2300	1
13926	13926	1
13029	7599	1
8735	7599	1
13869	15153	1
9079	16041	1
3800	3581	1
2276	2673	1
2665	3546	1
10773	8995	1
14698	6183	1
6612	3829	1
751	14159	1
13956	13839	1
8311	10693	1
8039	13689	1
375	15422	1
3533	2793	1
7963	15724	1
7966	2979	1
16062	14749	1
1086	3716	1
9938	6128	1
1572	3731	1
6250	3731	1
6669	2508	1
3434	15460	1
12535	12357	1
11287	3731	1
2508	6669	1
10363	7536	1
8005	8006	1
15019	12142	1
3444	3731	1
2665	4692	1
3722	3731	1
791	3731	1
241	2879	1
1059	4457	1
3475	9754	1
10609	11186	1
7654	2829	1
12572	9228	1
4448	865	1
4574	4619	1
1756	13007	1
8055	16070	1
10845	7804	1
2879	241	1
10319	9966	1
12217	14565	1
7804	10845	1
10180	6627	1
1512	21	1
14613	9145	1
10720	13582	1
14159	751	1
6932	11758	1
11758	6932	1
4022	16071	1
13694	13826	1
8111	7997	1
2829	7204	1
2396	859	1
13875	72	1
11560	3059	1
9791	8998	1
15323	15324	1
8210	12540	1
6932	5845	1
5508	16072	1
5845	6932	1
1086	10251	1
4260	4474	1
8049	5377	1
6317	482	1
3091	644	1
8210	4171	1
14223	14223	1
8154	4171	1
5636	13737	1
4162	5345	1
5065	11758	1
13573	13929	1
8010	11160	1
4953	9739	1
15724	7963	1
4474	4260	1
5136	3171	1
5098	9619	1
5880	5981	1
13989	13869	1
15925	7968	1
5650	8243	1
2023	14655	1
8210	8843	1
3059	11560	1
4704	6757	1
6919	13572	1
7245	14655	1
5003	6919	1
15561	7776	1
8647	8404	1
817	16042	1
5248	5670	1
1460	515	1
5266	4561	1
12774	9791	1
2134	801	1
8803	9791	1
8998	9791	1
5098	4873	1
2665	4556	1
4036	5670	1
614	614	1
4009	5376	1
7235	4555	1
15277	4069	1
5715	4561	1
12336	8967	1
1792	9346	1
5382	2483	1
9706	13308	1
4167	10550	1
11017	9584	1
72	13875	1
4246	7776	1
9938	10741	1
3596	14321	1
14655	7245	1
4939	5234	1
2483	5382	1
11173	4308	1
16073	4839	1
13851	1987	1
3098	15314	1
6612	2914	1
1517	1096	1
5553	7885	1
14844	15076	1
6932	2616	1
8210	13538	1
1508	5818	1
5076	800	1
2300	11123	1
14969	11630	1
10390	9438	1
4383	5774	1
10427	5597	1
14565	12217	1
13778	210	1
8776	6249	1
14613	13736	1
1447	7084	1
13826	13694	1
801	2134	1
9600	10449	1
5899	6047	1
1806	418	1
1812	1199	1
15535	8656	1
14496	14477	1
3689	7137	1
16025	12308	1
2420	3358	1
8656	15535	1
9586	11513	1
15925	10735	1
6062	2450	1
3087	4913	1
9066	11164	1
8210	13023	1
9791	12774	1
15588	15588	1
11164	9066	1
7264	5744	1
4813	6427	1
8995	10773	1
2396	5096	1
4251	3944	1
12275	10054	1
16074	16075	1
3680	11342	1
4515	6527	1
10610	10374	1
6485	6845	1
4863	4864	1
6845	6485	1
8995	8057	1
10459	1900	1
13311	15314	1
3475	13597	1
1900	10459	1
15422	375	1
6047	5899	1
15019	6556	1
2578	8852	1
2228	5176	1
4375	12924	1
4245	366	1
16066	8668	1
3225	859	1
6845	5280	1
5098	12420	1
9791	2698	1
21	1512	1
4136	4137	1
800	5076	1
15325	5958	1
5532	15928	1
10570	5060	1
8928	7215	1
5288	3503	1
16029	16029	1
5280	6845	1
7979	14239	1
6492	2480	1
329	9742	1
16076	14251	1
1853	7372	1
14886	2913	1
10778	8903	1
8125	7854	1
8936	17	1
5176	835	1
2228	835	1
7264	13407	1
10814	8903	1
9786	13390	1
6932	13390	1
12353	8903	1
8946	16034	1
15447	3380	1
7235	6492	1
7624	11676	1
12899	1064	1
3642	16006	1
1571	8790	1
8935	12999	1
2480	6492	1
7179	570	1
584	570	1
8194	8354	1
14577	8820	1
14531	13581	1
7776	4246	1
6932	5717	1
4171	8154	1
12377	4864	1
6932	2352	1
7660	524	1
11676	7624	1
8852	2578	1
13390	6932	1
2786	2370	1
6183	8035	1
5717	6932	1
7086	4555	1
2698	9791	1
4904	1664	1
2627	1414	1
15076	14844	1
10054	12275	1
5735	14576	1
8010	7399	1
1031	3103	1
7465	6439	1
11057	14844	1
3105	4343	1
3669	3670	1
3725	1414	1
16055	2011	1
5234	4939	1
1144	705	1
4334	7695	1
8790	1571	1
2067	5036	1
7079	6110	1
2420	889	1
1447	4017	1
13516	9809	1
8164	3970	1
5683	3213	1
8471	12303	1
16077	13660	1
10112	8614	1
12183	579	1
1996	2456	1
12048	7223	1
7033	5305	1
3170	8707	1
7264	14715	1
692	6054	1
6432	4721	1
13676	3098	1
14613	7598	1
11908	12535	1
13630	10068	1
9878	6385	1
4946	7266	1
8856	604	1
1813	1642	1
11186	10609	1
5345	4162	1
8154	1838	1
2985	9825	1
12535	11908	1
8507	13717	1
7980	6193	1
11572	15008	1
1812	3355	1
9058	6538	1
8162	11014	1
2588	2433	1
8854	12413	1
14715	13407	1
7656	13124	1
7264	16078	1
6932	6344	1
15008	11572	1
8194	8967	1
6612	3950	1
6538	9058	1
5424	5598	1
7085	5598	1
6932	8967	1
1086	2070	1
14428	4334	1
220	700	1
5564	15106	1
12671	6810	1
2446	9825	1
524	7660	1
13166	13166	1
4953	12867	1
12536	9671	1
14613	15886	1
11194	10471	1
10701	10714	1
10622	9736	1
6157	15234	1
3642	1997	1
7916	9248	1
8820	14577	1
13215	14577	1
4780	11751	1
2802	4525	1
14303	5423	1
10623	14522	1
8154	5630	1
16002	10982	1
6932	11167	1
10007	15230	1
10471	11194	1
2232	4974	1
1997	75	1
9791	5191	1
13455	10909	1
14522	10623	1
11445	11751	1
647	5096	1
7266	4946	1
8785	11194	1
6932	10982	1
4706	4707	1
2370	2786	1
8210	4439	1
15293	15293	1
3852	4159	1
11661	8071	1
9248	7916	1
15106	5564	1
10982	6932	1
5897	5592	1
5542	10743	1
15038	6146	1
12758	3804	1
15535	15535	1
4390	4525	1
4159	3852	1
16079	16080	1
13289	7228	1
9791	5882	1
6193	7980	1
5231	4070	1
3804	12758	1
16069	10116	1
16081	9270	1
2433	4946	1
7309	9790	1
140	3481	1
10743	906	1
437	1219	1
6530	2645	1
6977	6112	1
1086	2441	1
7211	5524	1
14078	1452	1
15116	15115	1
3731	6250	1
1854	2284	1
1321	4813	1
1617	4310	1
482	3697	1
11014	8162	1
16052	5772	1
16075	16074	1
10743	5542	1
1958	14545	1
5818	1508	1
10109	4922	1
6622	763	1
3849	5496	1
6523	2037	1
8381	4025	1
14576	5735	1
3669	1506	1
5377	8049	1
9767	8680	1
7908	4266	1
16082	13564	1
3176	4652	1
2913	8680	1
13734	14522	1
5191	15153	1
8323	8322	1
11179	9324	1
9825	2446	1
14967	14818	1
3451	5928	1
4922	10109	1
8071	11661	1
4204	3496	1
5305	7033	1
10183	10784	1
3890	8668	1
13702	9069	1
1064	12899	1
6082	15556	1
361	362	1
1599	1009	1
15908	15908	1
15641	10784	1
6932	5307	1
16063	10266	1
10610	14837	1
13572	6919	1
4937	4029	1
15115	15116	1
5381	10387	1
2699	14869	1
5176	5977	1
2130	272	1
12774	7780	1
5836	5307	1
7501	11346	1
5598	13424	1
6054	692	1
13350	14754	1
12092	14566	1
7546	11207	1
7020	5821	1
16083	16083	1
905	9895	1
6475	15422	1
12373	16084	1
7056	6811	1
11207	7546	1
6668	13111	1
8934	14021	1
7671	7042	1
6811	7056	1
5087	5086	1
15835	2369	1
10982	10783	1
11799	11800	1
11194	8785	1
11405	11565	1
12774	15346	1
12886	13187	1
12429	1058	1
8976	9066	1
1307	11800	1
5636	7361	1
7780	12774	1
15346	12774	1
16036	1979	1
4946	2433	1
12413	8854	1
7361	10620	1
12664	12650	1
14886	8680	1
13687	12650	1
4345	4346	1
7602	14968	1
4640	1058	1
6932	6850	1
11293	8067	1
8320	12664	1
16085	12807	1
9612	5358	1
4384	6765	1
10542	7309	1
8322	8323	1
1517	5296	1
13687	12664	1
6869	7309	1
1987	13851	1
14678	12342	1
11943	14069	1
3738	4327	1
3121	3102	1
10266	16063	1
6419	13590	1
6932	6635	1
8067	11293	1
5280	9230	1
9049	9049	1
4055	1740	1
1058	12429	1
9876	9389	1
7086	63	1
6146	9575	1
604	8856	1
9578	10845	1
8404	8647	1
2367	2367	1
12591	13723	1
3629	1740	1
13201	2861	1
2607	14654	1
8194	8506	1
12774	7690	1
9807	9695	1
6932	4946	1
625	9193	1
12664	8320	1
5099	2019	1
7264	6783	1
9777	15539	1
16086	16086	1
5789	12344	1
1139	5327	1
9644	9644	1
15471	13573	1
12344	5789	1
940	5327	1
4141	8681	1
15641	6435	1
9069	10507	1
14613	6286	1
159	6713	1
8194	6893	1
4640	65	1
2399	3931	1
7309	6869	1
5098	12661	1
4439	7213	1
10455	12718	1
16087	7213	1
13273	16088	1
5859	3849	1
13973	10984	1
10390	6113	1
9230	5280	1
15865	4814	1
8443	4814	1
10464	5027	1
9022	9120	1
7257	207	1
8681	4141	1
2431	1453	1
9626	12666	1
9009	10352	1
8010	7058	1
16089	16089	1
672	1731	1
6435	10784	1
12469	6022	1
3315	13851	1
14718	14718	1
13416	12361	1
16090	7544	1
6144	3072	1
14807	14869	1
677	3674	1
13323	8998	1
1256	3072	1
7544	16090	1
3225	7989	1
16091	16092	1
6163	6163	1
6845	9472	1
9080	3370	1
15273	15273	1
10352	9009	1
10845	9578	1
16093	5050	1
14928	16058	1
5705	1854	1
3512	4034	1
13424	5598	1
1599	2420	1
2421	6113	1
9414	14066	1
15448	15446	1
4815	3212	1
12899	7598	1
14816	13455	1
10309	16094	1
6932	14716	1
1740	4055	1
4034	3512	1
4981	14603	1
10666	14603	1
8210	10506	1
13723	12591	1
6713	159	1
1664	5131	1
8547	15334	1
12970	7986	1
6099	4814	1
13590	6419	1
1979	16036	1
9966	15106	1
15925	15452	1
16095	16095	1
3404	10507	1
6080	5161	1
6098	4433	1
8210	6076	1
8451	8451	1
12861	8451	1
10810	8139	1
9924	6306	1
10411	12872	1
6556	1009	1
8139	10810	1
7866	7866	1
10304	10938	1
13455	14816	1
16096	16096	1
1305	676	1
5546	15985	1
676	1305	1
13717	8507	1
15422	6475	1
3523	3333	1
14090	10386	1
5670	5248	1
9669	11710	1
4029	4937	1
482	2202	1
10348	12172	1
15110	14482	1
3642	3422	1
3512	8688	1
10054	13710	1
15106	9966	1
6110	7079	1
13032	8688	1
11044	8614	1
2478	14814	1
10737	16068	1
5818	845	1
182	14992	1
11602	15681	1
6812	5862	1
14482	15110	1
13710	10054	1
5870	5735	1
13567	11472	1
14741	14740	1
8702	9614	1
11472	13567	1
6369	10282	1
5704	9147	1
16097	10826	1
4407	3420	1
7714	7753	1
2665	4832	1
8194	7318	1
2433	2588	1
6721	6649	1
4577	9389	1
11106	9147	1
1086	3230	1
70	2712	1
14382	6997	1
10984	13973	1
12872	10411	1
4715	14801	1
1534	4599	1
5125	3978	1
6798	2539	1
13868	4335	1
14699	16098	1
9270	1372	1
1819	1833	1
12196	12196	1
5735	5870	1
4335	13868	1
6649	6721	1
7671	9488	1
10924	8934	1
329	6520	1
5131	1664	1
15831	15556	1
3212	4815	1
763	6622	1
14041	13711	1
9518	8616	1
1372	9270	1
6832	13868	1
16099	16100	1
6163	9270	1
8609	6059	1
12259	15528	1
16097	9488	1
6897	4020	1
6932	5830	1
2045	2044	1
5084	9713	1
14698	5335	1
16099	5635	1
4141	2022	1
2093	2579	1
14263	4613	1
4252	4021	1
10488	6843	1
12666	12666	1
7780	5202	1
15416	3640	1
3716	2647	1
8935	6614	1
5797	5047	1
10335	9966	1
14288	10304	1
9120	9022	1
9345	9109	1
14801	4715	1
13573	15471	1
16101	16101	1
12172	10348	1
