7106	6985	1
9894	6985	1
2909	10761	1
2420	1556	1
16269	11294	1
7167	4212	1
11294	16269	1
2455	15687	1
13573	6494	1
4535	11010	1
11762	11010	1
6985	9894	1
6494	13573	1
9248	8611	1
8150	8611	1
15925	1662	1
16428	16429	1
7452	11514	1
5305	7033	1
5617	7032	1
11631	10742	1
1711	10754	1
13723	12591	1
12591	13723	1
14540	4112	1
9069	10179	1
13775	15226	1
13027	5006	1
8858	12022	1
10140	13573	1
13884	10649	1
3214	8004	1
15461	2776	1
15106	11514	1
15687	15687	1
14849	9381	1
13826	496	1
12467	11301	1
8854	11060	1
5822	2532	1
10593	9607	1
320	13925	1
8004	3214	1
7863	2390	1
16430	16431	1
11587	6242	1
8611	5096	1
5779	4399	1
15985	3921	1
7352	3330	1
10542	1030	1
8899	6649	1
6893	2390	1
9431	8018	1
12861	2886	1
9977	8755	1
11060	8854	1
5843	5844	1
3921	15985	1
16429	16428	1
7408	9736	1
7408	11007	1
13925	320	1
5	207	1
3849	4485	1
8007	5419	1
14288	12259	1
7455	16321	1
4408	12840	1
12899	12899	1
5288	4006	1
207	206	1
16194	8854	1
6985	7106	1
6775	8656	1
7308	8668	1
1957	15147	1
611	428	1
13741	8668	1
5248	5670	1
10765	15005	1
7452	7988	1
1554	5757	1
7309	4455	1
3799	5203	1
4851	5388	1
8676	1134	1
1030	10542	1
3596	13513	1
7309	6361	1
14638	8065	1
853	8522	1
16432	16432	1
6143	9879	1
206	207	1
4346	7810	1
12161	11591	1
15048	3877	1
4246	7776	1
5642	9087	1
6602	2914	1
1113	1113	1
1427	11527	1
15034	5879	1
16215	5879	1
11213	4115	1
15984	15984	1
10179	9069	1
2203	16009	1
11213	9973	1
1740	1381	1
12840	4408	1
10869	10094	1
4006	1727	1
11416	12006	1
13909	12006	1
13851	3315	1
2559	5773	1
16322	16337	1
11751	15624	1
1420	5717	1
12871	6113	1
16433	7433	1
4984	13982	1
2795	1433	1
15985	16358	1
12217	11212	1
14265	14382	1
15106	7334	1
8139	10810	1
2795	584	1
3479	16078	1
14946	16282	1
16434	12335	1
11098	8536	1
6843	10488	1
2725	5881	1
12006	13909	1
9769	4692	1
14197	4708	1
2259	5520	1
8656	6775	1
5943	4948	1
11213	6334	1
13513	3596	1
9956	3537	1
14849	5607	1
16435	16435	1
16282	14946	1
6562	8700	1
7408	10904	1
1700	5923	1
1611	4074	1
5896	12804	1
4006	3503	1
12217	10647	1
8700	6562	1
7309	9790	1
12117	3109	1
1364	5303	1
15687	2455	1
7704	7705	1
15548	3581	1
6492	1500	1
3912	7102	1
14043	6769	1
5849	6893	1
6893	5849	1
13826	14889	1
3258	2646	1
11301	12467	1
3852	2595	1
6891	10488	1
12240	2595	1
13931	700	1
6977	12898	1
14232	3408	1
1727	4006	1
3503	4006	1
4212	7167	1
3315	13851	1
12804	5896	1
5288	1584	1
8404	4883	1
876	1584	1
14876	16255	1
13623	5006	1
8735	4444	1
7602	14968	1
3021	14968	1
4840	10677	1
8011	2017	1
8247	13695	1
4727	4724	1
13133	3502	1
5653	3502	1
7309	10542	1
3502	5653	1
1725	14814	1
6985	6165	1
13124	16436	1
16390	16212	1
12156	6786	1
4251	6507	1
6165	6985	1
11517	3004	1
7408	8940	1
13909	3432	1
1366	953	1
2743	8859	1
6748	13018	1
3137	11479	1
8823	6052	1
3852	2620	1
5288	5997	1
625	6925	1
8859	2743	1
2855	5697	1
564	4119	1
12899	1064	1
9714	13326	1
15005	10765	1
5320	5321	1
9966	10319	1
12898	6977	1
1229	5185	1
4988	5185	1
2017	8011	1
8510	3688	1
12340	7137	1
5997	3028	1
5520	15745	1
7619	3546	1
1500	6492	1
10048	5091	1
8975	5482	1
5288	15153	1
6247	5717	1
9966	5482	1
2297	6492	1
680	3483	1
1391	3785	1
8855	10568	1
14887	5567	1
8033	8050	1
10567	10568	1
5567	14887	1
9718	14859	1
16437	16239	1
8444	6810	1
1064	12899	1
1236	515	1
6428	6428	1
7983	11094	1
1740	11822	1
1184	13453	1
12340	1897	1
8050	8033	1
15745	7481	1
13453	1184	1
5785	6998	1
14968	14968	1
3493	467	1
11094	7983	1
4025	1565	1
4978	12999	1
4613	323	1
1236	1378	1
7408	7407	1
1740	11405	1
3964	1378	1
8492	4724	1
10389	9251	1
13931	1204	1
4250	5622	1
5922	1204	1
1517	1188	1
2855	1081	1
1740	1188	1
11823	5716	1
11788	11730	1
2646	3258	1
13573	10140	1
13840	13609	1
16438	16438	1
16274	4977	1
4724	8492	1
6908	1709	1
5288	4725	1
7083	5531	1
1064	3502	1
10788	1565	1
7644	7560	1
4822	6095	1
9042	16062	1
16439	4260	1
1500	15148	1
4024	14804	1
987	579	1
8611	8150	1
1740	3520	1
14340	14341	1
3547	1996	1
3689	15148	1
14455	15491	1
13884	9966	1
10319	9966	1
4144	1550	1
6119	5890	1
5482	9966	1
1132	4196	1
10609	8008	1
5798	5798	1
14341	14340	1
3849	5859	1
3502	1064	1
7922	7688	1
14932	9690	1
4949	13691	1
9777	8084	1
1740	3347	1
1740	2127	1
6812	6813	1
6183	4755	1
3683	3683	1
10488	6843	1
16440	16440	1
16009	5227	1
15555	16441	1
7429	7319	1
4946	11565	1
7235	4555	1
4755	6183	1
1134	8676	1
16359	16359	1
8084	9777	1
8924	8925	1
6903	3746	1
10408	4873	1
669	9917	1
16399	4122	1
9470	272	1
13665	510	1
6262	5150	1
502	510	1
9076	11610	1
920	1005	1
1188	1517	1
8824	15718	1
10280	5150	1
5278	5748	1
1740	3084	1
3315	7108	1
16442	11772	1
9879	6143	1
12861	15383	1
3330	3177	1
7235	2914	1
14968	3021	1
3177	3330	1
9144	11244	1
3923	9184	1
1147	1148	1
1051	1537	1
11372	6898	1
4910	4832	1
16440	13491	1
8941	14431	1
16443	16443	1
4829	5054	1
5642	3561	1
7370	7211	1
5818	5110	1
3304	5257	1
3450	5090	1
940	5110	1
16444	1814	1
1996	2456	1
1166	9689	1
5076	800	1
2480	5110	1
5637	5257	1
669	669	1
16444	6046	1
2399	5750	1
15536	162	1
1188	5257	1
4946	14581	1
510	13665	1
5890	6119	1
5997	1769	1
7108	3315	1
13931	8444	1
12156	9113	1
4832	4910	1
3952	2852	1
1740	4055	1
15038	6146	1
6113	8153	1
4431	5374	1
3493	1567	1
15148	15745	1
9117	6771	1
2546	2354	1
2354	2546	1
16445	11158	1
4755	4755	1
11470	14338	1
14995	6547	1
8017	6297	1
8295	8425	1
6297	8017	1
800	5076	1
3852	4064	1
14338	11470	1
2270	4936	1
418	4359	1
159	2712	1
6994	9880	1
14663	12100	1
1459	2712	1
5257	5257	1
906	7514	1
14859	9717	1
1740	10067	1
14849	3190	1
9690	14932	1
15405	15988	1
3970	5586	1
7188	14886	1
13851	1987	1
1391	586	1
6771	9117	1
7805	9538	1
15079	14025	1
4832	4812	1
8396	8396	1
5084	1031	1
12176	7927	1
11610	9076	1
14078	1451	1
5301	16237	1
14849	10677	1
1005	920	1
6957	6958	1
11973	4755	1
6721	6649	1
8328	12357	1
3938	16446	1
14851	5697	1
5054	4829	1
3446	11512	1
5546	5546	1
6811	14025	1
6708	12630	1
2559	3547	1
16362	15710	1
12178	12902	1
9669	15194	1
8128	8128	1
1740	12479	1
1740	1241	1
8697	636	1
13038	3298	1
6146	15038	1
15380	16177	1
10145	2979	1
2936	2558	1
10522	14844	1
4111	5318	1
6930	10808	1
1740	3967	1
7309	5859	1
5374	4431	1
14503	3297	1
9270	6200	1
12664	12650	1
7258	16209	1
16139	14592	1
16447	16177	1
10061	12626	1
7309	14300	1
6084	11124	1
1504	602	1
8153	11730	1
5542	16177	1
9109	9345	1
1681	602	1
7309	7119	1
9184	3923	1
11730	8153	1
13623	3071	1
16319	16323	1
10130	8802	1
11792	4580	1
16448	3117	1
6813	6812	1
4840	5009	1
10003	6135	1
15388	4580	1
13963	6426	1
5110	2480	1
9538	7805	1
6135	10003	1
4755	11973	1
10808	6930	1
5625	14916	1
4343	3105	1
9731	16449	1
13691	10188	1
6649	6721	1
16450	9015	1
3930	2571	1
11530	15469	1
3105	4343	1
8402	10778	1
584	2795	1
12336	8967	1
13213	5684	1
9581	9069	1
6426	13963	1
10778	8402	1
7361	13737	1
15737	9391	1
2287	16451	1
5859	3849	1
1740	3177	1
4651	715	1
13925	1431	1
15194	9669	1
3934	2017	1
7654	6578	1
7128	6729	1
11119	11119	1
10808	13803	1
16441	15555	1
9117	13500	1
9880	6994	1
2347	16204	1
10274	2494	1
7309	10363	1
16452	5292	1
16204	2347	1
13159	2347	1
2546	2948	1
1740	3704	1
8646	8490	1
6490	14201	1
5318	3826	1
6380	8935	1
14916	5625	1
7408	1172	1
2347	13159	1
12420	10153	1
740	4174	1
3212	7912	1
14849	5625	1
3323	16453	1
14859	9718	1
14849	3855	1
9669	6479	1
8211	1135	1
10266	12982	1
14876	15461	1
1550	4144	1
1148	1147	1
9269	9991	1
5750	2399	1
9564	14301	1
12626	10061	1
16399	14865	1
14968	1898	1
11364	7926	1
6218	9009	1
16360	14095	1
185	8258	1
1740	717	1
1740	14239	1
8431	13393	1
65	4640	1
6212	9764	1
4607	4607	1
8460	6428	1
1898	14968	1
1740	3711	1
6810	7884	1
6728	16446	1
7993	7761	1
7761	7993	1
2857	2704	1
8684	9002	1
6479	9669	1
16454	16455	1
11249	5807	1
8935	6380	1
10932	9002	1
5043	4070	1
10188	13691	1
3450	9002	1
8833	2704	1
11470	9888	1
1635	12585	1
11565	4946	1
16187	13573	1
12164	12164	1
14865	16399	1
2172	5977	1
14581	4946	1
11014	13573	1
8152	9009	1
4282	7004	1
8174	15745	1
1064	12795	1
13573	16187	1
11591	12161	1
16453	3323	1
14904	9764	1
7020	9342	1
12585	4102	1
2558	2936	1
6128	5709	1
5997	1043	1
265	265	1
4390	4525	1
10408	5827	1
15892	15342	1
16456	12496	1
10677	11191	1
14201	12535	1
16446	3938	1
15461	14876	1
13418	8402	1
7167	11339	1
16457	16457	1
16458	14132	1
9414	5582	1
3330	7352	1
16459	5879	1
13095	384	1
4409	3950	1
15639	14932	1
3392	3492	1
14021	5000	1
3950	4409	1
5768	6264	1
5293	5000	1
1391	11868	1
3575	5137	1
7355	4155	1
1237	4604	1
13023	5862	1
8810	6562	1
5735	5875	1
16412	6395	1
4444	8735	1
2573	2571	1
7967	12498	1
16460	14078	1
7257	9412	1
14382	14265	1
384	13095	1
12022	8858	1
1740	3886	1
13061	10509	1
11565	11445	1
7179	9378	1
5288	16025	1
4578	10933	1
10988	6448	1
15535	11654	1
2297	15618	1
6428	8460	1
6562	8810	1
4525	4390	1
287	322	1
6448	10988	1
8824	6448	1
14165	6901	1
5597	8160	1
11339	7167	1
8258	185	1
4006	5288	1
875	8867	1
7980	8820	1
352	5933	1
4533	4533	1
1338	4537	1
11445	11565	1
264	207	1
1031	5084	1
10920	2343	1
6901	7639	1
16269	5084	1
5997	5288	1
6319	14754	1
12861	8451	1
3366	14676	1
14849	13111	1
14849	12496	1
7338	2480	1
3523	2480	1
720	12707	1
7639	6901	1
1584	5288	1
10935	12496	1
14754	6319	1
8867	8451	1
12240	16461	1
12221	1900	1
11792	3975	1
6380	5288	1
5997	628	1
5114	5354	1
11221	500	1
16025	5288	1
1900	12221	1
5286	5354	1
16462	4146	1
4828	5185	1
7138	14016	1
4741	3753	1
7801	8247	1
15910	16463	1
1120	869	1
10116	2704	1
5354	5114	1
7004	4282	1
1119	869	1
9892	6625	1
10647	12217	1
12009	11472	1
11212	12217	1
14886	7188	1
5000	5293	1
9158	7526	1
8823	5722	1
3612	2704	1
923	2862	1
4946	3434	1
586	1391	1
2890	2435	1
6309	7804	1
7684	16413	1
744	7452	1
2554	2435	1
12009	13567	1
7551	2284	1
11216	6804	1
7082	1378	1
14814	1725	1
