6303	4496	1
8763	13023	1
6901	12540	1
447	7568	1
12960	10779	1
9136	16244	1
9402	5640	1
11556	9138	1
2171	5700	1
15814	3186	1
944	1009	1
10061	9713	1
8824	4653	1
10737	2914	1
5084	9713	1
3355	1931	1
15106	10478	1
4917	10380	1
6674	7683	1
563	564	1
9966	10478	1
8481	3058	1
12861	15383	1
13023	8763	1
12312	15383	1
563	3594	1
10623	8506	1
9605	9881	1
1110	2087	1
2127	8526	1
9881	9605	1
2909	16210	1
7969	5888	1
4983	4318	1
11487	6700	1
2455	1245	1
8544	8360	1
1931	3355	1
13311	5678	1
12565	5678	1
1245	2455	1
10611	15664	1
10826	1640	1
4159	3852	1
7868	4632	1
15789	7042	1
2804	4640	1
13187	13187	1
7801	8247	1
11687	8247	1
5678	13311	1
11826	4092	1
6901	14165	1
5368	13830	1
10620	5636	1
1452	14078	1
1451	14078	1
14925	14078	1
251	14078	1
15745	5862	1
2312	14818	1
13599	8460	1
16245	16177	1
13916	16177	1
15621	16177	1
13935	16177	1
16246	16177	1
16247	16177	1
14565	16177	1
11040	8864	1
1062	5553	1
10390	13877	1
9959	6484	1
1923	14955	1
15789	362	1
16003	8460	1
13800	11980	1
13668	13667	1
5553	1062	1
92	4809	1
6860	12413	1
380	2202	1
12201	8724	1
6213	1599	1
4092	10363	1
1282	889	1
14577	4195	1
4112	6411	1
13215	4195	1
5570	12908	1
16248	6411	1
15826	15826	1
3462	4045	1
5374	3109	1
6428	8460	1
8247	3109	1
10427	4281	1
8460	6428	1
207	7953	1
2347	16204	1
3100	5641	1
4734	5510	1
5238	10844	1
9330	3257	1
3315	13851	1
16163	6752	1
2552	6752	1
1713	1712	1
14114	4090	1
2171	3215	1
8236	10465	1
16152	6122	1
1934	10152	1
8790	1571	1
9695	9807	1
605	1342	1
3880	16249	1
512	363	1
447	3699	1
11487	5008	1
3954	10177	1
4917	12709	1
13851	3315	1
13606	13606	1
11487	5136	1
14217	673	1
13877	14982	1
6722	4484	1
8724	12201	1
5347	10250	1
3109	1620	1
4589	6513	1
8876	6513	1
16185	16140	1
1531	2800	1
3198	11500	1
15828	11497	1
3462	1202	1
5093	7922	1
3118	9020	1
9110	14124	1
5413	16119	1
3280	12432	1
15438	7491	1
10831	6439	1
15617	14483	1
702	2797	1
9669	15194	1
867	6439	1
1913	1425	1
16250	9263	1
3893	5694	1
9391	5890	1
362	15789	1
1045	786	1
16250	10345	1
12624	5693	1
8333	8676	1
1566	23	1
6485	6845	1
16251	15692	1
5641	3101	1
3954	16252	1
3109	8247	1
14483	15617	1
8854	11060	1
11387	8903	1
13580	509	1
3954	1331	1
3322	14855	1
7521	11344	1
8260	8903	1
5481	3043	1
11403	8903	1
4064	4495	1
1938	737	1
7916	9248	1
11344	7521	1
1436	3194	1
123	15789	1
539	863	1
8267	4422	1
5977	5176	1
16119	5413	1
6094	9067	1
5176	5977	1
1855	5830	1
14793	14793	1
2191	2607	1
14114	5862	1
8649	7448	1
2829	5341	1
4917	2165	1
9329	4781	1
9402	1045	1
16253	240	1
4092	11826	1
4260	2555	1
14855	3322	1
2740	4755	1
3082	8820	1
2933	7352	1
4538	13046	1
1503	5327	1
11851	3786	1
5650	8243	1
8611	5096	1
3462	2545	1
10924	8934	1
8934	10924	1
8934	4795	1
1139	5327	1
4650	15151	1
5378	1921	1
2045	2044	1
1362	2730	1
16194	10581	1
4777	6294	1
15789	123	1
3462	13220	1
2467	9942	1
9248	12832	1
4220	4221	1
11060	8854	1
628	627	1
8646	8490	1
16254	16254	1
9397	6037	1
13176	7446	1
2325	2083	1
6936	4218	1
2843	900	1
10054	12672	1
11497	15828	1
6260	8208	1
8341	4499	1
10862	10289	1
5570	6142	1
12196	4657	1
5814	5633	1
786	1045	1
8903	8260	1
2975	4585	1
9346	1792	1
3730	1935	1
12413	7776	1
4809	92	1
7413	8611	1
2433	7634	1
8243	5650	1
15694	1782	1
3089	3171	1
12892	7634	1
10054	10054	1
7718	7634	1
4917	5706	1
2161	3673	1
1512	21	1
5327	1139	1
13289	12773	1
380	6007	1
13494	1096	1
5065	10626	1
2	11186	1
6007	380	1
8852	2578	1
6757	6121	1
14876	16255	1
12973	7776	1
5288	4490	1
7634	2433	1
3461	9555	1
897	4211	1
5566	3795	1
7874	7873	1
5684	5948	1
6037	9397	1
2730	1362	1
3043	5481	1
14483	7634	1
2006	2005	1
4160	2428	1
8460	16003	1
5122	15659	1
5798	4748	1
7491	15438	1
1792	9346	1
5222	9273	1
11472	12009	1
6956	7634	1
16256	16256	1
95	11977	1
11645	1188	1
9080	13705	1
9346	2902	1
4806	7634	1
14825	13574	1
5526	4221	1
6216	2902	1
6107	4021	1
5922	5	1
11069	6810	1
8127	4221	1
8820	6193	1
4485	8173	1
5184	6810	1
698	3621	1
3462	5330	1
13980	4072	1
11712	6703	1
9973	5588	1
3462	1858	1
7873	7874	1
11487	11160	1
2191	2276	1
4611	1791	1
9671	13350	1
16255	14876	1
16251	1782	1
4146	14901	1
3954	4057	1
15478	11339	1
7922	5093	1
11294	15139	1
16257	16257	1
6216	4057	1
6466	6288	1
3088	3450	1
16258	16258	1
1188	11645	1
5928	3451	1
12908	5570	1
8774	3046	1
8116	1367	1
163	4148	1
5342	5630	1
16259	14398	1
2330	4320	1
11487	7520	1
6047	5899	1
54	4913	1
12779	5366	1
12009	11472	1
8932	16166	1
3822	3824	1
11714	13386	1
6294	4777	1
5630	5565	1
1461	623	1
3215	2171	1
6811	14025	1
16166	8932	1
13386	11714	1
9626	2776	1
5693	12624	1
2797	216	1
4741	7491	1
15811	11160	1
4413	4412	1
7083	2330	1
6513	4589	1
96	1298	1
564	2169	1
6745	4272	1
7634	4806	1
2169	564	1
9248	7916	1
16260	8140	1
14078	1451	1
14268	13870	1
6562	6713	1
14649	7634	1
13493	2578	1
16140	16185	1
16261	2030	1
3462	6488	1
11186	2	1
12579	453	1
12112	8628	1
5335	385	1
751	15566	1
13446	13870	1
11437	4942	1
3480	7723	1
14531	13581	1
2511	2294	1
4653	8824	1
3089	4137	1
3264	1128	1
7361	13737	1
2776	9626	1
13350	9671	1
16262	6635	1
10761	2909	1
6122	16152	1
9184	3923	1
385	5335	1
9807	9695	1
7723	3480	1
627	628	1
13687	10737	1
2330	7083	1
5047	5893	1
11751	5893	1
5753	7083	1
6343	4883	1
3795	5566	1
1711	10754	1
5342	2346	1
3923	9184	1
11339	15478	1
13870	14268	1
6689	7715	1
7000	10415	1
2044	2045	1
13032	9080	1
9080	13032	1
3462	1936	1
5257	8384	1
4490	5288	1
7491	4741	1
14921	4211	1
5065	4781	1
13117	3480	1
4037	5635	1
4318	4983	1
16263	16263	1
12832	9022	1
3480	13117	1
4133	4662	1
5670	11724	1
7776	12413	1
13574	14825	1
6104	6059	1
1674	15745	1
10363	4092	1
2450	779	1
15902	16231	1
3353	7645	1
15687	5752	1
13573	11014	1
10821	10466	1
3451	5928	1
16264	10466	1
38	39	1
2512	14236	1
6811	7056	1
16187	11014	1
1713	3828	1
139	1930	1
6128	10741	1
11121	1651	1
2428	4160	1
3784	3783	1
7448	8649	1
12400	7138	1
3312	3874	1
7293	9336	1
16265	9375	1
12383	6034	1
216	2797	1
15664	10611	1
6193	7980	1
3014	3015	1
3954	3010	1
1713	3392	1
5570	6264	1
9418	10476	1
6745	2655	1
10061	13989	1
13572	6919	1
4246	7776	1
2578	13493	1
11487	7032	1
7831	6781	1
2096	2199	1
14087	9717	1
8942	8845	1
16266	16140	1
1571	8790	1
5805	2337	1
11417	15120	1
14428	4334	1
13095	384	1
7031	7741	1
16090	7544	1
15774	15774	1
9402	13663	1
779	2450	1
1100	1099	1
10826	14265	1
16267	16268	1
1599	6213	1
16269	8760	1
2234	3383	1
14896	13508	1
13957	6556	1
2191	2194	1
294	6854	1
15664	8260	1
10938	12565	1
1933	2904	1
5628	6854	1
2265	1842	1
8451	8867	1
3450	3088	1
12832	9248	1
10633	5482	1
5357	7997	1
4270	10876	1
6264	5570	1
12670	4255	1
13737	7361	1
13877	10390	1
1134	13900	1
4727	8160	1
2700	4240	1
6919	13572	1
14051	737	1
13989	10061	1
8611	7413	1
12565	10938	1
15282	14091	1
2337	5805	1
9248	7413	1
15204	14895	1
3089	5107	1
3418	18	1
3533	5171	1
14042	7558	1
10842	12533	1
7402	5278	1
8545	10986	1
11734	10938	1
7382	16270	1
5524	6502	1
5899	6047	1
1120	1119	1
384	13095	1
7842	1207	1
16271	1416	1
14	97	1
9690	12533	1
16221	7859	1
8512	4949	1
14091	15282	1
9273	5222	1
13688	12533	1
11734	15710	1
9392	1119	1
5110	5818	1
10826	15491	1
14198	12533	1
14114	4905	1
6118	6361	1
1930	139	1
5003	6919	1
4570	4571	1
10368	6236	1
11014	13573	1
12899	6127	1
6810	11069	1
12570	15062	1
9402	5888	1
15006	16205	1
10465	8236	1
15139	11294	1
5978	2030	1
11947	7813	1
11948	11948	1
10753	13492	1
15110	16234	1
13424	10478	1
914	1451	1
1451	914	1
7544	16090	1
5366	12779	1
10002	1055	1
6115	9894	1
1452	1451	1
7267	14288	1
605	4828	1
8490	8646	1
5747	1097	1
15116	15116	1
8544	13932	1
13	4511	1
1055	10002	1
8676	8333	1
4917	4743	1
1134	8333	1
16237	5301	1
5546	10158	1
16272	16272	1
7776	14352	1
16234	3688	1
5312	16013	1
8402	7517	1
12587	13390	1
7800	11135	1
9402	14676	1
3303	15886	1
4657	12196	1
7502	4788	1
12540	6901	1
5689	12861	1
3415	9825	1
15194	9669	1
3783	3784	1
13567	11472	1
6064	4865	1
1713	4865	1
10179	9009	1
16234	15110	1
2191	2659	1
9391	16168	1
7413	5096	1
12533	14198	1
16233	2712	1
2420	1708	1
13176	15908	1
11543	4783	1
9410	2979	1
16273	11815	1
2191	3611	1
265	3350	1
16174	3510	1
2949	2935	1
1565	490	1
5753	4027	1
4511	13	1
6119	16168	1
2909	10761	1
7389	11313	1
10427	14307	1
5301	16237	1
14307	10427	1
11201	6066	1
5206	5142	1
14201	6490	1
16274	1898	1
14288	7267	1
16160	9732	1
10741	6128	1
3799	1756	1
16275	5566	1
16168	6119	1
3954	1887	1
8903	10814	1
5142	5206	1
7800	15639	1
7137	7223	1
3843	2647	1
425	2645	1
1062	5360	1
11487	7913	1
4816	15153	1
16162	16162	1
16241	13471	1
13932	8544	1
5407	5406	1
2904	1933	1
12958	6119	1
9175	9175	1
15039	15911	1
5047	11751	1
10375	16276	1
5893	11751	1
4662	4133	1
2605	11865	1
1935	3730	1
3073	3333	1
16277	5510	1
6104	8609	1
6942	914	1
8609	10478	1
11815	16273	1
13663	9402	1
15985	12861	1
4072	13980	1
3966	13980	1
16278	7453	1
14236	2512	1
8788	15123	1
13960	12096	1
13492	10753	1
14676	9402	1
4703	477	1
4495	4064	1
8409	5188	1
6481	5622	1
9103	12997	1
4601	3348	1
9670	14284	1
10876	4270	1
4384	4956	1
7413	9248	1
16279	16177	1
16280	16177	1
9402	5882	1
1045	9402	1
2308	10699	1
5640	9402	1
4651	6222	1
9402	10699	1
16267	16281	1
10699	9402	1
16282	13020	1
2313	9554	1
3978	5125	1
9578	10374	1
16168	12414	1
3621	698	1
10002	8967	1
4499	8341	1
8824	15718	1
3089	14239	1
5670	4207	1
5758	6113	1
5438	14836	1
2666	4025	1
6069	11518	1
3462	9204	1
16283	5444	1
5893	5047	1
11204	2476	1
11751	5047	1
4241	10452	1
12814	21	1
14559	14560	1
3462	2478	1
3287	7079	1
13407	7264	1
14886	7188	1
14715	7264	1
6783	7264	1
10415	4939	1
12414	16168	1
12544	7868	1
9735	7481	1
1282	2245	1
11987	7126	1
3737	7235	1
7928	14917	1
3616	9645	1
14284	9670	1
12672	6832	1
11074	14916	1
21	12814	1
15452	8435	1
15904	5448	1
9117	3041	1
14916	11074	1
957	15067	1
9402	6499	1
6832	12672	1
11487	2616	1
7083	5753	1
4199	1781	1
4568	12383	1
8886	10140	1
3979	488	1
419	9267	1
12756	11948	1
4777	896	1
12383	4568	1
16276	10375	1
15897	14437	1
9894	6115	1
14678	7810	1
9402	4779	1
7264	16078	1
1584	3190	1
1451	1452	1
12773	10754	1
6977	7334	1
6844	2052	1
12096	13960	1
6123	16236	1
6334	8280	1
10663	2941	1
2715	4087	1
1398	1399	1
5459	3543	1
16282	15668	1
10415	7000	1
9777	15539	1
7334	6977	1
10574	6346	1
16284	16284	1
13020	16282	1
5342	16285	1
3568	2480	1
14481	15110	1
3392	1713	1
15668	16282	1
15911	15039	1
5916	14844	1
15110	14481	1
3041	9117	1
8280	6334	1
6322	4051	1
6530	7165	1
16260	7134	1
12894	16225	1
1339	1195	1
5455	3262	1
4942	11437	1
7568	447	1
7602	14968	1
3699	447	1
7215	8928	1
9402	4778	1
8924	8925	1
14657	11554	1
16286	14481	1
3753	4741	1
4917	622	1
15718	8824	1
914	6942	1
16287	16287	1
4916	418	1
4170	2758	1
13407	13884	1
4359	418	1
14836	5438	1
2480	8222	1
1806	418	1
5635	4037	1
4906	4608	1
16288	2914	1
3849	8781	1
10938	11734	1
2480	3568	1
8301	9639	1
15555	6248	1
6772	14377	1
15710	11734	1
14481	16286	1
15067	957	1
16282	16161	1
6248	15555	1
1567	9389	1
15886	7598	1
12006	15120	1
6860	5537	1
8676	14428	1
13751	7086	1
8925	8924	1
3984	14844	1
10869	10094	1
13129	5466	1
7831	1133	1
8609	6104	1
9009	3399	1
12533	13688	1
8928	7215	1
7079	3287	1
15835	2369	1
9059	14844	1
12336	6977	1
2480	16288	1
16204	475	1
16209	13898	1
4353	3327	1
8802	10319	1
3399	9009	1
13898	16209	1
14293	3849	1
9117	2588	1
14315	14844	1
6218	5793	1
10667	8162	1
2588	9117	1
8844	4326	1
1112	16209	1
3843	6213	1
3493	9669	1
14382	2106	1
5897	4293	1
6213	3843	1
10778	252	1
6127	12899	1
4218	6936	1
1585	7568	1
1410	11419	1
10319	8802	1
12344	5789	1
4975	5629	1
9669	3493	1
1509	718	1
1667	5823	1
14428	1238	1
863	864	1
12773	13289	1
14901	4146	1
3138	5581	1
13597	3475	1
8830	16289	1
4207	5670	1
2433	6332	1
15123	8788	1
9876	9389	1
9066	3092	1
3824	3822	1
4025	2666	1
