5813	2480	1
14307	9910	1
7901	14849	1
2632	16361	1
15466	84	1
9910	14307	1
4751	16355	1
12324	8812	1
10651	9281	1
3212	6246	1
6030	7008	1
10054	4020	1
16355	4751	1
2913	15737	1
2691	1428	1
11766	11430	1
2169	564	1
2641	6200	1
10569	5546	1
14849	7901	1
15035	15737	1
11430	11766	1
863	864	1
14849	3855	1
3855	14849	1
8280	13884	1
2456	1996	1
4691	3855	1
10157	10157	1
76	425	1
14746	4260	1
11654	15535	1
16358	6539	1
8897	3555	1
11768	3202	1
16288	2914	1
627	905	1
5979	905	1
4842	15013	1
15449	6576	1
12861	15383	1
13602	2077	1
15648	264	1
13985	6158	1
1556	2420	1
9240	9527	1
15737	2913	1
11751	9105	1
10988	6046	1
14294	8502	1
8521	15281	1
15281	1910	1
10449	4282	1
364	3361	1
9138	7000	1
16335	16335	1
15706	16166	1
7530	7215	1
2802	4390	1
8610	16166	1
14859	9718	1
6046	10988	1
5634	7885	1
13354	1105	1
12861	2886	1
2542	5588	1
5546	2886	1
8690	6135	1
6135	8690	1
5643	12133	1
8243	5650	1
12936	14855	1
819	1561	1
2420	1556	1
3964	1378	1
6576	15449	1
7165	7617	1
9105	14844	1
6513	15449	1
1840	8721	1
9862	14844	1
14844	9105	1
14315	14844	1
9709	14844	1
9059	14844	1
9718	8705	1
8854	5875	1
14844	9059	1
13048	13601	1
14844	9709	1
9721	3069	1
11704	14156	1
2451	3069	1
12196	4657	1
13962	11031	1
14844	9862	1
3738	3690	1
435	3017	1
16362	16362	1
9427	9427	1
2154	13830	1
4079	6908	1
806	9798	1
1996	2456	1
4657	12196	1
13884	9966	1
3166	3380	1
13742	8864	1
16363	65	1
11405	7613	1
4640	65	1
6274	6495	1
7000	9138	1
4266	6987	1
1100	9024	1
12117	3109	1
4589	8876	1
7032	5617	1
13599	8031	1
14448	13620	1
14876	16255	1
15337	3408	1
6551	689	1
2416	7254	1
879	878	1
8923	3160	1
15936	15936	1
15449	12630	1
715	4651	1
14041	14041	1
2270	1483	1
868	11224	1
9276	10351	1
2215	6232	1
5282	8802	1
4651	715	1
12664	12650	1
11702	261	1
4200	4201	1
4408	12840	1
14144	7341	1
14855	12936	1
10449	10610	1
12670	7965	1
16220	16220	1
4764	5483	1
4260	11630	1
13742	3202	1
10484	8838	1
387	2571	1
4764	232	1
2950	6430	1
15828	11497	1
14814	11497	1
12263	12264	1
12709	11497	1
16364	16365	1
867	6439	1
8705	9718	1
8185	5354	1
5003	6919	1
16366	16367	1
11497	12709	1
11175	3358	1
4328	3449	1
6418	5684	1
16322	1388	1
1756	3799	1
1268	2017	1
4226	11681	1
1392	4755	1
14338	9498	1
5701	9527	1
5203	3799	1
287	3989	1
6210	9527	1
2270	4444	1
6539	16358	1
4755	1392	1
2550	1097	1
2641	2895	1
4830	4763	1
9333	16368	1
11175	2420	1
13808	13856	1
8183	515	1
5381	10387	1
13962	16017	1
7260	515	1
2758	4170	1
2215	16369	1
5368	2979	1
1561	819	1
6564	10413	1
1516	1162	1
5628	294	1
13884	8280	1
11025	14731	1
294	5628	1
2265	1842	1
1451	1452	1
16370	15110	1
6097	589	1
3533	589	1
1452	1451	1
4401	6334	1
4220	4221	1
16107	7705	1
2027	2119	1
5943	4948	1
7008	6030	1
9392	1119	1
5779	10147	1
1149	1654	1
10147	5779	1
1756	13007	1
14755	10687	1
11824	6025	1
12861	15985	1
14844	14900	1
3729	6147	1
4577	3697	1
4735	5343	1
11824	5211	1
16371	4167	1
4886	14900	1
2420	3358	1
3967	3358	1
5546	15985	1
1133	8676	1
1134	8676	1
15782	14025	1
5211	11824	1
3190	8676	1
10449	10435	1
13973	9069	1
229	3420	1
5630	6903	1
16166	8610	1
6923	7012	1
11824	3796	1
15334	8547	1
11702	490	1
6321	2873	1
16207	5897	1
5570	6142	1
4485	3849	1
7949	1237	1
7961	1237	1
11824	1072	1
4604	1237	1
786	3420	1
5495	3854	1
10084	13807	1
2215	440	1
15300	16341	1
6669	2042	1
12840	4408	1
13884	10649	1
5579	5580	1
8031	13599	1
6193	11767	1
11497	15828	1
9659	7443	1
5977	12842	1
3092	13807	1
1072	11824	1
10869	10094	1
5709	6128	1
9538	7805	1
786	1079	1
4112	14540	1
10687	5634	1
5227	3605	1
8192	4363	1
14078	1451	1
3502	13133	1
12383	12383	1
8160	1238	1
627	628	1
5970	623	1
16306	16306	1
2911	12580	1
786	1045	1
12546	10742	1
13273	16088	1
13007	1756	1
28	874	1
5634	10687	1
3383	2441	1
3799	1756	1
490	11702	1
261	11702	1
8735	4444	1
6935	5125	1
2270	3065	1
4019	718	1
8333	9477	1
16372	8935	1
328	272	1
3376	4006	1
3022	2248	1
2042	6669	1
7817	4006	1
14926	5875	1
2383	4355	1
8812	12324	1
9193	7378	1
7448	6810	1
16128	13291	1
16373	7048	1
1619	5266	1
4193	4937	1
12670	7308	1
11630	4260	1
16374	3929	1
11973	4755	1
16217	14886	1
2264	4209	1
8164	7223	1
6109	2390	1
564	2169	1
1268	8335	1
4950	4836	1
2270	1200	1
4006	3376	1
12670	14113	1
4836	4950	1
1119	9392	1
7530	7213	1
16375	16375	1
1953	7213	1
1119	869	1
8705	15665	1
16355	9058	1
6811	7056	1
5137	3575	1
14859	5488	1
11608	4363	1
6783	4662	1
786	4822	1
453	371	1
2260	997	1
12263	9056	1
2733	2694	1
5278	12650	1
14540	4112	1
371	453	1
371	515	1
5797	3450	1
3738	5128	1
8402	10778	1
4755	11973	1
9346	2588	1
869	1119	1
737	14051	1
1828	2541	1
9158	7526	1
3817	7085	1
12670	4781	1
11405	11445	1
14565	15611	1
10330	7204	1
15789	16343	1
6576	6513	1
3438	11521	1
4948	6037	1
1969	1708	1
15334	4001	1
4562	12684	1
10993	10993	1
5227	11521	1
4072	13980	1
2950	2460	1
6513	6576	1
13909	12598	1
5922	6066	1
4038	5849	1
4662	6783	1
1828	6783	1
12950	13689	1
6820	6165	1
4950	5392	1
6119	12958	1
5842	13072	1
10210	1530	1
6165	6820	1
1936	6132	1
15985	5546	1
15792	13829	1
16376	9346	1
623	371	1
12022	6131	1
5146	6131	1
5468	184	1
2650	5807	1
2416	6256	1
14307	15737	1
8802	10623	1
15535	15535	1
14849	4969	1
5593	13829	1
3545	4660	1
10568	12533	1
755	5090	1
12805	14471	1
15985	12861	1
9270	6200	1
4525	10207	1
8733	16309	1
5715	3669	1
4679	5502	1
4688	16309	1
10344	3615	1
15842	12759	1
5798	4748	1
12541	16274	1
7645	3353	1
6070	5355	1
11224	868	1
333	1451	1
3434	15460	1
5203	6312	1
11581	16377	1
4764	9671	1
14197	3315	1
2878	2877	1
4724	7108	1
8854	11060	1
3440	5888	1
6987	4266	1
10082	470	1
2578	385	1
4969	14849	1
9966	11514	1
277	470	1
7071	8671	1
7361	13737	1
11565	11751	1
16327	8530	1
5598	6648	1
9105	11751	1
3966	13980	1
10688	16333	1
9322	13833	1
11445	11751	1
3669	5715	1
5266	1619	1
3353	7645	1
15110	16370	1
1828	8881	1
163	1073	1
16358	2885	1
4084	2017	1
387	3521	1
2017	4084	1
4833	3938	1
15653	16378	1
16379	16379	1
15765	14527	1
1073	163	1
10547	6123	1
6418	5948	1
14807	14869	1
5116	1816	1
16370	16370	1
1149	14540	1
3177	3330	1
4355	2383	1
14695	14527	1
2352	3358	1
8452	3358	1
15106	10100	1
3605	5227	1
5258	5773	1
15624	3358	1
15720	7024	1
2559	5773	1
6418	5773	1
8684	9002	1
16380	10844	1
7056	6811	1
2270	4194	1
261	490	1
9002	3450	1
10844	16380	1
14071	6112	1
15665	8705	1
8676	3190	1
16381	16381	1
535	9610	1
2270	1229	1
16382	10815	1
15460	3434	1
9605	6085	1
4011	7637	1
4978	4657	1
6965	6964	1
12414	16168	1
11584	12915	1
9391	16168	1
1928	10116	1
27	5	1
3727	9031	1
4937	4193	1
10002	13213	1
16383	16384	1
7444	2083	1
16257	16257	1
10623	8802	1
4251	3944	1
4504	4504	1
4020	1069	1
11478	8014	1
6236	10368	1
12197	7995	1
12533	10568	1
6166	5133	1
3823	76	1
876	3190	1
16385	16069	1
1323	8367	1
7085	3817	1
4363	11608	1
15460	15460	1
16386	11661	1
7108	4724	1
8492	4724	1
12756	11948	1
14294	14195	1
12804	9790	1
15019	6556	1
13737	7361	1
16069	16385	1
4724	8492	1
4492	4724	1
9270	1372	1
9095	9005	1
3521	387	1
14869	7276	1
16387	7291	1
16021	16333	1
3008	3008	1
16168	7276	1
940	7178	1
16160	16160	1
12669	16282	1
7291	16387	1
16255	14876	1
8611	5096	1
8405	8405	1
8512	10641	1
7012	6923	1
10109	4922	1
12915	11584	1
10449	12200	1
2270	1897	1
6322	10230	1
2209	2210	1
13962	6893	1
5642	13734	1
997	2260	1
7078	7079	1
10065	10065	1
5849	4038	1
9727	4038	1
5325	10649	1
10623	8506	1
16288	1163	1
2397	1163	1
1372	9270	1
887	10450	1
1987	13851	1
7602	3258	1
12348	1163	1
3258	7602	1
12545	9863	1
9150	4949	1
5773	2559	1
5205	5204	1
1119	1120	1
1462	16341	1
14407	14408	1
6112	14071	1
14470	14470	1
1188	1517	1
16388	1207	1
4764	6017	1
16274	15745	1
11514	7983	1
15745	10783	1
9456	14947	1
4978	4317	1
5437	7320	1
5825	15800	1
1953	5693	1
14947	9456	1
7334	15106	1
9346	16376	1
7945	7688	1
8822	6564	1
15745	16274	1
383	382	1
12793	16282	1
14728	4090	1
3310	3964	1
6556	12142	1
1207	16388	1
15745	1898	1
16389	14831	1
1898	15745	1
4346	7810	1
14658	15159	1
14828	14831	1
1934	1886	1
16091	16092	1
16390	16391	1
8178	10768	1
8676	1133	1
9863	12545	1
7810	4346	1
15471	11014	1
16392	16392	1
3747	4358	1
16092	16091	1
10778	8402	1
4401	1444	1
14741	16393	1
4201	4200	1
16269	11294	1
6564	8822	1
8530	16327	1
8760	11294	1
1727	4006	1
6700	6635	1
4317	4978	1
13962	4978	1
13826	496	1
14831	16194	1
1420	1537	1
1388	16322	1
2234	12421	1
1407	10355	1
16282	13020	1
6635	6700	1
13851	1987	1
16391	16390	1
14503	3297	1
13567	11472	1
15405	15988	1
333	5076	1
13020	16282	1
1171	1854	1
4164	10900	1
9517	3673	1
1162	1516	1
13917	14868	1
14656	5217	1
10413	6564	1
2154	12217	1
11175	11947	1
3767	5217	1
1517	1188	1
1597	11472	1
5723	4006	1
16394	14494	1
13509	16099	1
2930	1217	1
4006	5723	1
11069	10623	1
11751	11565	1
8609	6059	1
11060	8854	1
5826	4753	1
7599	15988	1
1584	3190	1
16395	16395	1
3915	6224	1
14597	15988	1
524	816	1
8824	4653	1
15274	15274	1
12970	7986	1
14001	14152	1
12804	5896	1
11758	6243	1
6243	11758	1
14085	14085	1
5922	5	1
10743	10831	1
2885	11800	1
13144	13143	1
6977	12336	1
16209	7258	1
8261	2935	1
12670	4205	1
12336	6977	1
1022	1176	1
8843	7367	1
14152	14001	1
6562	8810	1
14527	15765	1
7530	5430	1
12802	5368	1
6294	7367	1
5368	12802	1
10685	8810	1
15079	7056	1
13687	12650	1
15505	5368	1
9300	15550	1
8810	10685	1
4047	6052	1
6426	6987	1
4839	2204	1
6052	4047	1
16274	3820	1
4946	11565	1
5368	15505	1
10002	12274	1
11469	15915	1
