7254	2416	1
3998	4279	1
4047	6052	1
16396	16396	1
907	9498	1
4235	3948	1
6174	1108	1
1310	2482	1
14307	10427	1
16397	5748	1
13273	12932	1
13432	7056	1
10685	8810	1
5570	6142	1
16398	16398	1
16382	12678	1
6987	6987	1
12580	2911	1
2480	15745	1
3190	1584	1
16397	5278	1
11584	12915	1
12842	5977	1
15159	14658	1
13336	5347	1
11565	4946	1
4946	997	1
6625	9892	1
2948	2546	1
8328	6490	1
1556	2420	1
2611	1009	1
1953	7800	1
1298	886	1
364	886	1
5798	6122	1
8798	4282	1
1120	1119	1
15162	8339	1
7012	3160	1
11485	16236	1
13734	5642	1
3493	3819	1
3014	2537	1
15917	15917	1
6820	6165	1
8854	11060	1
7800	1953	1
11060	8854	1
5693	1953	1
16327	16358	1
15550	9300	1
9571	16358	1
10638	11099	1
2390	5691	1
9798	806	1
6813	6812	1
2305	16215	1
5217	3767	1
1605	6812	1
15985	12312	1
1298	96	1
15737	2913	1
8611	9248	1
3930	4399	1
8150	9248	1
4753	5826	1
7128	10753	1
16161	10070	1
2913	15737	1
12420	1913	1
8013	16399	1
5970	9301	1
1913	12420	1
11514	9966	1
10568	12533	1
16400	6220	1
13102	3682	1
10255	7543	1
11751	7543	1
7551	7543	1
11714	11714	1
8243	5650	1
14859	9718	1
16149	14151	1
3301	14268	1
1516	2532	1
16401	16222	1
3930	387	1
8646	7074	1
6109	2390	1
16402	16403	1
10427	14307	1
4751	16355	1
387	2571	1
13289	7228	1
5922	5	1
97	11511	1
16404	9924	1
1740	3069	1
12540	14165	1
2636	1022	1
7408	3069	1
12420	3641	1
12263	12649	1
5970	14117	1
7776	4246	1
3555	8897	1
5641	3101	1
861	7605	1
10743	4014	1
16359	11310	1
16355	4751	1
7916	7624	1
4358	3747	1
5642	13734	1
16217	8680	1
1148	1147	1
16405	15964	1
3747	4358	1
9281	10651	1
8578	4755	1
9593	15984	1
3109	12117	1
15404	11026	1
4198	4814	1
5798	4024	1
12748	6765	1
1148	2568	1
7995	12197	1
9156	1338	1
5826	4753	1
15894	14449	1
6689	5357	1
10625	5582	1
15106	7334	1
2134	801	1
8810	6562	1
16406	5752	1
9879	1119	1
9879	16407	1
14001	14152	1
15985	16358	1
364	194	1
7276	14869	1
184	5468	1
6123	10547	1
14151	7119	1
9248	8150	1
5548	184	1
14073	14901	1
2605	11865	1
2482	1310	1
4321	9210	1
7627	3398	1
6037	4948	1
10547	6123	1
9391	8680	1
4660	5562	1
8451	12861	1
6564	10413	1
16408	1514	1
907	1860	1
16179	9409	1
9791	16387	1
16409	16410	1
4735	5343	1
12598	13909	1
9924	16404	1
6109	9159	1
2288	3772	1
364	2242	1
8492	4724	1
6251	2873	1
9863	12545	1
8611	8150	1
7367	8843	1
14232	3408	1
1305	371	1
1022	6927	1
11472	13567	1
84	16411	1
5970	15451	1
12942	13020	1
14197	7108	1
1584	876	1
4198	15720	1
5160	1005	1
9002	10932	1
6669	2042	1
3190	876	1
10266	14814	1
254	2295	1
16358	16358	1
6395	16412	1
1298	4179	1
8611	5096	1
4198	4504	1
10568	10567	1
16358	2885	1
16296	16295	1
14814	10266	1
3493	1740	1
5227	16009	1
9300	15550	1
8814	16009	1
2203	16009	1
876	1584	1
6700	14136	1
15745	2480	1
2885	9300	1
13942	13942	1
5922	3985	1
16372	8935	1
1338	9156	1
12958	6119	1
6987	2343	1
16236	11485	1
876	3190	1
611	550	1
16113	5379	1
16312	16312	1
994	1074	1
16413	3480	1
387	3930	1
364	3002	1
16055	16414	1
10070	16161	1
5613	5906	1
4444	8735	1
13026	13176	1
13567	11472	1
5826	14535	1
4948	6037	1
2646	7857	1
1133	8676	1
2422	3855	1
5582	10625	1
10002	7558	1
3493	4930	1
4836	8967	1
15461	15461	1
1022	2636	1
9570	2543	1
4198	5630	1
371	1305	1
6781	8859	1
3480	16413	1
8859	6781	1
5752	16406	1
11555	5164	1
4864	12377	1
16414	16414	1
12062	9351	1
9570	2596	1
10687	4007	1
886	1298	1
6613	16183	1
16415	14323	1
96	1298	1
12545	9863	1
5970	1854	1
7056	15079	1
5502	4679	1
861	6023	1
3799	5203	1
12593	11047	1
6119	12958	1
364	1523	1
12533	8823	1
14752	4300	1
6052	8823	1
5722	8823	1
715	4651	1
6183	4755	1
13695	8247	1
3967	1709	1
5325	5326	1
16390	16212	1
3803	6427	1
16387	9791	1
4983	4561	1
16387	6564	1
3493	1094	1
16378	15653	1
5922	207	1
2713	2059	1
2390	5341	1
12759	15842	1
16062	9042	1
13691	4949	1
5341	2390	1
5683	3213	1
6109	15013	1
4755	6183	1
4917	5379	1
334	3826	1
15870	859	1
1074	7285	1
16359	9957	1
13962	5382	1
10609	8008	1
861	437	1
8611	8967	1
12498	7967	1
15746	5326	1
5905	5905	1
6264	6023	1
5438	10118	1
3330	3177	1
2211	14494	1
2351	3358	1
16009	8814	1
3085	6289	1
9527	9388	1
4978	4317	1
5347	13336	1
12420	1202	1
5970	1405	1
9697	7399	1
2390	7863	1
3826	334	1
5757	1554	1
5203	3799	1
3177	3330	1
4246	7776	1
15194	9669	1
1740	7866	1
13411	7776	1
7622	7495	1
14043	15718	1
2390	6109	1
6564	16387	1
7140	7102	1
16416	16055	1
16413	7684	1
6847	838	1
691	2979	1
16414	16055	1
12420	6265	1
13213	10002	1
16417	9992	1
15599	9992	1
2855	997	1
12420	2960	1
997	2855	1
12275	13331	1
13350	10904	1
470	277	1
4715	3747	1
10688	16333	1
7988	13960	1
2776	15461	1
12176	7927	1
1854	1171	1
16358	6539	1
4445	5941	1
4198	1056	1
1761	3666	1
5598	5941	1
997	4946	1
1202	12420	1
6265	12420	1
4724	8492	1
2935	8261	1
10266	2446	1
5670	5248	1
2204	4839	1
3434	4946	1
4868	3411	1
2295	254	1
7495	7622	1
6635	6700	1
7624	7916	1
6454	7894	1
627	7989	1
4198	12161	1
10568	14198	1
16418	1537	1
2288	1171	1
1666	3723	1
11094	7983	1
3493	1938	1
10738	8619	1
2364	8619	1
824	2017	1
16212	16390	1
8578	6072	1
12420	11045	1
5922	3725	1
15624	11751	1
11745	16088	1
861	4346	1
7211	5524	1
11730	11788	1
5798	4653	1
6109	3315	1
8823	12533	1
11704	14156	1
10856	3160	1
8619	10738	1
8779	15925	1
15687	15720	1
9966	13884	1
6115	15720	1
10179	9069	1
8280	13884	1
14042	7952	1
16145	16419	1
12915	12915	1
16358	15985	1
6775	8656	1
2390	6355	1
6109	6355	1
16420	16421	1
16422	14848	1
4708	14197	1
9717	15925	1
12902	12178	1
11608	4363	1
8935	16372	1
2596	9570	1
16421	16420	1
16327	8530	1
2543	9570	1
10753	7128	1
12400	12400	1
265	266	1
16421	16421	1
6165	6985	1
838	6847	1
1431	13925	1
6668	2129	1
5859	3849	1
14715	13884	1
13331	12275	1
8153	6113	1
13018	6748	1
10002	7688	1
5970	3068	1
5635	16249	1
7484	6485	1
3727	3726	1
16423	16423	1
3493	5834	1
11045	12420	1
16306	16306	1
12420	10872	1
3483	680	1
15969	15969	1
6810	7448	1
4112	14540	1
6985	6165	1
3477	422	1
1030	10542	1
9879	6143	1
6820	6820	1
2390	6893	1
7309	9790	1
6810	8444	1
3930	2571	1
10542	9790	1
16009	1532	1
10355	1407	1
4198	2346	1
953	1366	1
207	5	1
7650	4888	1
16424	8743	1
1934	10152	1
4066	950	1
6812	7481	1
5374	4431	1
2700	7740	1
16425	16425	1
13154	12983	1
9977	16426	1
15985	15985	1
2011	9426	1
12756	11948	1
10647	12217	1
9381	8719	1
6452	6637	1
10568	8855	1
6637	6452	1
950	4066	1
9754	9474	1
7167	4212	1
10810	8139	1
5	207	1
5970	11161	1
3493	8421	1
14889	13826	1
12898	6977	1
496	13826	1
5922	16427	1
4564	2362	1
9570	9472	1
15925	7968	1
6668	3190	1
2288	4765	1
12664	12650	1
3054	2956	1
1132	4196	1
8008	10609	1
5288	6380	1
5997	6380	1
10625	14018	1
14018	10625	1
14837	10610	1
1005	5160	1
2956	3054	1
4212	7167	1
13200	5754	1
3722	2712	1
5922	10615	1
5448	15904	1
10927	10927	1
4183	5428	1
4330	3740	1
7113	2218	1
2455	15687	1
6610	6610	1
15687	2455	1
5747	6296	1
8007	5419	1
8656	6775	1
8391	4873	1
5977	2172	1
8719	9381	1
9777	15539	1
5419	8007	1
6427	3803	1
15539	9777	1
14779	11943	1
5520	2259	1
11943	14779	1
16009	2203	1
10568	13838	1
11294	16269	1
12006	11416	1
