5000	1112	1
14804	4024	1
9391	16168	1
6901	12540	1
1112	5000	1
13477	7333	1
9069	8512	1
2714	13925	1
16205	15006	1
7523	7523	1
1037	15535	1
931	15744	1
13573	8886	1
10315	5845	1
6117	6116	1
5423	8512	1
4816	15153	1
12353	15034	1
10736	9477	1
3923	9184	1
6116	6117	1
12433	16117	1
885	1718	1
3716	7089	1
12456	15365	1
5072	8512	1
7235	4555	1
10938	13538	1
5520	3068	1
3979	488	1
11014	16187	1
7916	8150	1
14525	1105	1
16168	9391	1
16206	16206	1
3512	4034	1
16204	16204	1
15474	15473	1
7517	10715	1
9924	4318	1
4226	2647	1
10620	7361	1
6490	4320	1
5944	4320	1
4034	3512	1
7517	5684	1
15642	4320	1
2949	2735	1
3453	6783	1
11516	14226	1
692	2441	1
16207	16208	1
5662	1208	1
12196	4657	1
16127	2989	1
12009	11472	1
8512	5423	1
16209	1112	1
15162	11908	1
9184	3923	1
14577	8935	1
4657	12196	1
8280	6334	1
12164	6127	1
3575	11026	1
7922	4020	1
7969	5888	1
9204	16210	1
16178	15928	1
9644	11909	1
11687	7690	1
16101	16101	1
5617	6127	1
16211	16212	1
10435	8291	1
9104	6034	1
16213	6411	1
302	301	1
1126	4959	1
222	2190	1
10262	3967	1
6321	10576	1
6700	4250	1
12758	8113	1
1056	1055	1
7629	4657	1
12660	4087	1
10623	3569	1
1055	4725	1
6127	5617	1
6918	1360	1
695	1642	1
16214	1642	1
15937	12167	1
7448	8649	1
11403	8903	1
2817	3547	1
3621	7487	1
11387	8903	1
1740	3674	1
6428	8460	1
12565	5678	1
4207	12369	1
5463	3077	1
7228	12773	1
15792	13829	1
5520	5797	1
16215	16215	1
6844	6758	1
2305	16215	1
14825	4281	1
16216	4260	1
7860	2242	1
2555	4260	1
16217	2913	1
16215	5879	1
1062	5879	1
2044	2045	1
5899	15938	1
16218	14321	1
16219	16177	1
16177	16177	1
15509	12899	1
8903	11403	1
16220	16220	1
3972	2392	1
10721	13770	1
563	5303	1
16221	13325	1
222	190	1
2203	3605	1
7783	5357	1
1268	8335	1
166	167	1
7084	16222	1
16223	10781	1
14346	12546	1
4747	14478	1
4703	2114	1
4916	1806	1
3852	4159	1
6120	6121	1
11676	7624	1
12042	8441	1
13829	15792	1
16224	14732	1
4359	1806	1
2752	14970	1
10464	7624	1
563	4119	1
12196	12196	1
1081	997	1
15666	10343	1
278	7364	1
13273	16088	1
15034	12353	1
5676	150	1
6997	14690	1
12599	13588	1
5368	6332	1
2045	2044	1
12431	16225	1
5184	6810	1
7211	7370	1
10343	15666	1
5546	10158	1
13121	14930	1
6810	5184	1
4900	4888	1
16163	13220	1
16203	16202	1
5693	6211	1
15835	2369	1
14930	13121	1
1855	2870	1
4983	6329	1
3493	3819	1
11026	3575	1
15123	8788	1
11639	6281	1
8512	9069	1
8790	1571	1
12546	14346	1
5741	638	1
15985	10330	1
3014	3015	1
16226	12805	1
11472	12009	1
5428	4183	1
2307	3465	1
9681	2356	1
3497	1891	1
1571	8790	1
3967	10262	1
7260	515	1
6322	4051	1
3105	10922	1
150	5676	1
9488	2506	1
1105	14525	1
5485	5642	1
3653	2439	1
7624	11194	1
863	539	1
1045	8354	1
14462	4647	1
4226	11681	1
7844	16044	1
222	901	1
15735	15735	1
6088	3671	1
13490	3671	1
16140	16185	1
3315	2914	1
5544	5522	1
13088	3601	1
5642	5485	1
7361	5722	1
6788	2343	1
1022	12010	1
10262	2260	1
9009	640	1
5170	1842	1
628	627	1
5926	5468	1
692	2627	1
2484	4930	1
5485	14522	1
7908	7509	1
5981	6519	1
7361	10620	1
6519	5981	1
7690	11687	1
14315	14844	1
16216	3462	1
16204	2347	1
15938	5899	1
6088	5376	1
1360	1361	1
1859	2347	1
15683	11160	1
5047	5893	1
14690	6997	1
5468	5926	1
625	5062	1
16008	16008	1
692	1692	1
8886	13573	1
16224	53	1
7560	16137	1
563	9713	1
12561	2533	1
2127	8526	1
10968	6845	1
15164	16110	1
7086	13751	1
16227	16228	1
12010	12372	1
16117	16117	1
7765	7765	1
493	3091	1
8974	16129	1
8903	11387	1
5366	12779	1
222	1687	1
13111	6668	1
15429	10094	1
10304	16031	1
16229	4980	1
563	14831	1
12861	16161	1
14565	12217	1
10609	11186	1
7108	3545	1
8785	11186	1
12816	16110	1
563	4457	1
2797	702	1
5988	822	1
5678	13311	1
3344	5866	1
2838	2116	1
627	628	1
28	5622	1
6034	5866	1
14226	11516	1
4888	4900	1
6513	6576	1
7206	10714	1
5000	4900	1
4917	623	1
2838	11704	1
7005	11704	1
5984	10714	1
1453	2431	1
4106	6783	1
8446	16129	1
14531	13581	1
13791	13791	1
1232	13791	1
673	13597	1
7333	13477	1
13599	8031	1
7215	11194	1
865	4448	1
3549	185	1
1642	16214	1
3547	2817	1
5250	2052	1
14210	14844	1
6452	6637	1
222	71	1
366	14229	1
11676	11676	1
5172	12010	1
13275	12340	1
6343	4883	1
2431	1453	1
9210	1842	1
11344	7521	1
1996	3547	1
16230	8490	1
14901	14073	1
15686	850	1
9560	4482	1
16167	5970	1
2282	3571	1
3849	5496	1
1022	1677	1
8490	2647	1
5893	5047	1
9330	3257	1
1806	4916	1
14771	2297	1
13390	7175	1
7175	13390	1
1452	1451	1
7291	2698	1
6158	11372	1
222	382	1
7517	11111	1
7056	14025	1
6281	11639	1
9388	11734	1
5357	7783	1
7624	10464	1
7509	7908	1
5693	11734	1
7756	7908	1
7025	5107	1
16137	7560	1
10856	8822	1
1677	1022	1
5042	9680	1
6120	2596	1
847	3176	1
5593	13829	1
2116	2838	1
11704	2838	1
13702	10741	1
5	13180	1
4485	8173	1
13829	5593	1
5488	13737	1
9477	10736	1
4718	7012	1
4983	4561	1
16179	9786	1
15153	4816	1
2578	13493	1
751	862	1
9936	13493	1
222	4112	1
14992	182	1
1207	7842	1
5047	2284	1
1599	2420	1
5843	7042	1
4341	1599	1
8610	16166	1
2420	1599	1
5678	12565	1
15153	15153	1
2114	4703	1
1037	16031	1
8932	16166	1
11742	5752	1
7517	8967	1
15079	14025	1
7860	8967	1
13493	9936	1
9862	14844	1
6088	3367	1
5660	1338	1
13538	10938	1
7813	11947	1
15561	7776	1
2356	9681	1
488	3979	1
8676	1134	1
12485	10195	1
11294	15139	1
2797	9182	1
16231	15902	1
15811	11160	1
10354	8990	1
4939	5537	1
1368	1280	1
6783	3453	1
1134	8676	1
6671	3480	1
6158	13985	1
8544	13361	1
14478	4747	1
10031	6957	1
14886	15620	1
3721	133	1
12397	12773	1
10737	10569	1
2598	8285	1
7020	11806	1
8222	15620	1
4692	9031	1
14844	9862	1
3176	847	1
7083	5753	1
7639	6316	1
274	5314	1
692	7752	1
10569	10737	1
5970	16167	1
3642	1997	1
3721	9064	1
3651	3190	1
9754	9474	1
16048	16232	1
832	12217	1
12587	13390	1
7353	8533	1
5330	1858	1
14342	7526	1
10069	7526	1
13180	5	1
13985	6158	1
11372	6158	1
14654	2749	1
7334	6977	1
4318	9924	1
1280	1368	1
2698	7291	1
4718	7291	1
8924	13599	1
3447	4233	1
668	9917	1
10435	8968	1
6637	6452	1
8968	10435	1
10435	1556	1
4233	3447	1
9402	12091	1
3850	4333	1
5753	7083	1
2085	3070	1
6306	9924	1
1556	10435	1
7776	14352	1
11111	7517	1
6088	6377	1
7860	5948	1
2804	1135	1
9067	6625	1
4030	6849	1
1935	4522	1
9493	4257	1
5722	7361	1
7005	9300	1
9273	5222	1
1506	3669	1
8452	5283	1
1069	15106	1
5283	8452	1
12656	5142	1
5368	13830	1
5798	4748	1
10623	11069	1
12033	16042	1
12779	5366	1
14522	5485	1
3434	15460	1
13361	8544	1
3287	7079	1
11069	10623	1
2519	2518	1
4346	4345	1
5628	1120	1
16042	12033	1
13900	1134	1
13851	1987	1
9067	6094	1
1120	5628	1
12197	7995	1
9263	9626	1
8295	7780	1
12535	15162	1
5981	6155	1
3545	7108	1
14916	8364	1
1872	9862	1
1713	3828	1
6875	1517	1
2809	2810	1
563	4576	1
4390	4525	1
5296	1517	1
16233	2712	1
2810	2809	1
2776	9626	1
10459	7688	1
2307	2423	1
4967	12071	1
4198	4814	1
5318	3826	1
8082	11977	1
16109	584	1
4281	8544	1
14462	5888	1
4444	6637	1
10611	8260	1
3237	422	1
6692	8447	1
9300	6637	1
15216	3809	1
4829	5054	1
15460	3434	1
9626	2776	1
11687	7780	1
530	210	1
13275	6985	1
10459	1900	1
688	689	1
11565	11751	1
8820	14577	1
5893	11751	1
12915	11584	1
5047	11751	1
11186	10609	1
7603	4554	1
1987	13851	1
5381	10387	1
3396	6530	1
9966	10478	1
8785	10609	1
4692	1568	1
8935	14577	1
8335	1268	1
7145	7780	1
1128	3264	1
1338	5660	1
4668	5622	1
2307	3366	1
13599	8924	1
4525	4390	1
755	6564	1
7361	13737	1
5826	10623	1
16234	15110	1
7082	13837	1
7800	11135	1
16166	8932	1
7801	3817	1
2288	5257	1
13979	13864	1
5735	14144	1
3178	314	1
21	5257	1
11040	718	1
3396	3786	1
14144	5735	1
15139	11294	1
1859	645	1
12540	6901	1
12931	6571	1
5043	4070	1
1109	5257	1
11751	5893	1
8591	5882	1
13751	7086	1
1006	5257	1
6646	5257	1
8247	8935	1
447	6749	1
563	5982	1
6094	12650	1
5054	4829	1
8935	8247	1
16112	6429	1
11751	5047	1
8544	13932	1
10231	15745	1
10922	3105	1
3016	15032	1
12594	5407	1
7688	9133	1
2307	2399	1
13553	11909	1
15194	9669	1
5406	5407	1
488	1514	1
4597	3826	1
7776	12413	1
13737	5488	1
387	2571	1
3396	5257	1
9669	15194	1
8285	2598	1
5110	2480	1
3921	5257	1
2307	2455	1
10354	12479	1
12413	7776	1
13229	8082	1
4047	2677	1
3257	9330	1
15106	10478	1
8204	8204	1
6052	2677	1
9962	14849	1
16235	16235	1
4051	6322	1
11715	9418	1
5110	940	1
14288	5504	1
1497	3706	1
13350	9085	1
6123	16236	1
14462	10537	1
5301	16237	1
14039	4092	1
11734	5693	1
12568	6901	1
10363	4092	1
15620	8222	1
16238	16238	1
4029	12271	1
7639	6901	1
8850	7651	1
16239	16239	1
5910	5910	1
6994	15229	1
6671	5591	1
4087	12660	1
7167	6017	1
4135	5190	1
6017	7167	1
2005	2006	1
12096	8909	1
5693	7902	1
8388	8036	1
3190	3651	1
6901	12568	1
8909	12096	1
13567	11472	1
9133	7688	1
15710	15710	1
5365	5570	1
2480	9330	1
10054	4020	1
6088	2135	1
271	328	1
10449	9600	1
535	9610	1
6100	14659	1
12965	12965	1
16237	5301	1
3186	15814	1
1583	1584	1
6435	6436	1
523	16237	1
13932	8544	1
9251	10389	1
6758	6844	1
8676	8333	1
12664	12650	1
12533	13749	1
16236	6123	1
902	706	1
12467	11301	1
10611	15664	1
8845	8942	1
8690	5090	1
12773	12397	1
7079	3287	1
2903	1856	1
16240	10698	1
11551	15417	1
10435	7418	1
15784	15784	1
692	2883	1
10389	9251	1
2865	1628	1
4832	4812	1
1791	4611	1
1134	8333	1
14751	10032	1
4703	3297	1
7083	5531	1
4333	3850	1
6977	7334	1
3794	3561	1
8699	7449	1
8113	12758	1
6923	5075	1
6812	5862	1
15745	5862	1
15110	14482	1
5701	4034	1
13864	13979	1
4034	5701	1
7675	4810	1
14462	4114	1
6637	9300	1
9862	3820	1
6957	10031	1
9578	10374	1
13471	16241	1
9966	7334	1
11372	15579	1
4652	4537	1
6088	6253	1
14482	15110	1
5581	4293	1
294	5628	1
13572	6919	1
14411	11909	1
5866	3344	1
7276	14807	1
4092	14039	1
8177	3344	1
11135	7800	1
3297	4703	1
3865	6817	1
363	512	1
2506	9488	1
477	4703	1
7334	9966	1
13325	16221	1
6429	16112	1
8322	8323	1
850	95	1
1237	7949	1
2596	2842	1
15687	5752	1
222	70	1
13275	5857	1
6436	6435	1
7949	1237	1
8512	8320	1
1856	2903	1
3480	6671	1
2838	7983	1
222	12737	1
14807	14869	1
2588	2433	1
2433	2588	1
1997	3642	1
2842	2596	1
3315	13851	1
5190	5904	1
2838	6888	1
13837	7082	1
7859	16221	1
13851	3315	1
3297	9488	1
5258	5773	1
7922	13261	1
4135	5904	1
5636	10620	1
7449	8699	1
2289	2455	1
10699	2308	1
2330	7083	1
13877	10390	1
5468	5783	1
16221	7859	1
6530	3396	1
14577	4195	1
4718	6034	1
14229	366	1
7967	13343	1
16129	8974	1
15683	12899	1
15422	10158	1
13663	10838	1
8333	8676	1
10084	9369	1
2209	6113	1
2307	2403	1
15718	8824	1
5745	2785	1
3215	2171	1
16242	9732	1
5700	2171	1
15664	10611	1
2994	5257	1
7418	10435	1
8260	10611	1
7908	7756	1
563	2973	1
9410	2979	1
8040	6193	1
7902	5693	1
8333	1134	1
3109	5374	1
6749	447	1
5003	6919	1
14869	14807	1
10435	7484	1
9369	6193	1
4748	5798	1
6494	15411	1
1934	10152	1
13737	7361	1
210	530	1
922	5257	1
16243	13869	1
11417	15120	1
4522	2902	1
2420	16195	1
6810	11069	1
13869	16243	1
13574	14825	1
13490	9597	1
10374	9578	1
6556	1009	1
4604	9147	1
2420	1009	1
4281	14825	1
2653	5257	1
1568	4692	1
13557	15628	1
4141	8681	1
3699	447	1
8545	10986	1
15120	11417	1
3178	5753	1
13830	5368	1
3669	1506	1
6689	7715	1
1739	4015	1
16237	523	1
715	4651	1
7622	7495	1
10523	7866	1
1245	2455	1
7983	2838	1
6888	2838	1
6236	10368	1
5904	4135	1
8903	8260	1
6037	9397	1
1837	2712	1
10206	9	1
9600	10449	1
15518	4102	1
3051	1279	1
5347	10250	1
7922	4439	1
14263	4613	1
1361	1360	1
1935	5257	1
1599	6213	1
7517	8402	1
5516	11275	1
8681	4141	1
5752	15687	1
957	15067	1
12816	3288	1
328	271	1
6637	4444	1
7416	7491	1
6817	3865	1
10826	12777	1
2039	14849	1
9138	11556	1
6845	6485	1
6380	6234	1
4810	7675	1
7868	4632	1
4653	8824	1
455	8519	1
12881	15792	1
15062	12570	1
3967	1709	1
9876	9389	1
5374	5904	1
5871	2341	1
10177	3954	1
16185	16140	1
5653	3502	1
11194	7215	1
5904	5374	1
10522	14844	1
5896	5217	1
2307	3855	1
12033	9176	1
6919	13572	1
2838	6621	1
16042	9176	1
9176	12033	1
4588	4524	1
2611	9192	1
13664	7423	1
7715	6689	1
16210	2909	1
2677	6052	1
11472	13567	1
