1661	95	1
4946	14844	1
829	829	1
940	13215	1
62	6170	1
10112	3512	1
15745	5862	1
11864	8721	1
11472	13567	1
6810	5184	1
2941	10663	1
11751	5893	1
12632	9105	1
8886	8855	1
3493	9669	1
4864	4863	1
4362	6447	1
10158	5546	1
5693	7902	1
16243	13869	1
12533	14198	1
13659	13869	1
16290	4108	1
13898	14307	1
9862	14844	1
3834	3999	1
6447	4362	1
13734	5485	1
266	3350	1
11565	14844	1
6420	8052	1
12861	15985	1
10330	15985	1
5378	1921	1
5316	11788	1
9105	13156	1
5352	6334	1
15925	15925	1
6216	2902	1
5546	15985	1
1713	2273	1
2330	4320	1
490	1565	1
252	10778	1
6069	9325	1
9346	2902	1
13599	16003	1
11918	5790	1
15628	13557	1
6513	4589	1
3088	7543	1
7551	7543	1
3020	7543	1
1750	8757	1
3450	7543	1
14968	7602	1
2713	2059	1
14307	13898	1
7229	7204	1
5263	9095	1
15390	16151	1
14895	15737	1
3820	6245	1
5789	12344	1
3224	3983	1
15153	4816	1
14805	15780	1
5684	13989	1
9367	9436	1
8247	8214	1
8214	8247	1
6713	6562	1
523	16237	1
6936	4218	1
10061	13989	1
3462	4260	1
10956	4335	1
6248	15555	1
11121	5234	1
698	3621	1
10390	13877	1
8924	8925	1
15411	6494	1
3190	1584	1
14916	11074	1
16291	11074	1
5300	3042	1
9717	12483	1
4577	4384	1
4777	6294	1
16209	1112	1
4092	10363	1
5904	5374	1
5468	5783	1
8308	5783	1
7446	8951	1
2997	3561	1
6227	15898	1
511	1572	1
7938	6348	1
16292	13854	1
5485	14522	1
5753	7083	1
14121	16293	1
5485	13734	1
6997	14321	1
1252	12281	1
5767	15869	1
14382	14321	1
15120	12006	1
16286	14330	1
4975	5629	1
7165	6530	1
13851	3315	1
14814	11497	1
3930	2571	1
14478	7622	1
2433	7634	1
1750	1008	1
6653	12142	1
8611	8150	1
5641	3100	1
5347	10250	1
8925	8924	1
5042	9680	1
3893	8037	1
6997	2311	1
4589	6513	1
13416	12361	1
2554	3383	1
914	6942	1
8812	12324	1
10560	5932	1
1718	885	1
3826	4597	1
3450	3088	1
4368	3493	1
13989	10061	1
4724	8160	1
12814	21	1
21	12814	1
10753	13492	1
1571	974	1
7235	4555	1
6513	8876	1
13023	8763	1
12992	10861	1
14657	2128	1
824	582	1
5628	294	1
16294	16294	1
6942	914	1
294	5628	1
16295	16296	1
15985	10330	1
9325	6212	1
14471	12805	1
8824	8824	1
14437	15897	1
10363	4092	1
2045	2044	1
2191	9795	1
4613	15866	1
16297	10550	1
16298	3822	1
5566	3795	1
447	3699	1
9418	11715	1
4160	2428	1
974	1571	1
5687	107	1
7061	6609	1
15898	6227	1
8026	6453	1
12228	7102	1
2428	4160	1
3795	5566	1
11294	15139	1
8415	12133	1
13580	11779	1
16166	8932	1
6689	7715	1
6997	3992	1
1470	3912	1
6005	12148	1
486	12962	1
8886	5984	1
6653	5601	1
8646	8490	1
3999	14962	1
2127	8526	1
3055	10602	1
3353	7645	1
4352	11616	1
907	9498	1
2882	10563	1
12324	8812	1
7264	16078	1
3287	7079	1
6580	5679	1
4390	4525	1
7690	11687	1
4692	9031	1
2171	3215	1
8247	11687	1
8763	12134	1
12134	8763	1
3022	2248	1
1362	2730	1
5880	5981	1
5000	2248	1
5767	9926	1
15039	15911	1
4816	15153	1
2883	4634	1
6997	14382	1
5222	9273	1
4341	13187	1
1750	1584	1
15624	15624	1
7776	4246	1
876	1584	1
7368	9299	1
11826	4092	1
8763	13023	1
6043	6044	1
4218	6936	1
13634	12316	1
4341	7076	1
6997	2106	1
9754	9474	1
15110	7020	1
9020	3118	1
16237	523	1
5352	6811	1
9670	6811	1
8127	4221	1
16299	16300	1
382	2190	1
1399	1398	1
3042	5300	1
9273	5222	1
5042	431	1
2247	4898	1
10503	8526	1
12545	15223	1
16122	9000	1
15792	13829	1
7020	15110	1
2420	4453	1
11813	11147	1
7579	2443	1
12483	15925	1
15886	3303	1
3817	5361	1
15985	5546	1
4087	2715	1
4651	715	1
11530	11691	1
9095	5263	1
14565	12217	1
2715	4087	1
13215	940	1
15471	16187	1
6653	1869	1
7927	12176	1
4525	4390	1
6671	3480	1
11687	8247	1
9031	4692	1
912	1599	1
8247	10687	1
12176	7927	1
3480	6671	1
4260	718	1
7345	10893	1
5352	3010	1
2443	7579	1
5018	1828	1
2749	14654	1
623	6427	1
11676	7625	1
10959	7484	1
14886	9391	1
2044	2045	1
4742	5270	1
4475	564	1
9325	6069	1
968	2017	1
5361	3817	1
16161	16282	1
11031	6069	1
5347	5282	1
1829	1830	1
9000	16122	1
7306	2868	1
7625	11676	1
7624	11676	1
4135	5904	1
5783	15420	1
13553	10620	1
15835	2369	1
13149	425	1
7352	2933	1
11147	11813	1
8490	8646	1
14531	13581	1
4664	4662	1
10959	3136	1
6119	12958	1
15067	957	1
3930	387	1
16301	4270	1
16302	3055	1
16303	10021	1
240	438	1
941	11372	1
7551	744	1
11372	941	1
2019	935	1
6294	4777	1
12958	6119	1
16298	858	1
6212	9325	1
905	628	1
15579	11372	1
4333	3850	1
11959	11960	1
16017	13962	1
15228	6446	1
13989	5684	1
4886	1969	1
5684	7012	1
7079	3287	1
4863	4864	1
16298	3581	1
1841	12466	1
3850	4333	1
3835	1377	1
7361	13737	1
16304	16304	1
9329	4781	1
5368	2979	1
2512	14236	1
10145	2979	1
12532	6031	1
10761	2909	1
9276	4747	1
4384	4577	1
3605	5227	1
5188	5227	1
4611	6525	1
12076	16305	1
15717	10355	1
15223	12545	1
4680	564	1
6653	492	1
7523	7523	1
13411	7776	1
16306	16306	1
4146	14901	1
107	5687	1
9366	3234	1
1133	7831	1
6193	9369	1
15985	12861	1
6141	786	1
8932	16166	1
4710	2163	1
9165	9550	1
10620	13553	1
2017	968	1
1774	4605	1
9825	3415	1
2433	4755	1
16003	13599	1
14382	2506	1
13593	1802	1
14876	16255	1
4755	2433	1
4045	3462	1
8816	8593	1
1202	3462	1
5813	15737	1
6977	12336	1
10959	1476	1
13985	11372	1
3913	14844	1
564	4680	1
2545	3462	1
13220	3462	1
1584	876	1
11372	13985	1
3975	9550	1
1055	4725	1
4593	3234	1
5330	3462	1
3430	3234	1
10003	12336	1
1858	3462	1
1830	1829	1
6488	3462	1
4059	12466	1
3166	3380	1
8584	12600	1
1936	3462	1
5767	71	1
2450	779	1
14654	2749	1
3701	7705	1
10531	2567	1
1451	1452	1
9204	3462	1
5386	10982	1
9550	3975	1
2478	3462	1
6427	623	1
9184	3923	1
4942	7705	1
4260	3462	1
12318	6853	1
14237	10649	1
14426	10623	1
10130	5282	1
14522	10623	1
5125	3978	1
14428	8676	1
936	12116	1
5190	10464	1
3440	1506	1
16307	16307	1
9240	9388	1
14761	14760	1
12369	4036	1
4279	3998	1
8160	4724	1
13095	384	1
1200	3931	1
3303	15886	1
5402	8899	1
5670	11724	1
3480	13117	1
1439	5355	1
8320	15988	1
1280	1625	1
564	2169	1
14760	14761	1
4733	16308	1
1368	1625	1
2137	5355	1
11779	13580	1
9973	15988	1
2169	564	1
3089	8378	1
8544	4281	1
7235	9378	1
12825	5123	1
4281	8544	1
14522	8935	1
3616	9645	1
6811	9670	1
4341	12587	1
1625	1368	1
2562	344	1
15035	15737	1
11845	10756	1
5047	11751	1
8816	3658	1
7012	5684	1
2420	1708	1
5893	11751	1
2559	5773	1
9009	3399	1
1068	1933	1
11445	11751	1
509	13580	1
13989	5982	1
5366	12779	1
3514	1339	1
2420	1556	1
11948	12756	1
435	11077	1
16309	16310	1
8903	11387	1
15737	5813	1
9327	4741	1
2051	4868	1
12779	5366	1
10246	9300	1
13046	4538	1
3088	3450	1
14807	14869	1
13962	16017	1
3118	9020	1
6609	15104	1
13567	11472	1
7671	7042	1
1452	1451	1
11751	5047	1
2733	2730	1
4120	4363	1
8082	4363	1
7424	15098	1
8222	2480	1
3568	2480	1
3512	4034	1
16288	2480	1
4755	12899	1
16306	1770	1
12899	4755	1
3303	3171	1
8451	12861	1
14849	2039	1
3822	858	1
13580	509	1
3855	7901	1
702	3575	1
10623	11069	1
6108	9375	1
4747	9276	1
8886	2928	1
9658	4253	1
2265	1842	1
10623	14426	1
12812	15656	1
14657	12071	1
8825	12243	1
6170	62	1
16311	15144	1
4112	14540	1
11069	10623	1
384	13095	1
14546	12403	1
779	2450	1
16312	16312	1
14849	7901	1
4363	8082	1
2096	2199	1
5352	6864	1
14540	4112	1
11074	14916	1
3658	8816	1
2086	14968	1
4253	9658	1
15505	12802	1
5026	5027	1
15523	6738	1
4162	4315	1
13149	15560	1
15104	6609	1
15854	9223	1
2937	16313	1
11243	9223	1
3315	13851	1
3506	5318	1
5904	4135	1
7602	15745	1
4868	2051	1
15745	7602	1
5448	5128	1
21	1442	1
1733	503	1
3415	9825	1
9415	9415	1
3462	7932	1
582	824	1
1793	110	1
9391	14886	1
4950	4836	1
12756	11948	1
7761	7791	1
2742	2730	1
6069	11031	1
11094	7983	1
957	15067	1
9318	8934	1
4207	1011	1
16304	4810	1
11853	7601	1
9378	7235	1
15144	16311	1
16314	16315	1
7983	11094	1
2730	2733	1
9617	11164	1
2039	14849	1
3413	4788	1
16269	7893	1
4836	4950	1
8651	7012	1
425	13149	1
14968	2086	1
2297	14771	1
12599	12571	1
15560	13149	1
5773	2559	1
8935	12383	1
12383	8935	1
9894	7862	1
12413	11164	1
2480	3568	1
4696	2084	1
13869	16243	1
7465	14913	1
553	11164	1
4538	13046	1
3800	7626	1
14326	6403	1
8460	9192	1
3502	1064	1
1064	3502	1
7086	13751	1
7273	5278	1
15417	11551	1
2480	16288	1
15588	15587	1
9325	5972	1
16316	10754	1
4778	9402	1
15780	14805	1
13449	13449	1
4242	7054	1
11031	11031	1
16255	14876	1
4571	8698	1
4363	10002	1
9223	4810	1
314	5924	1
16317	16317	1
4828	5185	1
95	10562	1
12596	9378	1
7257	9412	1
6637	6452	1
16318	2588	1
14330	16286	1
1229	5185	1
14844	3913	1
1750	10713	1
8568	7176	1
7012	8651	1
3326	6963	1
16319	16320	1
8049	8365	1
14101	765	1
12870	16321	1
7188	16209	1
4747	7622	1
5027	5026	1
15639	7800	1
7495	7622	1
3930	2304	1
5299	5793	1
3679	3079	1
2480	8222	1
16269	11294	1
1584	3190	1
724	261	1
6115	9894	1
8611	5096	1
2455	2289	1
4810	9223	1
5360	1062	1
7404	7432	1
7862	9894	1
3476	1744	1
16209	7188	1
9223	15854	1
14198	12533	1
16322	1388	1
4810	16304	1
1416	16271	1
1451	14078	1
1497	3706	1
5442	5009	1
5593	13829	1
5009	5442	1
13129	5466	1
13573	11014	1
3743	5791	1
6113	5758	1
13492	10753	1
13027	12911	1
475	16204	1
10537	11411	1
8365	8049	1
13179	13179	1
5972	9325	1
11014	13573	1
7901	3855	1
14928	14274	1
11411	10537	1
628	905	1
7622	7495	1
10959	8184	1
431	5042	1
1516	2532	1
9213	8496	1
261	724	1
12664	8320	1
7071	8671	1
845	5818	1
1750	3190	1
16209	7336	1
261	11001	1
786	6141	1
12336	10003	1
7656	8029	1
13117	3480	1
9402	10699	1
6653	1954	1
4341	1349	1
2289	2455	1
12802	15505	1
16147	16147	1
2364	8619	1
8079	410	1
11051	3563	1
4390	2802	1
5184	6438	1
4525	2802	1
16173	16172	1
3343	2894	1
395	2894	1
16319	16323	1
2726	8711	1
5300	8162	1
13750	14947	1
9138	16209	1
5597	8160	1
14947	13750	1
15079	14025	1
15593	15593	1
3238	12477	1
8199	473	1
10778	252	1
3660	12403	1
11031	410	1
5144	5897	1
6612	6319	1
182	14992	1
16282	16161	1
14382	16324	1
6977	7334	1
2909	10761	1
366	14229	1
3742	4682	1
11077	435	1
5206	5142	1
7056	14025	1
4662	4664	1
12953	4429	1
16325	4045	1
1358	424	1
7083	5753	1
8243	5650	1
3930	5779	1
5818	845	1
7382	16270	1
15422	12345	1
6495	6274	1
16241	5382	1
13149	16326	1
10582	9735	1
16204	2347	1
1923	657	1
14844	3984	1
16327	1076	1
15421	11043	1
5091	424	1
13424	5598	1
11043	15421	1
6513	2379	1
10003	6135	1
16328	5716	1
10918	16177	1
13851	1987	1
15834	16177	1
16329	16177	1
9008	16177	1
7733	16177	1
13990	16088	1
8323	8322	1
7831	1133	1
8301	9639	1
2289	3082	1
5650	8243	1
13925	15930	1
7178	940	1
3984	14844	1
920	6458	1
5717	1420	1
4341	11565	1
6135	10003	1
6127	4935	1
16288	1163	1
1439	6070	1
5217	4409	1
8568	6562	1
11751	11565	1
8391	4873	1
1987	13851	1
4988	1200	1
4025	1565	1
7068	2441	1
110	1793	1
1163	16288	1
3399	9159	1
16241	7988	1
5248	5670	1
11724	5670	1
5382	16241	1
7988	16241	1
2532	1516	1
16330	16330	1
13048	13601	1
13884	10649	1
7884	11069	1
1897	2297	1
8816	7620	1
1163	2397	1
12477	3238	1
6380	3576	1
2084	4696	1
10868	8665	1
3998	4279	1
8162	5300	1
2397	1163	1
5227	3605	1
4030	4514	1
5376	4009	1
4445	6270	1
13877	10390	1
14201	15162	1
4747	8222	1
4657	3404	1
9575	9575	1
1567	9389	1
6674	7683	1
8721	1840	1
4409	5217	1
3109	3110	1
6547	14995	1
5565	3559	1
1530	10210	1
3989	287	1
1076	16327	1
3433	2863	1
5979	905	1
3822	3824	1
4613	14263	1
13689	385	1
8160	5597	1
12961	10174	1
11294	16269	1
7893	16269	1
3404	4657	1
4009	5376	1
1105	13354	1
8208	6260	1
13652	11758	1
9105	11565	1
1660	4293	1
12086	8591	1
5581	13938	1
5632	5631	1
5241	1506	1
6319	6612	1
15234	6157	1
2297	1897	1
14274	14928	1
10687	4287	1
13665	510	1
8899	6649	1
510	13665	1
424	1358	1
11565	9105	1
3348	4601	1
3563	11051	1
4601	3348	1
15664	10611	1
6804	13311	1
12023	1210	1
15737	2913	1
441	11800	1
9670	14025	1
1584	1583	1
1377	3835	1
8071	10411	1
424	5091	1
4287	10687	1
11201	6066	1
16331	16331	1
2325	13292	1
15555	6248	1
8711	2726	1
3930	12532	1
5142	5206	1
9351	12062	1
11514	9433	1
11372	15579	1
1506	5241	1
4007	8932	1
6648	5598	1
15925	12483	1
10415	5234	1
11584	12915	1
435	5417	1
765	14101	1
14123	2596	1
8671	7071	1
6649	6721	1
1268	2017	1
8721	11864	1
10928	5206	1
13187	13187	1
1176	2354	1
8222	4747	1
3177	3330	1
14746	4260	1
4353	3327	1
2596	14123	1
3988	238	1
2354	1176	1
2922	8472	1
6458	920	1
1110	2087	1
4659	4006	1
15023	10285	1
