4523	5054	1
11948	12756	1
15422	1419	1
13777	8261	1
6155	12259	1
3149	7345	1
12756	11948	1
5286	5285	1
1466	3401	1
6332	5368	1
5366	12779	1
16163	2610	1
2915	3401	1
13830	5368	1
7345	3149	1
1058	12429	1
5459	3240	1
6409	7552	1
4577	5717	1
8222	4747	1
11908	15162	1
1985	14400	1
14837	5862	1
4577	2433	1
4777	6294	1
16164	8380	1
10680	15595	1
11220	14816	1
11121	12671	1
14151	16149	1
16165	7195	1
13973	10984	1
21	9245	1
8950	8435	1
14825	7232	1
8745	15925	1
12483	15925	1
6622	1373	1
10984	13973	1
4092	11826	1
4708	6621	1
5042	15898	1
15452	15925	1
6490	8974	1
11826	4092	1
3287	7079	1
6888	12899	1
4280	15898	1
15793	15794	1
7072	15925	1
4245	8870	1
7074	11758	1
2915	9268	1
4257	2364	1
4747	8222	1
15628	2588	1
15068	10435	1
7079	3287	1
988	54	1
3138	5581	1
2397	8791	1
15162	11908	1
7108	8222	1
13962	2483	1
5368	13830	1
6533	4655	1
9202	4810	1
6932	11167	1
1077	5862	1
8854	12413	1
13599	8460	1
10569	8460	1
5066	5514	1
8243	5650	1
9366	15687	1
5468	5877	1
3777	1218	1
16120	8522	1
3098	4102	1
13307	13307	1
8363	13308	1
4102	5240	1
11511	1240	1
11270	6135	1
14	1240	1
4983	6329	1
7276	14807	1
9706	14042	1
3088	7543	1
3366	6489	1
3276	9104	1
1930	5766	1
8004	490	1
14678	12342	1
15130	2199	1
15892	4860	1
8222	2727	1
3068	2116	1
13215	940	1
6319	12458	1
8934	10924	1
46	13165	1
3865	1360	1
7997	15436	1
9392	2714	1
7108	3315	1
6556	1009	1
3079	2911	1
3138	858	1
7622	4747	1
10351	4747	1
9276	4747	1
4577	6309	1
10737	7997	1
16163	10380	1
2392	2216	1
10737	8670	1
10924	8934	1
16166	914	1
7126	2260	1
6094	6879	1
10982	10783	1
11384	12388	1
13483	12855	1
4200	4201	1
1105	14525	1
7126	2725	1
125	412	1
10243	6457	1
2364	4257	1
8150	15640	1
11249	7602	1
6533	10677	1
696	14260	1
14768	13961	1
13581	14531	1
5970	16167	1
15640	8150	1
14909	7336	1
16168	8680	1
16166	8610	1
11530	15469	1
6163	9270	1
4547	2260	1
16167	8290	1
447	4265	1
14041	13381	1
4810	7986	1
16169	11899	1
12413	8854	1
13381	13381	1
9109	9345	1
13381	14041	1
8347	8700	1
1466	11382	1
1466	449	1
2392	3972	1
644	3091	1
5206	3626	1
12458	6319	1
16164	8173	1
221	3091	1
6922	5861	1
3262	16143	1
3040	3091	1
5720	5266	1
6489	3366	1
4939	4769	1
2871	6089	1
6014	6015	1
914	16166	1
6094	6015	1
4577	4374	1
8610	16166	1
6811	15555	1
10051	15693	1
10183	9718	1
645	1848	1
7074	10024	1
54	4913	1
5054	4523	1
16170	3396	1
14050	11468	1
6135	5380	1
12561	2533	1
206	886	1
7014	11944	1
13538	1134	1
3626	5206	1
9477	1134	1
11445	11751	1
7873	7874	1
5893	11751	1
4769	4939	1
8935	6614	1
2915	2420	1
8524	11468	1
54	988	1
15110	14482	1
14482	15110	1
206	1108	1
13307	12758	1
16166	16166	1
6533	7535	1
14078	1451	1
12164	6127	1
4935	6127	1
4577	2807	1
5266	5720	1
15835	2369	1
314	8998	1
4295	8354	1
10737	12650	1
12397	13289	1
16163	6752	1
4025	8381	1
2714	9392	1
9104	3276	1
728	5532	1
10230	10374	1
5522	5544	1
10374	10230	1
7235	2914	1
6625	9892	1
159	2712	1
16166	11552	1
7509	7908	1
11552	16166	1
16160	8446	1
7352	2933	1
906	11858	1
8141	2902	1
16171	11722	1
6625	13973	1
801	2134	1
14715	13407	1
1466	3786	1
13884	13407	1
9031	4692	1
5745	1506	1
2383	4355	1
13101	7051	1
8852	2578	1
1134	9477	1
6533	5607	1
15925	7072	1
16172	16173	1
5565	5630	1
8162	11014	1
1871	4631	1
5520	2543	1
11751	5893	1
4577	9389	1
16053	5824	1
4577	14239	1
3950	5442	1
792	1623	1
7074	9172	1
8446	16160	1
1512	21	1
7108	4724	1
15055	15055	1
363	1295	1
5543	5523	1
14226	6987	1
6820	6165	1
7126	7308	1
10685	15988	1
6987	14226	1
6533	9561	1
9561	6533	1
1559	9058	1
5750	2399	1
13289	12397	1
12970	7986	1
4248	3948	1
6625	7537	1
6625	10507	1
7074	11161	1
6094	10507	1
6094	12650	1
5156	3581	1
5876	15974	1
15974	5876	1
14260	696	1
9492	7537	1
2116	3068	1
11616	4352	1
3257	9330	1
14467	16141	1
7126	2085	1
6564	755	1
2578	8852	1
7074	8421	1
4577	8421	1
4113	5482	1
7056	15988	1
15620	14886	1
6135	9371	1
6127	4935	1
7622	7495	1
13851	3315	1
5393	9549	1
9392	13925	1
5374	6022	1
12591	13723	1
1134	8676	1
5468	5926	1
7074	10770	1
10856	8506	1
9330	2480	1
6923	5075	1
15085	11885	1
1996	2559	1
3333	15866	1
13925	9392	1
7126	10715	1
6490	5944	1
21	1512	1
4655	5415	1
1506	5745	1
3512	8688	1
2607	4316	1
6127	12164	1
8676	1134	1
8676	8333	1
2915	2427	1
5944	6490	1
2399	3931	1
1360	3865	1
1677	1022	1
16174	6966	1
9438	10390	1
6531	4211	1
6533	3931	1
15555	6811	1
8377	13871	1
9966	10319	1
2998	6429	1
2915	2070	1
206	2242	1
13445	7382	1
2228	5176	1
7602	11249	1
5341	2829	1
5415	4655	1
9862	14844	1
13716	13368	1
6094	9067	1
9141	14597	1
5442	3950	1
11967	15788	1
9488	2506	1
206	519	1
6811	14025	1
1134	13538	1
15079	14025	1
10032	10032	1
14226	7604	1
2420	1009	1
11040	8864	1
6104	8609	1
7053	6985	1
5520	2284	1
8150	7916	1
15422	10158	1
16175	16175	1
15525	14119	1
3041	6513	1
7651	8850	1
7916	8150	1
10620	6015	1
15153	4816	1
15214	15215	1
13390	8290	1
329	11525	1
859	3225	1
10609	11186	1
14825	13574	1
2938	2909	1
7108	2914	1
11186	10609	1
9067	13193	1
12172	10609	1
4101	9863	1
16167	5970	1
1156	1156	1
7126	8291	1
2915	3391	1
7126	6321	1
10666	4981	1
9709	3391	1
11396	13620	1
5546	10158	1
15925	12483	1
940	13215	1
13723	12591	1
13871	8377	1
6155	1323	1
3315	13851	1
4390	4525	1
3234	9366	1
16176	1405	1
6533	6532	1
10620	7361	1
10737	9069	1
2590	4270	1
4400	3521	1
7908	7756	1
13803	10808	1
10808	13803	1
11525	329	1
10609	12172	1
12931	6571	1
16074	16075	1
4425	16177	1
1568	4692	1
6625	13193	1
13420	10537	1
2915	16139	1
3892	4692	1
14039	4092	1
5142	4930	1
4727	4692	1
13193	9067	1
10876	4270	1
2480	9330	1
9969	15124	1
11026	3575	1
4747	7622	1
7495	7622	1
15365	12456	1
15601	7622	1
1069	4692	1
850	15686	1
3575	11026	1
2915	2478	1
4162	5949	1
2478	2915	1
2721	3166	1
16178	15928	1
8609	6104	1
12746	9700	1
11396	14609	1
14288	7052	1
5043	4692	1
1466	1858	1
2938	1858	1
14970	2752	1
6533	7334	1
7842	1207	1
3450	6246	1
3333	14263	1
6492	14263	1
15914	6843	1
9330	6513	1
5904	5374	1
13407	14715	1
4345	4346	1
6014	5374	1
7690	11687	1
6513	9330	1
5949	4162	1
1323	6155	1
6849	7336	1
11040	718	1
7126	6167	1
6014	1576	1
6930	6622	1
16110	12816	1
6622	6930	1
14849	9962	1
6094	6769	1
12861	15985	1
9448	16159	1
4704	6757	1
1076	885	1
7334	6533	1
9067	10507	1
9863	4101	1
15468	6146	1
12816	16110	1
15642	12997	1
6052	4047	1
2677	4047	1
16179	13390	1
8763	12134	1
10507	9067	1
10183	10568	1
11437	4942	1
5641	3101	1
15936	10935	1
9376	9377	1
16180	14443	1
6070	5355	1
10935	15936	1
387	2571	1
6757	11821	1
4816	15153	1
15693	10051	1
4900	4888	1
3433	2863	1
1559	3880	1
1099	2686	1
2938	798	1
6146	15468	1
4813	1321	1
7986	4810	1
16181	16181	1
4577	6706	1
2506	9488	1
5940	1871	1
13469	12856	1
15052	14609	1
5520	8940	1
4270	5227	1
14145	15488	1
698	16182	1
16159	9448	1
4525	4390	1
1611	5415	1
16183	16183	1
9769	4605	1
4521	459	1
1055	1056	1
14411	13737	1
4724	7108	1
2480	3333	1
5520	5047	1
6788	10778	1
1271	3596	1
6058	5376	1
166	167	1
5376	6058	1
387	3930	1
15523	6738	1
16184	4525	1
3709	4783	1
14792	14792	1
10319	9966	1
15229	15229	1
7074	5706	1
16185	16140	1
10158	5546	1
12544	7868	1
12134	8763	1
11445	11565	1
6519	5981	1
13445	4201	1
14609	11396	1
7868	12544	1
1031	4383	1
5380	6135	1
10537	13420	1
2172	3250	1
11751	11565	1
10389	9251	1
4577	3984	1
6788	5027	1
5488	13737	1
3816	3401	1
7206	10065	1
16186	16186	1
10568	10183	1
16176	2533	1
13390	16179	1
9718	10183	1
14715	8280	1
13737	5488	1
167	166	1
3333	2480	1
12533	13749	1
16187	11014	1
7523	2004	1
4810	8788	1
8788	4810	1
13749	12533	1
1799	16188	1
1662	16189	1
13770	10721	1
2134	801	1
13893	14836	1
8125	3568	1
4577	5307	1
6919	13572	1
9378	7179	1
15985	5546	1
7179	9378	1
6419	9202	1
6319	5442	1
5075	6923	1
6758	6844	1
4047	6052	1
6294	4777	1
8208	9881	1
4654	4812	1
5715	4561	1
9777	15539	1
13574	14825	1
2260	10262	1
4810	9202	1
16188	1799	1
14240	5070	1
5768	5838	1
3849	5838	1
16187	8545	1
10262	2260	1
4812	4654	1
5775	4383	1
1836	1836	1
15034	12353	1
16190	9394	1
5307	5836	1
16060	2532	1
16191	6864	1
490	1565	1
16192	16192	1
16193	16193	1
4747	10351	1
7074	11043	1
400	4180	1
16163	16163	1
13025	2294	1
4383	1031	1
8700	8347	1
5442	6319	1
6807	6808	1
9390	11565	1
12263	9056	1
8545	16187	1
2051	3411	1
9069	10737	1
1690	3366	1
9251	10389	1
6789	11565	1
1224	4084	1
10609	8785	1
11556	9138	1
16194	1069	1
7731	7179	1
7179	7731	1
4747	9276	1
10411	12872	1
1069	16194	1
6749	447	1
11204	7761	1
6492	7235	1
13491	13491	1
13851	1987	1
5325	8280	1
3923	9184	1
12429	1058	1
4226	15558	1
9184	3923	1
16143	3262	1
16195	1009	1
1774	4812	1
5981	6519	1
12388	11384	1
1954	3160	1
7816	4549	1
8935	14577	1
6234	6380	1
16194	7505	1
12779	5366	1
7505	16194	1
4270	2590	1
13111	1584	1
4549	7816	1
3967	10262	1
11101	15820	1
2172	1379	1
9773	478	1
12872	10411	1
8139	12274	1
2127	8526	1
14577	8820	1
15473	15474	1
4703	2114	1
10483	11509	1
4810	5314	1
11565	6789	1
6804	12178	1
3795	5566	1
13356	13529	1
5519	8619	1
4317	5719	1
16194	10581	1
7074	4704	1
2938	2294	1
1045	4868	1
3287	12816	1
16196	2973	1
4942	11437	1
8935	5570	1
6481	5622	1
4058	4058	1
5893	5047	1
6099	4814	1
14132	4167	1
6485	10968	1
9942	5570	1
13538	10938	1
9089	12086	1
4888	4900	1
8619	5519	1
3820	9862	1
16129	8974	1
4946	11565	1
7006	4287	1
6625	9067	1
16197	3912	1
4293	5581	1
7622	15601	1
4777	896	1
16198	4239	1
2722	13923	1
12540	6901	1
13795	6699	1
4167	14132	1
2399	5750	1
865	4448	1
4466	16163	1
12626	16177	1
16199	16177	1
11630	15188	1
4029	11121	1
4368	16177	1
7639	6901	1
16200	16177	1
5300	10667	1
12568	6901	1
7126	8888	1
16168	14807	1
2915	2488	1
9176	12033	1
3576	6380	1
12414	16168	1
4020	7922	1
14807	16168	1
5679	6580	1
6094	10737	1
16042	12033	1
10968	6485	1
4801	7922	1
4439	7922	1
14844	9862	1
478	9773	1
4448	865	1
7074	8646	1
3549	185	1
8688	3512	1
6316	7639	1
11285	3345	1
11565	4946	1
2004	7523	1
11734	5693	1
15704	16105	1
14165	6901	1
6901	12540	1
4946	14844	1
6533	13021	1
10965	12810	1
16201	16105	1
16191	12810	1
4868	1045	1
16202	16203	1
5504	14288	1
185	3549	1
11121	4029	1
2198	6100	1
14844	4946	1
3302	1910	1
10626	6100	1
1556	6100	1
16204	1859	1
3453	4977	1
6901	12568	1
5533	304	1
3867	207	1
190	4703	1
2337	5805	1
11014	13573	1
5523	5543	1
13273	16088	1
71	4703	1
15106	1069	1
9366	3234	1
8886	13573	1
2465	6087	1
6977	7334	1
5520	5411	1
12421	2234	1
9391	16168	1
2833	2832	1
5866	6034	1
4657	12196	1
820	3279	1
9644	9644	1
6576	6513	1
5866	3344	1
7361	10620	1
8619	9371	1
8512	12650	1
7776	15561	1
4949	8512	1
1517	6875	1
15620	8222	1
16168	9391	1
3497	2190	1
10641	8512	1
1559	3594	1
