6513	2379	1
8330	3817	1
11973	16332	1
12861	8451	1
801	15878	1
16320	16319	1
11387	1238	1
11284	10581	1
1935	1099	1
13977	13977	1
12915	11584	1
2868	7306	1
9223	11243	1
12832	11164	1
5419	8007	1
10411	8071	1
12861	2886	1
8404	4883	1
15811	11160	1
16217	8222	1
4036	12369	1
744	7551	1
11243	9223	1
14876	9546	1
13689	1782	1
1556	2420	1
6248	15555	1
11074	4320	1
4657	4978	1
8886	2745	1
4453	2420	1
10623	11069	1
6122	4300	1
3462	4260	1
564	4680	1
9546	14876	1
2021	4040	1
14383	7082	1
5623	6222	1
8496	9213	1
3493	4368	1
15535	15535	1
13751	7086	1
9397	5303	1
9300	15550	1
15911	15039	1
627	628	1
1232	889	1
1512	21	1
2172	5977	1
3753	4741	1
6419	16333	1
14771	2297	1
1100	5855	1
3817	8330	1
13990	5463	1
3014	2537	1
13962	2483	1
4975	5629	1
5684	13989	1
11164	12413	1
10061	13989	1
5168	4003	1
1583	1584	1
1897	2297	1
11826	4092	1
5318	3506	1
8007	5419	1
10611	15664	1
5463	13990	1
16187	15471	1
10667	5300	1
16003	13599	1
11069	10623	1
11014	15471	1
6270	4445	1
8700	6562	1
395	205	1
9	10206	1
8810	6562	1
16291	1005	1
6334	6562	1
6126	4980	1
1517	5296	1
850	95	1
1063	13903	1
7079	3287	1
12466	1841	1
15635	3287	1
1858	1126	1
6033	6033	1
11687	7690	1
15664	7723	1
2420	1556	1
16239	16334	1
5476	14844	1
8397	16059	1
5773	2559	1
6126	7501	1
16335	16335	1
5637	1203	1
5000	4901	1
360	359	1
15706	16166	1
11051	3563	1
8199	473	1
4935	6127	1
15687	3058	1
16209	9138	1
3014	3015	1
6901	12540	1
3212	6246	1
5047	6246	1
4777	6294	1
12777	12911	1
5951	5642	1
10582	12153	1
210	13778	1
12956	13778	1
5899	6047	1
4260	718	1
2347	16204	1
16336	16336	1
6899	271	1
14869	14807	1
8802	5282	1
3082	5282	1
4691	14292	1
5585	5586	1
4691	13571	1
5135	6129	1
4445	6270	1
7334	6977	1
6562	6334	1
5042	431	1
6160	1624	1
8886	15471	1
883	745	1
12450	9075	1
21	1512	1
10351	9276	1
4368	3493	1
16322	16337	1
4901	5000	1
16310	16309	1
3491	3493	1
3576	6380	1
11372	941	1
12293	16338	1
8733	16309	1
9329	16309	1
6196	3998	1
5854	16339	1
941	11372	1
5753	3178	1
314	3178	1
623	6427	1
7791	4303	1
261	11001	1
12133	8415	1
2776	9626	1
553	508	1
5542	5541	1
4003	5168	1
888	8838	1
2127	8526	1
13599	16003	1
6427	623	1
16340	3005	1
3234	3430	1
4439	3331	1
435	11077	1
2247	4898	1
8079	3323	1
12413	11164	1
12383	16309	1
8068	3685	1
8184	10959	1
3136	10959	1
7484	10959	1
1476	10959	1
52	777	1
6047	5899	1
11069	7884	1
4682	3742	1
8812	12324	1
8568	8810	1
4315	751	1
12545	15223	1
12536	9671	1
13292	2325	1
4726	2017	1
5541	5542	1
328	272	1
1933	1068	1
627	3463	1
15550	9300	1
8611	5096	1
9273	5222	1
3497	1891	1
10780	9300	1
755	5691	1
1938	737	1
627	2343	1
1133	7831	1
16113	14814	1
11031	410	1
3043	5481	1
7995	12197	1
627	5844	1
9138	7000	1
12133	11537	1
3331	4439	1
6294	4777	1
2854	1950	1
13597	13597	1
7079	9837	1
14814	16113	1
1068	1933	1
751	4315	1
238	3239	1
1120	294	1
2641	6200	1
2913	15737	1
2641	5695	1
6043	6044	1
1126	16341	1
9342	7020	1
4020	10478	1
16284	16284	1
8451	8867	1
4747	8222	1
16213	6411	1
13561	4239	1
627	12161	1
5566	3795	1
4279	3998	1
10434	15979	1
828	14082	1
10503	8526	1
12263	9056	1
9300	10246	1
1339	3514	1
5199	623	1
8339	3998	1
13829	5593	1
3998	8339	1
3287	7079	1
14565	12217	1
3706	1497	1
2540	3851	1
11734	15710	1
6490	12894	1
8701	6385	1
10246	9300	1
16002	11710	1
13884	10649	1
16342	16342	1
435	1589	1
10002	8967	1
11683	547	1
15449	6513	1
4755	15915	1
1651	11121	1
2106	6997	1
14895	2913	1
14844	14900	1
7228	13289	1
6845	6485	1
5642	5951	1
627	12336	1
4974	2232	1
7688	10459	1
8823	6052	1
1429	1429	1
3234	4593	1
16316	10754	1
6126	1622	1
9375	16265	1
6109	2390	1
12116	936	1
6243	10024	1
7723	15664	1
13433	13433	1
1099	1935	1
7076	8783	1
386	13453	1
325	326	1
3742	4682	1
4328	5902	1
4014	10743	1
2420	4453	1
9438	9299	1
10932	9002	1
6138	8140	1
995	5340	1
2913	14895	1
2540	4626	1
294	1120	1
5628	1120	1
7551	744	1
15058	2979	1
15789	16343	1
311	16344	1
4589	8876	1
8247	11687	1
7690	11687	1
3998	6196	1
14078	1451	1
6840	3307	1
2776	7715	1
4246	15561	1
1120	5628	1
2731	5499	1
6649	8899	1
6157	15234	1
13386	11714	1
4408	12840	1
9527	5701	1
7715	2776	1
8899	6649	1
5376	6377	1
16345	2776	1
8765	8765	1
13976	10081	1
76	425	1
10761	2909	1
9270	6163	1
4422	425	1
1617	453	1
9894	6115	1
8222	4747	1
15561	4246	1
16161	7495	1
9276	4747	1
8506	13692	1
9024	1100	1
7012	6923	1
1099	1100	1
425	76	1
5270	4742	1
7548	801	1
2641	5722	1
8823	5722	1
10780	10246	1
2909	10761	1
508	508	1
801	7548	1
3323	8079	1
16057	16346	1
8568	6713	1
3178	5753	1
16346	16057	1
1599	912	1
5168	5548	1
1938	8694	1
1100	1099	1
16229	4980	1
13985	6158	1
11233	13048	1
12911	12777	1
5650	8243	1
242	241	1
6126	1034	1
6131	12022	1
14443	1506	1
435	718	1
8082	4363	1
10002	4363	1
16344	311	1
1565	4025	1
11537	12133	1
8415	12133	1
9539	2245	1
6163	9270	1
4580	11792	1
6745	5187	1
12246	11164	1
12840	4408	1
7079	12303	1
3170	8707	1
5634	10687	1
1781	4199	1
2185	2316	1
3730	8614	1
4007	10687	1
13884	13407	1
5325	13407	1
16167	11077	1
16166	15706	1
8243	5650	1
14546	12403	1
418	4916	1
16347	5684	1
1063	1388	1
3138	4293	1
2802	4525	1
5758	6113	1
2540	3098	1
4979	835	1
4246	7776	1
10459	7688	1
1506	14443	1
7079	7078	1
9798	9071	1
9165	12403	1
7776	4246	1
5715	3669	1
15144	15144	1
16311	15144	1
14691	5752	1
3249	2886	1
689	6551	1
9527	4144	1
10024	6243	1
627	3412	1
4650	15151	1
4363	8082	1
10647	12217	1
11077	16167	1
13291	16128	1
15930	13925	1
4036	11724	1
7446	8951	1
12006	15120	1
9050	11103	1
3033	15334	1
3669	5715	1
8079	3780	1
16309	12383	1
2540	1535	1
1451	14078	1
11565	11751	1
10483	11509	1
241	242	1
6131	5146	1
5600	7861	1
13689	12950	1
3555	8897	1
9105	11751	1
2641	4376	1
12535	15162	1
5164	11555	1
7622	9276	1
6959	3947	1
15471	16187	1
240	438	1
10330	7204	1
2540	2086	1
12894	6490	1
16265	9375	1
8469	1229	1
5327	882	1
15229	11164	1
11164	15229	1
435	7547	1
4112	14540	1
13213	8967	1
11610	9076	1
1756	13007	1
14540	4112	1
10753	13750	1
10522	10522	1
12324	8812	1
14844	10522	1
7090	4006	1
8212	4471	1
9276	7622	1
9150	4949	1
4888	12917	1
15639	9690	1
9798	806	1
12117	3109	1
4303	7791	1
13354	1105	1
7831	1133	1
806	9798	1
7983	11514	1
5168	4672	1
15147	1957	1
1452	1451	1
13149	425	1
3506	5318	1
3947	6959	1
2483	13962	1
5248	4174	1
8079	1573	1
15415	15415	1
6046	10988	1
1100	5006	1
9368	13267	1
14609	15052	1
4691	6135	1
13007	1756	1
16168	12414	1
2540	7223	1
995	4148	1
129	5633	1
627	8333	1
15070	12650	1
5217	4409	1
16161	16282	1
7938	6348	1
7861	5600	1
12344	5789	1
16348	16348	1
14982	13877	1
8140	11157	1
15052	14609	1
4949	9150	1
11396	14609	1
5671	1339	1
435	1677	1
3970	5586	1
16349	16350	1
13311	6804	1
10988	6046	1
12756	11948	1
3440	3558	1
2316	2185	1
11514	7983	1
6348	7938	1
4692	1568	1
2541	4346	1
1782	2694	1
8876	4589	1
6612	6319	1
7452	7988	1
6210	7038	1
1100	9404	1
16257	16257	1
8823	15469	1
16288	2914	1
3457	13987	1
3855	7901	1
8823	12533	1
9433	11514	1
16351	16351	1
8824	15718	1
3330	3177	1
12691	9411	1
4610	4484	1
5970	15451	1
14936	15184	1
13453	386	1
3109	12117	1
1815	5563	1
6635	16262	1
11514	9433	1
12664	12650	1
2017	1268	1
6127	4935	1
9213	8496	1
5907	12881	1
15120	12006	1
12540	6901	1
9138	16209	1
16352	5563	1
435	1032	1
4445	8492	1
13851	1987	1
9690	15639	1
8333	8676	1
5813	2914	1
2390	6109	1
7267	16031	1
15184	14936	1
5789	12344	1
5563	16352	1
1200	4988	1
4015	1739	1
1987	13851	1
14752	4300	1
15613	16341	1
7805	9538	1
6155	1323	1
14292	4691	1
13571	4691	1
4996	5895	1
6135	4691	1
5300	10667	1
4409	5217	1
6810	7448	1
9105	11565	1
11751	11565	1
16353	3345	1
3978	4149	1
4363	8192	1
5767	1455	1
4988	5185	1
4691	5043	1
6964	6965	1
3345	16353	1
16168	8680	1
8609	10478	1
4938	3309	1
905	5979	1
5773	5258	1
5586	5585	1
7000	9138	1
5617	7032	1
7378	9193	1
11650	14944	1
9102	13491	1
627	7989	1
5043	4691	1
6104	8609	1
1339	5671	1
4240	2700	1
13046	4538	1
2304	3930	1
15854	15854	1
5379	16113	1
627	4135	1
1105	13354	1
2540	5857	1
4226	11681	1
627	6034	1
10074	16354	1
16309	8733	1
15985	5546	1
15162	14201	1
16160	9748	1
11445	11565	1
16204	2347	1
5866	3345	1
6319	14820	1
4254	1214	1
13083	6868	1
1420	1537	1
4965	3674	1
7761	15315	1
627	5101	1
9748	16160	1
11390	3399	1
15878	801	1
16355	4751	1
6809	13011	1
3177	3330	1
16356	16356	1
14201	15162	1
4260	14746	1
8071	10411	1
4346	2541	1
13407	13884	1
5193	10765	1
3545	7108	1
6297	8017	1
627	5566	1
8301	9639	1
9269	4595	1
13973	6625	1
16357	6559	1
4842	15013	1
12840	15282	1
5537	6860	1
16274	12541	1
4691	9381	1
9411	12691	1
13122	7073	1
16357	7090	1
2847	395	1
4538	13046	1
8948	12175	1
1100	5643	1
12591	13723	1
15925	9717	1
12133	5643	1
9009	10179	1
13750	10753	1
2540	2480	1
16255	14876	1
2885	11800	1
6270	4195	1
2641	1040	1
8935	14522	1
7997	5357	1
13723	12591	1
10413	6564	1
10623	14522	1
4149	3978	1
10765	5193	1
14050	14050	1
6158	13985	1
441	11800	1
8568	15405	1
7108	3545	1
755	6564	1
9610	535	1
6475	5546	1
1456	3949	1
5922	5	1
5368	2979	1
4691	4692	1
5566	627	1
5101	627	1
6034	627	1
16274	1898	1
16166	8610	1
13925	15930	1
435	8600	1
627	5901	1
4135	627	1
14307	9910	1
2885	16358	1
7989	627	1
3345	5866	1
13884	8280	1
13215	4195	1
9910	14307	1
7008	6030	1
14398	16259	1
1229	3723	1
6625	13973	1
12861	5689	1
564	2169	1
8547	15334	1
11630	4260	1
4691	7901	1
6030	7008	1
5381	10387	1
7901	14849	1
14849	7901	1
6539	16358	1
2722	13069	1
3438	9302	1
16359	4349	1
16360	14095	1
4376	2641	1
9438	10390	1
5585	3058	1
6447	4362	1
