9628	518	1
15300	3358	1
159	2712	1
3245	5582	1
1898	5742	1
16456	11836	1
16718	15474	1
13451	14075	1
5442	5230	1
13721	276	1
1837	2712	1
16257	16257	1
16719	16715	1
16720	16721	1
8225	5316	1
16041	564	1
13705	9436	1
7517	10715	1
510	2712	1
13	594	1
3043	5481	1
12353	13599	1
573	1295	1
9762	7213	1
996	6265	1
1971	2427	1
2128	12522	1
6811	14025	1
2913	2727	1
4418	11182	1
2913	8680	1
15223	16722	1
11587	6242	1
15300	6892	1
6577	6117	1
5382	2483	1
814	7104	1
9898	2727	1
11182	4418	1
6619	1731	1
7032	8784	1
16357	6564	1
12321	7104	1
8129	9861	1
11555	7104	1
15148	15745	1
8676	8333	1
10509	8600	1
11387	8896	1
16592	13555	1
14267	13393	1
5513	9564	1
5278	7402	1
10810	8139	1
13961	12572	1
5170	2242	1
1487	1858	1
9717	16493	1
4608	2528	1
8690	5380	1
10174	13421	1
5230	5442	1
13336	5347	1
8097	9079	1
4251	3298	1
6068	14755	1
16541	6648	1
5598	6648	1
14522	6844	1
3563	11051	1
10568	9706	1
1487	2441	1
16441	11713	1
524	816	1
7916	8150	1
11164	8150	1
9248	8150	1
8611	8150	1
15229	8150	1
4730	7128	1
2330	8150	1
3515	14222	1
6832	12672	1
8975	9966	1
12671	12672	1
2913	15013	1
4351	14400	1
5347	13336	1
5684	13989	1
6577	10713	1
6577	4696	1
2646	7857	1
16723	15405	1
5292	6424	1
4499	10180	1
7402	5278	1
2620	4230	1
13973	8322	1
1858	1487	1
257	6317	1
11799	11800	1
15161	11221	1
11635	3730	1
15745	4555	1
13694	13826	1
564	16041	1
15474	16718	1
16724	9754	1
4428	8189	1
16357	14678	1
2311	5641	1
10870	16692	1
6597	9391	1
2913	9391	1
2181	3520	1
2708	923	1
805	923	1
2913	3315	1
974	923	1
2237	12504	1
14944	11650	1
10434	14151	1
748	16725	1
555	14172	1
10248	15263	1
72	10466	1
9754	16724	1
6080	5161	1
8150	7916	1
7128	4730	1
2620	1887	1
9069	7326	1
3957	5409	1
5258	5773	1
2913	14895	1
8606	16112	1
8133	6113	1
4032	325	1
10476	500	1
4360	4084	1
15763	1325	1
4360	10506	1
8365	8049	1
5932	15790	1
5170	5518	1
10251	11957	1
15681	15790	1
4707	4706	1
2067	3530	1
13826	13694	1
7645	3353	1
16708	10255	1
2934	1612	1
14411	12732	1
2620	4017	1
3353	7645	1
14755	6068	1
11016	12650	1
4170	3324	1
13851	1987	1
14263	4555	1
113	2353	1
10687	6068	1
5711	16646	1
4360	14676	1
16401	16222	1
2181	1850	1
1953	14530	1
5445	5445	1
14752	4300	1
4216	2255	1
9110	14124	1
6337	1624	1
4390	4525	1
159	2226	1
2913	2914	1
109	4108	1
2181	3967	1
6842	2142	1
10796	1624	1
5641	2311	1
14151	10434	1
13826	14889	1
510	13665	1
11341	11341	1
9138	11556	1
4328	16726	1
5170	6296	1
7501	9669	1
4008	3740	1
4251	3944	1
6113	8133	1
1838	1837	1
15750	14559	1
8492	4724	1
5013	6927	1
16727	5029	1
8706	10461	1
11016	10507	1
16728	10094	1
12898	6977	1
3447	4233	1
11957	10251	1
2181	2588	1
12865	11010	1
13851	3315	1
10651	10605	1
4360	2422	1
4801	7780	1
5160	1005	1
4439	7780	1
5711	1069	1
8611	5096	1
4072	13980	1
7780	4439	1
12579	371	1
6322	6802	1
15110	14482	1
1611	896	1
7165	371	1
2742	11767	1
12395	12945	1
387	1184	1
11040	13742	1
13677	16729	1
2985	11144	1
16715	5806	1
5382	5381	1
8975	10319	1
4724	8492	1
5170	5068	1
6475	12175	1
3575	8021	1
12572	13961	1
16730	14826	1
37	1791	1
1517	1096	1
2483	13962	1
6343	4883	1
8732	8732	1
10778	8903	1
5817	3004	1
11026	816	1
7980	8820	1
6193	8820	1
8225	3688	1
8903	10778	1
8139	10810	1
8735	8492	1
13627	14239	1
10814	8903	1
11556	9138	1
11479	1816	1
14530	1953	1
16731	15456	1
8199	250	1
15790	5932	1
15456	16731	1
4937	4193	1
1693	222	1
4525	4390	1
9106	45	1
6977	12898	1
13292	768	1
16732	10972	1
16204	2347	1
6119	14416	1
16719	14844	1
16733	16733	1
8280	5325	1
1371	1797	1
14844	16719	1
11221	15161	1
13572	6919	1
16355	4751	1
1487	2163	1
2101	2943	1
10856	8506	1
7654	4317	1
11437	7705	1
5133	13889	1
16166	16637	1
8747	2511	1
16734	16735	1
13962	2483	1
3499	7215	1
5806	16715	1
2913	8222	1
14715	5325	1
4360	4779	1
7690	11687	1
7780	4801	1
13979	13864	1
996	5845	1
16729	13677	1
5382	13962	1
5382	15762	1
14522	9589	1
4708	6513	1
8935	16372	1
996	3068	1
8820	7980	1
10390	13573	1
625	5062	1
13864	13979	1
1005	5160	1
16736	16737	1
45	9106	1
11016	4478	1
16738	13138	1
4008	5580	1
9706	10568	1
9862	6246	1
5715	3669	1
8280	13884	1
3915	7705	1
6068	10687	1
8802	10319	1
12732	14411	1
16704	16704	1
16552	8330	1
11564	10308	1
5817	5485	1
14715	13884	1
7266	11445	1
12719	278	1
8150	15229	1
10087	6355	1
14755	10687	1
5842	2706	1
3128	2832	1
4269	466	1
531	466	1
5142	4930	1
16372	8935	1
5743	6221	1
3315	13851	1
16739	16739	1
10572	15314	1
5170	1842	1
10570	8222	1
6342	4653	1
7137	4393	1
16360	13840	1
2289	2290	1
1212	3690	1
71	1142	1
2181	8603	1
543	2260	1
4113	8975	1
4360	9962	1
1487	2427	1
13744	3568	1
1162	3568	1
9966	8975	1
2532	3568	1
10319	8975	1
7215	3499	1
6431	4721	1
5382	6037	1
13289	12773	1
16521	15829	1
13138	16738	1
7625	11676	1
14672	447	1
16241	5382	1
6982	6107	1
8150	16731	1
16585	6107	1
9365	9883	1
16731	8150	1
12082	1967	1
8609	6059	1
15471	13573	1
10319	8802	1
5354	6713	1
2678	5272	1
8333	7695	1
15790	15681	1
4360	5353	1
10308	11564	1
16706	16705	1
12312	15911	1
3669	5715	1
14075	13451	1
16626	15911	1
5382	9888	1
9769	4910	1
1605	6812	1
3738	4209	1
8420	8421	1
10084	4662	1
10351	9276	1
4910	9769	1
5546	10158	1
4747	9276	1
5547	3108	1
7614	9769	1
4174	10158	1
8706	9992	1
4856	1862	1
9158	7526	1
1797	1371	1
10069	7526	1
2742	11842	1
447	14672	1
4080	4081	1
4946	8092	1
12672	12671	1
2347	500	1
16187	14982	1
1388	16322	1
1210	5	1
5231	4070	1
5413	16322	1
663	13018	1
857	241	1
10158	4174	1
9765	7789	1
4008	4074	1
2347	16204	1
2445	884	1
3676	5442	1
2742	3101	1
2620	4064	1
222	1693	1
10984	10507	1
8735	4444	1
16740	1270	1
16740	16740	1
8903	10814	1
1556	11550	1
16322	5413	1
9028	8591	1
4111	5318	1
2646	2496	1
16602	16603	1
7232	15793	1
4143	4386	1
1371	1371	1
7949	16502	1
32	31	1
3688	8225	1
8591	9028	1
4393	7137	1
2181	2351	1
5768	5569	1
15810	16533	1
1064	8204	1
12596	16741	1
7104	12321	1
10434	13737	1
2181	2087	1
12086	8591	1
612	5730	1
8420	6243	1
6243	8420	1
16742	16330	1
8204	1064	1
10389	9251	1
12596	16743	1
16357	12342	1
9251	10389	1
5581	14728	1
11943	14779	1
16744	14482	1
14779	11943	1
2742	12342	1
13800	11980	1
11144	2985	1
11445	7266	1
4160	2428	1
4612	13485	1
2721	6784	1
3324	4170	1
15179	7143	1
510	3262	1
2364	8619	1
12646	2351	1
523	16237	1
2742	2733	1
647	5783	1
11550	1556	1
13705	9726	1
12579	515	1
14612	8492	1
14728	5581	1
7012	5924	1
10386	8386	1
9669	7501	1
3610	16463	1
16745	14676	1
14676	16745	1
4445	8492	1
2596	1482	1
16746	16747	1
4422	2912	1
15686	1185	1
4939	10415	1
14197	7108	1
6068	6743	1
2742	2273	1
5743	5176	1
14263	4613	1
5582	3245	1
12861	16717	1
4439	7922	1
6530	2902	1
12895	5511	1
10900	4164	1
6713	5354	1
996	1026	1
518	1939	1
13691	13691	1
2428	4160	1
551	16427	1
7831	10713	1
16360	4704	1
2181	613	1
926	1791	1
8150	11164	1
6597	5822	1
5354	6272	1
4612	670	1
4386	4143	1
11820	4219	1
7891	4956	1
5305	7033	1
2364	4257	1
4351	3886	1
4613	323	1
12748	3532	1
204	205	1
10052	5064	1
4956	7891	1
2181	1009	1
1509	1009	1
2742	2730	1
4360	7859	1
3532	12748	1
16166	11552	1
6127	12899	1
3185	5600	1
159	2145	1
2181	6570	1
5419	4100	1
9863	4100	1
3943	3723	1
11831	11758	1
10494	2758	1
3950	5442	1
8492	14612	1
16735	16734	1
801	12054	1
1684	4354	1
2838	16748	1
11758	11831	1
5341	2829	1
6513	13350	1
996	8968	1
10003	4797	1
16749	16750	1
4981	14307	1
13018	663	1
1064	12899	1
3930	2571	1
7266	4946	1
6797	4425	1
1667	5414	1
3434	4946	1
12336	8396	1
1666	3723	1
2620	5203	1
6844	14522	1
12587	14870	1
5442	3950	1
4360	5228	1
2181	3102	1
5110	5818	1
8177	6039	1
3294	11957	1
109	323	1
8208	2212	1
7217	15031	1
10531	1096	1
7949	13476	1
7780	12496	1
10568	14256	1
972	1062	1
241	857	1
2913	3545	1
6919	13572	1
1096	10531	1
1295	573	1
6901	12568	1
482	2202	1
7108	3545	1
7082	6702	1
16751	13399	1
10304	2936	1
2242	5170	1
2397	6804	1
5518	5170	1
4233	3447	1
12899	6127	1
5068	5170	1
16752	15632	1
13311	3330	1
12964	14498	1
11561	9639	1
5170	2096	1
109	4521	1
16168	14807	1
2096	5170	1
2653	635	1
13883	264	1
7619	3546	1
7542	3965	1
12899	1064	1
10507	10984	1
8896	6248	1
1636	1636	1
13032	12420	1
996	1428	1
3722	4346	1
13659	14066	1
14653	1096	1
3708	3709	1
13884	10649	1
3709	3708	1
13083	13598	1
10810	12932	1
10713	7831	1
5341	7592	1
13737	10434	1
8896	11387	1
4360	16745	1
2646	10968	1
5382	16241	1
3545	7108	1
12795	8668	1
16745	4360	1
13319	2219	1
15911	16626	1
3965	7542	1
7033	5305	1
6485	10968	1
7688	7945	1
8975	4113	1
11040	16376	1
5796	2721	1
13573	15471	1
11040	6757	1
159	1761	1
13361	7267	1
9992	8706	1
13598	13083	1
5170	3606	1
12997	10815	1
14286	8681	1
2750	6037	1
4193	4937	1
7980	6193	1
15793	7232	1
3512	4034	1
10061	12626	1
2620	3462	1
13973	5316	1
12672	6832	1
5922	11201	1
5743	835	1
8396	12336	1
5642	13734	1
14482	15110	1
9584	680	1
6533	7535	1
4439	7345	1
16753	16753	1
12568	6901	1
16754	16754	1
8374	6121	1
5711	2017	1
9871	5598	1
16755	16638	1
14182	9853	1
6832	1816	1
7211	5524	1
555	4044	1
16690	16689	1
10758	15386	1
7409	15386	1
16497	15749	1
9938	3499	1
1816	6832	1
16342	15468	1
6901	12540	1
12161	16030	1
15539	9777	1
7215	11194	1
12596	6816	1
16357	6559	1
7090	6559	1
3178	314	1
159	13404	1
13129	5466	1
10815	12997	1
7345	4439	1
426	2017	1
16729	11767	1
555	11031	1
16241	11574	1
1677	1509	1
14943	5876	1
6055	8609	1
16756	5862	1
6559	7090	1
6540	7125	1
6485	6845	1
2017	5711	1
7786	11372	1
5876	14943	1
378	4167	1
5316	13973	1
4346	4602	1
11372	7786	1
5548	184	1
14923	13826	1
7143	418	1
1506	4602	1
9992	10461	1
12117	16731	1
2048	5284	1
1411	5450	1
11048	6157	1
6925	14366	1
4741	6157	1
2017	426	1
261	14995	1
418	7143	1
9438	7443	1
5485	5817	1
1005	589	1
5864	16757	1
3004	5817	1
490	14995	1
14995	490	1
16758	4822	1
16075	16074	1
6899	328	1
8466	16399	1
10788	14995	1
1996	12933	1
15911	12312	1
264	13883	1
15386	10758	1
3965	8609	1
14995	14995	1
8609	3965	1
6006	6184	1
14995	261	1
490	261	1
7375	7308	1
8547	15334	1
15461	15474	1
13627	10139	1
16759	16759	1
11040	10139	1
4755	1392	1
159	3594	1
