8886	13573	1
9193	9488	1
2890	2427	1
8903	11387	1
4939	9248	1
11799	16593	1
3102	12485	1
9430	9430	1
3008	2725	1
632	956	1
620	4377	1
13311	15314	1
14612	1897	1
16953	16953	1
16211	16390	1
3942	3942	1
14876	6649	1
1231	9409	1
9936	13493	1
1132	4196	1
5445	5774	1
10968	5240	1
8934	12855	1
2578	13493	1
1163	4498	1
5488	5722	1
5695	1208	1
7868	14945	1
6068	6743	1
2879	857	1
3999	160	1
13390	9409	1
2736	2737	1
5650	8243	1
931	2727	1
4143	4386	1
5722	5488	1
6185	5576	1
540	4865	1
11607	7552	1
16954	16955	1
160	3999	1
9584	11017	1
857	2879	1
2678	4032	1
2446	425	1
13023	5862	1
16474	3017	1
4651	6222	1
16956	6344	1
2136	11175	1
12691	12308	1
5118	6265	1
16951	12308	1
425	2446	1
11751	3020	1
8243	5650	1
271	2776	1
3288	3287	1
8013	4122	1
16957	16957	1
12899	7598	1
717	753	1
4613	7223	1
3288	13900	1
2185	8068	1
11403	11836	1
1620	5720	1
11751	3450	1
10054	4020	1
14404	7073	1
7516	2913	1
4121	4122	1
7215	7625	1
11655	6940	1
2527	5991	1
4267	13061	1
16951	8354	1
10687	9759	1
5735	14144	1
4945	5599	1
4599	275	1
3645	1273	1
7516	8222	1
11455	7042	1
16892	15428	1
16037	15428	1
4463	16958	1
8330	5894	1
4133	5894	1
5932	8280	1
8935	5684	1
6743	6068	1
806	10363	1
8280	5932	1
9759	6068	1
7919	7501	1
7967	13343	1
3938	6998	1
13989	5684	1
2771	6998	1
1237	16502	1
10687	6068	1
3151	16959	1
13900	16502	1
5558	5417	1
2132	15988	1
15026	6101	1
7863	13840	1
16502	13900	1
11779	3361	1
5482	5234	1
9767	3948	1
13734	1273	1
5634	5635	1
13084	16892	1
13659	16892	1
6104	8609	1
4939	16892	1
425	889	1
16160	6059	1
14651	9436	1
5176	5977	1
9605	6925	1
6068	9759	1
8886	5984	1
7361	5984	1
16892	13084	1
12861	2886	1
4998	9888	1
6145	3849	1
2804	4640	1
3817	7801	1
4939	7916	1
13869	8008	1
16449	9731	1
13023	12540	1
16873	1081	1
3288	12816	1
16387	12308	1
10968	2801	1
3552	12655	1
375	2242	1
15614	8867	1
1400	6846	1
7919	3330	1
3079	2085	1
8938	9966	1
9731	16449	1
3912	3794	1
11779	7998	1
3704	1705	1
926	16960	1
8122	7744	1
2091	2529	1
375	374	1
7680	1206	1
5599	4945	1
16342	12546	1
7919	7930	1
1037	16031	1
7267	16031	1
375	270	1
7103	1251	1
14392	5541	1
8008	13869	1
1268	8335	1
16961	2957	1
13129	5466	1
16031	7267	1
3908	3907	1
8335	1268	1
6531	2260	1
2646	6507	1
16901	16907	1
13018	663	1
10773	8995	1
4965	2260	1
16907	16901	1
9767	6121	1
15452	12383	1
11530	9394	1
10962	2260	1
9767	9391	1
7516	9391	1
1822	1469	1
375	10199	1
5424	5598	1
12929	2300	1
16892	4939	1
3392	5755	1
2879	241	1
15085	9973	1
9248	4939	1
7558	4464	1
14750	13023	1
11017	9584	1
10054	13021	1
2242	375	1
16854	2248	1
12546	10742	1
374	375	1
270	375	1
12201	8724	1
10199	375	1
7409	4747	1
7305	16962	1
10351	4747	1
4143	1900	1
2450	5567	1
58	40	1
1038	6556	1
3017	16474	1
7516	8160	1
7516	14197	1
15428	16037	1
7416	15438	1
8786	11630	1
1787	11500	1
2749	14654	1
3670	408	1
16963	3514	1
5567	2450	1
3020	3088	1
10054	5562	1
14654	2749	1
9488	2506	1
6401	116	1
1605	116	1
15663	10865	1
2450	11148	1
5966	10062	1
5683	3315	1
11077	435	1
12544	7868	1
116	1605	1
2450	4554	1
1338	5660	1
6735	4184	1
16396	16396	1
10687	7336	1
7868	12544	1
16452	8572	1
3849	6145	1
6494	943	1
2784	2439	1
14945	7868	1
906	1266	1
821	1185	1
2450	856	1
6062	4506	1
2017	5711	1
16851	2605	1
7258	5843	1
10687	10413	1
6811	14025	1
9381	8719	1
4296	4297	1
11820	6936	1
12456	15365	1
9798	6898	1
10713	15365	1
9388	9527	1
7993	7630	1
12347	2148	1
14144	5735	1
16628	11077	1
11455	3581	1
2543	4333	1
10330	7868	1
250	9782	1
3930	6031	1
16161	5613	1
16289	11640	1
2605	16851	1
16522	10410	1
16590	16590	1
15365	12456	1
1332	9813	1
4386	4143	1
7831	12456	1
375	2380	1
16964	12419	1
5628	294	1
1388	16322	1
8609	6104	1
16965	7671	1
1429	1429	1
294	5628	1
11667	14873	1
12419	16964	1
375	1777	1
14794	2008	1
12823	15401	1
3233	16950	1
13187	13187	1
15401	12823	1
2260	4965	1
8272	16966	1
5720	1620	1
4911	4911	1
1686	13689	1
295	107	1
2527	4572	1
15300	6892	1
375	3005	1
2450	3005	1
5684	8935	1
4888	4900	1
10759	2096	1
1556	8273	1
3447	4233	1
3302	8526	1
2749	173	1
241	2879	1
5755	3392	1
10868	8665	1
16967	3037	1
8995	10773	1
5676	7805	1
15168	7805	1
8123	4175	1
16892	11121	1
1142	16	1
7776	4246	1
375	15347	1
6869	7309	1
14873	11667	1
11751	16645	1
1213	4692	1
9291	9291	1
10397	8314	1
9527	9388	1
7223	4613	1
14197	14886	1
10687	5223	1
1338	3996	1
3030	2096	1
7516	14886	1
16968	16969	1
11779	6069	1
4146	14901	1
426	2017	1
16892	13659	1
9931	4281	1
1038	1022	1
16839	3274	1
3288	7308	1
11779	4281	1
173	2749	1
3102	2352	1
16715	16836	1
2957	16961	1
7053	6985	1
14197	14173	1
13273	16088	1
2518	2519	1
8836	8886	1
3102	4579	1
7801	3817	1
4335	9300	1
3288	9404	1
9240	9388	1
11751	5047	1
16970	7506	1
9918	2562	1
6513	4613	1
6264	4315	1
4238	4238	1
8127	4221	1
3288	1025	1
400	4180	1
15365	16037	1
16836	16715	1
16971	10207	1
4204	15865	1
7516	8691	1
15865	4204	1
11465	1459	1
4956	9001	1
12201	16057	1
1926	11527	1
7083	5374	1
13884	10649	1
16322	1388	1
9524	6198	1
2450	6062	1
11779	6062	1
16972	5651	1
417	1806	1
1038	10000	1
8868	13980	1
14135	16446	1
5437	3295	1
3682	4617	1
622	15818	1
5223	10687	1
10054	6897	1
7143	3756	1
10413	10687	1
13493	9936	1
7919	11445	1
6068	10687	1
2450	8552	1
11751	11445	1
6428	13599	1
293	859	1
12664	12650	1
15886	12899	1
9759	10687	1
7758	5499	1
6294	4777	1
7266	11445	1
5118	13032	1
7033	5305	1
6513	9330	1
435	11077	1
6980	4933	1
14844	11445	1
10687	6883	1
16973	16974	1
16975	2163	1
16421	16420	1
16707	16955	1
16976	16420	1
12751	8989	1
5497	5498	1
7258	6564	1
15428	16557	1
3176	847	1
1038	95	1
10687	4287	1
2646	7857	1
5190	4135	1
5904	4135	1
6900	7671	1
16892	5979	1
4900	4888	1
9270	9272	1
9391	7893	1
13875	72	1
11607	5472	1
16807	12307	1
2446	11630	1
7230	7230	1
16950	3233	1
10327	7501	1
6860	16892	1
9002	10338	1
6264	5570	1
663	13018	1
859	293	1
5979	16892	1
6157	11372	1
13687	12650	1
6427	6822	1
13870	14268	1
12899	15886	1
8285	12217	1
6062	2450	1
11602	16813	1
453	1270	1
4270	10876	1
11403	16485	1
3521	8919	1
5625	9031	1
12747	14055	1
10687	5634	1
5170	1842	1
14055	12747	1
3161	2276	1
4246	7776	1
3938	3349	1
7671	6900	1
3958	1571	1
12456	7831	1
9193	11624	1
14173	14197	1
12714	13980	1
5374	7083	1
15773	9613	1
3616	9645	1
4777	6294	1
2096	3030	1
2017	426	1
7780	4237	1
13294	13294	1
5234	5482	1
7309	6869	1
8824	15718	1
9767	8680	1
16288	14263	1
16977	16977	1
13851	3315	1
6261	3673	1
6985	7053	1
5651	16972	1
6704	1676	1
7086	4555	1
16978	16847	1
5066	5982	1
7873	7874	1
10308	15230	1
7801	10623	1
10463	12746	1
2018	12336	1
2589	1091	1
9700	12746	1
850	95	1
5084	9713	1
16677	9713	1
3958	974	1
16979	16979	1
4176	8781	1
5581	3138	1
14400	4351	1
1504	8781	1
2984	4351	1
604	8856	1
6169	4351	1
7744	16222	1
6184	6006	1
10054	8781	1
8856	604	1
14326	6985	1
10310	13064	1
15428	4939	1
3756	7143	1
4409	5217	1
4346	4345	1
11077	13840	1
4057	1940	1
5365	5513	1
16666	1940	1
4144	5513	1
2289	2290	1
16712	16712	1
16980	13350	1
10503	8526	1
10623	7801	1
5217	4409	1
16981	2659	1
5723	4006	1
5628	6854	1
1940	16666	1
375	428	1
13493	2578	1
2527	1674	1
8609	6059	1
4038	14571	1
4346	3722	1
4026	4346	1
10123	10123	1
11988	9394	1
3722	4346	1
2017	4084	1
2380	375	1
9031	5625	1
3433	13222	1
6832	13868	1
12383	15452	1
12596	9378	1
428	375	1
13868	6832	1
16982	16708	1
15552	3668	1
16708	16982	1
13023	14750	1
13222	3433	1
2163	16975	1
16983	15988	1
6303	6143	1
16984	12238	1
16892	12400	1
61	2114	1
2096	10759	1
12400	16892	1
12307	16807	1
16929	15329	1
5613	16161	1
13864	7784	1
8903	10814	1
15746	5326	1
16985	8222	1
5266	1619	1
5386	14844	1
16774	15735	1
11376	7213	1
5296	6657	1
11943	14779	1
14779	11943	1
11943	14820	1
16480	16664	1
16986	16613	1
16987	16613	1
16988	16989	1
16774	6883	1
5753	6363	1
7402	5278	1
16327	11800	1
4921	3239	1
3109	8609	1
3464	8967	1
3026	6894	1
9918	7082	1
14807	16168	1
13819	16660	1
3261	16645	1
5984	7361	1
11445	14844	1
9815	3500	1
14115	16660	1
4977	13350	1
16355	4751	1
6533	9415	1
13782	13782	1
6363	5753	1
8506	6085	1
2909	10761	1
1905	889	1
3950	12500	1
6193	4007	1
16990	16991	1
6187	16992	1
16991	16990	1
5966	1207	1
1579	1580	1
1289	426	1
16990	16990	1
2698	4027	1
13980	12714	1
9957	7265	1
16847	2284	1
1905	6354	1
16745	14676	1
14790	7265	1
6354	1905	1
9136	16244	1
3297	11455	1
6985	14326	1
11445	7266	1
10081	13976	1
16992	6187	1
15223	9863	1
14676	16745	1
11779	13580	1
16989	16988	1
15835	2369	1
6464	5145	1
4360	5228	1
13350	4977	1
11653	11653	1
11445	11565	1
8705	5228	1
7639	5228	1
3621	16483	1
2935	835	1
9918	2198	1
8699	16808	1
14886	14197	1
7265	14117	1
16808	8699	1
11405	4946	1
6894	9300	1
11565	11445	1
426	1289	1
9059	9059	1
14449	15894	1
13308	8363	1
15303	15303	1
6210	7303	1
9300	6894	1
13269	13472	1
9933	16875	1
5047	2284	1
7266	4946	1
4747	10351	1
8363	13308	1
2011	16055	1
16800	3889	1
6006	6184	1
5278	7402	1
16993	16912	1
5325	8280	1
8676	8333	1
5381	10387	1
2193	2349	1
261	11702	1
3102	3541	1
5765	2299	1
4977	15745	1
10243	5932	1
14901	4146	1
12664	13687	1
16399	8466	1
13928	11038	1
9069	12732	1
4282	7004	1
12732	9069	1
12591	13723	1
12853	4930	1
12580	8328	1
1132	740	1
16745	4779	1
15911	14546	1
12413	6860	1
5301	2048	1
13023	8763	1
11751	1854	1
2439	2784	1
