14711	7158	1
11797	1584	1
2048	1558	1
12054	801	1
1643	1155	1
3088	6017	1
4333	12946	1
7592	5341	1
4828	5185	1
5789	12344	1
16596	16177	1
6243	7205	1
13514	6485	1
13973	9069	1
8810	8568	1
16003	13599	1
3147	3102	1
159	2712	1
13187	13187	1
2801	5240	1
5047	6246	1
6068	6743	1
12381	11391	1
13710	4020	1
5796	3626	1
16597	5637	1
15586	11391	1
1900	4909	1
467	10266	1
2942	3383	1
7205	6243	1
1497	3706	1
10200	3384	1
4385	3384	1
4029	4514	1
2873	4930	1
9992	9718	1
321	2202	1
2913	14895	1
16544	16547	1
8938	9888	1
5341	7592	1
1907	420	1
16598	6119	1
774	5884	1
16599	16600	1
3437	9857	1
13599	8031	1
5324	3361	1
519	2065	1
8018	6243	1
14951	1031	1
2873	6700	1
12059	16333	1
2119	2027	1
13097	6700	1
16474	6741	1
2065	519	1
6899	271	1
5324	3110	1
467	3720	1
3480	6671	1
14895	14895	1
11624	9193	1
7625	7215	1
16122	16122	1
2646	7857	1
2873	3240	1
1907	3240	1
2669	3240	1
5418	4281	1
2669	3886	1
2873	3886	1
5324	5849	1
3370	4592	1
4592	3370	1
6642	4426	1
1305	3527	1
14711	5849	1
6286	6539	1
1523	437	1
5887	15230	1
1898	15745	1
13829	15792	1
9709	9669	1
6314	7223	1
14535	14535	1
14711	7223	1
9669	9709	1
15579	6158	1
4735	3166	1
1940	16326	1
8280	13884	1
2873	7332	1
3091	644	1
13097	8224	1
14715	13884	1
7265	9957	1
12946	4333	1
5613	5612	1
6475	15552	1
5979	905	1
2776	15461	1
14522	5485	1
1099	2865	1
5485	5642	1
9325	14904	1
13844	8210	1
7012	3160	1
16168	14807	1
14869	14807	1
16514	16514	1
8386	11568	1
8097	9079	1
1031	14951	1
10193	6272	1
3450	5797	1
13403	16308	1
16390	16212	1
16601	2012	1
11805	11806	1
5641	3101	1
16602	16603	1
6272	10193	1
16603	16602	1
8743	13877	1
774	3008	1
10741	6128	1
2559	5773	1
5258	5773	1
4430	7780	1
6282	7780	1
6280	5486	1
1361	1360	1
7780	4430	1
16235	16235	1
15936	15936	1
2873	6436	1
4385	8129	1
467	9346	1
2399	16592	1
11065	9422	1
16604	16605	1
34	163	1
8568	8810	1
6562	8810	1
16606	16607	1
10377	16584	1
6017	3088	1
10476	500	1
2669	6183	1
5324	2390	1
13851	3315	1
8645	8238	1
14889	13826	1
11779	6062	1
10095	6045	1
6966	8125	1
15381	13826	1
2873	8018	1
4113	4812	1
5773	3546	1
6788	16608	1
13599	16003	1
12217	1008	1
2270	173	1
11721	10961	1
5623	6222	1
11805	11805	1
12236	11147	1
7341	6045	1
4422	3210	1
5876	6045	1
13851	1987	1
15552	6475	1
6624	15038	1
11935	4274	1
1907	2420	1
6286	2198	1
8260	3891	1
3653	2439	1
7644	15459	1
16161	16282	1
8260	145	1
2669	8603	1
7852	2838	1
1368	1625	1
4346	4602	1
2873	4753	1
4622	6904	1
16531	4781	1
12413	12939	1
1907	2882	1
1783	1784	1
3965	8609	1
10324	5966	1
13197	13197	1
4652	3176	1
5717	1420	1
8935	8609	1
16609	10285	1
3822	16298	1
16610	14392	1
16608	6788	1
6056	5430	1
10200	2762	1
5612	5613	1
1289	1254	1
6804	13311	1
467	6716	1
1907	6716	1
16611	14392	1
7223	14711	1
8688	4946	1
11060	8854	1
2370	3130	1
7223	6314	1
6898	11372	1
8536	11098	1
16122	9000	1
3822	858	1
11048	6157	1
11473	8133	1
10179	15665	1
4069	10459	1
4207	12369	1
4741	6157	1
10614	7523	1
16083	4093	1
3891	8260	1
8141	4755	1
15745	5862	1
8133	11473	1
3130	2370	1
11372	6898	1
1506	4735	1
3166	4735	1
6037	6056	1
15886	10240	1
5813	3568	1
12059	6562	1
4113	3652	1
1162	3568	1
8260	5671	1
8125	3568	1
9117	9184	1
1163	3568	1
15386	13694	1
543	616	1
13097	2616	1
3211	616	1
5671	8260	1
10330	13694	1
6157	11048	1
2532	3568	1
13744	3568	1
5324	2558	1
13694	10330	1
2873	2669	1
1979	16036	1
8785	10609	1
2356	3788	1
16107	7705	1
1155	1643	1
15566	751	1
6181	8790	1
6045	6643	1
13572	6919	1
8790	6181	1
1900	2056	1
8260	8144	1
4910	9769	1
1069	16194	1
1081	2855	1
6093	551	1
6811	14025	1
1567	14239	1
6919	13572	1
13884	14715	1
6475	6475	1
12272	7776	1
4581	10769	1
15561	7776	1
8260	5684	1
6037	2483	1
7810	4346	1
12672	12840	1
3843	12886	1
6282	4346	1
9079	8097	1
5684	8260	1
8144	8260	1
7994	2694	1
4113	5888	1
10200	4260	1
4260	10200	1
1201	6790	1
12545	3510	1
2094	2758	1
16533	7336	1
12840	12672	1
9957	7265	1
3568	2914	1
14623	14623	1
13742	13742	1
6562	6334	1
6066	9713	1
7776	12272	1
974	1571	1
2873	6354	1
16523	16546	1
16612	16613	1
1571	974	1
12275	12672	1
8154	4171	1
3344	16160	1
16614	15574	1
5137	3575	1
9527	16546	1
3014	3015	1
2365	4020	1
2032	9841	1
2873	10067	1
2873	5717	1
2436	5728	1
2873	6243	1
4171	8154	1
12021	16339	1
6213	1599	1
13694	15386	1
1268	8335	1
10273	10620	1
6056	6037	1
8854	11060	1
6282	2194	1
2483	6037	1
4385	9669	1
16230	8490	1
850	628	1
6364	9826	1
2669	1850	1
10620	10273	1
8568	8347	1
6282	4345	1
5190	4135	1
3880	16249	1
530	210	1
802	3537	1
13330	13277	1
414	11789	1
5542	11789	1
8606	3970	1
11051	11789	1
11196	3668	1
16586	11868	1
13528	13692	1
2873	3450	1
11242	12482	1
2873	4865	1
1907	4865	1
11767	4824	1
5797	3450	1
2185	2042	1
6286	1378	1
11568	8386	1
3730	8572	1
12426	6439	1
6157	4741	1
2873	7446	1
13097	7446	1
4174	15976	1
7592	7595	1
3087	4913	1
82	8776	1
16615	16593	1
1599	6213	1
9883	9883	1
467	4015	1
1699	3837	1
12590	7469	1
7969	5810	1
10459	4069	1
16533	8977	1
10769	4581	1
4176	3338	1
8260	8967	1
5366	12779	1
16616	5341	1
13492	12551	1
9422	11065	1
12924	11386	1
4031	15686	1
5234	10415	1
774	1558	1
5570	6142	1
2578	13493	1
8293	10207	1
10415	5234	1
8150	7916	1
9607	10593	1
9240	4577	1
13473	5849	1
6357	12488	1
5901	3325	1
16617	16618	1
6816	6492	1
10200	5267	1
2873	8273	1
12779	5366	1
11598	6182	1
15081	6193	1
1493	1687	1
16619	16619	1
8776	82	1
10883	2586	1
14160	8437	1
905	5979	1
7592	11868	1
10620	5892	1
8609	3965	1
627	628	1
57	82	1
16486	8092	1
4836	8967	1
2838	7852	1
8260	10611	1
10611	8260	1
274	2534	1
13737	10620	1
6483	6484	1
467	4181	1
10620	13737	1
8185	15567	1
16620	16618	1
6286	7855	1
2595	15567	1
551	6093	1
2873	6635	1
14711	6893	1
6860	2428	1
5409	3957	1
10200	3010	1
6844	9589	1
951	6900	1
6729	7345	1
14844	14795	1
3202	9239	1
13493	2578	1
5586	3058	1
4385	11538	1
16282	15668	1
13097	4205	1
4368	1903	1
11689	7916	1
1281	2048	1
12105	10868	1
6122	10868	1
2873	3020	1
6900	951	1
4864	4863	1
1069	11433	1
12263	9056	1
2855	1081	1
1816	1816	1
12312	15911	1
8924	8925	1
8260	4106	1
9383	14115	1
9719	3033	1
7776	15561	1
7961	1237	1
14711	2532	1
7334	9966	1
3626	5796	1
12069	16485	1
4824	11767	1
11836	16485	1
16621	14218	1
4270	2590	1
453	371	1
15686	4031	1
5773	5258	1
16622	16622	1
14356	15805	1
940	7121	1
13567	12009	1
2056	1900	1
1815	5563	1
12660	4087	1
11758	5845	1
2169	6527	1
12664	12650	1
14718	11026	1
16623	16415	1
2873	5307	1
7744	6389	1
1362	2742	1
6485	6845	1
12340	1897	1
1853	7372	1
2365	5307	1
938	6101	1
6530	453	1
453	6530	1
14546	12403	1
5424	8975	1
1031	3103	1
6845	6485	1
7376	8975	1
11789	5542	1
5482	8975	1
11960	11959	1
8504	8795	1
4113	8975	1
4346	4345	1
1450	12905	1
5845	11758	1
8325	15447	1
931	2727	1
2742	1362	1
14816	16536	1
16048	16048	1
8998	8975	1
8152	9009	1
15822	10713	1
6282	4084	1
2365	4084	1
11831	6243	1
10030	6243	1
14711	7863	1
10713	15822	1
6652	6193	1
1642	604	1
524	816	1
1900	1897	1
271	272	1
14807	14869	1
6738	7921	1
13794	14079	1
8975	5424	1
12795	1064	1
6062	11779	1
14715	13407	1
3730	8614	1
16597	6466	1
8238	8645	1
6527	2169	1
15335	8614	1
8925	8924	1
13689	8645	1
8260	12271	1
12886	3843	1
2873	3539	1
5154	4888	1
4910	7614	1
10537	11411	1
10179	7544	1
8335	1268	1
12345	272	1
15665	5299	1
8422	14522	1
5267	10200	1
12271	8260	1
4735	1506	1
12467	11301	1
14317	6320	1
9391	8680	1
15888	334	1
6539	3944	1
3979	1891	1
604	1642	1
8646	7074	1
6045	5876	1
8903	11387	1
16624	16415	1
10623	14522	1
8260	11387	1
5442	3950	1
4777	896	1
8150	11164	1
3575	5137	1
1969	4886	1
9215	7742	1
7486	9769	1
8676	1238	1
2365	2364	1
7916	11689	1
11734	3944	1
11031	6985	1
12059	3868	1
11387	8260	1
6638	1697	1
8004	9136	1
46	5409	1
467	5690	1
7345	10893	1
10427	9242	1
4113	14849	1
12059	6604	1
6985	11031	1
10868	12105	1
5485	14522	1
4525	1838	1
5324	5874	1
1064	12795	1
9769	7486	1
7449	2537	1
6280	15047	1
9147	4568	1
5409	46	1
250	8199	1
10200	1203	1
8568	7176	1
2813	16518	1
7994	1782	1
11077	13267	1
2873	1238	1
8260	1238	1
11555	5164	1
2873	8183	1
15745	5520	1
16625	346	1
3920	3746	1
16536	14816	1
6564	16595	1
4946	7266	1
3105	15188	1
467	710	1
2632	15047	1
11948	12756	1
12059	2331	1
11479	3137	1
3102	3121	1
10200	710	1
8763	12134	1
12756	11948	1
9100	10973	1
2365	2712	1
10868	8665	1
11031	11031	1
13311	6804	1
14375	82	1
8755	13348	1
1987	13851	1
5191	13659	1
6037	4666	1
2873	5090	1
16456	13348	1
16626	16626	1
2365	6282	1
467	1635	1
7831	12456	1
14542	2399	1
2017	5349	1
4385	6243	1
16627	15229	1
6128	10741	1
3852	5633	1
12233	11077	1
16212	16390	1
13097	7331	1
1886	1623	1
7952	6193	1
5324	9300	1
6243	10030	1
13777	11077	1
15911	12312	1
7331	4797	1
4385	5107	1
8998	16552	1
4132	6987	1
14263	4555	1
4751	8128	1
8327	8259	1
4385	5386	1
12059	8896	1
11531	2355	1
1043	3985	1
16150	11077	1
11161	11077	1
11077	13777	1
3837	1699	1
13687	12650	1
8260	15153	1
4346	7810	1
4281	5418	1
5485	3561	1
5642	3561	1
5520	15745	1
12787	8031	1
467	13200	1
10427	4281	1
11661	14947	1
9009	8152	1
8031	12787	1
5753	6539	1
7334	11514	1
8735	8492	1
11201	6066	1
13581	14531	1
5789	6987	1
15668	16282	1
13884	8280	1
5316	3688	1
5599	4945	1
8999	12650	1
7078	7079	1
14755	10687	1
1647	10900	1
12896	16593	1
3138	5581	1
4069	5888	1
3514	7561	1
5966	10324	1
13692	13528	1
5022	6340	1
12086	5504	1
6987	5789	1
8975	5482	1
16628	11077	1
12086	8591	1
6987	4132	1
15300	16341	1
4113	5482	1
2042	2185	1
15459	7644	1
6127	12899	1
13215	4195	1
6372	4167	1
11077	16150	1
1837	2712	1
5821	5820	1
1897	1900	1
12059	16629	1
3344	8177	1
6760	8644	1
467	16630	1
8260	15664	1
16627	10082	1
14940	1742	1
12059	8280	1
8903	10161	1
4250	2912	1
11799	11800	1
8644	6760	1
1808	1838	1
7542	352	1
3688	8225	1
15686	95	1
8975	10319	1
352	7542	1
8225	3688	1
11472	1597	1
12787	12787	1
689	1623	1
15386	11641	1
7079	10421	1
10908	1756	1
2873	4577	1
4485	4457	1
2326	7239	1
2365	8854	1
1949	7239	1
4363	8301	1
16631	12304	1
15745	15148	1
3545	3315	1
2669	3704	1
6037	12991	1
715	4651	1
10868	6122	1
1742	14940	1
14198	12533	1
16049	16056	1
3950	5442	1
4910	4832	1
16113	14814	1
14197	3315	1
10639	12533	1
12174	11918	1
16414	16055	1
1623	689	1
307	299	1
8641	8225	1
5636	10620	1
16582	16572	1
16632	16632	1
15148	15745	1
2094	2093	1
1523	2907	1
9719	5590	1
5304	206	1
4666	6037	1
2365	1108	1
13666	11871	1
12997	5590	1
10200	4873	1
8540	14840	1
12991	6037	1
15642	5590	1
16633	6868	1
12134	8763	1
16634	16635	1
5230	5442	1
9276	7622	1
2077	2083	1
6286	9742	1
5590	12997	1
2669	6686	1
2873	9568	1
2546	6161	1
7622	9276	1
16570	8498	1
5504	12086	1
15085	16389	1
2884	718	1
8498	16570	1
1338	395	1
14559	15750	1
12861	15985	1
8243	5650	1
16387	16387	1
15918	16636	1
10973	9100	1
16161	7495	1
4113	4114	1
467	3041	1
9242	10427	1
15745	1898	1
12597	12006	1
6243	11758	1
4281	10427	1
6230	14095	1
11918	12174	1
12771	8141	1
7780	7988	1
9184	9117	1
611	612	1
7239	1949	1
4200	3630	1
9860	12533	1
4755	8141	1
4652	4537	1
15229	16627	1
1564	1618	1
7334	15106	1
5884	774	1
9202	13590	1
16282	16161	1
12533	10639	1
2873	5047	1
9769	4910	1
11077	11161	1
14968	1898	1
6343	9144	1
11758	6243	1
4577	9240	1
16416	16055	1
6319	5442	1
16415	16623	1
5180	5181	1
7988	7780	1
12748	2902	1
9764	14904	1
5823	7764	1
6492	6816	1
5823	3944	1
16166	8280	1
1597	11472	1
1898	14968	1
3315	3545	1
16581	11687	1
8141	2902	1
13590	9202	1
10082	16627	1
5597	8160	1
7690	11687	1
4810	16478	1
5896	7126	1
10032	10032	1
8934	10924	1
11581	2827	1
8280	16166	1
13407	14715	1
5442	6319	1
14947	11661	1
6371	8501	1
9069	13973	1
16637	16166	1
10569	13973	1
15793	16638	1
12469	14082	1
4548	2227	1
10924	8934	1
3726	16639	1
13573	845	1
13097	11406	1
5234	4939	1
3493	12772	1
8160	4724	1
10421	7079	1
5715	4561	1
13723	12591	1
6539	5753	1
14672	9936	1
4113	5027	1
7233	1793	1
82	14375	1
13694	13826	1
6037	9397	1
7211	5524	1
11040	718	1
12369	4207	1
10183	14859	1
8150	8611	1
4724	8160	1
9276	7409	1
13956	10007	1
9397	6037	1
6551	227	1
12533	14198	1
16055	16416	1
8086	11191	1
6245	7332	1
16627	2330	1
11700	2712	1
12482	11242	1
5205	5204	1
1902	4207	1
4293	8616	1
14840	8540	1
16627	3382	1
997	798	1
6849	12862	1
13659	5191	1
5094	1635	1
798	997	1
9174	12381	1
1756	10908	1
3137	11479	1
9105	6564	1
11372	15579	1
2941	10663	1
1401	1850	1
15579	15579	1
1903	4368	1
16592	5750	1
16640	9670	1
8260	3479	1
13694	7204	1
9280	9267	1
3493	4368	1
8757	10713	1
5055	1824	1
4312	2145	1
14461	5041	1
11687	7690	1
4457	4485	1
10713	8757	1
8889	11947	1
7551	908	1
10910	6887	1
2365	6924	1
845	13573	1
16641	16641	1
12546	16342	1
14182	14095	1
7239	2326	1
12804	9960	1
8222	2914	1
4087	12660	1
5896	9960	1
10200	2810	1
9330	6513	1
8544	7860	1
16161	7868	1
11943	9960	1
2454	3824	1
3975	10968	1
12842	7551	1
16531	16531	1
13336	5347	1
8280	8896	1
10968	3975	1
15985	12861	1
2227	4548	1
16642	14247	1
5650	8243	1
4254	4658	1
2870	1855	1
8935	12999	1
9934	16643	1
14313	9879	1
6608	9879	1
7805	9538	1
16636	15918	1
12535	15162	1
3479	8260	1
5402	15468	1
11014	13573	1
14859	10183	1
2365	7639	1
5893	5047	1
9966	7334	1
8896	8280	1
8492	4724	1
11513	9377	1
16644	3426	1
13061	4267	1
10283	2303	1
10390	13573	1
