16755	16788	1
15763	4258	1
6901	12568	1
4945	2786	1
2399	5750	1
16788	16755	1
3503	5951	1
6343	3358	1
1817	8224	1
6788	6069	1
10716	9819	1
8681	4141	1
10427	4281	1
677	3674	1
16282	15668	1
13428	13428	1
4887	5153	1
3170	8707	1
1512	21	1
1441	21	1
4406	9480	1
14612	8492	1
16806	1100	1
12861	2886	1
1884	1237	1
14672	447	1
14904	3196	1
3676	11087	1
5166	1411	1
3196	14904	1
9477	5678	1
14165	5678	1
10756	5678	1
6104	8609	1
5642	5485	1
14002	6183	1
15471	13573	1
11758	4755	1
12371	13776	1
4506	6062	1
16807	16807	1
4036	12837	1
2772	2771	1
6485	2801	1
16756	16330	1
10080	10893	1
16414	2901	1
5678	9477	1
2958	7613	1
10476	500	1
16282	6926	1
5533	304	1
7487	5932	1
16740	4335	1
13111	1584	1
5700	5640	1
6082	6082	1
12340	1897	1
4260	718	1
2308	6499	1
16360	13840	1
15922	15124	1
6037	5382	1
6037	9397	1
16808	8699	1
2940	3020	1
7551	744	1
10330	15985	1
4856	1601	1
8699	16808	1
625	5062	1
1269	3015	1
5752	11742	1
6351	7345	1
5062	625	1
8935	5684	1
8492	4605	1
8544	13361	1
11069	10623	1
6069	6788	1
6385	15230	1
8199	473	1
6037	10363	1
5773	2559	1
2675	1009	1
744	7551	1
9397	6037	1
5382	6037	1
10363	6037	1
6899	271	1
8243	5650	1
2801	6485	1
8451	8867	1
9411	12308	1
13871	8377	1
9402	3109	1
8940	5457	1
5485	5642	1
10330	7204	1
8021	10900	1
13074	16795	1
13692	8506	1
13567	11472	1
2354	2546	1
16645	13601	1
5678	6646	1
8609	6104	1
16603	16602	1
16809	3173	1
16036	14419	1
11082	1226	1
16810	7965	1
15936	15936	1
5800	4087	1
261	550	1
1705	1381	1
3945	1381	1
2710	3380	1
15668	16282	1
6926	16282	1
5542	6232	1
16258	16282	1
16161	16282	1
4036	4174	1
387	2571	1
2131	2616	1
1897	12340	1
1411	5166	1
2518	2519	1
8782	16088	1
12259	7366	1
16807	12307	1
1848	645	1
16360	6122	1
4679	3051	1
496	1624	1
5028	8721	1
3738	4209	1
16415	16623	1
16282	16258	1
123	16343	1
3315	7108	1
3738	4327	1
15789	16343	1
2771	2772	1
7108	3315	1
6576	3315	1
6232	5542	1
9276	16803	1
1727	1055	1
5548	184	1
16138	5875	1
557	2359	1
14844	16658	1
2710	205	1
2546	6161	1
3670	408	1
16811	7174	1
16342	15438	1
2985	4474	1
11106	9147	1
7070	7069	1
4654	4556	1
3467	14302	1
4445	3546	1
3286	3123	1
15468	5402	1
6146	5402	1
424	1108	1
5402	15468	1
2588	14580	1
9564	5513	1
9477	10736	1
5800	6271	1
11857	8080	1
12837	4036	1
14210	14315	1
4174	4036	1
12664	12650	1
6271	5800	1
8935	16372	1
4087	5800	1
16597	14648	1
8068	2842	1
5137	3575	1
3063	6502	1
2480	4393	1
2940	8603	1
11820	9718	1
3669	15946	1
4393	2480	1
2127	8526	1
6485	6845	1
1223	9918	1
1149	16800	1
16787	4832	1
12134	8763	1
11742	5752	1
15925	10273	1
11010	12865	1
5542	4955	1
2017	5711	1
15985	10330	1
7370	10273	1
5757	10839	1
5951	5142	1
6964	6965	1
10736	9477	1
7916	8150	1
3725	385	1
6898	9147	1
12803	12803	1
11820	16812	1
9718	11820	1
6113	8133	1
4863	1148	1
16609	8150	1
8150	7916	1
16813	11602	1
16814	5812	1
16327	11800	1
441	11800	1
3738	3397	1
16815	16816	1
10492	6611	1
5650	8243	1
5176	5977	1
13442	6496	1
3051	1279	1
2852	5580	1
3262	9498	1
1237	1884	1
7521	7715	1
2296	3051	1
5598	10478	1
9300	15550	1
2361	5502	1
3463	6564	1
3397	3738	1
16107	7705	1
6146	16817	1
13452	15226	1
6163	9270	1
1886	3051	1
10968	5240	1
1148	4863	1
16818	8552	1
13775	15226	1
8536	1396	1
11487	11160	1
13573	10390	1
3051	2296	1
5119	11851	1
6496	13442	1
6210	9527	1
9388	9527	1
4577	9389	1
7235	4555	1
5602	15687	1
4724	7108	1
16819	16819	1
2801	6845	1
10199	12345	1
184	5548	1
16803	9276	1
11212	11212	1
1451	730	1
16737	16736	1
4087	12660	1
12544	15401	1
6300	3673	1
5812	16814	1
14522	13734	1
9819	10716	1
13242	8125	1
2852	4074	1
6611	10492	1
4444	8735	1
7165	6127	1
6127	7165	1
7575	16820	1
15300	16341	1
16821	16736	1
8735	4444	1
4002	7451	1
46	1796	1
14841	10413	1
730	1451	1
13411	7776	1
4346	4602	1
1488	1431	1
14888	2110	1
13782	7451	1
3462	2620	1
8125	13242	1
385	3725	1
320	1431	1
10390	13573	1
14531	13581	1
13310	16822	1
8545	13573	1
5203	2620	1
5156	3581	1
4064	2620	1
16823	15440	1
2084	4696	1
16824	16824	1
16704	16704	1
4017	2620	1
9050	11103	1
7258	11164	1
10304	10938	1
1887	2620	1
2710	5048	1
4230	2620	1
5481	3043	1
2620	4017	1
10285	13323	1
530	210	1
16825	16825	1
2619	2620	1
16650	2620	1
5542	11429	1
552	16597	1
16792	4910	1
2249	2979	1
7451	5850	1
5745	5920	1
12345	10199	1
14648	16597	1
9671	16804	1
16826	15089	1
2710	3262	1
6785	6564	1
16827	3323	1
573	526	1
7345	10893	1
13573	15471	1
16828	16828	1
16829	16829	1
12379	3810	1
9527	6210	1
14002	1556	1
10235	14153	1
5076	800	1
12259	6155	1
1711	10754	1
10235	6577	1
9365	3673	1
5688	9397	1
16398	16398	1
10203	5565	1
16360	14095	1
5542	12342	1
10304	13455	1
8552	8552	1
1584	6111	1
91	3566	1
5684	8935	1
6250	3731	1
16799	16612	1
3323	16827	1
16585	16387	1
16372	8935	1
6006	6184	1
12307	16807	1
5800	7741	1
5883	3566	1
4087	7741	1
1666	3970	1
1377	1377	1
6845	6485	1
5585	3970	1
14078	1451	1
2587	425	1
10273	10620	1
573	1295	1
8247	8214	1
13737	10620	1
2172	12668	1
3722	4346	1
11168	6448	1
1166	2192	1
2289	2290	1
10620	10273	1
1837	2712	1
9147	11106	1
11445	7266	1
6111	1584	1
11048	4741	1
10620	13737	1
5773	5258	1
7741	4087	1
9115	3603	1
13323	10285	1
2595	16830	1
16831	14695	1
13059	10831	1
5870	14144	1
1584	13111	1
15406	3575	1
9862	8290	1
10831	13059	1
5676	150	1
8763	12134	1
13455	10304	1
10938	10304	1
15280	15280	1
2131	2909	1
11630	10889	1
8214	8247	1
314	5924	1
7717	1686	1
9270	6163	1
7232	14825	1
9329	16330	1
2904	1933	1
2051	847	1
12881	16832	1
10203	3559	1
662	5312	1
196	9270	1
847	2051	1
2934	9669	1
5922	5	1
3428	16674	1
3738	3690	1
11201	5922	1
1427	2315	1
7916	11676	1
5542	6779	1
6779	5542	1
4677	16833	1
16826	9078	1
5190	4135	1
647	5783	1
15792	13829	1
6068	6743	1
14969	2948	1
11429	5542	1
16649	16648	1
9669	1612	1
2198	6613	1
3795	5566	1
6646	5678	1
2842	8068	1
6578	11800	1
12881	13829	1
3672	15002	1
6479	9669	1
6448	11168	1
850	15686	1
3951	8082	1
16597	6466	1
13573	8545	1
1625	1280	1
3568	2914	1
13411	8506	1
4135	5190	1
23	2914	1
15147	1957	1
2550	1097	1
9669	6479	1
4289	9669	1
1933	2904	1
5301	523	1
16789	16790	1
7143	11164	1
2364	4257	1
46	46	1
11233	8173	1
2940	710	1
8785	11186	1
16834	16834	1
13572	6919	1
13361	8544	1
472	473	1
11164	7143	1
5923	1700	1
11676	7916	1
6748	663	1
2462	1203	1
5241	8173	1
13196	408	1
14671	7505	1
15552	3668	1
6768	4721	1
5542	2904	1
5837	4946	1
387	1184	1
4087	7031	1
13453	1184	1
4057	16674	1
5753	314	1
4950	8967	1
16835	16835	1
4900	12917	1
12756	11948	1
15401	12544	1
4755	11758	1
14889	13826	1
1897	8222	1
7053	10502	1
6513	4613	1
408	13196	1
4087	2715	1
3119	3118	1
5347	13336	1
4092	14039	1
2134	15878	1
15878	15878	1
5542	1407	1
1184	13453	1
7031	4087	1
14085	14022	1
2997	3561	1
10481	3370	1
16836	16715	1
10403	11344	1
13336	5347	1
8335	1268	1
12494	4084	1
16715	16836	1
7331	7332	1
2715	4087	1
1184	387	1
3451	5928	1
7895	11164	1
5591	5947	1
5745	3183	1
922	15811	1
14807	14869	1
11164	7895	1
16592	16594	1
9862	14844	1
14876	941	1
6210	4577	1
941	14876	1
9388	4577	1
16507	7334	1
1407	1407	1
16837	16838	1
16839	3274	1
11372	16780	1
6810	13308	1
15623	3105	1
6816	16288	1
11344	10403	1
314	5753	1
5795	14239	1
4729	5869	1
16594	16592	1
7838	16288	1
16669	16670	1
5795	5795	1
2589	1091	1
4571	4570	1
8490	2647	1
7624	11194	1
10938	14239	1
13826	14923	1
16840	2979	1
12899	15886	1
3668	15552	1
12336	6977	1
10240	15886	1
1900	4029	1
4965	2259	1
2259	4965	1
13985	6158	1
11457	16841	1
16837	16837	1
9100	10973	1
16612	16799	1
8774	3817	1
10623	11069	1
4029	1900	1
10325	15886	1
11767	4824	1
7741	5800	1
1686	7717	1
7308	3009	1
8076	3140	1
604	1642	1
3557	3557	1
8837	4019	1
7868	12544	1
14370	12331	1
7259	4187	1
13580	11779	1
8935	6380	1
12172	10609	1
15593	15593	1
2361	2362	1
10609	12172	1
16670	16669	1
10973	9100	1
15184	15185	1
7501	3330	1
4654	4812	1
13138	16738	1
15185	15184	1
7805	5676	1
5142	5951	1
4030	4257	1
6729	14326	1
150	5676	1
3105	15188	1
10835	12219	1
5566	3795	1
2620	16650	1
5800	7031	1
3183	5745	1
1987	13851	1
16842	15234	1
9690	12533	1
13851	1987	1
14807	16168	1
12932	3274	1
11779	13580	1
11270	6135	1
10788	490	1
5051	4654	1
16843	16843	1
15183	16771	1
10023	15067	1
12494	6282	1
7452	15067	1
7614	12533	1
7805	15168	1
16282	12793	1
11194	7624	1
9767	7266	1
9237	3401	1
518	1905	1
1884	5463	1
16844	6298	1
15878	2134	1
13687	12650	1
6135	11270	1
2311	9943	1
2103	9943	1
7452	13960	1
11144	4474	1
12598	15120	1
4257	2364	1
13826	14889	1
7899	6479	1
2544	1508	1
7449	14597	1
9470	6146	1
4738	3240	1
2734	3170	1
8609	5461	1
2135	1338	1
3315	13851	1
1096	1517	1
9769	7614	1
294	6854	1
16845	1628	1
11851	3786	1
10304	14816	1
5581	13938	1
16167	11077	1
4654	2665	1
5951	4133	1
6298	16844	1
16846	7607	1
7334	15106	1
5497	5498	1
12259	2604	1
9966	15106	1
6417	15071	1
15106	7334	1
16847	2284	1
7638	8950	1
4030	6849	1
6849	4030	1
13018	15151	1
2148	12347	1
5258	13626	1
14256	10568	1
1039	4406	1
408	3670	1
6030	13626	1
11051	3563	1
1601	4856	1
12533	9690	1
13851	3315	1
16282	16161	1
2544	2541	1
12803	9994	1
16633	3688	1
13849	12907	1
11472	13567	1
8506	7624	1
12624	3170	1
10815	10815	1
8492	8735	1
15067	10023	1
3170	12624	1
12429	14265	1
7624	8506	1
4281	10427	1
10365	10365	1
6030	7624	1
16839	13455	1
4019	8837	1
6743	6068	1
1451	14078	1
5457	8940	1
3456	2457	1
8735	8492	1
16288	2914	1
12197	7995	1
7868	4632	1
4084	5646	1
715	4651	1
13459	13459	1
4455	16848	1
4250	3775	1
4910	16787	1
1740	1311	1
2132	2132	1
15487	16849	1
5932	7487	1
4730	6057	1
7516	8492	1
11676	7625	1
7916	7624	1
11164	7258	1
9943	2311	1
3173	4538	1
3817	8774	1
10304	3274	1
6380	3503	1
9943	2103	1
15758	16850	1
2710	5233	1
2132	15988	1
6184	6006	1
14956	14956	1
15836	5562	1
5243	6689	1
4577	9388	1
1134	13900	1
10353	8616	1
16851	8125	1
5309	3603	1
3738	2264	1
216	14055	1
4718	15416	1
564	2169	1
5180	6783	1
8125	16851	1
8443	2821	1
5524	7211	1
2264	3738	1
6867	5793	1
16258	16258	1
12793	16282	1
14841	8331	1
16852	16853	1
3109	9402	1
8333	10250	1
16074	16075	1
12096	10478	1
15161	1585	1
16360	1176	1
5907	1661	1
12408	10779	1
1106	5983	1
16758	4822	1
12219	10835	1
16854	2248	1
8647	9259	1
5027	5234	1
4346	3722	1
1407	5542	1
12907	154	1
16541	5598	1
12274	16855	1
2904	5542	1
4860	15892	1
645	1848	1
12932	10810	1
6811	14025	1
4170	833	1
3211	616	1
2940	11160	1
16187	15471	1
1662	7273	1
271	272	1
16665	11661	1
13598	13083	1
12898	6977	1
5506	11382	1
9620	5019	1
2541	2544	1
12890	2487	1
13900	1134	1
7273	1662	1
1508	2544	1
16798	5355	1
3967	1709	1
14182	14095	1
419	4963	1
7236	6977	1
6444	3079	1
6689	5243	1
13491	3186	1
12544	7868	1
8301	14131	1
7791	7761	1
6146	9470	1
6264	4315	1
16509	12727	1
3071	3071	1
8721	15906	1
8333	8676	1
1897	6051	1
12344	5789	1
4654	4832	1
523	16237	1
14825	7267	1
16355	4751	1
5641	3101	1
13083	13083	1
9620	3101	1
8165	7764	1
662	660	1
6250	6371	1
7614	9769	1
16787	4910	1
4939	12400	1
1523	861	1
5976	10626	1
7575	5430	1
1064	2616	1
3186	13491	1
518	1939	1
13800	11980	1
4133	5951	1
8498	8756	1
10810	8139	1
1664	5131	1
15892	4860	1
14377	6772	1
5573	4612	1
13623	13623	1
6056	5430	1
914	6942	1
4654	3723	1
3670	8057	1
7345	6351	1
16702	7424	1
13	4511	1
9031	4692	1
11382	5506	1
7731	7179	1
6942	914	1
3812	9736	1
9270	1372	1
3568	6270	1
14131	8301	1
151	152	1
1661	5907	1
7179	7731	1
12494	7302	1
1774	4692	1
16855	12274	1
2169	564	1
4598	7705	1
4801	7345	1
5131	1664	1
2255	4216	1
15162	15162	1
3745	5630	1
13741	1091	1
16288	7838	1
11186	8785	1
3450	3020	1
16738	13138	1
12865	11010	1
3020	3450	1
7625	11676	1
6540	7125	1
8756	9018	1
16856	15435	1
6788	11676	1
4087	9066	1
11294	16848	1
10667	8162	1
12059	13795	1
3563	11051	1
627	628	1
7345	4801	1
10304	16031	1
1839	1987	1
13795	12059	1
15886	12899	1
11479	9022	1
6068	6230	1
1289	1254	1
11836	16485	1
12533	7614	1
16857	227	1
6832	13868	1
13432	12921	1
5022	6340	1
3302	2127	1
13868	6832	1
14144	5870	1
3688	16633	1
6868	16633	1
8903	11403	1
2852	2610	1
10810	12932	1
9995	16641	1
1571	974	1
3738	5128	1
7868	6578	1
14144	5735	1
5378	1921	1
16858	10243	1
8756	8498	1
13737	10434	1
4965	1939	1
16633	6868	1
6165	6985	1
15471	16187	1
10434	13737	1
4492	6545	1
8552	7717	1
13493	14430	1
6985	6165	1
2260	7126	1
9172	16523	1
5750	2399	1
16498	5288	1
6648	5598	1
7267	14825	1
129	4064	1
2127	3302	1
16241	13471	1
13803	10582	1
1987	1839	1
3043	5481	1
15471	15471	1
15385	13736	1
16719	9059	1
4257	4030	1
16859	16694	1
9736	3812	1
9059	16719	1
9777	15539	1
13471	16241	1
11777	9610	1
2354	6161	1
3311	10716	1
2400	14878	1
3794	16067	1
6849	7703	1
16523	9172	1
13973	5316	1
13083	13598	1
5316	13973	1
5481	14017	1
8460	13932	1
8031	15718	1
7442	16641	1
4216	2255	1
7624	7916	1
15887	14328	1
13350	3041	1
16694	16859	1
5789	12344	1
5414	4789	1
1938	1939	1
12813	1585	1
6481	5850	1
11797	10427	1
3621	9577	1
5761	11889	1
13455	16839	1
710	2940	1
11203	9888	1
6481	7767	1
13263	2204	1
5845	7331	1
6127	12899	1
