9628	518	1
5028	6915	1
8810	6562	1
8402	10778	1
7455	16321	1
4983	4561	1
3383	2234	1
14859	7122	1
6700	6635	1
7082	1378	1
1236	16464	1
14793	14793	1
5110	5818	1
2597	1219	1
3988	238	1
9777	8084	1
16465	8490	1
4604	1237	1
15505	5368	1
7610	539	1
15738	15738	1
6578	7654	1
13606	12837	1
5000	5819	1
8490	16465	1
7408	5678	1
14855	7375	1
2569	7673	1
2801	10968	1
6345	3332	1
5716	11823	1
15200	15200	1
5028	7090	1
13694	13826	1
5678	13538	1
5450	5166	1
7784	4741	1
4207	4036	1
1411	5166	1
1188	5481	1
11093	11093	1
13538	5678	1
5481	1188	1
6635	6700	1
6428	13599	1
9367	9669	1
173	2678	1
5859	3849	1
10355	15717	1
13665	510	1
5907	13829	1
5203	6312	1
110	5110	1
12439	3616	1
5700	5640	1
9391	15737	1
11224	868	1
10968	5240	1
15320	3616	1
15517	11909	1
7345	9736	1
3440	5888	1
5859	4049	1
15147	1957	1
8378	3629	1
953	5640	1
6538	6200	1
16466	16467	1
11196	9791	1
1105	1786	1
8213	5613	1
5119	16468	1
13691	10188	1
1120	6854	1
1192	7525	1
6253	16469	1
5084	16269	1
10232	3234	1
14678	12342	1
4033	6221	1
3666	1761	1
6901	14165	1
16282	14946	1
8676	1134	1
13829	13840	1
10988	6448	1
11730	11788	1
7211	7370	1
6217	786	1
604	1642	1
2948	2546	1
4524	3274	1
4588	3274	1
5382	2483	1
15925	12483	1
16217	6597	1
9791	11196	1
7121	643	1
3933	321	1
6779	643	1
68	655	1
1996	3547	1
12585	1635	1
5028	12011	1
15998	6153	1
4249	4309	1
10570	8222	1
3794	3794	1
4252	3160	1
953	7605	1
3923	9184	1
12537	14419	1
207	264	1
5890	6119	1
7654	6578	1
4815	425	1
5368	2979	1
16062	9042	1
6936	11820	1
12540	6901	1
9719	3033	1
5282	9391	1
1364	5303	1
13840	13609	1
7761	7791	1
14280	14938	1
5282	5902	1
10654	5357	1
6069	11518	1
1642	604	1
7345	6182	1
10508	14119	1
16459	6609	1
7927	12176	1
8018	9431	1
5368	15505	1
7345	3149	1
6490	9495	1
12861	10070	1
12390	6331	1
1070	8255	1
8378	3084	1
16470	16471	1
923	974	1
4218	13273	1
7092	12264	1
6530	2902	1
16468	5119	1
7776	4246	1
1407	10355	1
8924	4783	1
8867	875	1
16456	6622	1
4033	16009	1
12779	5366	1
7033	5305	1
2420	5411	1
5411	2420	1
1531	145	1
15720	7024	1
689	6551	1
562	3601	1
10061	13989	1
4812	5364	1
8211	9498	1
14895	2913	1
13674	12223	1
4033	5643	1
5028	15527	1
14263	4555	1
7804	5411	1
1661	40	1
6729	7128	1
5700	6056	1
7235	4555	1
964	12010	1
1368	1280	1
9644	12732	1
5042	9680	1
5411	7804	1
2913	14895	1
7375	14855	1
16462	14901	1
5028	6093	1
12540	4801	1
564	4119	1
12837	16472	1
3434	4946	1
4033	5307	1
7525	1192	1
1625	1368	1
15117	15117	1
15978	6129	1
1280	1368	1
923	3514	1
12390	7932	1
7601	11853	1
3084	5307	1
7345	4439	1
4036	5670	1
1134	8676	1
6987	4266	1
953	5542	1
10116	1928	1
14016	7138	1
11704	14156	1
2870	1437	1
5977	2172	1
1070	1071	1
7345	6730	1
4033	8570	1
2172	5977	1
1070	210	1
1070	4064	1
953	951	1
6765	9669	1
3826	5318	1
2609	1725	1
7407	7308	1
7223	226	1
5003	628	1
4910	4832	1
13097	7308	1
4812	4832	1
4006	1727	1
16166	8932	1
1368	1625	1
8054	7210	1
13273	4218	1
6448	10988	1
14901	14073	1
13989	10061	1
7361	10620	1
7634	12892	1
14051	737	1
5043	4070	1
6475	10157	1
937	6374	1
16372	6193	1
123	15789	1
9942	2467	1
10368	13840	1
13737	10620	1
8303	8303	1
13840	10368	1
923	508	1
16	13	1
12397	12773	1
6107	4554	1
9426	2011	1
12732	9644	1
9626	12666	1
16473	2011	1
8992	16474	1
9042	16062	1
953	9375	1
12892	7634	1
5636	10620	1
13984	7824	1
266	265	1
16446	6728	1
435	11077	1
5650	8243	1
7086	4555	1
11099	10638	1
2894	186	1
6168	7965	1
9202	6419	1
7551	2284	1
9586	11513	1
10620	5636	1
4345	4346	1
12015	6419	1
7345	11562	1
6492	2297	1
14166	5307	1
12666	10345	1
9002	3450	1
12233	11077	1
11820	6936	1
10687	5634	1
1451	1452	1
3849	5859	1
13446	13870	1
4049	5859	1
11788	11730	1
11823	5716	1
5166	5450	1
4246	7776	1
4602	4346	1
11584	2269	1
3920	3746	1
12795	11077	1
3975	11792	1
10620	7361	1
13777	11077	1
4751	16355	1
13737	7361	1
11077	12795	1
7413	5096	1
7784	8899	1
4741	8899	1
13719	1537	1
8611	5096	1
15079	14025	1
12246	5096	1
1452	1451	1
14531	13581	1
5807	2650	1
2956	3054	1
6893	5849	1
13573	16187	1
15800	5825	1
13976	13023	1
16475	4238	1
4457	1059	1
1468	1349	1
10465	8347	1
7883	6364	1
5709	6128	1
4660	3545	1
11077	13777	1
3033	9719	1
11455	3581	1
14224	207	1
12082	4300	1
4033	9404	1
8998	314	1
237	238	1
5598	10478	1
4890	7309	1
5084	1031	1
6899	271	1
4966	940	1
12420	11045	1
16434	16434	1
2269	11584	1
8650	6115	1
207	14224	1
16183	6613	1
15745	15148	1
3852	4159	1
3896	13900	1
2650	5807	1
16298	7556	1
11654	15535	1
883	957	1
6325	6700	1
7235	2914	1
9158	7526	1
1497	3706	1
1599	6213	1
4204	15865	1
8211	1373	1
12401	16177	1
7128	6729	1
16476	16177	1
16477	16177	1
10000	3194	1
15653	16177	1
13577	996	1
1338	5660	1
8932	16166	1
14073	14901	1
5660	1338	1
16446	4048	1
874	3194	1
16478	4810	1
10203	3194	1
14180	12308	1
1781	1891	1
10620	13737	1
7361	13737	1
1727	3234	1
7421	5663	1
280	207	1
10390	5984	1
611	11228	1
72	207	1
6419	12015	1
5028	1504	1
5400	3828	1
12886	13176	1
7345	7466	1
10345	12666	1
7645	3353	1
1360	1361	1
510	13665	1
7741	5800	1
8080	1361	1
6648	5598	1
953	3274	1
5634	3162	1
15569	7159	1
1635	12585	1
8008	10609	1
4102	12585	1
11157	8140	1
16399	10000	1
5028	5642	1
13573	11014	1
16479	6004	1
15811	11160	1
12390	12983	1
8243	5650	1
5028	9375	1
2445	16480	1
7928	14917	1
4830	4763	1
5700	10165	1
7980	6193	1
1070	3411	1
3547	2559	1
4983	4763	1
8140	11157	1
3451	5928	1
15664	11243	1
8137	5622	1
5282	8802	1
9655	664	1
3492	3392	1
5318	4111	1
4033	3502	1
1030	10542	1
4763	4830	1
4679	5502	1
16399	8013	1
10609	8008	1
12523	12983	1
11077	13267	1
12481	12481	1
7884	6810	1
5512	7655	1
5715	5711	1
16481	3323	1
13977	15581	1
5928	3451	1
1439	6070	1
5800	7741	1
7407	7407	1
3323	16481	1
1059	4457	1
7308	7407	1
5414	4789	1
12400	12400	1
8402	13418	1
9043	9043	1
16482	16482	1
11619	2604	1
7220	16483	1
6070	5355	1
16484	12400	1
15722	8776	1
14639	5474	1
2297	15618	1
5634	10687	1
8735	4444	1
625	8543	1
5711	5715	1
323	4613	1
1461	623	1
10778	8402	1
6053	623	1
6143	9879	1
9401	1422	1
7452	744	1
6319	3950	1
10988	2297	1
14715	13884	1
6380	8935	1
4033	2628	1
2297	10988	1
4376	2705	1
2362	3614	1
12170	14754	1
4033	8533	1
12853	4930	1
14201	6490	1
692	2962	1
5553	8781	1
11687	7690	1
887	888	1
16041	564	1
953	3658	1
4649	6069	1
7920	10374	1
16187	13573	1
11014	13573	1
9495	6490	1
3950	6319	1
4626	2316	1
7309	4890	1
21	4930	1
2494	10274	1
14946	16282	1
10699	7116	1
4033	4034	1
4266	6987	1
3264	779	1
905	564	1
16485	16485	1
266	266	1
8211	4531	1
143	3566	1
2862	923	1
1740	1311	1
7501	3330	1
3950	4409	1
5698	786	1
974	923	1
3514	923	1
508	923	1
3330	7501	1
1853	7372	1
4033	1100	1
16486	10940	1
6811	7056	1
4742	5271	1
8512	8320	1
11873	11874	1
5000	5293	1
10970	10971	1
5160	4489	1
5845	11758	1
11758	5845	1
13219	5380	1
854	13072	1
927	503	1
15535	15535	1
5570	6142	1
5282	2613	1
16441	15555	1
11243	15664	1
4033	12924	1
2705	4376	1
8552	8552	1
1855	1381	1
623	1461	1
207	72	1
8755	9977	1
9066	9498	1
1928	10116	1
564	16041	1
16168	12414	1
16487	16488	1
835	4979	1
7639	10387	1
16489	16489	1
7370	7211	1
12100	14663	1
5028	828	1
13826	14923	1
1370	10139	1
8261	11536	1
14923	13826	1
11792	3975	1
10330	13826	1
14078	1451	1
16456	11403	1
549	803	1
11536	8261	1
12540	16490	1
1786	1105	1
10331	10331	1
7276	14869	1
5028	2096	1
3753	4741	1
12390	12982	1
7668	1062	1
2011	9426	1
3818	2019	1
1062	7668	1
4033	3450	1
8876	8876	1
137	268	1
16474	8992	1
1599	6364	1
9465	179	1
3234	1727	1
953	3279	1
2930	3279	1
7345	5021	1
8903	10814	1
10070	12861	1
2730	1362	1
9732	16242	1
15542	9582	1
14280	7930	1
4489	5160	1
1362	2730	1
940	4966	1
1512	21	1
4409	3950	1
6220	16400	1
6234	5560	1
5880	5981	1
15148	15745	1
2279	46	1
5028	5690	1
6315	4318	1
12061	13538	1
9669	7501	1
13493	2578	1
6901	12568	1
9069	9581	1
7501	9669	1
15503	11351	1
4033	1628	1
16491	16049	1
14869	7276	1
11758	7074	1
15718	14043	1
5122	7074	1
7074	11758	1
5511	5673	1
12541	15745	1
7448	6810	1
16492	3480	1
9879	6143	1
5055	9352	1
2852	3952	1
3279	2930	1
10188	13691	1
953	6559	1
6319	14820	1
7223	8164	1
6212	6499	1
16493	3756	1
5984	10390	1
4270	16301	1
5166	1411	1
8322	13973	1
7309	9410	1
7006	4287	1
14639	5490	1
2580	4238	1
7804	6309	1
1311	2482	1
5981	5880	1
5788	4408	1
5282	8975	1
3315	3545	1
4335	4137	1
5490	6397	1
6385	6397	1
14144	13270	1
9436	11407	1
5288	1584	1
953	709	1
6109	6355	1
264	207	1
9015	16450	1
11407	9436	1
15925	8779	1
12523	4009	1
5700	9759	1
5511	5229	1
5055	50	1
6155	5981	1
7083	5531	1
5981	6155	1
16490	12540	1
8084	9777	1
12585	4102	1
14843	1438	1
13581	14531	1
8699	2959	1
3041	6513	1
14901	4146	1
7196	6155	1
6576	6513	1
16494	14836	1
12924	16301	1
4660	5562	1
266	3350	1
12540	11660	1
6685	8966	1
14836	16494	1
11470	5562	1
6193	16372	1
10067	15314	1
5700	4666	1
7211	5524	1
8444	1204	1
7791	7761	1
16450	9015	1
12482	12919	1
7175	11758	1
9031	4692	1
15718	8824	1
11292	16495	1
7556	16298	1
4033	12899	1
5246	2265	1
6700	6325	1
12568	6901	1
2546	2948	1
6687	13363	1
1148	2568	1
11874	11873	1
11403	16456	1
16319	10374	1
16495	11292	1
16490	6901	1
1727	4006	1
7215	7625	1
4036	5248	1
5028	3606	1
14081	8890	1
4143	4386	1
3258	2646	1
8051	4418	1
6455	6992	1
923	805	1
11619	7158	1
11513	9586	1
4979	835	1
5700	10687	1
15810	8977	1
5563	9128	1
3138	5581	1
6611	5537	1
16359	16359	1
725	3934	1
2646	3258	1
15116	15115	1
4692	9031	1
8496	12252	1
3551	13761	1
12252	8496	1
1058	6844	1
16137	7560	1
9009	6218	1
10374	16323	1
12178	12178	1
458	459	1
16288	2914	1
14106	6324	1
12217	15611	1
10374	7920	1
8975	8781	1
11730	8153	1
4939	11689	1
4945	7763	1
16242	9732	1
13567	12009	1
7673	2569	1
12540	5444	1
3315	14197	1
10000	16399	1
10313	4285	1
957	15067	1
9067	6197	1
12009	11472	1
16496	8575	1
16497	10067	1
8750	8575	1
805	3835	1
11472	12009	1
15153	16498	1
10455	9021	1
15482	15988	1
15663	10865	1
4285	10313	1
7688	10313	1
16230	8490	1
9230	5280	1
1987	13851	1
4910	4812	1
15611	12217	1
17	8936	1
10335	9966	1
957	883	1
11689	4939	1
11758	7175	1
3616	12439	1
14916	5625	1
14197	3315	1
13851	1987	1
16499	7775	1
11661	16456	1
6043	6044	1
3054	2956	1
6193	8040	1
16500	16501	1
8975	10319	1
9104	6034	1
16456	11661	1
10940	16486	1
6513	3041	1
6810	7448	1
5807	11249	1
4282	7004	1
680	3033	1
2578	9936	1
4226	11681	1
16502	16502	1
5485	13734	1
7116	10699	1
11010	12865	1
4801	5742	1
5282	6614	1
3545	7108	1
16486	4144	1
16483	7220	1
13734	5485	1
6513	6576	1
10067	16497	1
12924	1622	1
6155	7196	1
779	3264	1
9936	2578	1
5028	5485	1
3315	13851	1
720	1871	1
5282	3082	1
4519	4654	1
1746	84	1
10374	16319	1
15737	16045	1
9718	10784	1
4144	16486	1
6218	9009	1
3756	16493	1
13270	14144	1
6931	11812	1
4303	4832	1
6262	5150	1
7074	5122	1
15625	84	1
13851	3315	1
4386	4172	1
6552	8037	1
14265	16503	1
12466	4059	1
7731	7179	1
11836	10611	1
6419	9200	1
5248	16504	1
4832	4812	1
563	564	1
7179	7731	1
4724	8492	1
10611	11836	1
8490	2647	1
450	4049	1
10810	8139	1
3122	3286	1
1311	1740	1
5585	3058	1
16496	14877	1
12432	12432	1
16505	16506	1
5742	4801	1
2297	6492	1
1848	645	1
15471	13573	1
3533	589	1
8886	13573	1
702	2706	1
979	5314	1
12345	272	1
15552	6475	1
4300	12082	1
6475	15552	1
1967	12082	1
2482	1311	1
5236	2503	1
16507	7334	1
10663	2941	1
7772	13973	1
6069	4649	1
3853	4801	1
12214	334	1
6324	14106	1
813	7158	1
8021	16508	1
4383	870	1
6373	2902	1
14653	8668	1
6069	11779	1
12861	2886	1
9128	5563	1
7560	16137	1
7508	7508	1
15774	11758	1
8820	6193	1
6992	6455	1
15536	15181	1
11724	4036	1
16240	10698	1
1456	3949	1
3668	11196	1
15067	957	1
1237	4604	1
6811	14025	1
5631	5632	1
725	926	1
5723	4006	1
720	8076	1
11758	15774	1
16490	5753	1
14081	16441	1
5753	6539	1
15774	15774	1
6539	5753	1
13973	13973	1
3178	5753	1
14754	12170	1
6193	9369	1
8040	10899	1
6750	5753	1
3444	3323	1
7158	813	1
14816	5806	1
2279	11554	1
16100	8729	1
334	12214	1
9966	10649	1
16509	16510	1
3807	3807	1
12924	9404	1
14643	9639	1
1064	12899	1
4810	16478	1
4832	4303	1
3261	3358	1
11948	12756	1
3817	4514	1
755	6564	1
4346	4602	1
692	10177	1
5806	14816	1
4900	4888	1
5845	7331	1
16355	4751	1
2364	8619	1
1666	3723	1
10927	10927	1
16360	14095	1
1381	1855	1
3333	8616	1
8743	13877	1
8492	6051	1
7056	6811	1
5481	3210	1
7202	14949	1
6562	10685	1
5280	9230	1
