6562	6713	1
10188	9690	1
3323	16544	1
10663	2941	1
5131	1664	1
1509	2559	1
5381	10387	1
6236	10783	1
2547	391	1
9764	9325	1
1420	5717	1
16544	3323	1
12814	3286	1
6876	11275	1
9158	7526	1
12381	2047	1
2047	12381	1
12869	11078	1
1517	3921	1
7086	4555	1
7487	5932	1
1524	2723	1
16541	10478	1
12467	12870	1
11099	15104	1
4705	5991	1
1060	3587	1
5366	5921	1
842	5304	1
1727	4725	1
1979	16036	1
5329	3520	1
16545	16545	1
8010	7058	1
10390	5984	1
5456	12422	1
3014	3015	1
8568	15988	1
5932	7487	1
3756	16493	1
8763	12134	1
206	5304	1
5299	15665	1
12134	8763	1
13685	13685	1
865	1043	1
16546	8668	1
16523	16546	1
8721	14949	1
4077	16326	1
2234	3954	1
7074	8646	1
16544	16547	1
7407	3069	1
14292	3361	1
14949	8721	1
5347	13336	1
3022	2248	1
6184	7088	1
5997	1043	1
4287	4293	1
1108	1043	1
3033	680	1
1508	205	1
16204	2347	1
6899	5847	1
13628	8646	1
6146	6721	1
5634	7885	1
13990	16548	1
15459	7644	1
6021	1493	1
6272	10193	1
8512	4027	1
13553	14411	1
14869	14807	1
98	1104	1
10067	10022	1
13985	6158	1
523	16237	1
3920	3746	1
1918	1155	1
16549	16549	1
10685	6562	1
14411	5892	1
2801	5240	1
1204	8444	1
10022	10067	1
7407	7501	1
8824	4653	1
6264	6142	1
4696	15737	1
5504	837	1
7625	11676	1
6982	5642	1
16542	16542	1
16542	9246	1
1361	1360	1
2873	4930	1
2726	2727	1
11574	4647	1
13840	14360	1
10164	1229	1
14678	12342	1
4735	3166	1
4657	12196	1
2997	3561	1
5840	3561	1
11779	3361	1
5745	3561	1
3545	4660	1
7223	226	1
8721	15906	1
17	8936	1
8676	8333	1
13627	13628	1
10193	6272	1
1155	11714	1
9690	10188	1
4647	11574	1
7407	7407	1
12585	4102	1
4705	11795	1
9456	6929	1
5402	7028	1
8094	2786	1
1126	3816	1
3389	3816	1
14843	8989	1
14807	14869	1
16550	2639	1
10623	14522	1
6982	14522	1
5485	14522	1
3361	14292	1
935	2019	1
13932	1173	1
12496	7780	1
5345	6547	1
1361	8080	1
2941	10663	1
8151	10120	1
16456	15936	1
10427	14307	1
6899	328	1
3287	7079	1
6373	6279	1
12785	10993	1
2017	5349	1
7997	15436	1
5348	5349	1
13426	13425	1
13985	12616	1
11005	2889	1
6844	1058	1
4888	7650	1
3783	3600	1
6097	1338	1
12580	16209	1
395	1338	1
13493	12126	1
3671	5917	1
16493	3756	1
3286	12814	1
15037	3546	1
6373	4039	1
11766	11766	1
15906	8721	1
927	13124	1
1579	1580	1
3816	1126	1
9929	9929	1
8721	8721	1
6899	272	1
4960	1388	1
13258	9570	1
140	145	1
5327	882	1
16551	16551	1
1838	2273	1
2265	5246	1
12422	5456	1
5928	3451	1
16552	16552	1
6357	12488	1
5300	3042	1
15789	16343	1
5463	4864	1
13628	5717	1
13246	13212	1
3451	5928	1
12126	13493	1
5299	8788	1
1126	16341	1
14430	13493	1
5167	2027	1
824	582	1
1635	4474	1
3497	1891	1
6373	3716	1
15442	16553	1
5880	5981	1
11751	15624	1
16553	15442	1
727	5532	1
9422	11065	1
15683	16554	1
16553	16553	1
10509	3071	1
3033	9719	1
4455	16555	1
1900	4386	1
4660	3545	1
11043	12941	1
16528	3557	1
1139	16	1
7407	3171	1
6485	13514	1
58	40	1
1979	257	1
1838	1837	1
4653	8824	1
8936	17	1
8333	7695	1
4345	4346	1
13985	11372	1
11874	11874	1
1517	14851	1
9246	16542	1
3671	6377	1
3111	2869	1
9575	11372	1
16490	12540	1
905	564	1
4390	2802	1
1617	4310	1
6811	15782	1
3956	3918	1
1664	2962	1
15039	15911	1
1933	1068	1
6373	8883	1
3817	7801	1
15438	11372	1
3040	645	1
5922	5	1
11372	15438	1
15811	11160	1
6034	6022	1
15911	15039	1
3783	3784	1
2673	1625	1
2339	3045	1
1360	1361	1
1043	2261	1
16355	4751	1
12832	6860	1
13985	4741	1
6982	8818	1
6671	3480	1
14969	7965	1
14672	9936	1
7612	4864	1
1512	21	1
12835	5640	1
2436	7290	1
16556	7816	1
2045	2044	1
13628	6932	1
1493	6021	1
2669	3886	1
8260	7542	1
16557	15428	1
8301	4363	1
3534	4996	1
16540	6851	1
16362	8756	1
16558	16559	1
6804	13311	1
7248	16560	1
14869	4842	1
13852	16561	1
8444	1204	1
11874	11873	1
727	925	1
2	11186	1
7885	5634	1
3166	4735	1
16531	4781	1
1884	7695	1
9719	3033	1
1075	4920	1
2027	5167	1
16562	13311	1
2094	1891	1
6267	10153	1
1561	1552	1
9066	9498	1
11369	12134	1
11943	12804	1
5502	4679	1
5440	6478	1
16563	6627	1
4967	4679	1
6373	996	1
12865	11010	1
12299	12462	1
16474	6741	1
2483	5382	1
9191	8554	1
2	10609	1
2094	5179	1
7407	13538	1
1711	10754	1
3671	6088	1
4386	1900	1
12487	3358	1
4220	4221	1
3671	5272	1
16564	16564	1
280	207	1
5504	6061	1
5715	4561	1
4983	4561	1
4390	4525	1
4755	11973	1
5845	5653	1
2094	3169	1
6899	271	1
13829	5593	1
4751	16355	1
6373	15908	1
2915	15307	1
7345	10893	1
4522	1935	1
1517	1096	1
12907	154	1
7088	6184	1
7079	3287	1
2838	7852	1
6373	3016	1
1068	1933	1
10720	7852	1
4705	3016	1
13985	3753	1
3671	5376	1
3880	16249	1
7345	6729	1
13187	5302	1
3040	3335	1
9105	11751	1
7852	10720	1
16042	4362	1
2916	4670	1
4864	4863	1
15624	11751	1
1838	657	1
8611	5096	1
11568	8386	1
16565	16566	1
10993	12785	1
6373	9404	1
14921	4211	1
15447	15447	1
3822	3824	1
5533	2666	1
2094	2182	1
4977	4257	1
6264	6023	1
7801	3817	1
321	3933	1
5504	7083	1
14268	13870	1
874	15447	1
1523	15447	1
1054	1929	1
2590	4270	1
15038	6624	1
1148	1147	1
7756	7757	1
16567	2467	1
10988	10893	1
5628	6854	1
4277	92	1
4863	4864	1
385	2578	1
13493	2578	1
1022	2636	1
14597	9141	1
2946	1595	1
562	3601	1
3326	6963	1
6739	6739	1
1584	4789	1
6576	6513	1
3849	3849	1
3041	6513	1
847	3176	1
2578	13493	1
1838	2741	1
14760	14761	1
1897	6492	1
2679	2678	1
4006	5723	1
3440	4107	1
604	1642	1
9088	383	1
10421	7079	1
2578	385	1
2678	5272	1
8280	6562	1
12457	9798	1
2636	1022	1
8925	8924	1
3645	3733	1
12840	12672	1
13851	3315	1
3545	3315	1
8932	16166	1
10743	2349	1
3333	3545	1
15774	8306	1
2348	2349	1
3930	2571	1
3315	3545	1
6562	8280	1
3717	5020	1
7407	13311	1
14522	10623	1
13063	13064	1
6982	6193	1
12617	12618	1
1838	5630	1
9141	14597	1
7714	7753	1
13826	13694	1
7014	11944	1
1838	800	1
13870	14268	1
9368	9669	1
5907	13829	1
4300	16568	1
1838	3232	1
1166	9689	1
3545	7108	1
9669	9368	1
11676	11676	1
3783	5658	1
16569	16424	1
6556	15019	1
6122	10868	1
3492	3392	1
10087	6355	1
4057	4211	1
5642	3561	1
15210	15293	1
3176	847	1
2942	3383	1
10248	15263	1
5076	800	1
16166	8932	1
2051	1558	1
8506	7624	1
1575	9071	1
2076	5580	1
9798	9071	1
1642	604	1
9020	3118	1
3660	12403	1
7624	8506	1
2946	323	1
15106	13882	1
3040	8959	1
9769	4910	1
4263	8256	1
541	194	1
737	1081	1
13799	4873	1
2224	7446	1
3178	5753	1
14969	11630	1
3392	3561	1
15019	6556	1
4724	8492	1
5258	5773	1
8006	8005	1
194	541	1
7407	13500	1
1838	14568	1
12331	14370	1
13348	8755	1
1838	2694	1
8260	145	1
13884	14715	1
16570	10610	1
15936	16456	1
15148	14263	1
16160	3344	1
9438	7443	1
13348	16456	1
11799	16358	1
3383	2942	1
16571	16572	1
16573	16572	1
9147	4568	1
14921	718	1
13187	13187	1
9184	3967	1
15737	4696	1
11065	9422	1
8293	10207	1
13265	5077	1
4677	1030	1
6642	4426	1
13311	6804	1
10363	9790	1
8071	16535	1
8402	12336	1
800	7298	1
7453	2365	1
4763	4983	1
12426	6439	1
2559	5773	1
9718	9992	1
12336	8402	1
8005	8006	1
14432	14432	1
12732	11909	1
4164	9300	1
13877	8743	1
8306	15774	1
6469	6226	1
3967	9184	1
6982	8935	1
1930	1791	1
12672	12840	1
2653	1586	1
11935	12670	1
7989	5215	1
6851	16540	1
8141	12771	1
9977	9977	1
4842	14869	1
3033	13642	1
9909	6923	1
10508	7318	1
5564	11258	1
5510	2460	1
9719	15334	1
5984	10390	1
4882	92	1
3125	3105	1
800	5076	1
12899	15886	1
3701	7705	1
6923	9909	1
8256	4263	1
2459	2460	1
5653	5845	1
13829	5907	1
10179	7544	1
16533	4287	1
16574	16379	1
15153	4114	1
5818	5110	1
294	6854	1
10368	14095	1
5959	10411	1
1674	15745	1
3956	3785	1
4801	3853	1
5599	3458	1
5921	5366	1
21	1512	1
14382	589	1
16575	16540	1
13985	5318	1
4210	3650	1
5110	5818	1
5318	3826	1
3956	2604	1
6597	15906	1
3818	2019	1
16069	10116	1
727	15406	1
3824	2454	1
9365	9883	1
7757	7756	1
10723	579	1
14144	13270	1
3487	1389	1
6226	6469	1
11598	6182	1
16576	15147	1
3333	7223	1
12414	16168	1
13165	16263	1
3040	801	1
1552	1561	1
564	905	1
13485	4612	1
15720	4198	1
6760	8644	1
3826	5318	1
8575	8750	1
1897	12340	1
3344	16160	1
5504	15591	1
4281	5418	1
4705	3542	1
3956	7213	1
14869	7213	1
13270	14144	1
4977	6022	1
16577	16578	1
15067	883	1
6654	2349	1
8092	16486	1
2950	6430	1
1280	6439	1
6430	2950	1
13590	4773	1
16579	16580	1
14895	2913	1
5641	3101	1
11918	12174	1
3347	3330	1
16161	16282	1
7595	7592	1
6373	2647	1
10084	13807	1
7038	7090	1
11687	16581	1
6559	7090	1
12774	15346	1
488	1514	1
16582	16572	1
14263	4555	1
16583	16583	1
14869	6849	1
5041	6361	1
5504	15397	1
1081	737	1
16476	16486	1
15976	4174	1
6919	13572	1
5278	12650	1
11731	6930	1
5299	5793	1
12580	3853	1
3849	6361	1
15136	1375	1
4864	5463	1
7407	10222	1
14154	1190	1
5003	13572	1
7602	9085	1
16291	1005	1
16372	8935	1
5845	7331	1
12804	11943	1
15591	5504	1
7331	5845	1
1237	7961	1
5504	6361	1
8676	1238	1
4135	5190	1
12173	5190	1
9402	13663	1
16371	12217	1
11742	5181	1
1838	1808	1
1008	12217	1
15550	13868	1
16112	13149	1
13599	8031	1
15346	12774	1
16135	10065	1
6373	7089	1
13149	16112	1
11836	8446	1
3956	1226	1
9959	6484	1
16054	9015	1
16584	10377	1
801	12054	1
16555	4455	1
7407	9736	1
7090	7038	1
8975	10319	1
2678	2679	1
12756	11948	1
1514	5001	1
9136	8004	1
4176	4193	1
11948	12756	1
6492	1897	1
1791	1930	1
8031	13599	1
6982	3503	1
6136	9371	1
2308	5190	1
12340	1897	1
14851	1517	1
9065	4852	1
1096	1517	1
1295	573	1
8492	4724	1
4852	9065	1
12570	478	1
10758	15386	1
11653	7395	1
883	15067	1
14869	7276	1
4602	4346	1
7178	940	1
5181	11742	1
12664	13687	1
13694	15386	1
16387	16585	1
92	4882	1
6282	12568	1
7407	7308	1
6373	6479	1
16258	16258	1
16586	2363	1
8611	12246	1
6373	8653	1
13882	15106	1
12246	5096	1
2234	2441	1
1155	1643	1
7761	7791	1
16358	11799	1
6343	11044	1
8644	6760	1
4910	9769	1
8040	7688	1
4735	1506	1
478	12570	1
7407	13900	1
2027	2119	1
7108	3545	1
15782	6811	1
314	3178	1
13884	8280	1
16166	8280	1
2377	7592	1
13572	6919	1
14904	9764	1
3040	3658	1
9325	9764	1
12488	6357	1
13407	8280	1
5190	4135	1
5904	4135	1
7532	6243	1
14715	8280	1
2646	7857	1
987	706	1
11988	15970	1
8280	13407	1
16502	7949	1
7791	7761	1
9770	9145	1
3824	3822	1
15718	8824	1
6982	9430	1
10374	5618	1
6267	1064	1
7407	6781	1
14381	16055	1
13436	13927	1
3654	8280	1
8824	15718	1
7334	15106	1
13628	13627	1
11044	6343	1
7798	8280	1
6930	11731	1
7544	10179	1
6492	6816	1
5504	11731	1
10179	16370	1
2365	7453	1
8903	10814	1
16587	16588	1
3110	3109	1
13770	10721	1
1091	16124	1
582	824	1
6373	6188	1
10508	5979	1
5618	10374	1
1898	14968	1
3816	3401	1
3030	6066	1
4568	9147	1
6258	5555	1
159	2712	1
12862	6849	1
16414	16055	1
5504	4668	1
14180	12308	1
6373	3704	1
6849	14869	1
5504	6135	1
16589	16538	1
17	18	1
5215	7989	1
4430	7780	1
2715	4087	1
16538	16589	1
9248	7413	1
11270	6135	1
15822	10713	1
1481	1582	1
9735	10582	1
5190	12173	1
11258	14676	1
12153	10582	1
12254	7779	1
5028	6915	1
3653	3653	1
5773	2559	1
1584	11797	1
16590	16590	1
13840	13609	1
5191	13659	1
930	9207	1
13642	3033	1
2439	3653	1
16591	11812	1
6034	9104	1
5773	5258	1
5546	10158	1
2193	2349	1
15886	12899	1
10508	7128	1
3783	4169	1
16370	10179	1
10240	15886	1
1338	6097	1
16358	15985	1
14292	13927	1
6982	5684	1
7495	16161	1
7684	14095	1
6562	8810	1
10374	16319	1
5773	3546	1
14676	11258	1
4773	13590	1
7413	9248	1
16282	16161	1
7780	7988	1
6287	6103	1
3437	9857	1
7235	9378	1
16241	7988	1
9857	3437	1
16557	16037	1
7895	7988	1
3783	5873	1
5563	1815	1
9966	7334	1
8092	4946	1
15491	14455	1
573	1295	1
12592	5622	1
990	3214	1
8810	6562	1
5163	12496	1
15106	7334	1
7331	4797	1
7266	4946	1
1987	13851	1
6267	5008	1
7780	12496	1
6812	1605	1
15343	9022	1
2843	2832	1
5684	6923	1
11797	1584	1
11812	16591	1
4832	4910	1
5190	5904	1
13751	4555	1
5555	6258	1
5504	5009	1
4946	11565	1
7988	7780	1
7407	717	1
7407	5678	1
10610	16570	1
3767	8619	1
7949	16502	1
11565	4946	1
12580	8328	1
15681	11602	1
1584	5951	1
9378	7235	1
8609	3965	1
13675	8460	1
5504	2423	1
5944	6490	1
1838	4525	1
7780	4430	1
16541	5598	1
4113	5482	1
16062	3323	1
1295	2199	1
7997	5357	1
1375	15136	1
10808	10808	1
950	4066	1
10868	12105	1
12898	9171	1
16592	2399	1
16055	16416	1
9171	12898	1
7334	9966	1
7215	7625	1
11799	16593	1
4705	8992	1
5504	7862	1
14540	1149	1
10868	6122	1
8950	16593	1
12009	13567	1
6811	14025	1
10346	10345	1
14455	15491	1
13659	5191	1
12568	6901	1
8899	7784	1
12344	5789	1
4741	7784	1
16388	1207	1
9104	6034	1
8854	11060	1
10713	15822	1
14654	2113	1
15970	11988	1
10319	8975	1
2865	1099	1
10476	500	1
4226	15558	1
1144	1921	1
3270	1207	1
3368	2113	1
7407	9559	1
11758	6243	1
8125	6966	1
3118	9020	1
854	2560	1
676	1305	1
5065	3102	1
2710	2560	1
13590	4810	1
6243	11758	1
10508	6911	1
3458	5599	1
9325	6911	1
2376	16301	1
751	15566	1
294	9392	1
14968	1898	1
3791	5796	1
1929	1054	1
6901	12568	1
6068	6743	1
10102	3767	1
4389	1998	1
4810	13590	1
5896	9960	1
11540	16502	1
4910	4832	1
15579	11372	1
9325	13663	1
7128	10343	1
8280	16166	1
3514	1339	1
3878	8949	1
10721	13770	1
8949	3878	1
12691	12472	1
10158	5546	1
6741	16474	1
6467	5796	1
16594	16594	1
16595	6564	1
7205	6243	1
4808	4807	1
3626	5796	1
15773	15773	1
15537	14449	1
5951	1584	1
3671	11361	1
14741	14740	1
9031	4692	1
16036	1979	1
8036	10893	1
257	1979	1
2589	1091	1
7329	3591	1
4087	2715	1
12568	6282	1
4692	9031	1
2721	5796	1
6743	6068	1
5904	5190	1
5742	5720	1
7622	9276	1
7614	4910	1
11616	4352	1
4370	6631	1
