8603	2940	1
3262	9498	1
3020	2940	1
14535	15013	1
16860	11495	1
16717	16717	1
4777	3395	1
4406	1039	1
16861	16861	1
13626	6030	1
9041	16641	1
16819	16819	1
11390	3058	1
7624	6030	1
276	2294	1
5347	13336	1
5084	9713	1
4170	833	1
1401	2940	1
4738	6836	1
14895	2913	1
6380	8935	1
16859	16694	1
12032	12032	1
9066	4087	1
12154	13125	1
11495	6266	1
11630	14969	1
6909	6909	1
2247	4898	1
15300	6892	1
2913	14895	1
15718	8031	1
15384	16862	1
5967	16641	1
12400	4939	1
16485	11836	1
15574	5984	1
1108	424	1
5662	9223	1
6849	4030	1
2907	1523	1
8222	1897	1
9059	14844	1
1427	3068	1
11445	14844	1
16848	4455	1
1208	5695	1
14317	15013	1
16863	13957	1
6284	9223	1
940	5327	1
6461	2253	1
1427	15290	1
4978	5711	1
14328	15887	1
1139	5327	1
12842	5977	1
16862	15384	1
8788	8788	1
5977	12842	1
15555	6811	1
5887	5762	1
3144	16674	1
4651	6222	1
1117	6491	1
5762	5887	1
10283	8788	1
14535	6347	1
4708	1897	1
9479	3946	1
14844	9059	1
3043	908	1
1973	15420	1
707	4883	1
2804	4640	1
4846	14565	1
1091	16124	1
16864	14565	1
6521	9059	1
16371	14565	1
14205	300	1
13737	10434	1
11676	6788	1
1381	8421	1
7282	15590	1
1427	8421	1
6444	3041	1
200	870	1
13659	8247	1
11031	410	1
5753	5531	1
5378	1921	1
11565	9059	1
6865	3160	1
1974	16865	1
1017	1076	1
16237	523	1
12553	8492	1
12899	6127	1
13273	16088	1
1546	3199	1
10938	7922	1
1459	11465	1
4806	5408	1
10938	8336	1
6230	6068	1
16807	16807	1
6743	6068	1
6298	4040	1
1340	23	1
5806	8224	1
10330	15985	1
922	5806	1
14494	5801	1
8940	5457	1
16866	972	1
5711	6329	1
4029	1900	1
6788	11676	1
9259	8647	1
7575	5684	1
5485	5642	1
2776	271	1
16657	9949	1
4824	11767	1
9411	12308	1
2008	14794	1
2546	2354	1
2573	2571	1
3457	2161	1
12435	13599	1
974	1571	1
10209	15717	1
490	10788	1
6923	5684	1
320	39	1
10623	8506	1
10938	8843	1
1939	4965	1
16755	16788	1
8365	8049	1
13707	13708	1
3970	5585	1
15892	4860	1
3345	2200	1
16857	6551	1
14265	9488	1
4207	10158	1
5977	5176	1
9193	9488	1
1017	2380	1
1585	12813	1
2362	2361	1
2706	4475	1
2532	3568	1
1559	11517	1
4651	715	1
11820	9718	1
16867	9284	1
32	1022	1
5217	2725	1
755	2126	1
2985	11144	1
14969	11630	1
4474	11144	1
7258	9248	1
4445	3546	1
4106	5691	1
15687	5602	1
673	597	1
15120	12598	1
5217	10547	1
1017	15619	1
12858	4063	1
7258	11164	1
2518	2519	1
7066	7650	1
4063	12858	1
7717	8552	1
3111	2686	1
1523	1338	1
2994	16468	1
419	4963	1
5977	9541	1
3764	416	1
1372	9270	1
3186	2004	1
6068	6743	1
10235	9926	1
5705	623	1
13884	9966	1
1854	623	1
10312	2420	1
16827	3323	1
15447	3194	1
91	3566	1
3170	12624	1
3762	3194	1
2435	11802	1
10938	585	1
7126	2260	1
15673	422	1
7717	2241	1
6127	8572	1
16868	16868	1
4640	2804	1
7650	7066	1
2620	4230	1
8506	7624	1
14467	15385	1
1996	8284	1
7916	7624	1
1796	46	1
6030	7624	1
15878	801	1
5878	11315	1
6578	7868	1
1278	10962	1
13573	8545	1
11846	8776	1
16869	9436	1
16597	552	1
5474	6397	1
15985	10330	1
7675	13289	1
9436	16869	1
10330	7868	1
10938	12540	1
46	1796	1
12624	3170	1
7165	6127	1
10743	2349	1
7624	7916	1
7258	5843	1
4723	3005	1
5062	5843	1
11144	4474	1
2870	1485	1
5300	3042	1
12813	1585	1
8068	2842	1
6898	9798	1
1723	3532	1
2354	2546	1
14197	3315	1
15555	6248	1
4390	2802	1
9949	16657	1
4087	5800	1
3120	2189	1
10938	13538	1
5072	2725	1
16869	8490	1
5122	4374	1
4272	4507	1
1523	2907	1
1017	1537	1
11676	7625	1
15385	1556	1
4106	4133	1
16823	16823	1
6490	8328	1
13851	3315	1
3009	7308	1
12379	5354	1
1381	1705	1
2843	2832	1
13145	2294	1
387	1184	1
16715	16836	1
10938	4801	1
5801	14494	1
1556	15385	1
6700	15385	1
3503	5288	1
15385	6700	1
907	9498	1
14851	5697	1
16870	651	1
16871	385	1
5327	940	1
4657	4885	1
6765	4603	1
15160	14825	1
5579	5580	1
3120	1584	1
5630	3745	1
13567	11472	1
12856	9754	1
2544	2541	1
2620	3462	1
5711	4978	1
6444	6513	1
2525	2526	1
2950	6430	1
8490	16869	1
914	6942	1
5843	7258	1
8935	6380	1
5217	7582	1
2317	3562	1
10084	7122	1
2873	10067	1
10476	9418	1
6428	13599	1
7866	7813	1
3323	16827	1
10758	16872	1
241	242	1
16446	3938	1
9248	7258	1
11709	11709	1
11164	7258	1
5414	4789	1
10814	8903	1
11387	8903	1
242	241	1
4777	6294	1
10161	8903	1
5579	2979	1
2890	420	1
15906	8721	1
10778	8903	1
10494	5343	1
16644	13597	1
14598	16873	1
6919	13572	1
5217	4415	1
16823	15440	1
185	3549	1
8880	4418	1
6942	914	1
3668	4999	1
6651	1108	1
2710	1108	1
7690	13747	1
9633	5997	1
1711	10754	1
8810	6562	1
16874	6201	1
2241	7717	1
16161	7868	1
8552	7717	1
3022	2248	1
16258	7868	1
14945	7868	1
540	5744	1
4999	3668	1
2483	5382	1
1022	32	1
6713	6562	1
16552	8998	1
13585	11650	1
10685	6562	1
11517	1254	1
16873	14598	1
13879	2677	1
16616	7868	1
7625	11676	1
7868	6621	1
5474	7181	1
14831	2677	1
1564	8173	1
16523	4374	1
12664	12650	1
295	8173	1
1037	2650	1
13687	12650	1
7167	6017	1
13884	10649	1
8998	16552	1
4959	11650	1
15552	3668	1
16875	9987	1
1148	4863	1
12668	2172	1
4390	4525	1
5744	540	1
2802	4525	1
9819	10716	1
16758	13715	1
914	1451	1
859	3183	1
1599	6213	1
6417	15071	1
5461	8609	1
11944	3183	1
5977	2172	1
9633	6021	1
7308	3009	1
14844	9862	1
10461	9992	1
7258	5096	1
5366	12779	1
1903	718	1
9346	9346	1
9987	16875	1
7741	5800	1
12630	5970	1
16869	16230	1
15334	8547	1
8404	4883	1
8867	15614	1
4856	1601	1
16471	16213	1
4950	8967	1
2588	14580	1
8788	10283	1
4106	4107	1
1897	8222	1
4525	4390	1
10568	6928	1
10434	13737	1
4174	11724	1
13052	13052	1
9633	1769	1
7624	8506	1
9172	16523	1
10374	16323	1
6556	6854	1
294	6854	1
5217	8975	1
14565	16371	1
163	2294	1
2616	1064	1
691	13550	1
9428	974	1
9633	628	1
16631	10435	1
4250	6700	1
13572	6919	1
6245	9862	1
12842	7551	1
6700	4250	1
5227	11521	1
11913	14858	1
1427	1241	1
12604	12604	1
15766	12565	1
1571	974	1
7258	6564	1
4946	5837	1
14844	10522	1
5581	2169	1
10522	10522	1
5887	7666	1
2317	4840	1
10716	9819	1
4863	4864	1
5800	4087	1
8243	5650	1
5474	2192	1
12779	5366	1
4106	4662	1
1917	3763	1
10522	11160	1
8903	10778	1
7902	3542	1
14326	6729	1
16634	16604	1
1176	16360	1
7551	12842	1
15181	162	1
10687	4287	1
964	1378	1
13741	16124	1
16836	16715	1
482	3697	1
16876	13777	1
3649	2241	1
920	6312	1
3966	10478	1
16107	7705	1
14876	16255	1
4942	7705	1
9966	13884	1
3701	7705	1
16877	16877	1
8721	1840	1
5419	11164	1
10938	11037	1
5343	6222	1
2045	2044	1
4287	10687	1
3701	4598	1
16878	16878	1
1427	2261	1
16879	16880	1
14376	14312	1
1064	2616	1
4622	4673	1
1674	4980	1
11051	3563	1
15023	6977	1
7248	16560	1
5085	9612	1
6006	6184	1
8935	12383	1
1064	12899	1
11844	12795	1
2044	2045	1
5634	7885	1
1903	11630	1
12856	12899	1
16602	16603	1
16436	16800	1
15380	16881	1
344	9335	1
5227	3605	1
14535	14317	1
3235	1997	1
5062	12107	1
5701	4368	1
6444	2480	1
9610	11777	1
5234	5027	1
3315	13851	1
7174	16778	1
13331	7535	1
9270	1372	1
2942	16882	1
4980	1674	1
8280	5325	1
32	3262	1
4106	6783	1
3817	12383	1
7919	6354	1
11836	16485	1
7067	12755	1
6376	2979	1
11777	9610	1
7449	8699	1
15385	3515	1
14901	14901	1
11472	13567	1
8547	15334	1
5288	16498	1
6354	7919	1
16592	16594	1
216	2797	1
16883	16884	1
15417	5482	1
4862	9862	1
10938	9409	1
2472	5799	1
13800	11980	1
9633	5309	1
12736	9314	1
14312	14376	1
2004	3186	1
16885	10623	1
12670	7308	1
7258	10896	1
3051	1279	1
2296	1279	1
2317	4178	1
9633	3603	1
16288	2914	1
14849	7901	1
3262	32	1
2884	718	1
12546	9872	1
3938	16446	1
5800	7741	1
1839	3315	1
15487	3688	1
3315	2914	1
7108	2914	1
16633	3688	1
9959	6484	1
12932	10810	1
3315	7108	1
9488	9193	1
8650	6115	1
7167	4212	1
1427	1043	1
11420	11091	1
6444	7602	1
10623	16885	1
7108	3315	1
5474	4586	1
1338	1523	1
1427	8374	1
2331	8217	1
10464	7624	1
7446	2224	1
15416	13807	1
1897	2480	1
16886	5613	1
13044	12582	1
16887	16331	1
16888	4067	1
1975	825	1
9862	14844	1
16839	3274	1
6441	5133	1
3315	1839	1
1451	1452	1
5613	16886	1
5735	13270	1
8122	8272	1
9967	13050	1
7624	10464	1
11038	13928	1
16761	4463	1
15417	3366	1
15590	7282	1
5646	4084	1
7258	6987	1
1381	5386	1
6266	11495	1
6444	13200	1
16844	6298	1
16594	16592	1
5062	15552	1
16889	16890	1
16574	16379	1
3559	5630	1
13550	691	1
2253	6461	1
1017	2087	1
12272	16891	1
7258	9863	1
16502	11540	1
928	929	1
1427	11527	1
7868	10330	1
222	2190	1
16037	16892	1
2480	4613	1
16892	16037	1
11560	4247	1
3296	141	1
5581	858	1
8517	15773	1
4106	3810	1
12344	5789	1
3822	858	1
16502	1237	1
8478	7213	1
16891	12408	1
15417	5191	1
879	878	1
7938	6348	1
3170	2734	1
12975	2004	1
3056	878	1
6193	7980	1
8478	11069	1
16881	15380	1
6444	4534	1
11684	11684	1
16846	7607	1
4133	4106	1
2678	173	1
6080	10984	1
4662	4106	1
6110	13064	1
6783	4106	1
2234	696	1
16891	8506	1
8506	16891	1
8247	13659	1
5735	14144	1
3177	3330	1
16387	16585	1
1381	1740	1
9633	3028	1
15539	9777	1
13063	15456	1
14051	737	1
13581	14531	1
5217	14656	1
9314	12736	1
10938	6046	1
9248	16892	1
4067	16888	1
16893	16894	1
6080	5161	1
4751	8128	1
12960	10930	1
10809	16088	1
16865	1974	1
12591	13723	1
4251	8164	1
4006	4725	1
2786	4945	1
7602	3258	1
3017	16474	1
1666	8164	1
3329	1483	1
6268	3943	1
10704	10704	1
3056	879	1
1314	1483	1
11203	9888	1
5474	4355	1
6775	8656	1
8506	10993	1
3688	15487	1
10993	8506	1
10193	6272	1
5217	4409	1
15417	4669	1
5382	2483	1
974	9428	1
1381	5280	1
3945	16895	1
12500	4605	1
16891	12272	1
2317	2185	1
3547	2457	1
4282	15889	1
16896	16359	1
5316	16897	1
1582	1481	1
12795	11844	1
16789	16790	1
9777	15539	1
6845	9472	1
8896	11387	1
8903	11387	1
4368	5701	1
16895	3945	1
7630	7993	1
1381	3945	1
6068	6068	1
11455	5318	1
5062	6475	1
16892	9248	1
11695	11563	1
257	6317	1
16602	16602	1
13723	12591	1
5133	6441	1
8272	8122	1
15889	4282	1
6562	6713	1
7282	5977	1
2855	1517	1
2172	5977	1
11758	4755	1
16851	6495	1
10938	13900	1
2842	8068	1
16557	16892	1
4946	8688	1
13131	16898	1
13165	972	1
1134	13900	1
16779	3078	1
9914	13682	1
4998	9888	1
9335	344	1
11689	16892	1
13598	13083	1
13900	1134	1
702	3575	1
11387	8896	1
5546	16663	1
7739	1134	1
3575	702	1
6444	8781	1
12413	16892	1
5887	3480	1
5981	6155	1
2610	2852	1
3236	3442	1
9365	3673	1
3967	1709	1
4755	11758	1
6729	14326	1
14131	12053	1
14653	9388	1
878	879	1
10720	16892	1
7000	11556	1
6272	10193	1
7558	16892	1
14292	5752	1
16892	7558	1
16892	12413	1
12053	14131	1
7258	12381	1
10938	11758	1
8198	3442	1
10594	6638	1
10938	7408	1
8386	11568	1
9381	14131	1
6811	14025	1
3938	16899	1
4293	5581	1
12546	9705	1
12381	7258	1
8478	8331	1
1987	6057	1
15061	10810	1
8700	6562	1
11194	7215	1
16891	7215	1
12272	16892	1
9388	14653	1
13270	5735	1
12898	6977	1
11031	4726	1
14031	16892	1
16892	11689	1
16892	14031	1
14144	5735	1
6562	8700	1
16892	10720	1
11379	1709	1
14148	13737	1
4084	5646	1
12802	13919	1
11565	14844	1
16892	12272	1
9863	7258	1
14210	14844	1
6987	7258	1
6495	16851	1
2855	2163	1
16848	11294	1
2317	2596	1
7874	7873	1
5812	9088	1
15428	16037	1
1517	2855	1
9633	11934	1
2163	2855	1
2224	7446	1
9487	9488	1
1523	1117	1
1567	14239	1
8123	4175	1
16892	12308	1
6491	1117	1
9477	9799	1
9203	13011	1
2317	4970	1
10330	14467	1
16641	5967	1
3441	7986	1
14844	11565	1
5870	5735	1
10582	13803	1
5217	6259	1
5581	4293	1
15401	15401	1
3017	2722	1
7120	10275	1
14017	5481	1
2260	7126	1
3881	1079	1
12928	6135	1
16900	8545	1
540	4865	1
7340	15401	1
10003	6135	1
4939	16892	1
9862	4862	1
6079	6135	1
16892	4939	1
13011	9203	1
15401	7340	1
16833	4677	1
16892	14796	1
7012	3160	1
1017	2616	1
8681	4620	1
6135	10003	1
1030	4677	1
5502	7292	1
12383	8935	1
2546	6161	1
9103	12496	1
3479	10427	1
4739	6752	1
11540	16502	1
5497	5498	1
14131	9381	1
16523	9172	1
1237	16502	1
10935	12496	1
16585	16387	1
11797	12496	1
12580	3853	1
8521	12496	1
12496	8521	1
7452	4409	1
14904	9325	1
11556	7000	1
3330	3177	1
4409	7452	1
9270	9272	1
15668	16282	1
1381	3177	1
5979	16892	1
7309	9790	1
375	10742	1
6845	2801	1
16807	12307	1
2189	3120	1
1584	3120	1
1677	6359	1
4613	6513	1
13933	16892	1
16901	596	1
2472	6479	1
13138	16738	1
12383	3817	1
6562	6699	1
12496	10935	1
16891	16892	1
16892	16891	1
2204	13263	1
16892	13933	1
2544	1508	1
7974	4862	1
7215	16891	1
6640	5388	1
6444	2086	1
12899	14714	1
5065	5388	1
16856	15435	1
14714	12899	1
15422	375	1
13868	6832	1
10810	8139	1
11259	12736	1
8545	16900	1
13336	5347	1
2192	2116	1
3688	16633	1
6977	12898	1
1584	3190	1
328	272	1
10968	2801	1
9088	3658	1
9436	16802	1
13626	5258	1
16902	15700	1
13263	2204	1
3658	9088	1
16544	16827	1
7993	7791	1
12456	7831	1
6155	5981	1
13851	1987	1
6479	2472	1
5799	2472	1
8172	16892	1
9237	3358	1
6104	12271	1
4106	5888	1
14825	7267	1
8478	7006	1
5217	7006	1
6115	8650	1
8217	2331	1
15104	11099	1
5170	6107	1
2317	1536	1
13775	16775	1
13125	12154	1
16892	8172	1
7502	4788	1
3568	2532	1
16784	13020	1
3033	15334	1
16827	16544	1
737	1081	1
12582	13044	1
5650	8243	1
2969	6752	1
5806	922	1
8998	10285	1
4882	92	1
6135	6079	1
10938	9275	1
16282	15668	1
173	2270	1
7767	6481	1
4106	8803	1
1642	604	1
10938	13455	1
3190	1584	1
15196	3497	1
2480	6444	1
16255	14876	1
11571	9159	1
1508	2544	1
6192	7004	1
1132	4196	1
7868	13830	1
1427	3520	1
4193	4176	1
10285	8998	1
5678	13900	1
12456	15365	1
10971	10970	1
10273	15925	1
4176	4193	1
13830	7868	1
16892	5979	1
3393	5693	1
5341	8057	1
6079	11164	1
11407	7811	1
8763	12134	1
13957	16863	1
2472	6515	1
12413	11164	1
876	5756	1
15470	12345	1
2373	16903	1
16359	718	1
11530	9394	1
12964	14498	1
16663	5546	1
11294	16848	1
5894	7486	1
8854	11060	1
3943	3949	1
1017	2281	1
2997	3561	1
15773	8517	1
8903	10161	1
15193	1468	1
3781	2721	1
7053	6985	1
1734	6539	1
3825	1062	1
7514	5567	1
11074	13869	1
8330	5894	1
6985	7053	1
5567	7514	1
6201	6105	1
15456	13063	1
