2255	768	1
6068	10687	1
16358	15985	1
10687	6068	1
10158	5546	1
12474	12332	1
16594	5415	1
4014	10743	1
15985	16358	1
7638	1817	1
12535	15162	1
2211	2891	1
4174	11417	1
12834	8599	1
16139	16062	1
6068	6068	1
16327	16358	1
16358	11799	1
12332	12474	1
6319	3950	1
1581	390	1
9215	7742	1
6122	10868	1
16150	11077	1
13851	1987	1
5720	5742	1
7638	5862	1
14197	3545	1
7434	14810	1
4602	1506	1
8336	13963	1
5231	4070	1
14754	13350	1
2012	16601	1
13963	8336	1
1333	6296	1
16355	4751	1
9724	4935	1
13599	8031	1
7901	14849	1
3568	2532	1
1493	6021	1
6127	4935	1
16684	16684	1
6901	12568	1
16241	5382	1
7638	6700	1
8609	6059	1
1898	2596	1
4250	6700	1
5382	16241	1
2801	5240	1
1898	1900	1
13378	15988	1
1949	1226	1
9212	9211	1
7922	4439	1
6985	9894	1
4801	12536	1
15537	14449	1
13246	13212	1
6700	4250	1
13212	13246	1
4092	14039	1
5582	3245	1
123	1422	1
4383	5774	1
1059	5774	1
1062	5774	1
1855	5830	1
12899	6127	1
16685	4748	1
7916	9248	1
15386	15383	1
6812	1605	1
8338	12816	1
4751	16355	1
11936	3975	1
1034	10292	1
2652	10292	1
10968	3975	1
3668	15552	1
7175	14598	1
5069	4616	1
14317	6320	1
6333	6242	1
16493	9717	1
3849	12787	1
12787	3849	1
3245	5582	1
8776	960	1
9477	8333	1
12124	11957	1
11957	12124	1
6037	10363	1
1808	1323	1
3037	7191	1
4092	10363	1
16016	3641	1
12861	15985	1
640	5690	1
14039	10363	1
425	425	1
16003	8460	1
2542	5588	1
1808	5630	1
3824	3822	1
3315	13851	1
1987	13851	1
1581	8868	1
16681	8995	1
1971	7239	1
13851	3315	1
16662	16662	1
6061	6136	1
6323	3826	1
1898	15745	1
1043	5197	1
15079	15988	1
5197	3383	1
16389	15988	1
8606	3723	1
11695	11563	1
13751	15745	1
2578	13493	1
3568	1162	1
2436	2616	1
2758	10494	1
1031	3103	1
11635	3730	1
7402	5278	1
2011	16055	1
12536	4801	1
955	1086	1
11948	12756	1
242	241	1
5536	5537	1
15106	7334	1
12006	12597	1
5820	5821	1
15386	11641	1
14456	15795	1
11417	4174	1
16665	11661	1
2330	7083	1
2629	6359	1
8031	15718	1
11164	5096	1
8333	9477	1
10605	10651	1
7622	7495	1
13977	15581	1
5613	8213	1
4117	16686	1
12675	4946	1
13137	4946	1
15745	5520	1
7266	4946	1
8250	3185	1
5600	3185	1
2435	2554	1
2373	16675	1
16687	2433	1
2589	8854	1
16414	16055	1
5414	4789	1
13409	12104	1
16520	16055	1
4226	15558	1
5318	3826	1
15362	15362	1
11339	15478	1
3950	6319	1
13325	8967	1
15581	13977	1
10895	15598	1
9626	13977	1
11060	6228	1
241	242	1
1898	14968	1
12693	14901	1
1281	3497	1
16117	16117	1
7852	4662	1
14807	16168	1
9331	1562	1
2389	4254	1
8611	5096	1
16688	13536	1
1971	4341	1
10922	4343	1
1562	9331	1
15651	11972	1
16689	16690	1
3826	5318	1
7334	15106	1
7155	14765	1
4662	7852	1
15911	12312	1
5662	9223	1
6228	11060	1
10084	7852	1
16641	7228	1
11957	3294	1
16563	8006	1
8606	16112	1
16658	6202	1
13826	14923	1
2436	1022	1
1898	5087	1
16616	7654	1
1971	1022	1
9861	8129	1
6765	3177	1
15214	15215	1
5678	10756	1
1808	4007	1
6	925	1
3177	6765	1
905	3353	1
4317	7654	1
5662	705	1
8006	16563	1
10614	8707	1
3106	3106	1
6513	6576	1
2047	6059	1
4812	4113	1
4679	3051	1
8975	4113	1
16691	10831	1
15745	13751	1
7308	13097	1
12679	10801	1
10179	15665	1
4205	13097	1
3688	8225	1
159	2712	1
7517	9816	1
768	9	1
16692	10870	1
5482	4113	1
6080	5161	1
16693	6902	1
13581	12656	1
1210	5	1
1149	14540	1
12735	16604	1
16694	3444	1
15878	801	1
4112	14540	1
10609	8008	1
14715	13407	1
7266	9767	1
16695	12735	1
13097	7308	1
3545	14197	1
5316	8225	1
7409	15386	1
1971	2441	1
6333	8896	1
16696	16696	1
10537	12096	1
3444	16694	1
15663	10865	1
13350	14754	1
7891	4956	1
4226	14930	1
4956	7891	1
16112	8606	1
8129	9861	1
10831	16691	1
5411	2420	1
6065	15082	1
2362	3614	1
3614	2362	1
1156	1156	1
3315	2914	1
16697	7079	1
2934	3527	1
2505	11868	1
4935	9724	1
1898	2086	1
2891	2211	1
2420	5411	1
7083	2330	1
1506	4788	1
6549	7797	1
16698	16699	1
1808	123	1
5402	5243	1
2855	1081	1
15190	15190	1
3568	13744	1
6242	11587	1
9735	7481	1
14794	2008	1
16700	16701	1
4980	4980	1
6938	6048	1
10292	9436	1
1808	3878	1
4987	7728	1
15774	14314	1
2433	9489	1
3383	5197	1
1971	6100	1
16422	14848	1
16702	16702	1
16160	8446	1
1031	1069	1
4226	11681	1
1898	3196	1
10174	13421	1
3730	11635	1
1333	13423	1
9264	8426	1
6337	15645	1
16147	16147	1
7529	16703	1
9527	9388	1
13687	12650	1
1971	2478	1
7466	15798	1
10363	14039	1
16694	3366	1
13744	2914	1
3591	7329	1
6576	6513	1
2797	1254	1
12735	16695	1
1898	2914	1
13325	10920	1
2243	4673	1
13187	13187	1
7728	4987	1
5773	5258	1
5055	1824	1
266	3350	1
3547	3380	1
16030	12161	1
8606	1824	1
2985	2446	1
7638	6781	1
12795	15068	1
3666	1761	1
1069	1031	1
1567	14239	1
16129	8446	1
7082	9915	1
6612	2914	1
6549	7484	1
1133	6363	1
1422	123	1
16626	15911	1
15397	7535	1
6650	7038	1
10503	16341	1
9165	15749	1
6832	7109	1
6796	16686	1
6210	7038	1
2011	16473	1
16606	16606	1
13573	15471	1
5278	7402	1
7638	14622	1
2749	3169	1
2436	10626	1
1305	1401	1
15030	6790	1
4036	11724	1
4910	9769	1
7486	9769	1
9769	7486	1
3645	1273	1
13572	6919	1
11661	16665	1
1971	1850	1
8092	16486	1
15718	8031	1
4144	16486	1
7128	10508	1
16358	16327	1
9681	9681	1
9915	7082	1
11943	14779	1
2846	2712	1
1898	2379	1
7852	10084	1
6248	8896	1
16704	16704	1
7228	16641	1
10623	14522	1
8492	8735	1
6549	3242	1
4444	8735	1
13420	8435	1
2086	14968	1
15790	5932	1
5711	5715	1
4840	5009	1
10503	12899	1
15034	16699	1
9894	6985	1
594	13	1
10335	10469	1
5009	4840	1
14540	4112	1
5402	15468	1
6183	9932	1
2445	884	1
990	1777	1
3522	4658	1
5662	750	1
13325	13101	1
2228	5705	1
16705	16706	1
14779	11943	1
7495	7622	1
14714	12899	1
13421	10174	1
7915	3992	1
1808	1838	1
10084	4662	1
13977	11372	1
8460	16003	1
16502	7949	1
13573	10390	1
612	1538	1
11372	13977	1
1142	71	1
13377	13237	1
8369	3741	1
5662	1269	1
15447	3380	1
16707	16707	1
14968	2086	1
9489	2433	1
5598	10478	1
6195	7805	1
5859	3850	1
1452	6619	1
1731	6619	1
1010	12748	1
8599	12834	1
323	4613	1
8008	10609	1
11799	441	1
2436	7290	1
6068	6743	1
16708	10255	1
6136	6061	1
3532	12748	1
11587	6242	1
12672	6832	1
2422	14676	1
7501	9669	1
2589	1108	1
2436	2435	1
14609	11396	1
5027	4113	1
16709	16480	1
7805	9538	1
6513	4708	1
16710	207	1
13032	11851	1
9932	6183	1
1971	6187	1
6530	2902	1
14765	7155	1
5497	5498	1
16711	16711	1
10920	13325	1
11201	5922	1
4233	3447	1
2691	1428	1
5	1210	1
12756	1269	1
11653	11653	1
16712	16713	1
4113	4114	1
9767	7266	1
8782	16088	1
13777	8668	1
16486	8235	1
16606	16607	1
4662	10084	1
2873	10576	1
6157	15438	1
4663	1822	1
4077	2478	1
1338	1523	1
15447	1523	1
8896	11387	1
11182	4418	1
7501	7940	1
10889	11630	1
2691	518	1
9669	7501	1
6540	7125	1
14411	11909	1
7940	7501	1
16714	7079	1
3822	16298	1
676	819	1
1586	518	1
10255	16708	1
5905	518	1
2901	16055	1
16416	16055	1
1939	518	1
5637	16597	1
8446	16160	1
6466	16597	1
1838	1808	1
5700	5640	1
3878	1808	1
123	1808	1
7789	9765	1
4007	1808	1
8415	518	1
15214	11853	1
6706	8739	1
8690	5380	1
11151	6328	1
2934	3450	1
7079	16697	1
6428	12353	1
16715	5806	1
3450	2934	1
5325	8280	1
760	1779	1
3433	2863	1
5380	8690	1
10241	974	1
5806	16715	1
3202	518	1
1898	15204	1
1971	7068	1
16486	4144	1
11017	13423	1
7592	11868	1
1037	518	1
11773	8738	1
7805	6195	1
3366	16694	1
9020	3954	1
5693	5876	1
5876	5693	1
6328	11151	1
4226	5693	1
15386	7409	1
8031	8668	1
634	518	1
4755	2446	1
16716	7042	1
8446	16129	1
5641	2311	1
16474	15300	1
14124	9110	1
8396	12336	1
5445	4408	1
9700	13807	1
10180	6627	1
6530	15300	1
11196	3668	1
5779	12532	1
1971	2492	1
1184	387	1
5783	647	1
16514	16515	1
1934	10152	1
9777	15539	1
1064	518	1
1333	4160	1
2630	518	1
16677	9713	1
10645	3401	1
16717	12861	1
9240	4577	1
14174	518	1
1905	518	1
9699	410	1
11497	14814	1
