10319	8975	1
6811	7056	1
12568	10478	1
7056	6811	1
5293	5000	1
8619	8975	1
6844	1058	1
1311	2482	1
16497	10067	1
10988	2297	1
8936	17	1
13350	14754	1
6158	15579	1
2297	10988	1
707	4883	1
4445	8492	1
15579	6158	1
13877	8743	1
4431	8724	1
4424	3084	1
225	3183	1
8743	13877	1
518	9628	1
15925	12483	1
5382	16241	1
6419	13590	1
6325	6700	1
7757	7756	1
6157	13985	1
11186	2	1
8211	370	1
13691	10188	1
13573	15471	1
16288	2914	1
11339	15478	1
8451	8867	1
3315	14197	1
1058	6844	1
1060	2734	1
5659	1097	1
15789	123	1
7465	2255	1
13564	16082	1
8043	5874	1
8976	6729	1
137	1663	1
4397	2576	1
16082	13564	1
14081	15852	1
12540	5444	1
6750	8260	1
1311	1740	1
1364	5303	1
16511	16511	1
4801	5742	1
16488	16487	1
14535	2119	1
11934	643	1
7086	4555	1
16512	9184	1
5511	4506	1
3493	4368	1
12732	11909	1
11779	6069	1
5753	16490	1
3287	585	1
1069	1031	1
4649	6069	1
10685	6562	1
4960	11189	1
7704	7705	1
424	3602	1
4424	5386	1
9369	6193	1
4246	15561	1
10968	2801	1
12579	371	1
7988	16241	1
6309	7804	1
6864	4930	1
13829	5907	1
8830	4038	1
2242	240	1
2445	884	1
8854	13776	1
6343	3358	1
2450	12989	1
16241	5382	1
6455	6992	1
7805	9538	1
5524	7211	1
15878	15878	1
8243	5650	1
9777	8084	1
3502	1064	1
1996	3547	1
1305	371	1
1064	3502	1
4049	450	1
1855	2870	1
5807	11249	1
957	15067	1
5923	1700	1
8332	5987	1
6115	8650	1
1727	4725	1
2936	4725	1
3004	11517	1
16399	10000	1
5484	9817	1
6564	755	1
2317	4840	1
5951	1584	1
655	68	1
11797	1584	1
13	16	1
4842	5810	1
1361	1360	1
12899	15886	1
10743	1266	1
3756	16493	1
5137	207	1
7469	12590	1
2347	16204	1
11789	414	1
14149	414	1
1643	1155	1
6068	6743	1
6743	6068	1
9374	601	1
9431	8018	1
6513	4589	1
5329	420	1
6521	4033	1
10177	692	1
7219	3420	1
2876	1712	1
7988	7780	1
2576	4397	1
14198	9690	1
16066	16066	1
1372	9270	1
268	137	1
15478	11339	1
14197	3315	1
1043	865	1
14946	16282	1
11487	9346	1
3653	2439	1
12345	272	1
2077	13602	1
3442	7082	1
16212	16390	1
6364	1599	1
12217	3194	1
6160	6160	1
6213	1599	1
6662	10211	1
7215	7625	1
2420	1599	1
15789	16343	1
12246	8611	1
5511	2390	1
6521	2433	1
328	6899	1
9610	15436	1
3614	2362	1
6738	7921	1
923	2708	1
1599	2420	1
16513	2420	1
16209	7336	1
5347	10250	1
2817	940	1
3333	15866	1
4654	4519	1
1043	2261	1
2552	1437	1
4390	9477	1
8492	4724	1
329	6520	1
5532	15928	1
4390	2802	1
3604	2113	1
5717	1420	1
5000	5293	1
760	2587	1
1108	6174	1
16493	3756	1
6899	271	1
7655	5512	1
10814	8903	1
7108	3545	1
3430	7486	1
7002	3671	1
3604	3671	1
786	5698	1
16514	16515	1
3934	725	1
7486	3430	1
556	6337	1
5512	7655	1
14653	8668	1
4424	16516	1
8611	5096	1
4522	16517	1
926	725	1
11249	5807	1
21	1512	1
8333	8676	1
11502	1612	1
6174	1108	1
3675	805	1
16518	2813	1
3604	8722	1
12664	12650	1
7448	6810	1
7002	8722	1
6662	1228	1
13826	10330	1
3671	8722	1
12756	11948	1
16517	4522	1
1268	8335	1
7542	8260	1
16237	523	1
9966	10335	1
9144	6343	1
3952	2852	1
5329	11160	1
4028	5160	1
9936	14672	1
5167	2119	1
505	492	1
3817	4514	1
5236	8964	1
6864	2331	1
8824	4653	1
15561	4246	1
16473	8694	1
8700	5343	1
15471	13573	1
11189	4960	1
11788	11730	1
4172	4386	1
5485	13734	1
6337	556	1
5613	8213	1
14383	13586	1
755	6564	1
3294	13586	1
4217	13586	1
5650	8243	1
4303	4832	1
15906	8721	1
15681	6069	1
6069	11779	1
15772	9713	1
2801	6845	1
6845	531	1
1171	1854	1
1552	1561	1
450	4049	1
12487	3358	1
1814	6908	1
923	16519	1
1599	6364	1
5137	5642	1
8008	10609	1
1147	1148	1
16520	16520	1
1854	1171	1
6521	7089	1
6067	4002	1
6069	15681	1
11947	11175	1
6908	1814	1
3545	3315	1
4034	5240	1
7986	12970	1
2420	11175	1
9872	11631	1
4448	865	1
11948	12756	1
8650	6115	1
5329	4563	1
9477	4390	1
68	611	1
6811	14025	1
14263	15148	1
16342	15468	1
3604	7002	1
8644	6760	1
6727	6040	1
1625	4167	1
3616	9645	1
11517	3004	1
1280	4167	1
5511	4883	1
4146	14901	1
5167	2517	1
5628	294	1
1599	1517	1
294	5628	1
8133	11473	1
9392	294	1
3315	3545	1
16484	16484	1
6372	4167	1
8164	7223	1
8976	11574	1
1092	4167	1
6348	10759	1
4910	9769	1
11631	9872	1
1599	6213	1
8506	7624	1
10759	6348	1
4386	4143	1
2698	5853	1
15829	16521	1
16522	10410	1
5300	3042	1
3843	3707	1
788	1282	1
7060	8820	1
1096	1517	1
7980	8820	1
3033	15334	1
15782	6811	1
5511	5307	1
5110	110	1
9270	6200	1
16209	5817	1
12919	12482	1
13330	13277	1
14081	14075	1
2482	1311	1
5357	10654	1
8741	7366	1
8976	7128	1
11242	12482	1
6374	937	1
4424	5307	1
531	6845	1
3440	4107	1
865	4448	1
4696	15737	1
12217	15611	1
6845	6485	1
14577	15737	1
6485	6845	1
13514	6485	1
4036	11724	1
6385	6397	1
12905	1450	1
14081	12929	1
180	207	1
6521	6221	1
2776	9626	1
207	206	1
4318	6315	1
5042	9680	1
9229	12551	1
2907	1523	1
12266	5107	1
12197	23	1
15293	15210	1
8962	6093	1
16062	4580	1
15415	15415	1
14081	5033	1
6251	16523	1
5329	2632	1
3985	3103	1
5137	3563	1
1031	3103	1
4751	9058	1
16074	16075	1
3042	5300	1
6107	4554	1
12989	2450	1
5107	7025	1
14969	4260	1
1571	974	1
15579	11372	1
6983	5804	1
1625	1280	1
16524	11751	1
14180	12308	1
16525	8955	1
6662	2065	1
3442	1860	1
5345	6547	1
8137	5622	1
5343	6222	1
6730	7345	1
4424	10139	1
11789	4954	1
2420	1708	1
4881	7555	1
12217	2154	1
573	1295	1
2019	3818	1
1523	2907	1
5137	2973	1
5167	2973	1
2480	6492	1
294	9392	1
4424	14239	1
4167	1625	1
11802	2441	1
13254	7671	1
6783	4662	1
1280	1625	1
14531	13581	1
15611	12217	1
2154	12217	1
13277	13330	1
645	1848	1
7624	8506	1
1060	9697	1
5762	1323	1
5166	5450	1
1497	4879	1
573	526	1
2894	5211	1
1060	3170	1
16009	2203	1
4424	5693	1
15581	13977	1
4260	14969	1
10415	5234	1
5234	10415	1
207	180	1
14340	14341	1
5248	12369	1
11730	11788	1
3451	5928	1
10036	2915	1
8925	8924	1
9426	2011	1
9550	9550	1
137	267	1
5167	2027	1
302	302	1
14341	14340	1
4864	4863	1
7128	12814	1
1571	8790	1
6547	5345	1
5485	5642	1
40	58	1
13289	12773	1
10067	15749	1
15686	4032	1
7002	8206	1
4664	4662	1
2119	2027	1
5307	14166	1
3353	7645	1
7228	5642	1
10639	10188	1
4033	14166	1
7444	12173	1
11275	6876	1
9690	10188	1
15035	15737	1
14166	5307	1
16490	5753	1
10188	10639	1
11653	1203	1
5307	4384	1
3497	1891	1
13407	5325	1
3138	3824	1
7557	6971	1
6721	6146	1
15468	16342	1
11836	16485	1
7625	7215	1
6193	9369	1
12483	15925	1
7940	6479	1
13884	5325	1
12970	7986	1
13737	6015	1
2365	7453	1
4384	5307	1
4967	4967	1
13884	14715	1
3210	5481	1
9770	9145	1
16029	12992	1
7645	3353	1
1323	5762	1
691	2979	1
2478	14814	1
13407	14715	1
1711	10754	1
6811	15782	1
12069	16485	1
7025	5107	1
15436	9610	1
16526	16526	1
16527	16527	1
4346	4345	1
9345	9109	1
15774	11758	1
1043	5997	1
10788	490	1
8260	7542	1
5497	15928	1
5511	4977	1
8084	9777	1
12895	4977	1
12482	12919	1
11758	15774	1
15774	15774	1
12197	12449	1
4386	1900	1
4409	3950	1
10095	6045	1
14197	2914	1
4032	15686	1
14740	14741	1
16528	3557	1
15039	15911	1
6062	11779	1
16529	7655	1
5329	1740	1
14715	13407	1
5511	1740	1
3534	3278	1
5325	13407	1
15115	15116	1
16263	13165	1
1043	1108	1
840	3938	1
1120	1119	1
5137	3575	1
8975	10319	1
6662	1108	1
14081	15840	1
15737	4696	1
9095	14217	1
662	5312	1
12336	8402	1
1119	1120	1
5300	12395	1
9626	2776	1
940	2817	1
11943	14779	1
185	3549	1
14078	1451	1
3287	12303	1
5511	3240	1
14779	11943	1
16530	6389	1
12395	5300	1
5307	5836	1
4390	906	1
7408	5845	1
12482	11242	1
4662	6783	1
6556	6854	1
159	2712	1
5329	4781	1
265	266	1
1451	14078	1
16486	8092	1
12990	14584	1
980	1567	1
1517	1599	1
16531	4781	1
5511	7501	1
4424	7501	1
5231	4070	1
1567	980	1
15886	12899	1
5836	5307	1
13851	1987	1
3950	4409	1
14144	13270	1
14836	16494	1
543	616	1
12197	7995	1
4167	6372	1
14741	14740	1
6015	13737	1
4808	4807	1
7196	6155	1
1810	4147	1
13827	601	1
509	13580	1
11789	5542	1
1900	4386	1
137	5695	1
6492	2480	1
6479	7940	1
11758	6243	1
5641	3101	1
10313	7688	1
6243	11758	1
16532	7850	1
3442	8959	1
16533	12870	1
15784	9389	1
4424	9389	1
6521	2810	1
14814	2478	1
14998	16149	1
15745	8174	1
1060	9819	1
4888	4900	1
12804	11943	1
2797	216	1
5536	5537	1
10266	12982	1
11221	2349	1
17	8936	1
1360	1361	1
16149	14998	1
7453	2365	1
5028	13807	1
16534	16534	1
16532	8457	1
11704	14156	1
6418	8194	1
16298	7556	1
9015	16450	1
16494	14836	1
6521	2651	1
6818	3105	1
11561	11562	1
12856	12899	1
16204	2347	1
5156	5156	1
205	1508	1
13776	8854	1
5450	5166	1
906	4390	1
16527	10081	1
801	15878	1
8824	15718	1
12369	5248	1
8481	13938	1
7471	1952	1
3461	1956	1
15624	11751	1
1108	3645	1
10799	11943	1
1468	3012	1
12197	7121	1
13270	14144	1
8071	16535	1
10335	9966	1
15384	15384	1
14672	14560	1
16536	14816	1
15503	11351	1
2364	8619	1
11943	12804	1
12345	15422	1
14081	11243	1
8420	14816	1
9718	9717	1
4864	5463	1
9538	7805	1
6268	16537	1
1712	2876	1
8153	6113	1
15838	13778	1
14816	8420	1
11499	7079	1
8820	7980	1
5343	8700	1
11751	9105	1
16537	6268	1
6843	646	1
8213	5613	1
11943	10799	1
13599	10569	1
15911	15039	1
4753	3214	1
3679	13851	1
3105	15188	1
16456	11403	1
16538	6866	1
16539	16539	1
13851	3315	1
11403	16456	1
6866	16538	1
15541	3153	1
2941	10663	1
15718	15488	1
8335	1268	1
4890	6361	1
3315	13851	1
6320	14317	1
7002	6377	1
3604	6377	1
6812	9250	1
7638	14622	1
7988	7895	1
5325	8280	1
14565	4846	1
15745	5862	1
1497	3706	1
702	11876	1
7231	11387	1
5211	2894	1
803	549	1
6644	9335	1
6608	2171	1
6146	9575	1
7345	6730	1
6122	15792	1
5632	5631	1
3287	5706	1
5511	5706	1
15792	6122	1
1625	2673	1
4724	4727	1
3392	3492	1
11876	702	1
6155	7196	1
9575	6146	1
3492	3392	1
2706	702	1
12881	12882	1
1041	2083	1
2316	4626	1
5921	5366	1
684	684	1
6585	14307	1
15110	14482	1
3671	7002	1
8357	4871	1
8722	7002	1
14482	15110	1
8139	10810	1
5329	5280	1
11258	5564	1
5511	5280	1
4616	2712	1
8206	7002	1
2607	549	1
6845	10968	1
16370	10179	1
13870	14268	1
15106	13882	1
15822	14307	1
8141	12771	1
5537	5536	1
8136	8031	1
15365	12456	1
15110	10179	1
3121	3102	1
11731	6930	1
10179	15110	1
8833	2704	1
16540	14361	1
3287	3288	1
7602	9085	1
4727	4724	1
1987	13851	1
16319	10374	1
16348	8205	1
6899	9147	1
14197	7108	1
15513	15513	1
646	6843	1
3315	6109	1
1929	1054	1
16092	16091	1
7108	14197	1
16456	15936	1
4568	9147	1
12344	5789	1
4762	7158	1
3604	2850	1
6113	8153	1
14361	16540	1
5329	4980	1
4724	8492	1
6930	11731	1
6109	15013	1
3950	5442	1
2048	1558	1
3662	5526	1
5087	5086	1
15925	7273	1
10639	5314	1
4741	9546	1
16540	10845	1
12126	13493	1
10347	8049	1
4708	14197	1
7235	2914	1
15936	16456	1
9706	16503	1
9546	4741	1
7303	8386	1
10845	16540	1
10390	9438	1
13489	14131	1
9325	9764	1
13973	7772	1
5618	10374	1
13628	13627	1
12071	4967	1
9817	5484	1
10203	3194	1
3287	1025	1
8619	2364	1
5086	5087	1
16417	10461	1
8049	10347	1
510	13665	1
7321	2824	1
8301	9639	1
10654	5357	1
7772	13973	1
13882	15106	1
6071	3746	1
9717	9718	1
12217	16371	1
9669	6765	1
14494	2211	1
13598	10347	1
7501	9669	1
16523	6251	1
14849	7901	1
10623	8506	1
7671	7042	1
14962	3999	1
11676	7625	1
2171	6608	1
12655	12655	1
3921	1517	1
3170	8707	1
15037	3546	1
7624	7625	1
13393	13393	1
2392	3972	1
2578	9936	1
6045	10095	1
15416	15416	1
9147	6899	1
7158	4762	1
11874	11873	1
14886	8680	1
12197	925	1
6765	9669	1
3453	4977	1
7634	7634	1
12775	6901	1
3951	8082	1
9697	5090	1
3071	10509	1
13580	509	1
1855	5830	1
15822	10713	1
10810	8139	1
9690	14198	1
3545	4660	1
16485	12069	1
16541	5598	1
14182	14095	1
12596	10663	1
5845	7408	1
4647	11574	1
14149	7225	1
6648	5598	1
4810	16478	1
8854	16194	1
15620	8680	1
261	11702	1
1996	2559	1
1173	13932	1
8481	5752	1
15422	12345	1
4977	4257	1
5325	13884	1
6045	5876	1
5357	7997	1
12174	11918	1
10868	12082	1
8975	8781	1
9936	2578	1
10713	15822	1
14201	12535	1
3549	185	1
2587	760	1
14197	4708	1
8979	1628	1
8737	7090	1
1269	5938	1
13006	10368	1
13006	9616	1
7997	15436	1
12214	334	1
1770	16306	1
7090	7038	1
16194	8854	1
13032	12420	1
1163	2914	1
8256	4263	1
5722	6052	1
9270	1372	1
14715	13884	1
5348	5349	1
4383	870	1
2611	2282	1
6052	5722	1
9764	14904	1
8425	10506	1
12804	9960	1
5485	3561	1
12802	15505	1
4257	4977	1
16031	7267	1
12591	13723	1
15505	12802	1
4312	2145	1
11943	9960	1
547	6183	1
14394	6564	1
13687	12650	1
13751	8222	1
5753	3178	1
16512	4034	1
7644	15459	1
16424	12422	1
16541	6648	1
944	2441	1
13336	5347	1
10003	6135	1
2465	2441	1
2185	12728	1
4287	4293	1
16533	4829	1
15436	7997	1
12771	8141	1
16478	4810	1
2646	7857	1
207	280	1
1664	5131	1
8212	9741	1
8924	8925	1
727	11312	1
5880	5981	1
5329	1022	1
5054	4523	1
16450	9015	1
4950	8967	1
11228	611	1
15428	16037	1
5511	12895	1
5981	6155	1
5533	304	1
2773	13538	1
16542	8748	1
12217	1008	1
1584	4789	1
6183	547	1
4977	12895	1
4047	4346	1
12894	6022	1
16543	16543	1
9438	10390	1
13665	510	1
2876	575	1
15773	10784	1
4174	6475	1
2699	10687	1
5366	5921	1
14081	4810	1
4293	4287	1
4653	8824	1
14807	14869	1
9616	13006	1
4660	3545	1
10368	13006	1
2047	12381	1
3302	515	1
