10319	8975	1
13477	2537	1
3965	6059	1
418	7143	1
6496	13442	1
10330	15985	1
3965	8609	1
11653	11653	1
12861	15985	1
7143	418	1
9777	15539	1
5084	1043	1
9853	14182	1
10502	7053	1
3559	5630	1
555	1573	1
884	2445	1
5711	12999	1
12413	11164	1
261	490	1
8404	4883	1
7501	9669	1
16677	9713	1
8320	8512	1
3330	13311	1
1163	2914	1
15334	8547	1
16437	16239	1
7592	5341	1
13311	3330	1
2445	884	1
5630	3559	1
6810	13308	1
1487	1698	1
11040	8864	1
3190	1584	1
4133	6783	1
1546	1546	1
2912	4422	1
4647	14462	1
8512	4027	1
8786	4260	1
9669	7501	1
16031	10938	1
3330	3347	1
14462	4647	1
6157	4741	1
5170	2096	1
9862	9059	1
12134	11369	1
5788	1043	1
2948	2546	1
5424	7000	1
3347	3330	1
11313	2914	1
4143	4386	1
14754	13350	1
13350	14754	1
1063	13903	1
9165	16497	1
15386	7409	1
16622	15125	1
14366	6925	1
2127	8526	1
6783	4133	1
16760	2159	1
2545	6338	1
7000	5424	1
12582	5042	1
4273	16761	1
15471	16187	1
11164	12413	1
5893	5047	1
14263	4555	1
8609	6055	1
4999	3668	1
10860	6017	1
16761	4273	1
1041	3607	1
16725	748	1
1635	4591	1
16762	16535	1
12773	13289	1
13289	7675	1
16030	12161	1
10687	6068	1
5366	12779	1
13734	5642	1
9477	5678	1
527	3295	1
10756	5678	1
1490	11584	1
2132	15988	1
7345	6351	1
6039	6351	1
14505	12758	1
345	12107	1
8260	5684	1
13989	5684	1
4160	1333	1
1099	4033	1
11687	7690	1
16345	16345	1
11201	5922	1
2890	420	1
3999	9087	1
9898	2727	1
490	8004	1
10003	4797	1
12496	7780	1
14995	10788	1
748	16725	1
1041	768	1
1648	6332	1
4602	4346	1
2713	2059	1
6004	13059	1
543	616	1
10860	86	1
585	3595	1
6811	14025	1
5207	3335	1
6195	7805	1
9538	7805	1
551	342	1
11470	5562	1
2348	2349	1
5582	5582	1
16763	13926	1
5684	13989	1
16764	16765	1
557	2359	1
9276	4747	1
249	3005	1
5261	5260	1
7104	11555	1
5204	5205	1
1362	2742	1
12779	5366	1
4653	6342	1
16074	16075	1
10052	7021	1
16150	8668	1
2742	1362	1
10962	1278	1
16705	16706	1
11552	16166	1
16766	2673	1
623	4963	1
16541	5598	1
16187	15471	1
15438	11372	1
276	3239	1
13350	6513	1
12626	10061	1
7690	1900	1
1645	3325	1
4589	6513	1
11445	7266	1
16767	16222	1
7020	14818	1
14268	13870	1
4946	7266	1
15447	3194	1
5581	3138	1
1487	1612	1
15985	10330	1
7079	16714	1
960	8776	1
7805	9538	1
1041	2083	1
261	11702	1
13421	10174	1
16427	551	1
342	551	1
847	3176	1
5381	10387	1
5207	7624	1
6638	5812	1
7235	4555	1
6481	7767	1
16075	16074	1
16768	16769	1
5812	6638	1
14826	16730	1
11121	5234	1
10484	10485	1
7690	5562	1
4167	378	1
6540	7125	1
15579	11372	1
5260	5261	1
5582	9414	1
8547	15334	1
541	2078	1
10594	1697	1
6351	6039	1
13875	72	1
2336	5004	1
10396	13466	1
1572	511	1
4592	5836	1
16166	11552	1
16748	2838	1
12369	4036	1
378	4167	1
12219	10835	1
72	13875	1
1096	4946	1
16770	10550	1
16731	13064	1
7741	6271	1
15230	6385	1
6230	6068	1
2784	2439	1
7747	7747	1
6576	3315	1
551	9725	1
10900	8021	1
10180	4499	1
5307	5836	1
551	502	1
16544	3323	1
4226	15558	1
5526	4221	1
13870	14268	1
6317	257	1
2461	11160	1
2078	541	1
2545	3462	1
1063	1388	1
13466	10396	1
4020	1069	1
9725	551	1
502	551	1
13677	13677	1
12915	11584	1
551	2348	1
6514	2877	1
249	9501	1
5582	6022	1
16623	16415	1
4751	9058	1
6055	4135	1
2061	2061	1
7690	11687	1
5904	4135	1
11372	15438	1
5207	645	1
15360	1835	1
6280	2631	1
6062	4506	1
5796	4876	1
1561	1552	1
9740	8235	1
13572	6919	1
10968	6485	1
5676	7805	1
13694	10330	1
12601	12601	1
9341	7805	1
6845	6485	1
13524	2562	1
9388	6251	1
6899	271	1
16585	16387	1
3743	3658	1
15835	2369	1
490	11702	1
4258	15763	1
4742	5271	1
5788	5536	1
3658	3743	1
9740	1622	1
5678	9477	1
2657	10563	1
4751	16355	1
1648	16009	1
6213	1599	1
15772	2562	1
2545	1599	1
15039	15911	1
16714	7079	1
960	82	1
16626	15911	1
12312	15911	1
16761	16761	1
5082	5083	1
3994	328	1
4613	14263	1
9375	16561	1
1599	6213	1
3963	16661	1
242	241	1
16771	12429	1
1281	2048	1
5870	5735	1
3822	16298	1
1064	4755	1
1142	71	1
1281	2190	1
6160	6160	1
14801	10769	1
12885	1349	1
6069	11518	1
14073	14901	1
241	242	1
551	6093	1
16427	6093	1
12885	1348	1
5598	16541	1
1043	5788	1
1325	15763	1
2400	8620	1
6485	6845	1
447	14672	1
2666	5533	1
2904	1933	1
4640	65	1
5922	11201	1
8141	2127	1
15975	2109	1
6385	15230	1
7852	9876	1
16374	3929	1
4033	1099	1
12696	5136	1
8962	6165	1
16609	16731	1
80	3863	1
1711	12250	1
8645	13689	1
15110	14482	1
7266	11445	1
3497	15196	1
16716	7671	1
16376	11040	1
14531	13581	1
2051	1558	1
15946	3669	1
8609	3965	1
4946	1096	1
14482	15110	1
5042	12582	1
5837	4946	1
6490	8328	1
7966	7671	1
15079	7056	1
11040	16376	1
6513	4589	1
12337	12337	1
3863	80	1
16322	1388	1
5413	1388	1
12664	12650	1
7267	13361	1
5660	1338	1
7671	16716	1
5207	5488	1
9620	10781	1
1452	1451	1
16742	16330	1
9862	6246	1
1933	2904	1
16756	16330	1
8050	15840	1
8328	6490	1
7351	7352	1
7056	15079	1
16772	16773	1
1106	5983	1
1648	7484	1
2877	6514	1
1041	1041	1
7308	7375	1
7375	7308	1
9325	14031	1
6193	9369	1
3610	16463	1
5307	10576	1
1996	12933	1
6068	6743	1
511	1572	1
6184	6006	1
16774	6883	1
9369	6193	1
634	677	1
9620	1135	1
1584	6111	1
15386	4747	1
4755	1064	1
1856	7139	1
4566	3610	1
249	10233	1
4007	6193	1
2588	14580	1
7868	4632	1
3676	5185	1
12316	13634	1
5788	7367	1
5533	304	1
265	266	1
7245	14655	1
3017	2722	1
313	314	1
11196	4952	1
8004	490	1
16775	13775	1
1625	1280	1
371	7165	1
4346	3722	1
7165	371	1
13194	6765	1
5533	1039	1
2348	551	1
6093	551	1
4406	1039	1
16387	16585	1
15911	15039	1
16776	5171	1
10248	15263	1
14256	10568	1
328	6899	1
10434	13737	1
10363	6037	1
3626	5142	1
15793	16777	1
1396	8536	1
1041	1781	1
5047	5893	1
13840	16360	1
4942	7705	1
5598	10478	1
6111	1584	1
1280	1625	1
11455	3581	1
6743	6068	1
16557	16037	1
10330	13694	1
9059	9862	1
13404	159	1
1761	159	1
16037	16557	1
4444	6637	1
3119	3118	1
13223	16672	1
9862	14844	1
5943	4948	1
9138	6788	1
7690	12774	1
8512	8320	1
5951	4930	1
4531	10831	1
5207	2247	1
4946	8688	1
15525	514	1
4696	2084	1
13634	12316	1
2873	8688	1
2528	4608	1
6691	9798	1
8886	5984	1
16372	8935	1
2226	159	1
5783	647	1
1135	1491	1
14956	9075	1
5003	13572	1
15455	6144	1
4287	16778	1
1311	1740	1
1509	718	1
2552	1437	1
6127	12899	1
801	15878	1
14844	9862	1
1041	1800	1
14656	10547	1
8492	8735	1
5485	3561	1
16779	3078	1
5983	1106	1
4863	4864	1
1064	12899	1
9436	11077	1
5840	3561	1
15471	13573	1
14029	456	1
11372	16780	1
1064	8204	1
4747	9276	1
13573	10390	1
8688	4946	1
16381	16381	1
2545	1823	1
261	550	1
12861	10070	1
14482	16744	1
6270	11661	1
755	6564	1
16665	11661	1
4362	6447	1
10390	13573	1
7675	13289	1
7690	3366	1
7767	6481	1
6006	6184	1
4135	6055	1
14968	7602	1
8735	8492	1
2511	84	1
7602	14968	1
8204	1064	1
9297	2678	1
8243	5650	1
4392	5630	1
1041	1891	1
7012	3160	1
8339	15162	1
2758	10494	1
15539	9777	1
14522	9589	1
1648	11379	1
8498	9018	1
294	6854	1
16522	16522	1
3027	11934	1
14031	9325	1
46	1796	1
11026	816	1
9378	7179	1
1388	5413	1
2722	3017	1
1431	1488	1
15365	10713	1
6768	1816	1
8756	9018	1
10568	14256	1
8935	16372	1
12456	10713	1
14631	8620	1
11530	15469	1
159	2712	1
4113	5888	1
11382	9483	1
15260	9233	1
12932	10810	1
11077	9436	1
16781	2971	1
4251	3944	1
10816	16707	1
3138	5581	1
16750	16749	1
4408	8492	1
3427	2800	1
1163	16288	1
9894	6985	1
1512	21	1
7179	9378	1
9578	10374	1
12568	6901	1
4346	4345	1
16782	10081	1
15470	12345	1
4345	4346	1
61	8722	1
3262	16778	1
5566	3795	1
10860	3608	1
1401	1305	1
1582	5087	1
3862	16783	1
12970	7986	1
16784	13020	1
768	9	1
13689	8645	1
550	261	1
1391	1391	1
13020	16784	1
13567	11472	1
3676	4691	1
9	768	1
2359	557	1
377	841	1
16342	15468	1
8333	8676	1
3545	7108	1
6264	5570	1
16785	4255	1
12758	14505	1
16786	16786	1
16787	4832	1
4724	8492	1
6564	16595	1
271	6899	1
5188	1064	1
16731	16609	1
14182	13840	1
11438	6127	1
1064	5188	1
3730	11635	1
12345	15470	1
2045	2044	1
14612	8492	1
4832	16787	1
1281	334	1
15646	7551	1
7108	3545	1
6985	9894	1
1584	3190	1
12544	7868	1
21	1512	1
16744	14482	1
1919	6752	1
5142	3626	1
16595	6564	1
2519	2518	1
9018	8756	1
10330	7204	1
11195	1677	1
10860	2543	1
8763	13710	1
4020	13710	1
12377	4718	1
6359	1677	1
2586	10883	1
10054	13710	1
6926	16282	1
3009	7308	1
15162	8339	1
4532	4533	1
10070	14195	1
6897	13710	1
3568	1162	1
9740	1034	1
2678	4032	1
1184	13453	1
5678	14165	1
9876	7852	1
16658	14844	1
16441	16441	1
16755	16638	1
11334	15892	1
5119	16468	1
4860	15892	1
5136	12696	1
5650	8243	1
7108	3315	1
4654	5051	1
4285	4989	1
5678	10756	1
14855	7375	1
5715	4561	1
10736	1884	1
4032	2678	1
8469	2390	1
3315	7108	1
13442	6496	1
14844	16658	1
10713	12456	1
71	1142	1
13692	7884	1
2784	11890	1
1796	46	1
4486	5633	1
4113	8425	1
16456	16485	1
7916	8150	1
3118	3119	1
8948	8972	1
7884	13692	1
11164	8150	1
7690	8803	1
8722	61	1
1987	13851	1
16788	16755	1
13361	7267	1
11372	6898	1
2545	9825	1
3105	15188	1
3817	8247	1
3709	4783	1
3708	4783	1
7703	6849	1
6441	7049	1
16422	14848	1
8192	3931	1
6127	11438	1
4020	10478	1
523	5301	1
16789	16790	1
5087	1582	1
10845	10715	1
8492	4408	1
14825	7232	1
7931	6898	1
15405	15988	1
8333	10250	1
8082	3951	1
6765	9080	1
16791	16791	1
14969	2948	1
10081	13492	1
8214	8247	1
2948	14969	1
16792	16787	1
3062	13385	1
159	2145	1
14784	14935	1
6611	10492	1
5488	10784	1
16357	10492	1
13710	8763	1
16055	16414	1
4409	7452	1
3139	2278	1
6272	6272	1
16793	15474	1
8972	8948	1
14381	16414	1
14969	13840	1
13492	10081	1
8150	7916	1
4141	8681	1
6937	6937	1
16794	16171	1
16330	16756	1
13273	16088	1
4946	4946	1
3280	14935	1
5788	5045	1
7452	4409	1
3512	4577	1
2675	1009	1
16795	13074	1
6927	5013	1
6816	16288	1
8820	8935	1
13851	1987	1
1713	3392	1
11205	3323	1
6419	13590	1
16414	16055	1
3323	11205	1
564	238	1
7570	10208	1
5570	6264	1
13840	14182	1
14381	16055	1
8707	3170	1
5678	15314	1
16796	16796	1
16397	12470	1
1837	2712	1
14182	14182	1
8923	10993	1
15892	4860	1
10374	12252	1
2265	1842	1
16514	16515	1
6713	159	1
6849	7703	1
16746	16747	1
13581	14531	1
2545	2478	1
16797	6181	1
11472	13567	1
13710	6897	1
2163	1487	1
2427	1487	1
12096	10478	1
10353	8616	1
10488	6843	1
6694	5069	1
16798	5355	1
16798	16798	1
2334	1188	1
8247	3817	1
4822	16758	1
16612	16799	1
8469	1897	1
16800	1149	1
4080	4081	1
8049	8365	1
3795	5566	1
8365	8049	1
15474	16793	1
4946	5837	1
14328	14816	1
16193	16193	1
16801	16801	1
7624	8506	1
9819	10716	1
12766	9331	1
14328	15887	1
8782	16088	1
2572	3401	1
2127	8141	1
9807	9695	1
16793	16793	1
8852	2578	1
16258	16161	1
10070	12861	1
3392	1713	1
10351	9276	1
9331	12766	1
13483	12855	1
9479	16802	1
2159	16760	1
1884	10736	1
16074	16074	1
4599	1534	1
7711	6193	1
9104	6034	1
2187	8354	1
8222	1897	1
1837	1838	1
1388	16322	1
2169	564	1
12344	5789	1
5951	6449	1
5951	5796	1
2200	3345	1
4135	5904	1
9276	10351	1
16502	11540	1
10968	5240	1
5789	12344	1
6113	9997	1
3315	6576	1
3085	6289	1
16803	9276	1
11540	16502	1
16634	3444	1
16791	9300	1
6343	3358	1
2578	8852	1
5125	3978	1
5788	7850	1
3444	16634	1
3777	1218	1
647	5096	1
2801	10968	1
276	13721	1
13573	15471	1
6648	5598	1
6268	3943	1
1534	4599	1
6788	9138	1
240	438	1
7257	27	1
3567	14156	1
16258	16258	1
3366	7690	1
5582	5342	1
16230	8490	1
1431	320	1
8490	16230	1
9997	6113	1
7409	16803	1
8337	15617	1
5231	4070	1
8225	8641	1
4257	2364	1
8492	14612	1
2547	391	1
5683	3213	1
1411	5166	1
3943	6268	1
5207	8368	1
16803	7409	1
3975	10968	1
13336	5347	1
16771	15183	1
8820	6193	1
10561	8086	1
5537	12832	1
7331	7332	1
8105	5331	1
9314	12736	1
15056	7423	1
5753	5531	1
14563	16638	1
12832	5537	1
9073	6203	1
16327	11800	1
4393	2480	1
16804	9671	1
2541	2544	1
16003	8460	1
441	11800	1
13183	2647	1
4281	10427	1
6613	2198	1
14886	3295	1
10810	12932	1
16707	10816	1
5951	3503	1
13840	14969	1
16755	16788	1
8763	12134	1
10426	2113	1
16805	6846	1
6449	5951	1
3041	6513	1
1295	573	1
9610	535	1
6513	3041	1
5796	5951	1
16288	6816	1
5154	4888	1
4989	15737	1
