5343	6222	1
14461	14530	1
5	207	1
14317	14535	1
9862	14844	1
15365	10713	1
9350	1483	1
543	997	1
12496	9103	1
16904	3013	1
10941	2177	1
4020	6897	1
13747	7690	1
3626	5874	1
2646	7857	1
5753	6539	1
16517	4522	1
7215	11194	1
14535	14317	1
15889	4282	1
4788	7502	1
2699	4293	1
5701	4368	1
2801	10968	1
14692	3578	1
7361	5984	1
11060	8854	1
3834	3999	1
2439	2784	1
5887	15230	1
3170	8707	1
16502	1237	1
5753	5531	1
8854	11060	1
1674	4980	1
3945	16895	1
3331	4439	1
7308	6127	1
1005	16291	1
9931	4282	1
11758	4755	1
4492	6545	1
16740	3987	1
8547	6151	1
13900	1134	1
7615	8674	1
7690	13747	1
16905	8668	1
9059	9059	1
8185	786	1
7211	5524	1
9303	8591	1
3670	5711	1
6897	4020	1
16655	1226	1
875	2886	1
16317	2973	1
10285	8998	1
12201	8724	1
13869	11074	1
16474	3017	1
5902	5691	1
1017	4057	1
7673	2569	1
13303	12249	1
2722	3017	1
1039	304	1
3936	5808	1
1134	13900	1
7108	3545	1
2423	3817	1
12432	12432	1
5463	6113	1
1662	15699	1
9605	6925	1
4383	5774	1
518	3069	1
7104	6925	1
16906	9941	1
3950	12500	1
4418	8051	1
3775	4250	1
11182	8051	1
15385	1556	1
7409	4747	1
4980	1674	1
14609	10357	1
14326	6729	1
3210	613	1
13777	16876	1
8280	5932	1
5569	5768	1
902	759	1
6925	9605	1
5419	5537	1
13084	16892	1
8776	11846	1
12400	16892	1
11235	16892	1
5084	9713	1
11563	11695	1
4287	10687	1
16847	2284	1
11689	16892	1
12131	12075	1
8172	13508	1
4439	7922	1
5374	6022	1
13962	2483	1
6481	7767	1
3330	3330	1
8328	6490	1
16452	8572	1
8600	10690	1
15826	15826	1
16907	16908	1
11072	2151	1
13737	14148	1
8903	1238	1
10503	12899	1
15660	14887	1
15380	16881	1
11405	7193	1
16710	954	1
9729	519	1
4747	7409	1
4175	8123	1
4386	1900	1
6901	12540	1
16067	3794	1
3688	15487	1
15662	1081	1
1081	15662	1
1268	8335	1
6894	3026	1
3938	13172	1
13534	13535	1
12271	6104	1
15067	883	1
9931	4797	1
15487	3688	1
16909	5773	1
3331	1972	1
4345	4346	1
12736	11259	1
11943	10799	1
2725	2085	1
2085	2725	1
10357	14609	1
2890	6265	1
9872	12546	1
16892	4939	1
883	15067	1
16291	1005	1
562	7254	1
16908	16907	1
920	1005	1
3545	7108	1
4250	3775	1
702	3575	1
123	16343	1
1584	3190	1
16907	16901	1
16910	4009	1
92	4277	1
7978	16830	1
16911	15038	1
13782	13782	1
13242	8125	1
16851	8125	1
4445	3546	1
7922	4439	1
1571	8790	1
9088	5812	1
1584	3120	1
16881	15380	1
5602	15687	1
6105	6201	1
2890	7932	1
8185	15567	1
7610	539	1
12307	16807	1
15085	9973	1
5546	16663	1
8506	10856	1
4522	16517	1
8125	16851	1
5528	11138	1
2784	2439	1
10741	6128	1
4944	2085	1
3555	8897	1
3177	1381	1
4939	16892	1
9767	14855	1
3945	1381	1
7126	2260	1
5280	1381	1
5581	858	1
1740	1381	1
5386	1381	1
11138	1452	1
1361	1360	1
16282	15668	1
13172	3938	1
14656	10547	1
9931	7606	1
6562	8810	1
11556	7000	1
5717	1420	1
13573	10390	1
3938	7156	1
9270	9272	1
7615	5136	1
13508	8172	1
16892	8172	1
3190	1584	1
3120	1584	1
4490	15153	1
10312	6110	1
6201	6105	1
441	11800	1
5894	8330	1
6578	11800	1
9350	912	1
8790	1571	1
7486	8330	1
1396	8536	1
14467	10330	1
16362	16257	1
5981	6155	1
16230	16869	1
3183	859	1
15687	5602	1
6633	10896	1
3943	6268	1
5744	540	1
4346	4345	1
9350	5376	1
6213	1599	1
3670	71	1
1599	6213	1
11072	13550	1
9003	8923	1
538	3746	1
11846	8776	1
3578	9862	1
1940	4057	1
16912	16912	1
1715	1716	1
16854	2248	1
7811	11407	1
15038	16911	1
15805	14356	1
7514	5567	1
11072	8008	1
3613	483	1
7916	4939	1
1451	14078	1
8261	11536	1
5424	5598	1
16892	6860	1
2855	1517	1
3938	4429	1
6539	1734	1
6869	7309	1
737	14051	1
15016	7909	1
5860	4898	1
2247	4898	1
12935	12935	1
5836	4592	1
12899	10503	1
8536	1396	1
5812	9088	1
2678	2749	1
15465	1897	1
4282	15889	1
4486	5633	1
2480	1897	1
7521	11344	1
9931	8544	1
3077	3078	1
8737	6559	1
9426	2360	1
5419	9066	1
14855	3322	1
6210	7303	1
2	11186	1
13011	13125	1
3559	5630	1
16622	16622	1
207	5	1
14051	737	1
313	314	1
2890	3462	1
6158	13985	1
2019	2634	1
16913	16913	1
9350	7512	1
6249	8776	1
13775	15226	1
13985	6158	1
16446	3938	1
10759	2096	1
9066	5419	1
523	363	1
11072	363	1
8544	9931	1
6128	10741	1
2096	10759	1
16914	6337	1
7606	9931	1
5932	8280	1
4282	9931	1
9350	3380	1
3575	702	1
5537	5419	1
2370	2786	1
5836	5307	1
14531	13581	1
14627	3785	1
10179	7020	1
13606	13606	1
922	5806	1
5419	10285	1
11074	13869	1
5581	6513	1
2	3306	1
4171	1055	1
4939	7916	1
14263	15148	1
16892	12274	1
3907	3908	1
1556	15385	1
3041	6513	1
6513	3041	1
8164	4251	1
7741	5800	1
15147	16304	1
16915	15646	1
15401	15535	1
5359	426	1
7551	15646	1
10312	15535	1
16037	15428	1
7215	16891	1
13119	10435	1
4755	1064	1
9669	2934	1
523	5374	1
2890	7308	1
5981	6519	1
3670	768	1
3502	1064	1
2573	2571	1
16891	7215	1
11194	7215	1
311	312	1
4577	3697	1
8810	6562	1
2546	6161	1
14857	14857	1
6490	4320	1
3451	5928	1
12915	11584	1
6519	5981	1
3515	15385	1
1996	9966	1
7407	13538	1
6783	5180	1
6127	7308	1
8008	13869	1
12587	4514	1
13638	3274	1
5643	12133	1
11387	8903	1
5567	7514	1
16616	5341	1
10687	6771	1
8995	10773	1
13869	8008	1
1933	1266	1
5598	5424	1
16895	3945	1
6297	8017	1
7579	2443	1
6985	7053	1
13356	12734	1
450	9680	1
16775	13775	1
5419	3655	1
12664	12650	1
5869	4729	1
3260	2342	1
5678	1237	1
8792	12734	1
11138	5528	1
12500	4605	1
16916	11331	1
5180	6783	1
10348	10998	1
14969	2948	1
4801	12981	1
4439	3331	1
15925	10273	1
7000	11556	1
10896	7258	1
7625	11676	1
11164	7258	1
5597	8160	1
6564	7258	1
12152	16917	1
10464	11676	1
8122	8272	1
16918	15488	1
4724	7108	1
15428	16892	1
8172	16892	1
4937	4193	1
13032	10015	1
6860	16892	1
2890	2492	1
523	16237	1
4364	4365	1
16919	7965	1
5802	9751	1
15665	11820	1
4944	343	1
5301	16237	1
4464	7558	1
13973	5316	1
5673	2948	1
10988	12353	1
6339	11372	1
5059	2948	1
6158	11372	1
6107	5170	1
1064	4755	1
2474	7861	1
3331	2505	1
3670	6716	1
8492	7516	1
16775	16920	1
3042	5300	1
2677	13879	1
3738	5128	1
11820	15665	1
8854	13776	1
16921	16243	1
16901	16907	1
13676	13048	1
2934	9669	1
6485	6845	1
2890	2680	1
16362	11438	1
11676	10464	1
3607	8173	1
10773	8995	1
12353	10988	1
5753	5752	1
15385	3515	1
16892	16557	1
8447	7274	1
5419	9022	1
16362	15710	1
16345	1059	1
8185	3315	1
13659	16892	1
16557	16892	1
11121	16892	1
5419	10783	1
8868	13980	1
10151	4980	1
5894	4133	1
10248	15263	1
954	16710	1
13776	8854	1
6651	6844	1
12336	2018	1
16160	3965	1
9336	7293	1
16922	11965	1
7053	6985	1
14761	14760	1
16655	1949	1
14876	16255	1
2948	14969	1
15686	850	1
14760	14761	1
3085	6289	1
10876	4270	1
1280	1625	1
3965	16160	1
2890	710	1
534	12616	1
11072	11344	1
5170	1842	1
2132	15988	1
3938	16446	1
8335	1268	1
8899	11344	1
10743	2349	1
8506	10993	1
9931	4281	1
1791	4611	1
16301	4270	1
13248	5801	1
16923	8490	1
16924	16925	1
10927	10927	1
3670	5715	1
5684	8935	1
11168	12488	1
16372	8935	1
9620	12135	1
11372	6158	1
16925	16924	1
12135	16926	1
8609	6104	1
12500	3950	1
7791	7993	1
5752	5753	1
1625	1368	1
14807	14869	1
7744	6389	1
8490	16923	1
10494	2758	1
16927	16788	1
11157	8140	1
3330	9723	1
1368	1625	1
14148	13737	1
1059	16345	1
9582	10930	1
13011	9697	1
15148	14263	1
5419	1620	1
4944	4944	1
426	5359	1
7615	6786	1
6559	8737	1
12899	15886	1
16928	16928	1
1268	2017	1
5419	6887	1
4729	5869	1
7248	16560	1
10363	806	1
16929	8790	1
2249	2979	1
2342	3260	1
5984	7361	1
15039	8932	1
4240	16930	1
6030	13626	1
11457	12362	1
2085	7602	1
11472	13567	1
2890	2935	1
1609	7601	1
4281	9931	1
16255	14876	1
13529	13356	1
4755	11758	1
16398	16398	1
16931	16932	1
11584	12915	1
5801	13248	1
8333	1238	1
12899	14714	1
16932	16931	1
7602	2085	1
6183	8035	1
2758	10494	1
385	2578	1
15774	14314	1
9325	14904	1
5482	15417	1
16789	16790	1
9216	16657	1
10835	12219	1
14807	7276	1
11536	8261	1
3366	15417	1
7615	5706	1
5388	6640	1
6104	8609	1
5191	15417	1
7254	562	1
878	3056	1
15428	16037	1
4669	15417	1
14165	12540	1
1940	16666	1
11955	16873	1
2360	9426	1
10093	12744	1
16933	15062	1
6887	5419	1
1620	5419	1
16502	13900	1
9022	5419	1
8938	9966	1
4002	5850	1
16892	13084	1
2890	1428	1
10285	5419	1
9973	15085	1
4589	6513	1
879	3056	1
8017	6297	1
5800	7741	1
16934	6540	1
14135	6447	1
2017	1268	1
9003	9242	1
7258	5096	1
16862	15384	1
16920	11779	1
1286	4119	1
12540	6901	1
6729	14326	1
10503	4755	1
2311	9943	1
6441	5133	1
16935	16935	1
7893	9391	1
5419	7213	1
2103	9943	1
3753	6649	1
12921	13432	1
9411	12308	1
6248	15555	1
13567	11472	1
13829	5593	1
5753	4431	1
12494	6282	1
3331	2504	1
11698	11175	1
7842	5966	1
16911	6449	1
16936	16936	1
13432	14025	1
2578	385	1
3670	4921	1
2883	897	1
8778	9042	1
11779	16920	1
11459	16301	1
11294	15139	1
6258	5086	1
9580	15744	1
1134	8333	1
6562	6699	1
5086	6258	1
12728	10374	1
705	1243	1
4592	5836	1
5419	9863	1
4277	92	1
16892	13659	1
8903	10814	1
1620	312	1
6685	312	1
5753	6363	1
10930	12960	1
9863	5419	1
16937	7428	1
5753	4027	1
8333	1134	1
3597	4346	1
16735	16734	1
3817	2423	1
16938	16939	1
13598	8618	1
6537	10646	1
4620	8681	1
7516	8492	1
3013	16904	1
11372	6339	1
3938	4833	1
13159	2347	1
4757	6765	1
4346	3597	1
1237	5678	1
3704	1705	1
15384	16862	1
13900	5678	1
16734	16735	1
10193	6272	1
2922	1705	1
7303	6210	1
14173	14197	1
4135	6055	1
2890	2141	1
6842	2142	1
6363	5753	1
1705	2922	1
16940	2810	1
4431	5753	1
10542	9790	1
15668	16282	1
15440	11876	1
717	9736	1
11202	16168	1
8935	16372	1
12726	16249	1
7800	5882	1
5735	5870	1
10930	9582	1
3597	1558	1
6771	10687	1
16557	16037	1
5847	16941	1
14530	14461	1
5419	6056	1
5753	5745	1
15646	7551	1
9527	9388	1
5170	5518	1
14263	16288	1
715	4651	1
15365	12456	1
14263	4555	1
12587	11767	1
11387	11403	1
8903	11403	1
16872	10758	1
8051	4418	1
5581	7764	1
2085	2911	1
3033	9719	1
11836	11403	1
16485	11403	1
10374	12728	1
9836	16942	1
7415	7415	1
6272	10193	1
12383	8935	1
5745	5753	1
6765	4757	1
5581	2496	1
9931	9414	1
10570	5535	1
14904	9325	1
14198	11397	1
16917	12152	1
7784	13864	1
9613	15773	1
9719	3033	1
4610	4484	1
5005	6250	1
2506	9488	1
5984	15574	1
2569	7673	1
6533	9415	1
5120	5121	1
16362	10531	1
12219	10835	1
2347	13159	1
16497	15749	1
16900	11266	1
11266	16900	1
5678	13900	1
2843	2832	1
11511	13423	1
8139	10810	1
15975	2109	1
5581	2596	1
5419	6449	1
5133	6441	1
10659	616	1
7838	16288	1
3610	16463	1
242	241	1
15416	14886	1
1410	7223	1
16873	12485	1
3258	2646	1
2756	1508	1
692	10177	1
6449	5419	1
6056	5419	1
2646	3258	1
16943	4616	1
14197	14886	1
16944	10163	1
9943	2311	1
15773	9613	1
5316	13973	1
265	266	1
1611	5415	1
7108	4724	1
1643	16249	1
10345	12666	1
4778	14131	1
1705	3704	1
12970	7986	1
6230	14095	1
12666	10345	1
2911	2085	1
3258	3258	1
14886	14197	1
12496	11797	1
2890	1404	1
16288	2914	1
3999	160	1
3017	16474	1
4724	8492	1
11965	16922	1
7416	16780	1
4237	7780	1
241	242	1
8492	4724	1
956	632	1
16945	771	1
10139	11321	1
12485	16873	1
10177	692	1
11403	11387	1
15401	14239	1
16942	9836	1
8903	11387	1
8068	2185	1
16946	4674	1
16947	16873	1
13432	12921	1
11397	14198	1
16948	15871	1
7258	12381	1
401	9564	1
1949	16655	1
1226	16655	1
11571	9159	1
7217	7109	1
5419	12381	1
8647	9259	1
10074	1746	1
3330	3177	1
15401	15401	1
2483	13962	1
10531	16388	1
13280	6765	1
15886	12899	1
7340	15401	1
6396	3581	1
3938	840	1
3503	6380	1
16037	16557	1
14714	12899	1
6789	11405	1
16388	10531	1
12381	7258	1
4579	10933	1
7614	4910	1
7066	7650	1
1163	4498	1
12929	16441	1
6431	92	1
5445	5774	1
16663	5546	1
3549	185	1
40	58	1
3645	1273	1
424	1273	1
12775	6901	1
12568	6901	1
7446	2224	1
8122	7744	1
2224	7446	1
14071	6200	1
8492	12553	1
4498	1163	1
10537	15556	1
7744	8122	1
12383	15452	1
10176	3503	1
15985	5546	1
12571	12669	1
9300	5349	1
5419	5430	1
12519	13060	1
6348	7938	1
6444	2480	1
7639	6901	1
9605	3196	1
1897	2480	1
2085	3079	1
649	10153	1
3670	16646	1
8757	10713	1
10713	8757	1
7868	12669	1
13562	12669	1
11403	16456	1
4939	7138	1
16187	13929	1
7267	16031	1
8699	16949	1
9414	9931	1
5870	5735	1
7138	4939	1
1185	821	1
2725	3008	1
564	905	1
8938	8974	1
13626	10146	1
905	564	1
8160	5597	1
5415	1611	1
11568	8386	1
2890	2478	1
13023	14750	1
5248	4207	1
6323	16780	1
9966	8938	1
13980	8868	1
9488	9193	1
12669	7868	1
5270	3577	1
9918	8783	1
16474	1384	1
12340	1897	1
1469	1822	1
9862	3578	1
16950	3233	1
160	3999	1
4493	3239	1
9430	9606	1
1571	974	1
12669	13562	1
10970	10971	1
4863	4864	1
5711	2017	1
3177	3330	1
9342	5821	1
1037	16031	1
4084	2017	1
16031	1037	1
11624	9193	1
11077	435	1
4900	4888	1
10766	1933	1
2296	1279	1
6940	11655	1
16031	7267	1
8243	5650	1
16951	6611	1
9707	5136	1
16952	16353	1
6486	2284	1
6840	3946	1
5419	5536	1
10390	13573	1
5027	5234	1
4315	6264	1
15271	15271	1
4260	8786	1
11630	8786	1
4383	4835	1
5795	5795	1
12870	7336	1
11274	3102	1
2426	8894	1
2446	8786	1
5234	5482	1
