14198	12533	1
16595	6564	1
16204	2347	1
3571	9848	1
4724	8492	1
612	611	1
2420	1674	1
8962	6165	1
7901	14849	1
5022	6340	1
3985	1043	1
1674	2420	1
8222	2914	1
5598	13424	1
1063	13903	1
12059	6334	1
4735	3558	1
4622	5246	1
3166	4735	1
2873	13390	1
3605	1653	1
4385	5307	1
4666	6037	1
13097	13390	1
9936	14672	1
6286	7501	1
8896	8280	1
12544	7868	1
12787	1316	1
6146	15468	1
4049	450	1
1996	2559	1
4346	2712	1
5836	5384	1
1740	3674	1
1295	573	1
5715	4561	1
4946	8688	1
15364	6788	1
14021	8934	1
16641	16641	1
8567	1057	1
9248	6788	1
8137	1229	1
8934	14021	1
16645	2616	1
14844	9862	1
6804	4320	1
955	420	1
6788	9248	1
3543	1104	1
15300	3358	1
955	2024	1
12006	11417	1
2616	16645	1
8150	9248	1
12870	7336	1
1338	5660	1
5789	6987	1
4132	6987	1
8446	11836	1
8141	12771	1
5191	14066	1
1338	1523	1
16485	11836	1
13659	14066	1
628	850	1
14568	1838	1
6671	5591	1
13903	1063	1
5591	6671	1
800	1838	1
4037	13840	1
5630	1838	1
7265	9957	1
13023	13023	1
2741	1838	1
777	52	1
12541	8222	1
13840	4037	1
8490	15203	1
5700	5640	1
9117	9184	1
6068	6743	1
437	1523	1
11618	1081	1
7228	16641	1
4346	1998	1
7551	5047	1
728	5532	1
5711	16646	1
10687	4287	1
5381	10387	1
6068	6068	1
8786	6338	1
15309	10077	1
15552	3668	1
1081	11618	1
3668	15552	1
15097	16177	1
16544	16547	1
1100	6424	1
5299	15665	1
611	68	1
7776	12272	1
12899	6127	1
3668	11196	1
3085	6289	1
12787	8031	1
3966	12714	1
5640	5700	1
10609	8008	1
709	7605	1
6919	4454	1
1523	1338	1
5660	1338	1
395	1338	1
8210	15749	1
16550	2639	1
7334	15106	1
13573	845	1
7988	7780	1
14869	14807	1
16342	12546	1
16640	11885	1
3849	5859	1
12496	15936	1
5859	3849	1
3297	11455	1
4651	715	1
9538	7805	1
3210	4422	1
5164	11555	1
2573	2571	1
16647	11168	1
11799	11800	1
2620	4064	1
4368	3493	1
3688	5316	1
314	313	1
1452	14078	1
16648	16649	1
1561	2616	1
2620	16650	1
15468	6146	1
1561	8273	1
9879	6608	1
16414	10380	1
4993	16651	1
2665	2665	1
1646	1675	1
6037	9397	1
7215	7625	1
5650	8243	1
6649	6146	1
16390	16212	1
10614	2004	1
1623	3862	1
16652	4888	1
2578	13493	1
9397	6037	1
9943	2103	1
9438	7443	1
11497	14814	1
14947	11661	1
16008	16008	1
14115	9383	1
14	9104	1
3975	11936	1
13875	72	1
2578	385	1
15416	3640	1
16653	14357	1
2048	1558	1
16150	11077	1
16654	15169	1
11161	11077	1
1824	5055	1
15526	16468	1
11417	12006	1
2532	3568	1
8795	8504	1
13572	6919	1
16641	3078	1
12597	12006	1
13317	8231	1
385	2578	1
12546	16342	1
5932	4119	1
569	7560	1
15878	15878	1
7291	9104	1
15300	16474	1
3989	8100	1
2749	14654	1
5163	5089	1
8079	1933	1
13687	12650	1
1561	7446	1
494	418	1
4385	8421	1
6919	13572	1
644	3091	1
1933	8079	1
418	494	1
955	11802	1
5137	3575	1
4343	10922	1
16237	523	1
1949	16655	1
3176	3422	1
1452	1451	1
9104	2698	1
16656	228	1
5497	5498	1
16389	14831	1
5752	8481	1
15334	9719	1
8128	4751	1
3033	9719	1
10363	6037	1
15106	9966	1
346	16625	1
11936	3975	1
5585	3058	1
5922	5	1
13851	3315	1
955	1622	1
7868	16161	1
3238	7525	1
27	5	1
3522	8613	1
10663	2941	1
11742	8481	1
16657	10435	1
5590	9719	1
8008	10609	1
4346	2951	1
15789	7042	1
8150	8611	1
13829	5593	1
1561	1740	1
640	5690	1
134	13088	1
14022	14085	1
5573	4612	1
3930	6031	1
10435	16657	1
6122	10868	1
15141	4692	1
4568	9147	1
4346	861	1
7082	6127	1
72	13875	1
7361	10620	1
6127	7082	1
13737	6015	1
6037	2750	1
5	27	1
5876	6045	1
8386	14217	1
1452	2627	1
16658	14844	1
12532	6031	1
14315	14844	1
5690	640	1
7074	8646	1
8150	15229	1
1561	1556	1
5613	5906	1
10230	16323	1
10292	1034	1
955	1034	1
5177	2084	1
955	6875	1
14217	8386	1
1432	2084	1
10319	8975	1
4346	3722	1
2161	3457	1
922	1253	1
11386	1100	1
11472	1597	1
13088	134	1
11077	11161	1
6613	7082	1
15737	15035	1
5872	6265	1
6286	7082	1
14268	13870	1
8786	11630	1
8688	4946	1
1362	2742	1
13491	7082	1
16122	9000	1
9719	3033	1
8374	4034	1
9031	8160	1
4960	4838	1
10292	2652	1
11689	9271	1
4363	16659	1
12773	13289	1
8160	16659	1
4863	4864	1
1229	8137	1
6111	1584	1
15300	6530	1
5382	2483	1
5257	4608	1
16660	13819	1
6030	11676	1
6894	9300	1
13819	16660	1
8499	10374	1
955	2141	1
16469	636	1
2311	5641	1
2	11186	1
10614	5090	1
16552	8998	1
4218	13273	1
6964	16661	1
68	611	1
325	4032	1
14806	3449	1
10292	13474	1
16662	16662	1
1623	689	1
4346	8129	1
15899	10308	1
9248	15428	1
709	3380	1
11836	8446	1
5260	5261	1
9762	7336	1
15422	5546	1
9300	6894	1
10749	3315	1
10292	13267	1
5728	2436	1
585	3595	1
11437	7705	1
16663	5546	1
3822	3824	1
8150	2330	1
15067	957	1
2454	3824	1
5546	16663	1
14672	9936	1
6887	10910	1
12364	14620	1
10868	6122	1
931	2727	1
9267	9280	1
1837	1838	1
6045	5876	1
15579	11372	1
7938	6348	1
1561	1552	1
955	9545	1
5659	1097	1
14358	13145	1
4069	5888	1
1561	15385	1
6903	3746	1
2459	2460	1
266	3350	1
123	15789	1
3738	4209	1
16480	16664	1
2587	425	1
14166	5307	1
3877	4934	1
12381	9174	1
523	16237	1
7525	3238	1
3315	10749	1
15805	14356	1
1900	2056	1
8021	3575	1
9883	9365	1
16665	11661	1
15745	15148	1
334	15888	1
13770	10721	1
16654	2261	1
5047	5893	1
6127	12899	1
7121	940	1
13778	15838	1
14066	13659	1
14715	8280	1
12252	13840	1
7082	6613	1
7860	8544	1
6120	2596	1
13734	5485	1
3067	15951	1
645	1848	1
16666	9922	1
3547	3380	1
15104	13414	1
3315	3545	1
14263	4555	1
2710	3380	1
6023	6264	1
14197	3545	1
6142	6264	1
8160	9031	1
5893	5047	1
9966	15106	1
2417	541	1
1635	4474	1
10503	4755	1
1855	5830	1
3794	3912	1
7690	11687	1
7868	4632	1
11372	13977	1
845	13573	1
2632	16361	1
10292	13310	1
9758	8936	1
12977	12977	1
15035	15737	1
4888	5154	1
14814	16113	1
15300	16341	1
4934	3877	1
1687	1493	1
13350	5678	1
13317	9714	1
8141	4755	1
1493	1687	1
6021	1493	1
15665	5299	1
14654	2749	1
1022	435	1
7413	8611	1
10348	10609	1
3397	3722	1
10374	8499	1
4454	6919	1
10569	13973	1
12787	3849	1
6015	13737	1
2810	10200	1
710	10200	1
12664	12650	1
11565	11751	1
4787	6560	1
4886	1969	1
5678	13350	1
13660	13660	1
16478	4810	1
16604	12735	1
4034	8374	1
8944	3994	1
12539	4125	1
6348	7938	1
9957	7265	1
6354	2873	1
11077	16150	1
15428	9248	1
8280	14715	1
1029	614	1
6264	6023	1
13750	10386	1
8386	10386	1
2330	7083	1
1561	5070	1
13706	9005	1
6560	4787	1
16667	16552	1
16552	16667	1
14844	16658	1
2546	2546	1
8243	5650	1
4174	740	1
2330	16627	1
7086	4555	1
1210	5	1
16602	16603	1
7012	6358	1
11676	6030	1
14831	16389	1
11836	16485	1
13491	14813	1
10614	9113	1
15911	16668	1
16212	16390	1
13215	4195	1
140	145	1
14535	16017	1
1031	3103	1
8568	16389	1
6987	4132	1
1584	6111	1
7083	2330	1
16627	2330	1
11959	11960	1
15406	3575	1
14849	7901	1
1987	13851	1
11948	12756	1
5609	321	1
16017	6320	1
16462	14901	1
12967	12967	1
5258	5773	1
7780	7988	1
9700	12746	1
16669	16670	1
16166	16637	1
6473	126	1
4346	7810	1
16670	16669	1
9767	7266	1
10116	1928	1
4346	2541	1
8854	2589	1
16580	16580	1
1561	5308	1
7602	9085	1
13870	14268	1
4254	2389	1
4523	5054	1
972	1062	1
14176	14176	1
11689	11164	1
12861	15985	1
760	2587	1
2620	2619	1
4346	4345	1
4952	11196	1
16671	15749	1
1451	1452	1
4345	4346	1
13223	16672	1
3392	3492	1
389	2371	1
4025	2666	1
6987	5789	1
6713	5354	1
5723	4006	1
653	16463	1
11641	15386	1
9966	4730	1
1928	10116	1
5	1210	1
13957	6556	1
11724	4036	1
11164	5096	1
8611	5096	1
1505	2242	1
2877	6514	1
15789	123	1
15274	15274	1
6320	16017	1
4346	2718	1
2023	3498	1
11661	16665	1
1147	1148	1
12591	13723	1
2847	3169	1
123	7042	1
5859	3850	1
16666	1940	1
7626	3800	1
378	14719	1
5047	7551	1
5893	11077	1
16647	13442	1
7138	5789	1
8924	4783	1
16372	8820	1
740	4174	1
3067	13797	1
16637	16166	1
6479	10457	1
10248	15263	1
3610	16463	1
3067	3826	1
5243	5402	1
6811	14025	1
16673	13807	1
3853	12580	1
14256	10568	1
8328	12580	1
11077	5893	1
9240	9388	1
9541	5977	1
7128	4730	1
1898	15745	1
10503	16341	1
16674	4057	1
15148	15745	1
6146	6649	1
12096	10537	1
7386	1742	1
2326	2326	1
3730	11635	1
10457	6479	1
8525	8526	1
2373	16675	1
6721	6649	1
2587	760	1
6649	6721	1
16533	15810	1
4193	4937	1
13429	9498	1
363	512	1
16672	13223	1
4036	11724	1
1204	8444	1
5717	1420	1
9434	512	1
7466	15798	1
1420	5717	1
14016	4293	1
16603	16602	1
16676	10192	1
15985	12861	1
10283	2303	1
15798	7466	1
11242	12482	1
8786	2446	1
11676	7625	1
11390	13938	1
5737	16468	1
4730	9966	1
4292	740	1
11687	7690	1
6429	14944	1
2894	218	1
12690	13974	1
6689	9834	1
9997	6113	1
10070	14195	1
11739	11739	1
2228	835	1
512	363	1
13840	12252	1
3433	2863	1
2043	2863	1
7514	2303	1
4251	3944	1
15214	15215	1
16668	15911	1
8141	2873	1
12336	8396	1
12312	15911	1
11017	9584	1
3738	3690	1
1605	6812	1
5820	5821	1
8968	996	1
5683	3213	1
6317	257	1
5347	13336	1
3067	1094	1
800	5076	1
5821	5820	1
16677	11516	1
6282	12494	1
5847	16678	1
11960	11959	1
7495	7622	1
11348	6540	1
12494	6282	1
9383	14115	1
5823	3944	1
955	11120	1
10165	6743	1
16679	16679	1
9378	7179	1
3485	1570	1
3595	585	1
16680	16680	1
2578	8852	1
10386	13750	1
11135	4939	1
5753	3178	1
6743	6068	1
5076	800	1
5599	5426	1
3493	4368	1
835	2228	1
15774	14314	1
3954	9020	1
16168	12414	1
8533	16009	1
11386	16009	1
801	15878	1
14449	15537	1
4620	8681	1
15068	12795	1
4939	11135	1
6266	14314	1
12568	6901	1
10537	12096	1
8031	15718	1
9215	11271	1
15718	8031	1
8757	10713	1
15386	7409	1
955	2810	1
6428	8460	1
14218	16621	1
4287	10687	1
1077	634	1
6804	2397	1
10569	8460	1
13573	11014	1
6068	14755	1
8995	16681	1
14755	6068	1
9943	2311	1
5481	3043	1
7082	13491	1
634	1077	1
10743	4014	1
4293	14016	1
3912	3794	1
16682	16682	1
12756	11948	1
996	8968	1
1971	3458	1
2228	5977	1
16055	2901	1
16062	16139	1
16579	16580	1
15810	8977	1
11014	13573	1
12964	14498	1
8977	15810	1
15985	16358	1
7660	816	1
11799	16358	1
3975	10968	1
8444	1204	1
109	816	1
14813	13491	1
3545	14197	1
8876	14197	1
8599	12834	1
159	2712	1
15925	12483	1
4626	2316	1
16683	12834	1
15162	12535	1
4281	5418	1
6303	9279	1
13059	6004	1
14356	15805	1
3850	5859	1
9279	6303	1
