10615	13123	1
16452	13911	1
7193	2433	1
14728	2480	1
13123	10615	1
11669	17131	1
11270	1910	1
5419	8007	1
2433	13367	1
3965	8609	1
1126	1231	1
11697	7705	1
5766	1930	1
5166	1411	1
6475	15552	1
1763	14695	1
14754	7863	1
7863	14754	1
6931	11812	1
4159	530	1
1411	5166	1
3545	14197	1
1930	5766	1
17132	7265	1
17133	7007	1
17134	17134	1
14477	14496	1
9669	1835	1
14496	14477	1
3262	2355	1
10716	5283	1
5979	905	1
395	205	1
4346	7810	1
16160	8609	1
3532	2902	1
2478	5404	1
17135	4038	1
264	207	1
6187	8929	1
9797	13900	1
1740	10067	1
540	226	1
4167	1092	1
1979	3361	1
8903	11387	1
9949	6479	1
11201	3361	1
5047	11124	1
6055	4135	1
10522	10522	1
8929	6187	1
11387	8903	1
14732	14733	1
717	753	1
10080	10893	1
15552	6475	1
160	3999	1
2636	2354	1
10642	10642	1
3739	3999	1
10882	10882	1
5481	3210	1
13900	5678	1
16289	4038	1
8333	5678	1
2169	564	1
17136	17137	1
5301	16237	1
17129	1642	1
920	10437	1
1642	17129	1
2138	4074	1
2347	5088	1
2913	14895	1
4933	6980	1
9527	8668	1
2390	13692	1
13509	17030	1
17138	7082	1
14904	6730	1
6564	10413	1
5262	9966	1
4617	3682	1
6730	10413	1
9188	5967	1
10413	6730	1
9527	4374	1
4087	2715	1
1905	6354	1
14612	16131	1
9966	5262	1
14197	3545	1
16122	16122	1
1996	3547	1
9000	16122	1
13123	13123	1
17046	4755	1
2132	2132	1
1402	706	1
12536	9671	1
706	1402	1
9931	4281	1
13932	8460	1
16611	14392	1
16774	8934	1
1381	8864	1
7193	7059	1
7059	7193	1
6315	5955	1
5212	332	1
6316	12351	1
2517	14392	1
5325	13884	1
5843	12107	1
344	1097	1
15878	15878	1
2255	23	1
2076	5580	1
920	23	1
13165	2229	1
17080	14082	1
15859	7853	1
10502	7053	1
3262	9498	1
957	15067	1
10023	15067	1
16387	12308	1
17139	17140	1
9245	2528	1
5513	9564	1
16602	16603	1
9527	9388	1
920	15675	1
2229	13165	1
4164	10900	1
17046	17141	1
16494	16494	1
17046	2882	1
7853	15859	1
3297	11455	1
5546	10158	1
16911	6624	1
382	383	1
1781	1782	1
5456	12422	1
2749	173	1
16965	8819	1
17101	17100	1
15822	16031	1
16522	17014	1
13535	5698	1
7309	579	1
11455	3581	1
2180	1624	1
1192	15336	1
861	3456	1
17142	7372	1
23	2255	1
2715	4087	1
13279	3071	1
12422	5456	1
941	11372	1
4747	9276	1
426	1289	1
13279	2461	1
16827	3323	1
15067	10023	1
4801	7922	1
3234	3430	1
6898	11372	1
3214	5698	1
3333	15866	1
6624	16911	1
710	5698	1
5513	5897	1
1853	7372	1
3967	1381	1
7304	16962	1
6727	6040	1
8007	5419	1
11048	6157	1
11742	5752	1
6815	11063	1
5683	4751	1
4741	6157	1
8333	10250	1
387	3930	1
9527	15837	1
17143	12006	1
17108	17020	1
4580	11936	1
13279	7399	1
10876	6488	1
17046	13145	1
710	14645	1
920	4822	1
2601	2602	1
3560	2907	1
6845	6485	1
6485	6845	1
5169	8959	1
2950	6430	1
5170	6107	1
7239	17008	1
383	382	1
4755	2740	1
9949	8570	1
6037	5943	1
17040	12095	1
4345	4346	1
13884	10649	1
13751	4555	1
2740	4755	1
1897	8469	1
2832	1215	1
16894	17127	1
10831	6439	1
5943	6037	1
15579	11372	1
13019	3467	1
13775	15226	1
14695	1763	1
3775	4250	1
4451	5123	1
16533	12870	1
1782	1781	1
4064	8255	1
16396	16396	1
5411	4250	1
8007	745	1
4193	4937	1
4100	5875	1
2646	7857	1
7007	17133	1
1229	8469	1
4833	3938	1
7084	7354	1
865	865	1
5307	5836	1
9527	16523	1
242	241	1
2506	14382	1
14654	2749	1
10574	1134	1
11751	5797	1
14382	2506	1
13149	16966	1
16646	5711	1
241	242	1
12837	13606	1
4662	4133	1
16131	14612	1
13295	4034	1
408	13879	1
10801	1573	1
6898	13985	1
8164	1666	1
5268	6845	1
13336	5347	1
15755	3380	1
8137	5825	1
7235	75	1
7558	15153	1
5047	6246	1
5826	5825	1
5766	5765	1
4038	16289	1
8570	9949	1
1884	8666	1
17026	16544	1
16775	13775	1
10900	4164	1
12870	16533	1
5967	9188	1
17014	10410	1
17100	17101	1
16523	9527	1
9388	9527	1
14197	7108	1
3545	7108	1
15148	14263	1
15937	12167	1
7108	14197	1
4293	2699	1
14226	11709	1
14263	4613	1
9527	4577	1
5698	3214	1
11204	12672	1
9276	4747	1
920	5171	1
5684	13989	1
13416	12361	1
7108	3545	1
10524	1367	1
3296	1204	1
6845	531	1
2106	2506	1
920	2450	1
13483	12855	1
5803	5804	1
15496	10065	1
17144	15307	1
14844	9862	1
14315	9862	1
2355	3262	1
2832	9815	1
4390	4525	1
6897	4020	1
9527	6210	1
15293	8967	1
6935	8967	1
7215	7625	1
11372	15579	1
2106	6997	1
11416	10833	1
4950	8967	1
9527	5307	1
5928	3451	1
8854	4830	1
4801	4020	1
8854	5307	1
4951	3451	1
7625	7215	1
3509	9862	1
9527	9389	1
10461	9992	1
3176	847	1
5261	5260	1
16074	16075	1
17145	17146	1
6210	9527	1
16965	7671	1
2211	17147	1
3824	2454	1
17130	8506	1
3822	2454	1
2873	4930	1
8685	5850	1
14197	3315	1
5260	5261	1
8330	5894	1
13165	12365	1
9949	3177	1
5307	9527	1
5642	5817	1
4577	9527	1
12172	10609	1
16237	5301	1
1068	4795	1
3549	185	1
2454	3824	1
15440	16823	1
8280	5932	1
17148	17148	1
4840	13219	1
5789	12344	1
8854	14217	1
12344	5789	1
13219	4840	1
5955	6315	1
920	2114	1
3177	11113	1
14844	10522	1
3867	207	1
7558	16892	1
17139	15511	1
1884	1237	1
5678	1237	1
5779	4399	1
17149	17149	1
185	3549	1
1134	10574	1
12632	7484	1
5984	13573	1
10476	10843	1
6936	15773	1
5825	8137	1
15161	14388	1
9527	8723	1
7558	8967	1
1661	2353	1
2749	14654	1
16705	16706	1
14747	10522	1
16985	7516	1
4399	5779	1
15745	2480	1
328	272	1
17104	2004	1
2893	6716	1
7248	16560	1
17146	17145	1
4692	1213	1
8854	6030	1
4616	10242	1
13573	10390	1
14531	13581	1
17150	17150	1
3541	752	1
2180	3136	1
4020	6897	1
6788	11676	1
16836	16715	1
16823	15440	1
16715	16836	1
10464	11556	1
16107	7705	1
4241	5068	1
17151	2166	1
5804	5803	1
2439	6716	1
12107	5843	1
4250	3775	1
625	5843	1
2480	15745	1
16544	17026	1
10522	14844	1
11878	11103	1
1289	426	1
11767	5924	1
13879	408	1
5598	5424	1
14546	15911	1
13409	8775	1
4133	4662	1
3117	16448	1
14148	13737	1
6513	9330	1
6428	13599	1
4692	1568	1
1081	9409	1
1711	10754	1
14205	17152	1
11026	816	1
16780	15438	1
15438	16780	1
10067	1740	1
3451	5928	1
9527	4384	1
1045	2501	1
8216	11078	1
6157	4741	1
15773	11078	1
4777	896	1
8609	3965	1
10837	2096	1
363	512	1
1062	2255	1
16448	16448	1
17153	10831	1
12100	14663	1
1573	10801	1
1913	1913	1
1835	9669	1
17138	16645	1
3434	15460	1
10900	1647	1
5424	5598	1
5693	11734	1
10938	11734	1
8854	11060	1
17154	7605	1
17155	17155	1
8741	9391	1
6488	10876	1
64	14345	1
13165	2255	1
1493	8304	1
9949	7089	1
249	9501	1
6936	4218	1
14302	651	1
1886	485	1
4176	3338	1
1979	16036	1
251	6022	1
3563	11051	1
638	10396	1
2180	370	1
10620	7361	1
17156	10186	1
14565	16371	1
2896	2895	1
17030	3274	1
1381	3967	1
651	14302	1
8790	1571	1
5959	15598	1
10396	638	1
14411	13737	1
10620	5075	1
13350	16980	1
7452	13960	1
370	16966	1
1756	13007	1
3493	4368	1
5518	3785	1
16301	12487	1
11913	12487	1
17157	1761	1
12894	16225	1
2351	12487	1
8685	9385	1
2616	12487	1
10153	10153	1
9237	12487	1
4730	6977	1
16372	8935	1
3824	13593	1
920	6458	1
9815	2832	1
11451	11711	1
5893	5047	1
5442	3950	1
12899	13392	1
4409	3950	1
1215	2832	1
13392	12899	1
12970	7986	1
5047	5893	1
5006	16847	1
9527	16546	1
15552	6428	1
8899	6649	1
17055	1744	1
3671	9277	1
17132	14113	1
853	9265	1
2751	1429	1
4451	13463	1
16523	16546	1
16168	14807	1
6428	8460	1
14313	9265	1
14869	14807	1
2420	1009	1
15911	14546	1
291	482	1
7089	9949	1
8741	12535	1
3177	9949	1
4951	7671	1
5459	1009	1
17143	11416	1
15040	11416	1
13960	7452	1
13823	11416	1
1997	3235	1
9949	8973	1
9142	9554	1
6094	12650	1
9949	9689	1
2138	8174	1
16546	16523	1
8973	9949	1
10609	12172	1
14411	11397	1
4868	1558	1
3176	1781	1
2193	2349	1
16031	15822	1
4730	9966	1
9671	12536	1
8775	13409	1
12101	12101	1
824	582	1
1289	1254	1
13659	12271	1
17123	8191	1
5773	16909	1
5843	625	1
5972	7998	1
5817	5642	1
10843	10476	1
6107	5170	1
13621	12936	1
2180	15744	1
9527	1854	1
3950	4409	1
4730	4409	1
7558	3262	1
15996	8645	1
4613	14263	1
9015	16450	1
5628	6854	1
13479	4294	1
3606	3263	1
16450	9015	1
8469	1229	1
13007	1756	1
16372	6193	1
13164	17008	1
2461	13279	1
4292	5546	1
3071	13279	1
7108	2914	1
3059	13279	1
5283	10716	1
4863	4864	1
13977	15581	1
2	3306	1
3056	879	1
5404	2478	1
4609	4609	1
17132	9483	1
10494	5343	1
10569	3668	1
7516	4724	1
5766	5997	1
15581	13977	1
9966	15106	1
13775	15793	1
6768	1816	1
5343	10494	1
920	2182	1
14472	14472	1
16787	9031	1
11372	13977	1
8492	4724	1
11926	4717	1
12632	9105	1
6393	4371	1
14807	14869	1
16663	5546	1
13165	524	1
14366	7012	1
11734	10938	1
8763	7988	1
13710	6897	1
7138	14016	1
13573	11014	1
6354	1905	1
7108	3315	1
11630	2446	1
16712	10684	1
11758	4755	1
4755	11758	1
9167	4755	1
375	15422	1
3575	5137	1
6189	6113	1
17076	12002	1
7196	10938	1
8174	2138	1
5597	8160	1
10922	3105	1
1648	1709	1
4343	3105	1
16788	16927	1
13411	10993	1
3688	16849	1
17158	13145	1
1237	13476	1
14886	2913	1
4167	14132	1
4754	4755	1
11711	11451	1
9527	9425	1
8959	5169	1
12779	5366	1
15422	375	1
9894	2330	1
16745	5482	1
84	160	1
8903	11403	1
5137	3575	1
6743	6068	1
11676	6788	1
540	6113	1
4443	4959	1
370	12338	1
6297	8017	1
1022	8230	1
9596	8037	1
9411	12691	1
2844	3105	1
6136	9371	1
65	14297	1
8345	8345	1
4727	1238	1
1781	3176	1
7071	12308	1
9762	6849	1
17110	4554	1
13476	1237	1
6849	9762	1
205	395	1
12271	13659	1
3315	14197	1
9669	8092	1
4937	4193	1
15720	13455	1
4020	4801	1
11487	3527	1
13960	7988	1
920	592	1
4218	6936	1
5972	13809	1
4751	3213	1
9570	5520	1
5797	11751	1
2445	884	1
8122	16966	1
8243	5650	1
4730	5482	1
8854	2589	1
1664	2962	1
7842	9146	1
2913	2727	1
3230	17004	1
11812	6931	1
16538	12096	1
4730	10319	1
6729	6887	1
9527	4034	1
6193	16372	1
3315	7108	1
3950	5442	1
4755	4754	1
16332	11160	1
2901	13428	1
8935	16372	1
4724	8492	1
987	706	1
9287	17159	1
6363	6346	1
54	62	1
5959	14816	1
16160	6059	1
13809	5972	1
2797	1403	1
7998	5972	1
6816	5563	1
7495	7622	1
10654	6689	1
4371	6393	1
4689	7761	1
5087	5086	1
12351	6316	1
9117	6771	1
7605	3818	1
8153	6113	1
7558	4227	1
1831	4520	1
13237	9997	1
14868	5454	1
4708	14197	1
17160	10916	1
17132	17132	1
17161	13409	1
8897	3555	1
4226	15558	1
2185	3851	1
7352	3330	1
16807	12307	1
5086	5087	1
4730	7735	1
17162	12565	1
12565	17162	1
8200	7735	1
8195	7236	1
3818	7605	1
2	2	1
11689	8484	1
2451	4755	1
17163	16790	1
13528	13528	1
5353	7049	1
16387	16585	1
8160	4724	1
15925	10273	1
8998	314	1
17090	16078	1
10571	1407	1
12889	16288	1
6037	9397	1
8484	11689	1
2124	8977	1
15810	8977	1
12936	13621	1
3523	5862	1
3171	15810	1
8150	16731	1
7236	8195	1
17164	11268	1
16258	4632	1
9237	3358	1
5641	3101	1
15810	3171	1
17165	12533	1
10833	11416	1
12816	8290	1
16426	3420	1
7236	13673	1
12775	6901	1
518	9628	1
10174	13421	1
8977	9628	1
4730	3950	1
17116	17116	1
6771	9117	1
2051	1558	1
6937	12174	1
10386	8386	1
13567	1597	1
2550	3028	1
2043	6981	1
17130	8194	1
8079	3323	1
1105	6113	1
3323	8079	1
14031	10478	1
11815	9026	1
1897	12340	1
13688	12533	1
17123	6934	1
7859	16221	1
9299	6113	1
16731	8150	1
16585	15106	1
5084	9713	1
17166	17167	1
12596	12596	1
4987	7728	1
16538	5391	1
151	152	1
11268	17164	1
16980	9117	1
13409	17161	1
6811	14025	1
12728	3851	1
7988	13960	1
2705	10116	1
1644	636	1
10330	15985	1
5598	10478	1
3978	5125	1
2102	6113	1
5513	4144	1
9527	4144	1
13409	13409	1
16927	16788	1
1822	3727	1
8008	15334	1
14265	9488	1
16031	7267	1
7433	17121	1
6934	17123	1
17168	17169	1
7432	17121	1
16019	16019	1
6184	7088	1
8191	17123	1
2308	14849	1
17121	7432	1
3056	1558	1
5125	3978	1
8547	15334	1
10810	8139	1
10844	7856	1
1933	8079	1
15460	3434	1
12217	1008	1
8854	5888	1
2297	4101	1
17158	12575	1
11470	14338	1
17008	7239	1
8139	10810	1
2186	3635	1
15334	8547	1
13323	5237	1
8008	9488	1
4101	2297	1
17170	1761	1
7761	4689	1
10390	13573	1
5966	7842	1
11014	13573	1
8008	7042	1
7961	3455	1
5365	5888	1
7842	5966	1
14263	4555	1
6068	6743	1
11540	16502	1
9860	12533	1
9957	7265	1
10924	8934	1
11271	17090	1
17079	11406	1
1567	14239	1
17171	5160	1
4762	7158	1
15620	14277	1
8469	1897	1
7188	4038	1
5922	5	1
5979	1620	1
1967	5343	1
7501	10327	1
6952	11947	1
10327	7501	1
17162	14535	1
15698	9015	1
9275	3450	1
5266	1619	1
17090	11271	1
5932	10560	1
4654	4812	1
7265	9957	1
11051	3563	1
8320	8512	1
8741	7681	1
12340	1897	1
5796	2721	1
13381	14041	1
4715	3747	1
13593	3824	1
14609	10357	1
3420	16426	1
15106	9966	1
5097	2422	1
7988	8763	1
11649	3912	1
3822	3824	1
10938	13538	1
3196	95	1
14471	5806	1
4207	5248	1
7922	12540	1
9122	184	1
14535	17162	1
6977	8401	1
5806	14471	1
5120	5121	1
95	3196	1
17172	17173	1
1361	8080	1
2422	5097	1
11556	10464	1
4730	7452	1
16522	10410	1
2913	14886	1
16751	13399	1
9527	14653	1
8280	14715	1
160	84	1
1619	5266	1
12624	12816	1
4032	9460	1
8460	16003	1
3450	11675	1
745	8007	1
3881	8125	1
1740	3674	1
3689	3332	1
9277	3671	1
16909	5773	1
15996	8039	1
9910	14307	1
12533	17165	1
159	1761	1
7558	12308	1
17174	14308	1
2504	1770	1
11947	6952	1
8856	604	1
5766	3418	1
2011	16055	1
2962	15552	1
12361	13416	1
16892	9271	1
7810	4346	1
16541	5598	1
12580	9250	1
1134	8676	1
5650	8243	1
8934	10924	1
3190	8676	1
800	5076	1
3751	4793	1
14263	2480	1
1846	8312	1
8333	8676	1
6316	6329	1
11926	6564	1
5870	5735	1
