9581	10620	1
10473	2484	1
2077	13903	1
7811	7857	1
10139	11321	1
4198	4814	1
4047	2677	1
9876	11300	1
8840	15618	1
9644	10620	1
2934	9675	1
11300	9876	1
9912	3763	1
10066	8966	1
11210	9939	1
5977	7282	1
7673	15239	1
15698	9015	1
17474	16403	1
12466	4059	1
5147	3295	1
7331	7332	1
9388	16657	1
1835	17432	1
2484	10473	1
4763	5715	1
6242	8896	1
2086	6492	1
4511	13	1
4788	7502	1
2297	6492	1
8896	6242	1
4937	4193	1
5826	16045	1
4589	6513	1
6888	13392	1
2480	8222	1
17366	11390	1
3153	6700	1
7228	13289	1
8192	5691	1
6513	4589	1
2792	16074	1
2192	3010	1
6513	3041	1
5773	17130	1
17004	3230	1
15687	11390	1
16869	9436	1
5377	13343	1
16869	8490	1
3795	14577	1
8222	2480	1
17428	17427	1
4034	5701	1
2420	3358	1
1372	3230	1
7134	5690	1
3084	3230	1
8192	3965	1
6272	4658	1
17452	12544	1
7810	3234	1
5723	16045	1
2420	9245	1
17382	6086	1
9117	17475	1
5977	12842	1
9588	11537	1
2646	6507	1
7868	13830	1
193	1641	1
6224	6224	1
5022	5022	1
12732	9644	1
10620	9644	1
12483	9717	1
7612	9717	1
441	11799	1
16493	9717	1
14825	4281	1
8935	8247	1
6492	2297	1
8745	9717	1
6513	3213	1
13	4511	1
3563	11051	1
7452	5282	1
15998	6153	1
9644	9643	1
14962	3999	1
12842	5977	1
563	564	1
8333	8676	1
17476	17477	1
1134	8676	1
5932	10560	1
11390	15687	1
3430	3234	1
10560	5932	1
1900	4386	1
2354	2546	1
14317	6320	1
16043	16043	1
15251	7868	1
2420	3017	1
651	1112	1
16785	7965	1
3353	564	1
2420	1009	1
2450	12989	1
8005	6113	1
89	427	1
5577	5920	1
4822	16758	1
1420	5717	1
14886	9391	1
14741	14740	1
13157	14108	1
12096	8909	1
3446	16848	1
480	1150	1
447	14672	1
15687	5585	1
75	7874	1
17478	2164	1
386	1572	1
1554	1970	1
17442	7125	1
17479	3596	1
9644	12732	1
12989	2450	1
1554	1584	1
480	2450	1
7998	2450	1
6197	6198	1
12472	11518	1
3190	1584	1
9324	11179	1
11179	9324	1
17480	5541	1
4146	14073	1
16197	3794	1
8292	3543	1
2958	6908	1
8398	14775	1
6430	2950	1
17481	17482	1
2420	3005	1
17413	17483	1
9391	8680	1
16272	4755	1
17196	9607	1
6117	6116	1
17484	2742	1
7776	4246	1
9245	2420	1
1584	3190	1
11610	9076	1
3017	2420	1
9324	749	1
17024	17289	1
749	9324	1
14341	14341	1
2420	2245	1
6492	5535	1
5247	5055	1
14754	13350	1
2245	2420	1
12345	10199	1
3545	7108	1
15153	12308	1
6861	3546	1
8018	2807	1
4724	7108	1
6236	9330	1
4217	2870	1
6513	9330	1
9300	1957	1
11799	11800	1
17442	11800	1
12220	16826	1
17387	12264	1
1525	2380	1
2807	8018	1
4251	4789	1
5687	1604	1
3610	10962	1
644	1483	1
644	645	1
5065	10626	1
1554	23	1
6894	10900	1
12477	3070	1
3105	10922	1
2543	4747	1
5857	4747	1
14478	4747	1
2420	4563	1
14740	14741	1
3017	16474	1
6923	7012	1
17289	17024	1
10938	8843	1
4657	4885	1
12383	7012	1
13851	3315	1
386	2037	1
1897	4747	1
17484	1362	1
14263	4747	1
15835	2369	1
386	13453	1
8222	4747	1
2792	3108	1
3176	847	1
6602	3569	1
4446	6264	1
7643	5722	1
2913	14886	1
3010	2192	1
6918	1361	1
5520	6845	1
16037	16892	1
1420	3784	1
17445	6144	1
10924	8934	1
16909	16166	1
4246	7776	1
13431	283	1
3716	1485	1
16289	6320	1
265	266	1
14754	6320	1
342	5350	1
8724	4525	1
14991	11527	1
3715	1485	1
9584	2248	1
4037	8280	1
17014	10410	1
14265	16503	1
8935	16372	1
8843	10938	1
5684	10061	1
730	1451	1
9643	9644	1
17485	8140	1
4747	5857	1
1727	1055	1
8532	9819	1
3794	5608	1
16197	5608	1
3234	7810	1
13989	5684	1
9031	4692	1
10061	5684	1
7367	6294	1
9937	1741	1
8174	2138	1
16892	16037	1
17486	1055	1
4748	14646	1
1407	10355	1
8092	8159	1
7452	744	1
16758	4822	1
17211	10624	1
17487	17487	1
5347	1772	1
1554	1055	1
10199	12345	1
8081	12804	1
7012	6923	1
9584	13819	1
5773	7090	1
4455	16555	1
17488	16062	1
6861	11701	1
5684	13989	1
15401	15401	1
2420	5411	1
15251	16527	1
9287	5690	1
2420	12842	1
5355	3088	1
7810	6108	1
363	5839	1
564	3353	1
2420	11822	1
5642	6989	1
2420	1708	1
13832	138	1
8998	4193	1
3626	4876	1
10900	9782	1
4747	5782	1
17427	17428	1
13185	2941	1
13840	9837	1
14825	15226	1
15886	10240	1
5818	5110	1
2483	13962	1
1451	730	1
434	1357	1
16641	16641	1
8670	10737	1
5119	16468	1
9069	10737	1
1554	3380	1
3783	17284	1
13962	2483	1
1069	16137	1
3020	9356	1
1468	3012	1
3059	11560	1
11724	5670	1
17438	2506	1
3121	7153	1
15774	2902	1
6578	7868	1
5722	7643	1
4193	8998	1
9138	11556	1
6792	7115	1
8192	1996	1
2138	8174	1
6844	6982	1
5839	12488	1
16584	3448	1
7940	7262	1
7625	11676	1
387	3930	1
13599	8031	1
3345	11699	1
11676	7625	1
9076	2250	1
13741	13741	1
1064	6267	1
6530	2902	1
6320	14754	1
5485	3561	1
13860	11228	1
11296	16627	1
10624	17211	1
17351	12788	1
16641	8816	1
6267	1064	1
6320	14317	1
564	7644	1
10927	2647	1
5046	5788	1
2420	4422	1
9330	6513	1
8506	6085	1
17489	13689	1
4525	4390	1
9837	13840	1
8998	8998	1
5670	4036	1
14577	17366	1
11724	4036	1
16715	16836	1
15380	5341	1
5722	6014	1
7108	3545	1
10737	9069	1
3678	549	1
7644	564	1
2420	3967	1
6927	4056	1
9782	10900	1
2116	2192	1
4164	10900	1
13557	13117	1
17490	17490	1
341	344	1
16607	16606	1
5222	9273	1
4056	6927	1
2270	4936	1
480	5510	1
8280	13407	1
4662	6081	1
15381	17257	1
3866	3398	1
13734	5485	1
13826	17257	1
1404	9783	1
744	7452	1
16774	6883	1
7544	6810	1
2420	3520	1
7657	5745	1
17491	17491	1
1142	16	1
17432	1835	1
6607	10698	1
10319	8975	1
8002	12124	1
7643	4219	1
15106	9966	1
6989	5642	1
5789	12344	1
15086	6883	1
386	1933	1
12258	12958	1
9287	8404	1
4451	7421	1
386	17492	1
6637	6987	1
8264	9821	1
5296	17493	1
17494	3321	1
17495	17495	1
5357	17321	1
8141	1740	1
3234	3430	1
12336	6977	1
4464	6977	1
9212	9211	1
3451	5928	1
7478	13879	1
8891	10449	1
184	184	1
13724	4034	1
9600	10449	1
2420	419	1
3100	5641	1
7421	4451	1
4613	323	1
6081	4662	1
5028	11972	1
13903	2077	1
3930	387	1
3734	896	1
15424	11972	1
4569	10023	1
5893	5047	1
2721	896	1
10900	4164	1
5000	16209	1
4977	1238	1
13805	13805	1
5047	5893	1
3569	3046	1
8192	6104	1
7741	7031	1
2580	4238	1
7643	4218	1
3453	14849	1
16869	13267	1
3153	4781	1
6320	16289	1
3448	16584	1
17496	7408	1
3286	3123	1
12061	1316	1
8192	6059	1
14653	10139	1
5309	3603	1
4748	1316	1
4504	3603	1
16209	5000	1
3321	17494	1
4505	3603	1
3153	7308	1
644	5742	1
891	7042	1
12472	12691	1
5046	7850	1
2765	3603	1
2192	2116	1
7998	4432	1
2420	6951	1
2420	1022	1
2913	15737	1
14715	8280	1
1554	901	1
3333	14263	1
16403	17474	1
13528	15151	1
17487	15770	1
5894	8330	1
6810	6059	1
2148	9525	1
17497	17498	1
10335	10469	1
549	3678	1
5634	7885	1
5000	15411	1
8192	4084	1
1690	334	1
15411	5000	1
7248	16560	1
11472	13567	1
8222	1897	1
17499	16203	1
1965	17500	1
6861	4724	1
16203	17499	1
7998	5309	1
16787	4724	1
9226	7847	1
6135	1045	1
4330	3740	1
5897	16207	1
2420	1674	1
4868	1558	1
5026	5027	1
7885	5634	1
10240	16715	1
1307	4755	1
17499	17499	1
15039	8932	1
9276	7622	1
3783	16222	1
8002	3148	1
1375	3350	1
17500	1965	1
5608	3794	1
11556	9138	1
1897	8222	1
5231	4070	1
17184	16715	1
6748	7465	1
13567	11472	1
7622	9276	1
1135	15375	1
266	3350	1
11943	14779	1
14779	11943	1
13692	17451	1
15390	16715	1
11186	8785	1
10313	8197	1
17366	8616	1
15275	15275	1
644	4024	1
9273	5222	1
17081	10836	1
11228	13860	1
10109	4922	1
294	6854	1
16869	11161	1
7465	6748	1
17410	7225	1
13392	6888	1
4735	3558	1
17501	8699	1
14028	16225	1
11416	15120	1
4747	2543	1
6294	4777	1
16490	5753	1
6492	2086	1
957	15067	1
8040	7688	1
13973	6625	1
2870	3693	1
14807	14869	1
17308	17308	1
17406	972	1
16627	11296	1
17187	7282	1
12570	15062	1
2941	334	1
3170	8707	1
4692	9031	1
2699	14869	1
7643	2423	1
15744	4843	1
17502	16590	1
13689	17489	1
334	2941	1
8404	9287	1
7998	12989	1
6861	9031	1
8192	7986	1
323	4613	1
1554	3190	1
14400	17503	1
12970	7986	1
17089	9388	1
8192	4193	1
5667	5185	1
6934	11661	1
3153	7290	1
344	341	1
5282	5347	1
4671	8705	1
10704	14462	1
6055	8609	1
5641	3100	1
3153	6245	1
27	5	1
6489	14849	1
7179	9378	1
10624	3868	1
15312	15312	1
17504	16619	1
17089	2434	1
8886	2928	1
16869	9859	1
13187	13187	1
16	1142	1
6727	6040	1
12691	14914	1
6513	4613	1
5381	10387	1
12507	12507	1
3153	2484	1
3153	5845	1
15691	2172	1
7444	2083	1
15639	14132	1
16555	4455	1
2171	14094	1
5922	5	1
1395	14373	1
14132	15639	1
7012	3160	1
15120	11416	1
5520	8699	1
4981	17471	1
1163	16288	1
371	6188	1
8803	3190	1
8330	5894	1
2420	3020	1
6861	4812	1
1611	5415	1
9117	6771	1
14530	14461	1
334	15888	1
4519	4654	1
5845	7331	1
3921	6246	1
1188	7680	1
7331	5845	1
10574	1134	1
7266	4946	1
9388	17089	1
1120	6854	1
10922	3105	1
7680	1188	1
12197	8379	1
5366	12779	1
2552	6752	1
15229	16627	1
13273	16088	1
8867	12861	1
15985	12861	1
5569	4915	1
5952	16787	1
11701	6861	1
4724	16787	1
12779	5366	1
4724	6861	1
7926	1662	1
9031	6861	1
7116	10699	1
4812	6861	1
2792	1556	1
7868	8889	1
2420	1556	1
14577	4195	1
10240	15886	1
9507	12498	1
7449	6699	1
16745	4779	1
8150	16731	1
888	8838	1
12808	6060	1
331	332	1
16731	8150	1
17505	17505	1
17506	8974	1
3881	7481	1
5533	304	1
8938	8974	1
10437	920	1
6562	12175	1
8292	1099	1
7502	4788	1
1055	17486	1
11403	16485	1
6816	14114	1
2855	7789	1
2450	593	1
3824	2454	1
8192	8781	1
3875	2009	1
2094	593	1
3082	7309	1
11051	3563	1
508	593	1
16742	9713	1
2604	3746	1
5130	2894	1
11934	593	1
3468	12011	1
737	1081	1
4720	3746	1
14373	1395	1
16174	6441	1
1037	14114	1
12837	12837	1
9414	12259	1
7714	10807	1
17507	7862	1
15523	6738	1
7712	17339	1
14577	3795	1
17508	10122	1
11874	11873	1
16627	8938	1
4747	14114	1
8974	8938	1
6123	5546	1
6262	5150	1
8860	12239	1
17507	17507	1
4032	2678	1
6270	7012	1
3908	3907	1
15005	10765	1
4922	10109	1
8451	10765	1
1554	645	1
5546	6123	1
3438	3763	1
1489	4062	1
5241	8257	1
17509	17510	1
14938	3186	1
6771	9117	1
17511	4821	1
13598	8618	1
6419	16333	1
6060	12808	1
15947	11434	1
17512	15773	1
9815	17513	1
5341	15380	1
3734	14131	1
2646	7857	1
14746	13200	1
1822	8620	1
12559	12562	1
6444	3041	1
13336	5347	1
3822	2454	1
427	9549	1
12044	17514	1
7800	15639	1
12562	12559	1
17320	16522	1
2004	6539	1
2909	10761	1
10761	2294	1
3212	10761	1
15796	9147	1
2792	6265	1
13392	13626	1
3784	1420	1
17515	17515	1
5046	2712	1
17471	4981	1
10623	8506	1
3610	14900	1
6441	16174	1
5341	8057	1
16787	5952	1
8938	16627	1
7495	7622	1
5415	1611	1
4293	5581	1
6861	4556	1
1229	3723	1
4178	1536	1
6236	6136	1
3190	8803	1
580	9	1
6934	6361	1
801	15878	1
5301	4257	1
10761	2909	1
9493	4257	1
4816	16561	1
4254	1229	1
8785	10609	1
2132	15988	1
4316	2607	1
6771	11883	1
17261	7367	1
4257	5301	1
2797	1254	1
1662	7926	1
10158	5546	1
2607	4316	1
7012	6270	1
16414	16055	1
14041	13711	1
14114	4747	1
10120	3480	1
16619	17504	1
2484	6816	1
11517	1254	1
363	357	1
4747	14478	1
8903	11387	1
9517	3673	1
17516	17516	1
16910	4009	1
6625	13973	1
1045	6135	1
6539	2004	1
6086	17382	1
12349	3798	1
16627	15229	1
15461	15474	1
3186	14938	1
2420	7441	1
3486	3125	1
387	2571	1
6146	16911	1
17517	17518	1
5066	6914	1
6649	16911	1
9041	16641	1
5804	870	1
3930	2571	1
14244	14762	1
12054	7318	1
8889	7868	1
12808	2381	1
6316	4084	1
5611	4655	1
15062	12570	1
16920	17519	1
17520	15663	1
14540	4576	1
12565	12565	1
13851	1987	1
10397	8314	1
23	29	1
8431	13393	1
14114	6816	1
8049	8049	1
5870	14144	1
13270	14144	1
8611	5096	1
10838	13663	1
13393	8431	1
1155	2109	1
2879	857	1
6977	4464	1
12804	1030	1
15085	11885	1
5773	7012	1
2894	5130	1
10467	1030	1
12787	12108	1
10765	11800	1
15251	16282	1
6321	9441	1
7961	16527	1
15257	5952	1
8049	8702	1
10807	7714	1
7868	16282	1
2665	4910	1
9441	6321	1
593	2450	1
15014	8702	1
17521	16755	1
6322	4051	1
4345	4346	1
5945	16855	1
4051	6322	1
13851	2914	1
2420	9300	1
8702	8049	1
16911	6649	1
7225	17410	1
6765	11645	1
16282	7868	1
15639	7800	1
17522	17522	1
800	5076	1
14110	14307	1
2420	16301	1
17041	9015	1
4346	3722	1
8820	6193	1
9147	15796	1
14672	447	1
6532	7535	1
153	2255	1
5513	9564	1
8756	17523	1
2578	13493	1
9936	13493	1
10182	1105	1
12861	8867	1
8498	7835	1
6043	6044	1
6947	14370	1
4346	4345	1
5544	5523	1
8934	10924	1
8962	14394	1
7714	7753	1
7835	8498	1
