955	8661	1
11797	10427	1
5678	13900	1
8490	2647	1
17078	1788	1
4101	9863	1
4863	1148	1
5806	922	1
17040	10067	1
6183	8035	1
8932	15039	1
8063	9389	1
5442	6319	1
2185	8068	1
8584	12600	1
17030	3274	1
6562	6334	1
16851	4589	1
17077	578	1
4933	4167	1
3073	3975	1
6334	6562	1
5217	4409	1
14313	9879	1
14749	11537	1
16537	10434	1
4589	16851	1
8860	3708	1
10563	5975	1
17079	11406	1
7986	10283	1
10351	4747	1
8836	5860	1
5860	8836	1
1039	304	1
5258	3160	1
2228	835	1
3984	4946	1
5513	432	1
6245	9862	1
16983	5791	1
2734	12816	1
2893	3602	1
12816	2734	1
10158	5546	1
2478	5404	1
10502	7053	1
1124	3602	1
16404	7053	1
13366	16053	1
10354	13392	1
4946	4384	1
3088	3020	1
14182	13840	1
6122	4300	1
9605	6925	1
5640	953	1
13900	5678	1
10521	11884	1
4377	5145	1
7714	7753	1
2132	2132	1
4384	4946	1
15229	15229	1
5266	1619	1
17080	15229	1
5176	5977	1
1619	5266	1
11972	5028	1
10836	17081	1
7158	813	1
16715	5806	1
17066	17066	1
3434	4946	1
9972	16974	1
5641	3100	1
6980	332	1
806	10363	1
9863	4101	1
1468	321	1
940	13215	1
1006	3967	1
16916	16916	1
14663	8224	1
4409	9966	1
11459	16301	1
3568	2914	1
518	2883	1
3236	7772	1
17082	16074	1
3323	16827	1
7188	4038	1
5817	5642	1
7193	4157	1
3984	4366	1
539	7610	1
3315	5683	1
7265	9957	1
16342	15468	1
7193	11405	1
801	15878	1
3100	5641	1
371	425	1
1641	1640	1
3849	12787	1
8570	1858	1
17037	17036	1
3447	4233	1
425	1152	1
2804	1135	1
4951	4955	1
17065	8262	1
11201	2512	1
2893	1958	1
3262	205	1
12816	12624	1
4409	5217	1
1362	4474	1
5932	10243	1
75	7874	1
12858	4063	1
2993	4721	1
12624	3170	1
9596	10547	1
5546	10158	1
3166	4735	1
15720	7267	1
2893	5628	1
3020	3088	1
1791	6525	1
12842	2420	1
14573	14411	1
8989	12751	1
1523	1338	1
17083	2469	1
3984	5717	1
17084	6435	1
5683	3315	1
8262	17065	1
12372	12754	1
16780	5704	1
5977	5176	1
8552	8552	1
3255	17070	1
15985	10330	1
15067	10023	1
8722	385	1
12487	9237	1
7868	10330	1
16787	4832	1
4910	4832	1
2446	11630	1
15037	3546	1
10577	10577	1
8936	17	1
15014	17038	1
15611	12217	1
2132	15988	1
13186	8566	1
4237	8803	1
2443	7579	1
8598	17016	1
15468	16342	1
5791	16983	1
9742	8366	1
426	1289	1
328	17016	1
11687	8803	1
10064	10063	1
5409	1832	1
15878	801	1
9879	14313	1
9411	8803	1
13840	9837	1
7053	16404	1
9058	4751	1
17016	328	1
13493	2578	1
17085	8776	1
14115	9383	1
10102	3276	1
11689	16892	1
12842	2228	1
11455	3581	1
4602	4345	1
1289	426	1
2893	424	1
10415	6788	1
3262	424	1
2228	4946	1
3984	3358	1
1006	3358	1
2937	3276	1
13215	940	1
1172	2735	1
5698	4617	1
5066	5514	1
2893	15048	1
16983	15988	1
13911	2588	1
17086	7079	1
17087	7514	1
15835	2369	1
5125	3978	1
6581	6527	1
7780	4237	1
17088	2192	1
16827	3323	1
4983	4561	1
1139	116	1
1501	2768	1
12345	10199	1
530	4159	1
16037	16892	1
116	1139	1
4652	3176	1
3999	1656	1
57	82	1
12764	12765	1
5582	312	1
10547	9596	1
2893	23	1
17045	15507	1
9383	14115	1
2154	12217	1
7579	2443	1
1206	7680	1
12787	3849	1
3177	11113	1
10176	6337	1
17089	2434	1
9388	4577	1
2993	3380	1
5216	12142	1
10492	6611	1
8174	2138	1
6927	1103	1
13853	10550	1
1886	4171	1
16426	16426	1
11248	4308	1
3543	7744	1
6613	7082	1
4622	5246	1
2518	2519	1
6811	14025	1
3297	14503	1
7946	16875	1
17014	10410	1
8570	7089	1
16522	10410	1
13273	4218	1
6337	10176	1
7744	3543	1
3262	9498	1
4692	1213	1
16826	12220	1
10363	806	1
12908	3849	1
12381	9824	1
1727	1055	1
9270	6200	1
4939	7916	1
14	12217	1
7079	17086	1
14626	15239	1
9669	1311	1
15790	13219	1
13273	16088	1
5549	2052	1
1074	1075	1
5684	7012	1
16770	10550	1
5246	4622	1
10067	1740	1
12487	2616	1
1152	425	1
5546	15422	1
3383	1126	1
6554	3182	1
8924	13599	1
1006	2351	1
2893	2255	1
12487	2351	1
7193	4873	1
23	2255	1
5060	8031	1
1126	3383	1
2103	2103	1
16660	13819	1
8570	8030	1
1213	4692	1
95	15686	1
8570	11537	1
2550	3028	1
2134	15878	1
14531	13581	1
5428	4183	1
15153	4490	1
8017	6297	1
13390	9409	1
75	5571	1
4291	3340	1
6860	14197	1
1884	8666	1
1139	786	1
1996	2456	1
13219	15790	1
3262	12024	1
1278	7283	1
3984	11160	1
6554	7855	1
385	2578	1
8681	4141	1
6956	7634	1
2228	8696	1
7805	15168	1
11344	7521	1
5556	8547	1
7514	17087	1
6113	8153	1
17090	11271	1
13747	5691	1
10390	13573	1
14663	14113	1
8976	12134	1
5514	5066	1
10199	12345	1
4617	5698	1
1782	1781	1
1506	3669	1
6183	7308	1
2138	8174	1
9000	9000	1
15471	13573	1
1781	1782	1
4988	1200	1
5594	7241	1
3984	12998	1
1899	14078	1
8570	5726	1
2296	1279	1
7632	14962	1
786	1139	1
1268	8335	1
3984	12924	1
5753	3178	1
2578	13493	1
4692	1568	1
15789	123	1
11556	10464	1
3262	3881	1
3549	185	1
4937	4193	1
16780	8166	1
12344	5789	1
75	425	1
4294	13479	1
14931	5280	1
2127	4374	1
11697	2194	1
2893	5571	1
4345	4346	1
13911	3923	1
15320	17091	1
8506	6085	1
1311	9669	1
953	5640	1
9554	9142	1
16780	7416	1
1172	13900	1
2299	5765	1
205	3262	1
14978	8243	1
2081	2080	1
7082	6613	1
5934	9669	1
424	3262	1
7012	5684	1
9596	11372	1
4956	14816	1
12024	3262	1
15194	9669	1
4946	16525	1
3738	3690	1
28	5622	1
16780	11372	1
9669	15194	1
3881	3262	1
9669	5934	1
14346	7323	1
1740	10067	1
15745	15148	1
75	1784	1
4237	8959	1
8292	964	1
3795	5566	1
6572	514	1
3984	7303	1
14895	2913	1
8333	10250	1
4315	6264	1
9912	3763	1
4346	4345	1
6690	17092	1
4060	10003	1
4956	7979	1
9669	1835	1
17093	9882	1
7810	4345	1
17094	5227	1
7619	7596	1
17095	9136	1
7744	6389	1
13829	5593	1
518	944	1
6564	755	1
8304	11315	1
3467	14302	1
16648	16649	1
5305	4111	1
4345	4602	1
4346	4602	1
16301	11459	1
17096	17097	1
7595	7592	1
4111	5305	1
4345	7810	1
5169	8959	1
4100	5875	1
3849	12908	1
5789	12344	1
4602	4346	1
7323	14346	1
5928	3451	1
6339	11372	1
4864	4863	1
2578	385	1
4735	3166	1
10464	11556	1
1835	9669	1
6925	9605	1
6343	9144	1
16892	9271	1
15686	95	1
5715	4983	1
16780	15438	1
432	5513	1
5305	7033	1
75	74	1
16892	16037	1
9431	11160	1
3669	1506	1
3493	9669	1
17098	13538	1
6127	12899	1
1212	1806	1
5641	2083	1
12487	11913	1
9144	6343	1
6554	12189	1
2047	3743	1
1006	12189	1
10463	12746	1
12537	80	1
12947	12189	1
2646	12565	1
3984	5673	1
2993	4560	1
4983	5715	1
6315	9364	1
10389	6564	1
6494	1358	1
3451	5928	1
2474	7861	1
17099	17099	1
3430	3234	1
1806	1212	1
3491	3493	1
7612	3743	1
14197	7108	1
7680	1206	1
2027	1358	1
4946	3434	1
5742	4976	1
424	1358	1
5773	5258	1
2506	14382	1
4846	12217	1
17100	17101	1
12607	4650	1
11936	4580	1
16345	2776	1
14382	2506	1
3262	7095	1
6564	8967	1
8260	8967	1
10396	638	1
4237	7014	1
17102	17103	1
5485	5642	1
1119	294	1
6923	8967	1
2550	1769	1
3463	8967	1
2004	17104	1
512	363	1
12271	8967	1
12217	15611	1
4345	8967	1
1512	21	1
7801	8967	1
1938	737	1
10391	59	1
6935	8967	1
14715	5325	1
5068	4241	1
5315	800	1
5736	4241	1
4836	8967	1
12321	8967	1
5684	8967	1
9212	9211	1
4647	8967	1
6315	5955	1
1119	5628	1
867	10831	1
17038	15014	1
7108	14197	1
15507	17045	1
10550	13853	1
3178	5753	1
7095	3262	1
12565	2646	1
3681	3680	1
185	3549	1
5642	3561	1
9271	16892	1
16789	16790	1
6752	2969	1
9695	9807	1
10183	3688	1
3743	2047	1
16715	16836	1
1506	5241	1
7809	9551	1
12758	3804	1
1985	2259	1
13213	8967	1
14851	1517	1
8304	1493	1
13503	8967	1
5075	7624	1
13911	16452	1
12481	17105	1
1006	13974	1
17014	16522	1
15148	15745	1
17106	17018	1
5566	3795	1
17018	17106	1
2909	3212	1
17106	17106	1
11472	13567	1
17107	17107	1
1172	717	1
7501	11346	1
12842	6344	1
8836	13573	1
14663	11406	1
17020	17108	1
10096	17105	1
8676	10250	1
12732	5892	1
7441	5613	1
3262	356	1
5347	10250	1
1139	1254	1
13851	3315	1
6554	6286	1
13573	8836	1
9724	13548	1
16780	6324	1
5955	6315	1
5698	13535	1
16522	17014	1
16866	972	1
17088	17088	1
9104	6034	1
1640	1641	1
16357	14443	1
13573	15471	1
12094	7688	1
15436	17024	1
15194	6479	1
14663	12941	1
10831	867	1
4399	1541	1
10283	7986	1
15745	7602	1
2646	2496	1
9314	8950	1
3984	5594	1
7452	5217	1
10845	8499	1
2188	1885	1
7241	5594	1
5404	2478	1
5118	4517	1
14663	12100	1
7602	15745	1
9949	15818	1
16886	5613	1
419	453	1
4751	5683	1
16847	5006	1
567	5220	1
5613	16886	1
16847	2284	1
8570	9949	1
16836	16715	1
5373	5373	1
17010	478	1
11697	17109	1
8121	8967	1
5047	2284	1
17110	1254	1
5934	6479	1
10483	11509	1
5893	2284	1
8950	9314	1
16780	3826	1
4237	3412	1
2797	216	1
16502	11540	1
2993	3412	1
15496	10065	1
13599	8924	1
8857	12919	1
6572	9629	1
17111	17112	1
321	1468	1
370	12338	1
13548	9724	1
3821	1502	1
9962	6489	1
14460	10713	1
6319	5442	1
14803	4218	1
7495	7622	1
5217	7452	1
8537	15468	1
944	518	1
8570	9404	1
7556	6938	1
16049	17113	1
14232	293	1
5870	5735	1
7023	293	1
383	382	1
16922	11965	1
15852	9223	1
12787	6361	1
3085	6289	1
10642	11561	1
10483	14105	1
5026	5027	1
11561	10642	1
5027	5026	1
4674	965	1
9620	1152	1
1172	7408	1
13581	14531	1
4751	9058	1
7452	13960	1
13567	11472	1
13960	7452	1
3984	4577	1
1996	12933	1
10507	10984	1
11815	9026	1
8577	8577	1
7800	11135	1
8959	5169	1
17114	17114	1
1905	6354	1
518	993	1
8335	1268	1
5414	1667	1
14503	3297	1
993	518	1
10590	5697	1
11549	5697	1
2883	518	1
16	1142	1
17115	6539	1
17115	17115	1
6101	938	1
12487	16301	1
14193	17114	1
11051	3563	1
14807	7276	1
3645	1273	1
7354	7084	1
16168	7276	1
8886	13573	1
6264	16745	1
2081	4486	1
11014	13573	1
5241	8380	1
293	7023	1
3286	3123	1
938	6101	1
14164	15793	1
11075	10834	1
7288	1771	1
3626	5796	1
3190	5363	1
5796	3626	1
4612	5544	1
1172	11010	1
5766	5130	1
17024	15436	1
16355	4751	1
1573	10801	1
5006	16847	1
4346	3722	1
4553	13172	1
5363	3190	1
3984	7266	1
11820	5892	1
6316	4084	1
8150	16609	1
11201	27	1
14546	15911	1
9807	9695	1
5715	4763	1
17116	17116	1
15116	15115	1
6346	5901	1
5184	6438	1
3262	1108	1
4752	9146	1
5901	6346	1
3276	2937	1
16221	7859	1
9714	16503	1
13667	92	1
16609	8150	1
1103	6927	1
11135	7800	1
13041	13042	1
15938	17048	1
8333	8676	1
8420	4956	1
7979	4956	1
14816	4956	1
9350	16503	1
5348	5349	1
14305	5674	1
13042	13041	1
15745	2480	1
8819	10742	1
15272	6937	1
15110	14482	1
7671	16965	1
7967	15925	1
8570	7331	1
8050	8050	1
92	13667	1
8402	8967	1
5988	8967	1
2480	15745	1
10273	15925	1
4141	8681	1
3323	3444	1
3230	15988	1
13279	3059	1
14663	4206	1
3444	3323	1
5241	1506	1
16965	7671	1
531	6845	1
4100	9863	1
5735	13270	1
6104	8609	1
16965	17117	1
5239	2725	1
7308	6183	1
12164	6307	1
6938	7556	1
10065	15496	1
140	145	1
5282	5217	1
2348	2349	1
12351	6316	1
7901	9962	1
7772	3236	1
15293	15293	1
16289	8262	1
2496	2646	1
2937	16313	1
5217	6614	1
5220	567	1
1006	3432	1
3501	6846	1
17118	17118	1
1407	10571	1
3722	4346	1
8262	16289	1
10434	16537	1
1006	15179	1
5283	10716	1
4577	9388	1
9894	4647	1
5750	2399	1
7919	8707	1
9742	6286	1
17042	5882	1
1200	4988	1
3102	4453	1
8782	16088	1
3984	1932	1
14131	12053	1
11918	5790	1
14798	6843	1
11201	10993	1
1091	13741	1
9997	13237	1
13573	5984	1
3013	3013	1
5130	5766	1
853	9265	1
1740	17040	1
4647	9894	1
7796	17040	1
636	5376	1
4409	3950	1
12095	17040	1
3950	4409	1
4989	4285	1
8452	17040	1
7361	10620	1
10067	17040	1
3456	861	1
5411	8404	1
3984	6954	1
10833	11416	1
12053	14131	1
1108	3262	1
6832	7109	1
8676	8333	1
10737	15435	1
17119	17119	1
17040	7796	1
4677	1595	1
9777	15539	1
3621	15941	1
7630	7993	1
15435	10737	1
9755	9474	1
13606	12837	1
17029	12758	1
8404	5411	1
16718	15474	1
4828	670	1
964	8292	1
16775	15226	1
14763	14762	1
15229	17080	1
13756	4970	1
549	2607	1
5678	8333	1
17030	17120	1
17121	7433	1
4241	5736	1
9391	14796	1
5087	5086	1
13756	4626	1
4868	1558	1
13893	17122	1
15911	14546	1
16787	9031	1
11734	5693	1
4640	6843	1
5086	5087	1
13775	16775	1
12420	2960	1
3950	5442	1
3190	1584	1
17120	17030	1
10738	8779	1
13573	11014	1
17123	6934	1
9265	853	1
8711	5427	1
6934	17123	1
1429	2751	1
8007	16911	1
1192	15336	1
3950	4408	1
478	17010	1
17124	16244	1
8950	12736	1
17115	1734	1
11113	3177	1
13781	8967	1
12029	16891	1
3555	8897	1
5847	16941	1
11201	1618	1
1625	10541	1
3464	8967	1
10476	500	1
1081	9409	1
3392	1781	1
4285	4989	1
1597	13567	1
16892	11689	1
9184	4034	1
3041	6513	1
16606	16607	1
4077	1428	1
9391	8680	1
3738	5128	1
10413	6564	1
16792	11701	1
75	7235	1
15925	7967	1
1568	4692	1
10642	16892	1
8785	11701	1
7688	12094	1
5597	16892	1
13392	12899	1
12485	12485	1
7267	5753	1
12736	8950	1
9031	4692	1
5753	7267	1
10663	2941	1
14477	17125	1
16416	17126	1
1148	4863	1
13424	15346	1
4240	3788	1
10537	11411	1
5376	636	1
5984	13573	1
638	10396	1
15115	13479	1
4237	7780	1
5057	7126	1
17123	8191	1
7053	10502	1
5701	4034	1
645	1108	1
11411	10537	1
16450	9015	1
1526	4835	1
1108	645	1
14563	16638	1
655	68	1
9031	16787	1
13756	12728	1
16258	4632	1
4653	8824	1
8063	8336	1
16607	16606	1
2941	10663	1
1135	2804	1
3984	14844	1
12174	6937	1
16762	10386	1
8336	8063	1
3984	11167	1
1665	3286	1
16892	10642	1
5698	3214	1
17127	16894	1
1871	3260	1
8007	5419	1
17128	10363	1
16844	4374	1
9863	4100	1
13129	5466	1
8386	10386	1
17115	11800	1
8191	17123	1
3984	2427	1
4976	5742	1
9193	4122	1
12899	13392	1
11346	7501	1
5752	11742	1
2721	3781	1
17114	14193	1
11836	10611	1
8460	13932	1
3260	1871	1
10611	11836	1
540	6069	1
11270	6135	1
5546	16663	1
1006	5481	1
6069	540	1
68	655	1
17030	6925	1
14197	3545	1
6894	9300	1
10811	9300	1
13933	16892	1
1922	110	1
10080	10893	1
17129	17129	1
7622	7495	1
15300	1188	1
16999	14695	1
9391	16892	1
4751	3213	1
12793	3216	1
17130	6925	1
4829	16533	1
16533	4829	1
8272	16966	1
13123	10615	1
5698	575	1
8547	5556	1
13851	1987	1
6925	17130	1
5988	11296	1
745	8007	1
5698	710	1
3984	710	1
11767	5924	1
14263	15148	1
5075	10620	1
11274	3102	1
10778	8903	1
13665	510	1
6925	17030	1
11387	8903	1
5268	9290	1
10814	8903	1
482	291	1
11403	8903	1
14132	4167	1
205	395	1
5088	2347	1
7624	5075	1
17030	13509	1
1091	2589	1
10415	6368	1
10620	5075	1
8172	9296	1
5765	2299	1
3984	4198	1
2180	2446	1
10334	11038	1
6146	9470	1
12842	5977	1
1996	2457	1
5541	5542	1
5047	11124	1
7929	4867	1
