10368	5762	1
16982	9436	1
898	3327	1
9436	16982	1
9628	8668	1
14328	15887	1
10677	11270	1
7071	9028	1
15436	17024	1
17025	15079	1
16221	7859	1
6049	4327	1
1539	2584	1
14328	16166	1
7308	6183	1
1595	4677	1
12899	1064	1
10903	9586	1
13367	4206	1
5504	6135	1
17016	8598	1
16544	17026	1
14300	6869	1
6524	2712	1
17027	17027	1
13433	13433	1
17026	16544	1
1064	12899	1
17028	4895	1
11767	12587	1
2337	12281	1
5278	7402	1
2132	15988	1
16584	9876	1
849	10633	1
17027	13908	1
8139	10810	1
13908	17027	1
15171	952	1
5409	46	1
8333	16552	1
3173	16809	1
12989	13123	1
1054	5706	1
14366	8822	1
902	987	1
5690	14420	1
1381	8864	1
12758	17029	1
3043	908	1
4803	4804	1
14886	3295	1
518	3017	1
15911	14546	1
7486	6059	1
1859	645	1
3017	518	1
17030	13509	1
17031	16074	1
17032	1254	1
3802	1461	1
10363	806	1
4246	7776	1
2591	2471	1
16985	4589	1
17029	12758	1
2585	6424	1
7098	5642	1
3767	16313	1
12587	11767	1
4266	12107	1
17033	17033	1
4705	4705	1
6032	12182	1
2584	1539	1
6143	6303	1
14003	3123	1
1281	2048	1
17026	16171	1
4719	11380	1
12107	625	1
15110	14482	1
7508	12217	1
518	3527	1
6891	5666	1
9076	11610	1
16387	12308	1
15037	3546	1
1054	6332	1
3085	6289	1
8076	12537	1
9253	11632	1
16983	16983	1
16289	11640	1
5154	4888	1
9251	10389	1
16657	9949	1
15535	15947	1
16033	16033	1
12372	10798	1
2509	6126	1
5779	2571	1
13021	6352	1
15835	2369	1
16886	5613	1
17034	5195	1
14300	11661	1
6564	7258	1
3528	3836	1
5966	13878	1
17035	17035	1
17036	17037	1
15014	17038	1
8757	7831	1
8552	6961	1
3985	1031	1
3865	6817	1
6678	12102	1
9864	9797	1
10354	10354	1
6524	1373	1
437	861	1
5773	5258	1
1987	13851	1
5343	10494	1
5026	5027	1
6925	7104	1
11979	11979	1
10494	5343	1
12182	6032	1
7622	7495	1
8512	8320	1
3467	651	1
17039	17039	1
16017	13962	1
8763	12134	1
16660	13819	1
4237	7780	1
7517	9816	1
6727	15023	1
12519	13060	1
10120	3480	1
11610	9076	1
12664	12650	1
17040	8452	1
4384	8452	1
7495	7622	1
8452	4384	1
1791	1697	1
13962	16017	1
485	484	1
16420	6564	1
7000	10464	1
4462	3278	1
1758	3456	1
11556	10464	1
5335	17017	1
5327	1139	1
16985	16985	1
17040	10576	1
15416	10972	1
4856	1862	1
1054	9819	1
4589	16985	1
9949	16657	1
8330	7486	1
505	492	1
12537	8076	1
10389	9251	1
8301	8591	1
7489	5972	1
6122	4300	1
5231	4070	1
1231	2616	1
7265	14790	1
2169	564	1
7486	13021	1
17041	15952	1
6524	7561	1
5870	5735	1
6113	11256	1
12494	6282	1
6816	7235	1
9233	17042	1
12086	8591	1
12535	8339	1
9015	15698	1
17042	9233	1
8452	17040	1
6564	16420	1
6524	3262	1
14232	293	1
17026	11582	1
1512	21	1
1054	4591	1
13564	3660	1
9586	10903	1
11256	6113	1
1054	11069	1
15291	17042	1
17043	17044	1
17024	15436	1
12793	16527	1
3068	6127	1
14853	17045	1
210	4614	1
15698	9015	1
9798	6898	1
11687	7012	1
13851	1987	1
6127	3068	1
12161	11591	1
3894	469	1
3443	14172	1
1200	4988	1
7561	6524	1
3262	6524	1
11582	17026	1
1338	1523	1
625	12107	1
11874	11873	1
5057	3942	1
7486	5894	1
6898	9798	1
14366	7012	1
8591	8301	1
7273	5278	1
1054	1394	1
3088	3020	1
13567	11472	1
11390	1660	1
4431	5237	1
3957	5409	1
2605	2604	1
1054	2960	1
16601	12104	1
1054	1081	1
13976	10081	1
3010	11652	1
17046	2882	1
17047	11204	1
5110	1410	1
15023	8975	1
1054	3171	1
14300	7309	1
1183	1184	1
11204	17047	1
13509	17030	1
11026	816	1
16606	16607	1
16851	6495	1
1311	9669	1
8501	6371	1
4333	2543	1
4368	3493	1
13453	1371	1
1996	2457	1
15551	7122	1
293	859	1
7104	6925	1
15938	17048	1
16808	8699	1
17040	1740	1
8328	12580	1
2818	940	1
12456	7831	1
15965	2915	1
8682	15948	1
11622	17042	1
1062	15948	1
8068	2185	1
9959	6483	1
14394	16387	1
2605	11865	1
14411	12732	1
859	293	1
65	13291	1
8975	15023	1
64	13291	1
1605	14197	1
5463	6113	1
6371	8501	1
3738	5128	1
7831	12456	1
46	5409	1
14197	1605	1
11455	344	1
7235	6816	1
15911	16668	1
6104	8609	1
12899	15886	1
14411	14573	1
15886	12899	1
3607	8173	1
10325	15886	1
14197	6860	1
5641	3101	1
8854	11060	1
6313	11781	1
6860	14197	1
7810	4346	1
17049	17050	1
17051	17051	1
16813	11602	1
10464	7000	1
17022	17052	1
17038	15014	1
14613	15886	1
12881	16832	1
17053	14932	1
5678	13900	1
1108	2065	1
8333	13900	1
5894	7486	1
13421	10174	1
7861	2474	1
17047	17054	1
17042	4981	1
6082	6082	1
4601	4601	1
4981	17042	1
6891	7481	1
6282	12494	1
13900	8333	1
10464	11556	1
2528	4905	1
6931	6812	1
16563	8006	1
8894	2426	1
2550	1899	1
6869	14300	1
11661	14300	1
8320	8512	1
5027	5026	1
7032	6127	1
5423	5472	1
2605	10647	1
6316	4084	1
6127	7032	1
1506	5241	1
3190	1584	1
9759	6883	1
3079	2911	1
4346	7810	1
9031	5625	1
6146	7323	1
1390	1746	1
10458	4174	1
5750	2399	1
16911	8007	1
7241	5594	1
17055	7321	1
7321	17055	1
1584	3190	1
5984	15574	1
13573	10390	1
1381	3967	1
5241	1506	1
16546	8261	1
7995	8318	1
7489	5169	1
6315	9364	1
2509	3437	1
5257	12535	1
17053	14836	1
8339	12535	1
16668	15911	1
1939	518	1
11967	16189	1
10067	13187	1
14546	15911	1
9364	6315	1
13187	10067	1
2528	2543	1
9369	6193	1
9966	4409	1
13819	16660	1
13751	4555	1
11434	15535	1
4582	3875	1
15947	15535	1
9207	15459	1
12779	5366	1
2353	1661	1
4951	4955	1
8007	6449	1
12898	9171	1
7715	5357	1
12340	1897	1
17056	1970	1
12970	7986	1
6294	4777	1
16160	6059	1
5028	8721	1
17042	5882	1
800	5076	1
7983	11704	1
4300	6122	1
2852	2610	1
10623	11069	1
6539	3944	1
46	46	1
2610	2852	1
10940	8092	1
10507	10984	1
3020	3088	1
8092	10940	1
10415	6788	1
13166	13166	1
1661	2353	1
1081	2855	1
4777	896	1
17	8936	1
3875	4582	1
11455	5318	1
8609	6104	1
9541	5977	1
4655	5415	1
13741	8668	1
3366	9962	1
4346	4026	1
17057	11899	1
7163	1064	1
4810	7986	1
9335	344	1
8490	2647	1
2179	1578	1
9669	8092	1
10283	7986	1
1054	8532	1
425	1152	1
7986	4810	1
1899	2550	1
1163	1229	1
9330	6513	1
16096	8668	1
9470	6649	1
5570	6264	1
17058	15981	1
6812	6931	1
16055	2011	1
6146	6649	1
5084	9713	1
3483	7608	1
1031	3985	1
9613	10784	1
17059	8668	1
2011	16055	1
518	1939	1
17040	7796	1
472	473	1
4291	4064	1
5366	12779	1
7601	11853	1
9962	7901	1
17060	5539	1
4970	14204	1
1229	17061	1
6193	9369	1
11836	16485	1
5351	14461	1
634	752	1
13868	15550	1
4724	7108	1
3541	752	1
8366	9742	1
6564	16745	1
12562	4769	1
3480	10120	1
7436	3250	1
3996	395	1
5693	11734	1
7813	11734	1
1074	994	1
8336	17062	1
5483	5483	1
10890	14944	1
11121	4029	1
4377	5145	1
6891	7126	1
12115	14944	1
14461	5351	1
4422	2912	1
293	7023	1
12100	14663	1
5442	5442	1
15535	11434	1
385	8722	1
9171	12898	1
11048	15470	1
1054	5090	1
8320	12664	1
9270	1372	1
4709	3298	1
10984	10507	1
12568	6901	1
734	3260	1
7868	5090	1
1237	1884	1
11472	13567	1
17050	17049	1
1152	425	1
10054	7735	1
964	8292	1
8903	11403	1
17044	17043	1
16745	6564	1
1954	3260	1
8294	3260	1
6479	15194	1
17063	12861	1
6788	10415	1
5472	5423	1
17064	14942	1
1064	7163	1
7776	4246	1
4141	8681	1
89	1731	1
13742	13742	1
7859	16221	1
16991	16990	1
17065	4039	1
1739	13742	1
17017	5335	1
4039	17065	1
6611	10492	1
7780	4237	1
370	12338	1
1039	5533	1
10390	13573	1
4910	4832	1
10706	10250	1
10427	11797	1
5984	13573	1
16885	7537	1
16955	16955	1
5546	16663	1
16990	16991	1
7020	10179	1
4084	6316	1
485	2617	1
4011	10080	1
4735	3166	1
1237	5678	1
2474	2473	1
6891	7644	1
13900	5678	1
6925	9605	1
3563	11051	1
4238	2580	1
1371	13453	1
1782	1781	1
689	1623	1
387	2571	1
13548	9724	1
15391	11661	1
17066	17067	1
4951	7512	1
4769	12562	1
1781	1782	1
2939	3471	1
17040	12095	1
8857	9997	1
9862	6245	1
16055	5991	1
2608	4060	1
6649	3753	1
6513	3041	1
11661	15391	1
13381	14041	1
4568	12383	1
10003	4060	1
2997	3561	1
3727	1822	1
8006	16563	1
3978	5125	1
9962	3366	1
11820	5892	1
16789	16790	1
7265	16708	1
5125	3978	1
160	84	1
7512	4951	1
7012	14366	1
8280	14715	1
10026	13032	1
11134	10072	1
5057	7126	1
2426	8894	1
16866	16866	1
4832	16787	1
1139	5327	1
10072	11134	1
6935	5125	1
5641	3100	1
5545	1886	1
4832	4910	1
8547	5556	1
2132	2132	1
1224	4330	1
5625	9031	1
7772	3236	1
7624	5075	1
17068	15436	1
14741	14740	1
2426	2106	1
383	382	1
485	1886	1
2589	1091	1
4751	3230	1
1229	1163	1
6901	12568	1
16031	15822	1
11201	6066	1
2550	17069	1
10252	9554	1
11724	4207	1
8552	1714	1
5711	16646	1
3534	11649	1
17022	6784	1
8619	10738	1
9270	6200	1
5415	4655	1
17070	3255	1
15162	12535	1
7866	1740	1
13032	10026	1
16495	15983	1
4956	8420	1
7023	293	1
4376	2641	1
12932	13273	1
11724	4036	1
6524	8296	1
2112	5244	1
8296	6524	1
10199	12345	1
13493	2578	1
17071	17071	1
11372	13977	1
15878	801	1
12383	4568	1
8063	9389	1
13273	12932	1
12624	12816	1
12834	6928	1
4850	1558	1
13132	13219	1
6513	12565	1
12565	6513	1
11649	3534	1
4384	2873	1
3753	6649	1
17072	17073	1
2605	3658	1
6183	8035	1
15686	95	1
3100	5641	1
6251	2873	1
7434	7913	1
2909	3212	1
8153	6113	1
293	14232	1
5981	6155	1
13851	14197	1
11591	12161	1
1640	1641	1
8092	9669	1
2605	16851	1
1835	9669	1
95	3196	1
15985	16358	1
17074	17075	1
16171	8934	1
10063	10064	1
7267	15720	1
17076	8347	1
11701	8785	1
10476	500	1
861	437	1
4183	5428	1
3212	2909	1
2578	13493	1
2569	2199	1
12655	12655	1
11767	11767	1
2646	7857	1
755	6564	1
5325	14715	1
16663	5546	1
578	17077	1
13790	13790	1
5006	16847	1
5533	304	1
2509	8661	1
5438	7619	1
