15773	10784	1
6743	6068	1
3017	7804	1
10872	12420	1
5307	4905	1
5635	6039	1
3568	2532	1
3287	12816	1
10738	8779	1
11996	7265	1
12816	3287	1
6318	3420	1
16194	12774	1
12435	7157	1
1582	1481	1
6919	13572	1
2542	5588	1
13476	8903	1
6897	13555	1
2532	3568	1
4661	2648	1
2930	3279	1
3843	6213	1
479	15988	1
1619	5266	1
1556	2420	1
12936	14659	1
4485	5142	1
12379	5354	1
6374	1266	1
7265	11996	1
7868	10765	1
9276	9511	1
17266	17072	1
6107	5170	1
8609	6059	1
9511	9276	1
4946	6932	1
17267	9389	1
14240	10153	1
2916	4670	1
5722	16812	1
17268	3013	1
2289	2290	1
10621	1031	1
13687	12650	1
1031	10621	1
12664	12650	1
8609	3965	1
5142	4485	1
3453	4333	1
6039	5635	1
16799	705	1
9329	5457	1
11996	9957	1
6906	1134	1
14747	14747	1
16017	14535	1
9248	7916	1
732	425	1
1030	4677	1
7916	9248	1
16387	10236	1
10522	10522	1
800	5076	1
453	515	1
12096	10478	1
2420	1556	1
396	12917	1
9985	9017	1
10938	8336	1
15548	321	1
1499	889	1
17269	889	1
17270	6824	1
14747	10522	1
386	13453	1
16194	15520	1
14277	2727	1
8709	17220	1
3158	1304	1
5485	5642	1
7487	7488	1
13599	8460	1
14969	17224	1
7723	16166	1
3166	2721	1
4677	1030	1
2721	3166	1
9276	4747	1
17271	4101	1
1714	6673	1
10897	3370	1
1093	6700	1
3068	2116	1
13791	889	1
944	889	1
16066	16066	1
2354	2546	1
414	7355	1
12178	4797	1
8667	8668	1
7605	17154	1
4868	2051	1
12161	16045	1
17272	17272	1
6136	9371	1
12096	9022	1
6673	1714	1
10623	14522	1
12514	6183	1
6523	2429	1
17018	17019	1
13112	17273	1
10716	6183	1
8779	10738	1
1296	1296	1
4174	10042	1
17247	16057	1
3930	2571	1
13445	17245	1
321	15548	1
17178	17177	1
2546	2354	1
3041	6513	1
7625	7215	1
16745	6264	1
1081	997	1
17030	17227	1
16875	9987	1
4747	9276	1
5398	4869	1
10314	5458	1
7235	4555	1
12640	8650	1
5704	11372	1
6562	9718	1
8545	16900	1
16017	17251	1
5216	12142	1
10475	6625	1
13476	12353	1
6897	3449	1
17274	17275	1
732	6161	1
13713	15661	1
3560	2907	1
10736	9477	1
2546	6161	1
11792	9550	1
2601	2602	1
15422	375	1
1093	6453	1
832	12217	1
387	2571	1
266	4598	1
11858	2371	1
2116	3068	1
14535	16017	1
15697	8904	1
5524	7211	1
276	3239	1
5884	15177	1
6419	13590	1
2548	1802	1
4443	4959	1
1560	1228	1
17276	4657	1
732	1022	1
7429	12540	1
11294	15139	1
9945	3514	1
3680	11342	1
11372	5704	1
14559	15750	1
2051	4868	1
17277	3483	1
2678	2749	1
4648	23	1
7551	16533	1
3514	9945	1
9945	10051	1
10810	8139	1
17278	2448	1
10051	9945	1
5779	4559	1
8802	8803	1
7922	7345	1
847	3176	1
16900	8545	1
9550	11792	1
1481	1582	1
645	1859	1
4330	1224	1
387	1184	1
11416	15040	1
371	7165	1
8150	8611	1
9477	9799	1
15687	5585	1
5366	12779	1
8139	12932	1
12832	2993	1
12932	8139	1
8336	17240	1
17186	13260	1
1971	10768	1
3866	2218	1
6811	7056	1
15663	3246	1
10768	1971	1
13580	11779	1
7056	6811	1
3176	847	1
8989	8443	1
6492	5535	1
3262	9498	1
13884	11391	1
414	4955	1
4741	13985	1
17240	8336	1
9270	6200	1
425	2446	1
159	1761	1
14061	3708	1
16953	12932	1
11074	15153	1
3279	2930	1
4934	3603	1
9009	640	1
14754	13350	1
7433	5748	1
16962	3140	1
241	242	1
16557	16037	1
8976	12134	1
6554	7855	1
12400	8521	1
15106	16507	1
7334	16507	1
1556	15385	1
7855	6554	1
10096	14613	1
10897	7550	1
14087	14087	1
17183	13917	1
16452	4206	1
14197	2914	1
3458	3457	1
14535	394	1
8854	13776	1
6306	5852	1
17279	9240	1
13776	8854	1
3041	2914	1
5520	6845	1
3085	6289	1
1229	2914	1
11229	3462	1
14886	9391	1
17249	17248	1
16081	7358	1
17242	1599	1
12399	10023	1
6213	1599	1
10434	16537	1
12400	7138	1
1228	1560	1
3434	15460	1
10642	16892	1
3051	1279	1
12344	5789	1
9718	6562	1
15985	16358	1
1900	3525	1
8896	6562	1
15428	16037	1
512	363	1
8007	5419	1
6183	8035	1
9985	11822	1
2546	5219	1
6562	8896	1
2653	5219	1
3707	12361	1
10475	5161	1
414	15690	1
1022	12361	1
3970	5586	1
9042	16062	1
14152	14001	1
11058	9356	1
13884	14715	1
10685	14025	1
9416	9416	1
3059	623	1
6183	12514	1
10759	2096	1
15385	1556	1
16840	2979	1
2047	10639	1
17280	17281	1
2506	9488	1
4174	5670	1
23	1611	1
10570	8222	1
8611	5096	1
10792	1379	1
5419	8007	1
15789	123	1
8650	12640	1
16067	11483	1
5901	8962	1
1599	17242	1
12540	7429	1
6183	10716	1
15620	8222	1
16147	17282	1
878	3056	1
415	416	1
1711	6627	1
11611	4308	1
14460	10713	1
10639	2047	1
7235	75	1
1996	2457	1
6820	8962	1
12361	1022	1
9488	2506	1
368	3432	1
16756	5862	1
9391	14886	1
17283	16797	1
3576	8962	1
8222	14886	1
6709	1813	1
1512	21	1
11342	3680	1
13067	13067	1
7620	3380	1
17284	16222	1
14886	8222	1
16797	17283	1
15460	3434	1
5897	7487	1
6816	6171	1
14461	5736	1
16083	4093	1
8174	17285	1
6860	2428	1
3233	16950	1
1645	17285	1
17286	2559	1
12595	13083	1
15067	957	1
8368	6119	1
6987	4266	1
5735	5085	1
9356	11058	1
5630	4392	1
9799	9477	1
4174	15976	1
5486	6280	1
1441	21	1
10475	6094	1
16017	13962	1
15566	17054	1
17273	13112	1
4868	29	1
8115	17287	1
17054	15566	1
17288	17054	1
17054	17288	1
13590	6419	1
11537	11537	1
17268	13899	1
16985	8137	1
6081	4662	1
17024	17289	1
3212	1304	1
4345	4346	1
5736	14461	1
13674	12223	1
12196	4657	1
3100	5641	1
10938	11734	1
3521	2571	1
12223	13674	1
4657	12196	1
17257	13826	1
17290	1850	1
40	1661	1
5585	11307	1
8137	16985	1
2353	1661	1
17291	1062	1
1093	717	1
4346	4345	1
5907	1661	1
17267	10200	1
7164	6836	1
3068	6836	1
16037	16557	1
17008	2319	1
2116	6836	1
13985	4741	1
375	15422	1
5577	5920	1
8216	11078	1
8854	11060	1
2420	6836	1
1062	17291	1
5641	3100	1
4144	6836	1
3447	4233	1
4233	3447	1
17227	17030	1
6957	6958	1
11483	16067	1
13524	3186	1
1761	159	1
3462	11229	1
159	2712	1
15976	4174	1
17221	16399	1
2578	10116	1
8934	5819	1
5507	16072	1
12533	11397	1
16885	10623	1
12096	9251	1
17286	5773	1
6613	6286	1
11236	12040	1
14816	5806	1
8803	8802	1
7085	10623	1
5806	14816	1
2907	3560	1
7303	6564	1
1661	2353	1
16891	5164	1
431	5042	1
7006	4287	1
5042	431	1
5164	16891	1
9130	17292	1
8243	5650	1
14341	14340	1
6337	8057	1
3214	640	1
7128	10343	1
15901	15900	1
7711	16503	1
11996	4843	1
2185	2316	1
4087	12660	1
12728	3851	1
68	655	1
10623	7085	1
6611	7776	1
6816	5563	1
4227	12804	1
16062	9042	1
1459	11465	1
13962	16017	1
8521	12400	1
7006	8781	1
5042	9680	1
12732	5161	1
5085	5735	1
15810	8977	1
11397	12533	1
19	6163	1
8977	15810	1
5659	1097	1
3826	5318	1
4083	9825	1
13868	17204	1
9276	14478	1
16273	17293	1
10765	7868	1
9383	9437	1
6376	2979	1
6048	5009	1
6977	12096	1
5520	9570	1
7622	14478	1
17294	17294	1
957	15067	1
9022	12096	1
6611	6994	1
13875	2840	1
14478	7622	1
3738	4327	1
9251	12096	1
1431	366	1
12096	4084	1
9276	16803	1
13925	366	1
320	366	1
17295	16881	1
9977	16426	1
7926	1662	1
1105	6113	1
11068	5503	1
16503	8666	1
16803	9276	1
14478	9276	1
27	5	1
242	241	1
2422	3855	1
5	27	1
10351	9276	1
4935	6127	1
12899	6127	1
15690	16244	1
17296	653	1
4822	589	1
15161	14388	1
7780	7988	1
9276	7622	1
3457	3458	1
5843	12107	1
7622	9276	1
1761	3666	1
702	3575	1
12107	5843	1
8122	420	1
17042	11622	1
8962	3576	1
2616	1935	1
7871	8525	1
12096	8822	1
7006	7213	1
6428	8460	1
8962	5901	1
2653	11167	1
16074	16074	1
4905	5307	1
15835	2369	1
17297	17298	1
1599	6213	1
12570	15062	1
12096	13960	1
1155	11714	1
10023	12399	1
6721	6649	1
6172	8285	1
4084	12096	1
12499	13748	1
8822	12096	1
13960	12096	1
7006	11007	1
7644	6891	1
7126	6891	1
17299	17300	1
3785	1097	1
3583	2763	1
13917	14868	1
17301	9300	1
9330	4613	1
8702	5407	1
7309	7336	1
13129	5466	1
11996	323	1
8805	17302	1
8382	11690	1
2480	2480	1
14849	7901	1
9767	9226	1
4392	5630	1
14831	16389	1
9391	8680	1
7847	9226	1
13769	16061	1
13826	14923	1
10769	4581	1
6280	1548	1
15161	11714	1
5468	11946	1
4004	5192	1
2480	15745	1
17303	17303	1
7407	7407	1
5843	7258	1
6727	6040	1
5176	5977	1
10574	1134	1
11996	5733	1
7235	14820	1
7258	5843	1
7402	7402	1
8280	5627	1
11419	5603	1
9416	5977	1
4581	10769	1
6658	5603	1
9640	7419	1
10096	5673	1
10230	10374	1
5701	4034	1
17304	17305	1
15663	10865	1
4034	5701	1
11779	13580	1
10374	10230	1
10346	10345	1
5687	2363	1
12340	1897	1
16188	17306	1
5510	4734	1
6824	17270	1
14295	428	1
7791	6810	1
1749	1772	1
3825	1062	1
1323	6155	1
7266	4946	1
4034	4946	1
4822	16758	1
14122	2961	1
4946	4034	1
17307	17307	1
10538	9618	1
14868	13917	1
4162	5345	1
428	14295	1
2096	10759	1
11996	4613	1
1563	17308	1
3783	8300	1
7085	8506	1
6845	5520	1
3446	357	1
12514	7930	1
7006	7049	1
1643	9753	1
10096	17105	1
1231	1126	1
15056	17105	1
482	257	1
2578	8852	1
8649	7448	1
17309	17245	1
6530	2902	1
4734	5510	1
3666	1761	1
1093	7162	1
11996	15908	1
16502	11540	1
15106	9966	1
8962	6820	1
12932	16953	1
14944	11650	1
17310	17311	1
540	559	1
13266	7558	1
8506	7085	1
17311	17310	1
9755	2855	1
14066	8214	1
16488	1788	1
8328	12580	1
6127	4935	1
9782	250	1
3857	371	1
12899	15886	1
8214	14066	1
15886	12899	1
6127	12899	1
964	8261	1
15745	2480	1
10140	8886	1
260	261	1
7831	15365	1
10475	8670	1
8219	9009	1
15724	15724	1
16468	16474	1
11622	17042	1
9917	816	1
4726	6783	1
12096	9120	1
17104	2004	1
17312	17313	1
7006	8331	1
6783	2785	1
849	12117	1
1361	1360	1
14791	16898	1
12117	849	1
14714	1485	1
5248	17176	1
5402	16522	1
6530	4755	1
5860	8836	1
16993	16912	1
366	320	1
6810	7791	1
6931	11812	1
5217	6259	1
17219	17218	1
8552	7588	1
1185	1837	1
1788	16488	1
7207	985	1
9276	9692	1
7654	7409	1
7805	9538	1
16533	7551	1
3616	6460	1
14899	11931	1
5406	5407	1
2728	3181	1
745	7551	1
13019	6898	1
6830	2537	1
1886	1623	1
8013	4122	1
4133	4106	1
1093	11605	1
8721	1840	1
