15976	8172	1
10889	4260	1
9411	12308	1
16977	17216	1
6370	13156	1
10154	5547	1
12500	2725	1
5979	7625	1
265	266	1
5049	5185	1
16897	5316	1
1860	6966	1
14411	14573	1
3999	1656	1
1636	7040	1
15691	15664	1
14825	13574	1
7084	16222	1
8711	5427	1
14944	14944	1
17217	6214	1
17218	17219	1
14943	5876	1
10685	15988	1
7215	7625	1
8280	14715	1
13407	14715	1
4690	5043	1
7979	9001	1
3849	6361	1
6897	4020	1
12498	7967	1
10139	7857	1
4959	4443	1
5641	3100	1
17220	8709	1
14595	8610	1
9117	10139	1
1497	3706	1
1859	896	1
5797	5047	1
17221	7228	1
13884	11391	1
11387	8896	1
11565	5547	1
4346	14443	1
16606	16607	1
5378	1921	1
13638	3274	1
2496	2646	1
634	1077	1
4747	10351	1
6897	10054	1
5533	304	1
2678	4032	1
13659	4934	1
4735	3166	1
7810	3110	1
8610	16166	1
5381	10387	1
17222	1283	1
6980	4933	1
17223	1921	1
14238	17224	1
7449	8699	1
8699	7449	1
8609	6059	1
828	3274	1
16920	11112	1
3100	5641	1
8763	12134	1
9966	10478	1
9087	5642	1
53	5794	1
10319	9966	1
9742	329	1
8243	5650	1
16554	6354	1
13898	11301	1
505	492	1
9276	7622	1
1854	11210	1
2297	7604	1
12395	16088	1
7495	7622	1
10973	9095	1
3125	3487	1
12924	11883	1
5415	1611	1
957	15067	1
5084	1358	1
3211	5622	1
15412	9753	1
16194	15520	1
5585	15687	1
2768	3874	1
15153	11074	1
16892	8328	1
8364	11074	1
4747	6492	1
12758	17029	1
3501	6846	1
6082	6082	1
15712	3242	1
14612	6414	1
3930	2571	1
14612	8222	1
4975	5629	1
13989	5684	1
16342	15468	1
11386	12924	1
4864	15119	1
17225	6733	1
540	6113	1
1699	3837	1
6127	4935	1
5684	13989	1
6494	2887	1
46	1832	1
7744	3543	1
15338	3924	1
7449	8810	1
5241	8380	1
5366	12779	1
1489	11120	1
8150	8611	1
17140	17139	1
15468	8537	1
9273	5222	1
4556	3546	1
12772	3493	1
15468	16342	1
9669	3493	1
1756	13007	1
2578	13493	1
2546	6161	1
11074	15153	1
12660	4087	1
4556	4812	1
13473	2981	1
46	1795	1
3085	2992	1
2616	17226	1
11701	4812	1
12881	15792	1
3970	1229	1
1420	5717	1
9117	6513	1
11229	3462	1
7825	5717	1
5042	431	1
431	5042	1
1142	393	1
11767	10250	1
4863	4864	1
14268	13870	1
17030	17227	1
7779	2371	1
5783	5796	1
17155	16901	1
1699	5767	1
1062	2255	1
9626	16817	1
7622	9276	1
16901	17155	1
3970	9159	1
8172	15976	1
1489	2420	1
5521	2189	1
7926	1662	1
14595	2172	1
2578	385	1
1451	1452	1
6952	6183	1
6607	3617	1
1938	737	1
6183	6952	1
7744	13220	1
1795	46	1
395	205	1
3085	6289	1
3701	7705	1
8707	7919	1
17228	7868	1
8611	5096	1
17229	4031	1
3967	1381	1
17154	7605	1
6564	16387	1
1832	46	1
16901	16901	1
13187	13187	1
10889	1903	1
17226	2616	1
16161	5613	1
17230	8783	1
6607	10698	1
10924	8934	1
5650	8243	1
10351	4747	1
17231	15048	1
15113	14454	1
6492	4747	1
17139	17140	1
7120	14444	1
737	1938	1
17232	10811	1
9117	9389	1
5210	7033	1
15856	17233	1
6214	4951	1
7033	5210	1
4032	2678	1
190	203	1
16081	9270	1
6897	4801	1
1184	387	1
1102	2260	1
7228	17221	1
17014	10410	1
12779	5366	1
2973	16317	1
6624	16911	1
3970	4251	1
6952	13145	1
6897	3449	1
14715	13407	1
441	17234	1
5783	2484	1
2420	1599	1
6214	17217	1
3434	8914	1
16057	12201	1
4525	12201	1
3963	17199	1
14612	12553	1
15810	12870	1
396	12917	1
9117	12587	1
17131	1532	1
6897	4101	1
12217	4846	1
8724	12201	1
13061	4267	1
16288	2914	1
1723	1305	1
4246	7776	1
16243	16951	1
16888	17235	1
14715	8975	1
11074	8364	1
7744	9619	1
10465	8347	1
17236	8753	1
3017	2969	1
205	395	1
14787	3186	1
9117	13500	1
1489	5977	1
9446	15514	1
6607	9273	1
9541	5977	1
6607	194	1
4755	1064	1
5365	5888	1
17237	17237	1
5316	9122	1
6607	3176	1
2319	17008	1
1489	4422	1
502	551	1
16358	15985	1
2969	3017	1
10713	14585	1
3970	11465	1
16985	6701	1
3794	4257	1
15514	9446	1
17238	9270	1
906	11858	1
266	265	1
11058	9356	1
3555	8897	1
15438	15438	1
9001	7979	1
14876	15468	1
1532	17131	1
7625	5979	1
10685	6562	1
8704	2979	1
1620	5979	1
3105	2844	1
4621	6193	1
6897	13555	1
5797	9356	1
1489	1913	1
14585	10713	1
2450	12989	1
7897	10713	1
15110	14482	1
17235	16888	1
14482	15110	1
13851	3315	1
5481	3043	1
745	5419	1
16482	16482	1
4657	4885	1
3462	11229	1
15401	15401	1
4846	12217	1
13145	6952	1
12989	2450	1
5783	4830	1
3745	2579	1
2234	3801	1
10140	8886	1
5164	11555	1
540	628	1
2598	519	1
1806	1212	1
9356	11058	1
3707	12361	1
8146	14858	1
12807	6315	1
9117	11321	1
15925	12483	1
387	1184	1
6428	13599	1
2390	2480	1
15468	14876	1
16942	17239	1
14087	12483	1
6607	11341	1
14754	13350	1
8886	10714	1
2646	7857	1
16250	16345	1
17240	12544	1
7868	2886	1
16645	4274	1
1757	932	1
1810	5437	1
14535	17162	1
4020	6897	1
2081	2080	1
10054	6897	1
1283	17222	1
16911	6624	1
4801	6897	1
3449	6897	1
6414	14612	1
2480	2390	1
8222	14612	1
4101	6897	1
2807	8018	1
12553	14612	1
3171	15716	1
6952	8861	1
875	8451	1
8861	6952	1
5076	800	1
5783	5874	1
11094	7983	1
12540	7429	1
6952	9404	1
12806	6836	1
9404	6952	1
7429	12540	1
3970	1900	1
6927	1103	1
15401	14239	1
5619	4349	1
4212	4212	1
6897	5753	1
13034	8296	1
16823	17092	1
3822	2454	1
6927	15818	1
13433	1802	1
11465	1459	1
5704	9147	1
2132	15988	1
3824	2454	1
16715	16836	1
8611	8150	1
15716	3171	1
3144	6266	1
5755	2010	1
3730	8614	1
9117	11407	1
2797	1254	1
6165	8962	1
1489	4290	1
12201	4525	1
6315	12807	1
8854	11060	1
8962	6165	1
6952	8614	1
46	1796	1
6860	2428	1
7825	6373	1
9117	6771	1
1489	4062	1
1903	718	1
2354	15818	1
16184	4525	1
12544	17240	1
10768	1971	1
3110	7810	1
12115	4525	1
5783	5642	1
6607	4162	1
5700	13196	1
3616	9645	1
3237	422	1
4274	16645	1
4838	422	1
12664	12650	1
6932	4946	1
9117	2588	1
13687	12650	1
7916	9248	1
12126	13493	1
9248	7916	1
5783	5772	1
3493	9669	1
6034	2698	1
9240	9527	1
1711	10754	1
11886	9079	1
13196	5700	1
9640	7419	1
17232	3938	1
5783	5142	1
12889	11027	1
3503	6256	1
17240	12793	1
2004	17104	1
13734	1273	1
3862	689	1
6127	12899	1
14851	2722	1
9117	10973	1
5977	9541	1
5000	15411	1
14969	8228	1
9447	9446	1
4829	16533	1
17200	11851	1
1674	1009	1
6956	7634	1
1489	7683	1
12793	17240	1
628	540	1
12932	8139	1
5521	4026	1
4358	9015	1
1599	2420	1
11851	17200	1
17038	15014	1
1930	2114	1
1656	3999	1
8819	11851	1
11301	13898	1
2017	4084	1
6977	4084	1
6897	6887	1
13519	4824	1
12263	12264	1
7825	7089	1
12456	17241	1
14997	1816	1
6316	4084	1
15908	9687	1
1062	3825	1
9386	4181	1
13381	14041	1
905	4576	1
14461	7703	1
5628	294	1
16533	4829	1
294	5628	1
6256	3503	1
8790	16929	1
4556	5051	1
6906	1134	1
5783	4133	1
1489	9268	1
8699	16949	1
640	425	1
6728	16446	1
5972	7998	1
17242	4107	1
5270	5270	1
16345	16250	1
2844	3105	1
5613	7441	1
271	272	1
8949	5862	1
12453	11218	1
4556	11701	1
11472	13567	1
14612	5862	1
13567	11472	1
13215	4195	1
9233	17042	1
16446	6728	1
12094	7688	1
14612	785	1
17243	8572	1
4112	14540	1
15679	8782	1
5283	2493	1
640	1188	1
2590	2493	1
6897	4027	1
5883	3566	1
4334	7695	1
1635	2493	1
1802	2548	1
6897	13021	1
14263	4555	1
4978	5553	1
17244	17244	1
9117	12936	1
2894	186	1
4988	1200	1
6727	6040	1
17245	13445	1
16122	9000	1
17232	974	1
13445	17245	1
3493	12772	1
7441	5613	1
9270	16081	1
15023	10285	1
4917	1462	1
2913	14895	1
3491	3819	1
5783	4763	1
8296	13034	1
530	210	1
17242	168	1
11555	5164	1
168	17242	1
1093	1777	1
6649	16911	1
11227	11227	1
3513	10609	1
6673	1714	1
1462	4917	1
12861	5613	1
4621	6923	1
705	16799	1
9610	9394	1
16537	10434	1
5783	2343	1
4038	16289	1
5419	745	1
9117	15837	1
5407	8702	1
15460	3434	1
8677	3160	1
4824	13519	1
15661	13713	1
3568	2914	1
12498	8702	1
14831	16389	1
785	14612	1
15139	11294	1
2616	1231	1
9695	9807	1
1584	3190	1
1703	1704	1
17246	13445	1
7804	3017	1
5773	3160	1
7641	5169	1
1120	1119	1
15697	3850	1
5177	833	1
14540	4112	1
17123	8191	1
5613	12861	1
8744	15036	1
3190	1584	1
3568	2532	1
640	8421	1
5318	3826	1
13273	16088	1
9807	9695	1
7791	9009	1
7780	7988	1
1231	2616	1
10569	8460	1
10285	15023	1
159	2712	1
2698	6034	1
1661	40	1
5553	4978	1
7988	7780	1
14612	1897	1
385	2578	1
5169	7641	1
12664	13687	1
13687	12664	1
17227	17030	1
14503	3297	1
3970	1897	1
14041	13381	1
8949	15798	1
15411	5000	1
12500	4605	1
6897	4605	1
6897	12946	1
1228	1560	1
13884	5325	1
12395	5300	1
6077	6076	1
15570	12923	1
16371	14565	1
746	14565	1
6977	12898	1
8609	3965	1
9117	16062	1
4084	2017	1
16057	17247	1
17248	17249	1
3434	15460	1
6845	5520	1
14895	2913	1
6119	8368	1
9570	5520	1
10856	16891	1
9517	9517	1
5851	5852	1
4621	7688	1
17250	4973	1
12500	12477	1
5427	8711	1
2162	2431	1
1326	12375	1
13013	17210	1
17239	16942	1
10348	10998	1
2308	6499	1
9300	5546	1
5509	15554	1
4368	5701	1
1636	12011	1
2544	2541	1
1103	6927	1
16956	6344	1
5642	5485	1
9009	7791	1
14612	2480	1
9381	8719	1
3826	5318	1
8228	14969	1
3965	8609	1
8280	12882	1
6901	12568	1
7413	7258	1
2532	3568	1
352	5933	1
4592	5836	1
16911	6649	1
11065	4941	1
8949	3878	1
2114	1930	1
12587	9876	1
16017	17251	1
13961	12500	1
13574	13574	1
12591	13723	1
14201	14019	1
17252	17252	1
7253	6873	1
10232	3487	1
11608	9381	1
640	9009	1
4084	6316	1
17253	14944	1
16902	15700	1
14807	14869	1
238	237	1
17254	3364	1
9223	9437	1
15106	7334	1
237	238	1
7334	15106	1
3783	3600	1
2454	3824	1
1005	7779	1
3801	2234	1
6977	7334	1
9117	6781	1
1897	14612	1
17214	8974	1
3785	515	1
2480	14612	1
5325	8280	1
3364	17254	1
12898	6977	1
240	438	1
9753	15412	1
4763	4561	1
3924	15338	1
7868	12544	1
7334	6977	1
2923	3126	1
150	7779	1
6765	4757	1
15554	5509	1
3856	1304	1
10788	490	1
10642	11111	1
898	1304	1
5299	5793	1
4755	1392	1
3158	1304	1
3212	1304	1
16916	16916	1
11229	2478	1
17240	17240	1
15520	16194	1
2478	11229	1
1200	4988	1
3736	9071	1
17251	16017	1
17255	17255	1
17234	12312	1
13962	16017	1
586	7779	1
14535	16017	1
17240	8336	1
4094	16017	1
16289	4038	1
12312	17234	1
6982	6844	1
13874	4406	1
12672	12275	1
16840	2979	1
17256	15236	1
13826	13694	1
12774	16194	1
13955	9639	1
6069	9325	1
12361	3707	1
11485	11344	1
14968	12596	1
13409	13409	1
11516	16677	1
3970	4909	1
14340	14341	1
205	204	1
7117	9402	1
1329	1330	1
17257	13694	1
8704	10145	1
12870	15810	1
9117	14653	1
1489	3068	1
11063	11064	1
17232	13535	1
3992	11068	1
17210	13013	1
16507	15106	1
5736	14461	1
1983	17258	1
5803	16088	1
509	13580	1
9876	12587	1
1304	3212	1
7012	3160	1
17259	11614	1
3056	878	1
13580	509	1
6843	14798	1
6772	14424	1
14851	1517	1
16900	8545	1
7343	1254	1
16985	15594	1
5549	2052	1
12596	14968	1
11229	3401	1
5382	2483	1
204	205	1
5437	1810	1
8619	7452	1
14969	17224	1
8172	12785	1
14849	7901	1
6697	12785	1
1517	14851	1
12178	4797	1
4174	10042	1
6259	5217	1
5598	6648	1
10042	4174	1
17260	17260	1
5546	10158	1
5509	5722	1
10759	1314	1
11111	10642	1
2433	2588	1
14478	7622	1
689	3862	1
14612	9511	1
6258	5086	1
7859	16221	1
11015	11909	1
9381	11608	1
13864	13979	1
11344	11485	1
16355	4751	1
8139	12932	1
10031	11889	1
6648	5598	1
5563	6816	1
6816	5563	1
7779	586	1
14833	12942	1
10285	8998	1
15023	8998	1
801	1008	1
2541	2544	1
6104	8609	1
13323	8998	1
2702	2826	1
12096	6977	1
6241	8609	1
15576	16671	1
5170	6107	1
2428	6860	1
4762	7158	1
6729	6887	1
12900	7004	1
6646	6246	1
16166	7723	1
7901	14849	1
1667	5414	1
16808	8699	1
8280	4037	1
9511	14612	1
1489	7804	1
5783	3626	1
13932	7004	1
7138	12400	1
16507	7334	1
17261	891	1
4525	16184	1
5521	2579	1
8949	14968	1
8609	6241	1
17262	15291	1
8445	15047	1
5722	5509	1
755	6564	1
2858	4670	1
2622	15047	1
17263	17263	1
5216	12142	1
16719	14844	1
8172	8695	1
11059	7332	1
16787	5952	1
6697	8695	1
14992	8695	1
3970	3949	1
17264	14947	1
14947	17264	1
7004	13932	1
6564	755	1
14321	10094	1
1134	6906	1
7325	8762	1
12500	13961	1
1556	2420	1
8704	5532	1
7626	3581	1
17265	6938	1
12544	7868	1
5546	9300	1
323	4613	1
8512	8320	1
4384	4946	1
4809	3169	1
1489	9300	1
4703	4785	1
9857	6269	1
5248	17176	1
1304	3158	1
8214	14066	1
2420	1556	1
139	1930	1
5627	8280	1
