14317	7188	1
9420	9420	1
7028	14444	1
9105	6564	1
9692	9276	1
2162	447	1
207	7953	1
8591	3196	1
15272	6937	1
8802	8975	1
12861	5613	1
5779	4399	1
17209	17208	1
5613	7441	1
13012	13012	1
4755	4755	1
7441	5613	1
13898	11301	1
17286	5773	1
12774	9824	1
4868	16778	1
12222	2219	1
16171	8934	1
7188	14317	1
5646	5647	1
5795	5795	1
14263	3333	1
14295	428	1
8695	8172	1
15067	957	1
16956	3383	1
13741	16124	1
6428	8031	1
10738	8779	1
10924	8934	1
5789	6987	1
12395	16088	1
11555	5503	1
861	437	1
5901	3325	1
7916	9248	1
7868	7204	1
9009	8219	1
13580	11779	1
11301	13898	1
15050	15050	1
437	861	1
3301	14268	1
3166	4735	1
16399	17221	1
5585	15687	1
9753	1643	1
6783	2785	1
17314	5875	1
5718	5720	1
488	1585	1
4353	1585	1
12889	8940	1
5028	2282	1
4735	3166	1
13737	10620	1
16699	16698	1
7901	14849	1
10066	8966	1
6127	4935	1
6428	10569	1
8460	10569	1
14094	2171	1
1897	12340	1
3353	905	1
11314	6864	1
13741	1091	1
12861	15985	1
17315	17234	1
420	8122	1
11714	15161	1
17316	5244	1
17317	15845	1
7953	207	1
12197	7178	1
12774	13747	1
11624	9234	1
17318	17318	1
2255	1062	1
6428	8460	1
12483	15925	1
12228	7102	1
8219	9009	1
6260	15520	1
17318	13848	1
6428	13599	1
14876	16250	1
6376	2979	1
6513	9330	1
4613	9330	1
14019	14201	1
17195	9136	1
17208	17209	1
986	7490	1
957	15067	1
13848	17318	1
17319	7267	1
595	7480	1
2561	7480	1
1336	7480	1
1022	12361	1
10024	8421	1
17310	6505	1
6736	6183	1
3575	10095	1
8660	8235	1
8115	14540	1
1149	14540	1
11690	8382	1
9120	12096	1
14613	10096	1
5673	10096	1
13445	17246	1
12580	9250	1
17320	17014	1
17210	13013	1
9234	11624	1
16522	17014	1
1099	6424	1
12664	12650	1
3741	15401	1
7558	13266	1
5613	12861	1
1063	1388	1
15985	12861	1
17321	15435	1
2132	15988	1
2467	3864	1
6122	4300	1
10024	6243	1
7544	6198	1
13723	12591	1
9067	6198	1
9276	14478	1
6198	9067	1
13734	5485	1
11972	9391	1
9136	17195	1
14849	7901	1
3738	4327	1
1062	2255	1
6198	12650	1
17014	10410	1
14478	9276	1
13734	11853	1
15435	17321	1
4171	8154	1
9330	4613	1
12196	4657	1
4946	4384	1
3100	5641	1
3176	4652	1
2546	4384	1
7926	1662	1
123	15789	1
17322	6435	1
849	12117	1
5901	6783	1
5603	6658	1
6783	4726	1
15230	10308	1
16692	10870	1
13063	11683	1
5568	1134	1
9718	6562	1
1062	1958	1
13472	12777	1
420	2585	1
414	7733	1
10522	14747	1
13599	6428	1
4300	6122	1
17323	15235	1
2546	6122	1
2763	3583	1
15552	6428	1
13395	13395	1
7810	4345	1
4346	4345	1
2546	3600	1
7741	7031	1
17292	3433	1
3066	3826	1
7624	2537	1
4597	3826	1
8836	5860	1
1958	1062	1
15520	6260	1
15814	3186	1
2546	2973	1
10522	10522	1
1031	10621	1
2894	10541	1
12133	3605	1
573	5289	1
1761	3666	1
10870	16692	1
1091	13741	1
4345	7810	1
2234	3801	1
4887	17324	1
6625	9892	1
10015	4821	1
16604	16605	1
8172	15976	1
2894	2795	1
3166	15889	1
10524	7736	1
7158	4762	1
12340	1897	1
10083	6622	1
6696	2864	1
11934	16638	1
8079	1933	1
5641	3100	1
2750	8036	1
3666	1761	1
14755	10687	1
16533	12870	1
15810	12870	1
2315	1393	1
12900	7004	1
4762	7158	1
6113	11256	1
6460	3616	1
7031	7741	1
299	979	1
17204	13868	1
15789	123	1
15550	13868	1
9226	9767	1
11537	11537	1
3237	3325	1
8924	4783	1
891	17261	1
5977	5176	1
5318	3826	1
2864	6696	1
17055	16414	1
640	3214	1
7309	7336	1
4226	11681	1
13476	8676	1
5088	579	1
11931	14899	1
3747	2961	1
680	9584	1
5870	5735	1
6839	1499	1
13659	12271	1
5577	5920	1
4581	10769	1
14962	3999	1
10074	17325	1
3826	4597	1
6938	17265	1
6562	9718	1
12900	10082	1
16857	9374	1
17326	17324	1
17265	6938	1
5509	15554	1
2894	7288	1
6727	6040	1
1656	3999	1
11812	6931	1
17327	604	1
7495	7622	1
4935	6127	1
9095	14217	1
5278	1662	1
17257	15381	1
5932	4119	1
14762	14849	1
16171	11582	1
16017	4094	1
3640	3640	1
3930	387	1
4370	12758	1
5627	8280	1
5901	3230	1
10769	4581	1
3605	12133	1
2420	1708	1
7355	414	1
6373	7825	1
387	3930	1
7089	7825	1
3235	1642	1
4029	11121	1
3138	5581	1
5717	7825	1
6743	8210	1
12804	4227	1
12128	478	1
12312	17234	1
9009	17328	1
17328	9009	1
7054	12242	1
10308	15230	1
5860	8836	1
16184	4525	1
15663	10865	1
9336	11319	1
1216	5014	1
5000	5819	1
5510	4734	1
8998	15023	1
13734	12161	1
3383	16956	1
1598	1761	1
17149	17149	1
10193	6272	1
14522	8935	1
13140	13140	1
7733	414	1
12836	5355	1
8670	13687	1
3709	3853	1
2137	5355	1
14165	1134	1
2546	1022	1
14612	7086	1
6736	12975	1
4227	12804	1
17314	9193	1
2561	2562	1
8660	9545	1
7722	13073	1
6104	8609	1
1631	2185	1
11159	1241	1
7993	7630	1
5497	9133	1
10713	15365	1
874	28	1
17329	5378	1
1787	6944	1
15976	8172	1
2106	589	1
16636	15918	1
3853	3709	1
1619	1620	1
13063	13064	1
9133	5497	1
9342	7020	1
14762	17293	1
12124	11957	1
11779	13580	1
15106	9966	1
5908	428	1
14761	14760	1
7622	7495	1
15365	10713	1
5402	17321	1
4363	8967	1
1662	5278	1
2894	2019	1
11957	12124	1
2353	1661	1
17245	17309	1
16881	17295	1
16985	8137	1
11058	9356	1
9966	15106	1
14760	14761	1
8860	3708	1
3105	4343	1
4094	16017	1
5581	3138	1
3068	6836	1
9479	6836	1
16193	16193	1
3988	238	1
4036	5670	1
3999	1656	1
2894	1389	1
3258	3216	1
9248	7916	1
9865	9148	1
974	1571	1
2546	1176	1
9018	8498	1
6607	10698	1
6006	6184	1
6790	1201	1
2894	5584	1
5670	4036	1
17221	16399	1
5000	16209	1
10024	7804	1
14868	13917	1
5169	7641	1
371	6188	1
14457	16399	1
2561	3462	1
12108	4293	1
5307	4905	1
4598	266	1
1662	7926	1
2546	3330	1
7066	2064	1
6146	15468	1
16468	5737	1
2855	9755	1
7441	17330	1
17331	17331	1
11339	15478	1
17261	891	1
17295	16881	1
944	3017	1
10095	3575	1
9391	2289	1
4384	5835	1
3899	2042	1
8940	12889	1
17332	3212	1
5835	4384	1
478	12128	1
1134	5568	1
9755	2855	1
16392	16392	1
8792	14552	1
2561	1250	1
6428	16003	1
9966	10335	1
869	6303	1
8717	6706	1
10024	5706	1
10570	8222	1
17324	17326	1
12983	12982	1
16166	7723	1
8611	8150	1
17292	9130	1
4250	2912	1
11455	5318	1
12982	12983	1
6987	5789	1
6925	10713	1
4328	4295	1
1702	3457	1
8220	12503	1
17333	16966	1
16923	8490	1
6721	15038	1
8492	8492	1
2961	3747	1
6952	11947	1
11947	11947	1
3236	3442	1
7276	16168	1
16113	14814	1
1216	1438	1
1912	16168	1
7523	10614	1
8707	10614	1
1304	3856	1
16017	13962	1
11048	15470	1
9193	9488	1
15889	3166	1
16454	16455	1
2134	15878	1
7086	14612	1
1674	12239	1
17334	12777	1
12188	12189	1
7723	16166	1
13110	6332	1
13289	7228	1
12777	17334	1
3893	3893	1
5826	15800	1
17225	17335	1
8208	6260	1
10351	9276	1
15478	11339	1
17336	17336	1
4839	2204	1
14779	11943	1
5176	5977	1
6260	8208	1
4905	5307	1
15996	14215	1
16209	5000	1
13510	12982	1
2961	46	1
4950	8967	1
17196	9607	1
4215	5354	1
17337	17338	1
552	10892	1
17023	12682	1
10892	552	1
7012	3160	1
17339	7712	1
17340	11573	1
11265	15411	1
14222	3515	1
10430	10430	1
2546	2137	1
9892	6625	1
8998	314	1
17341	17154	1
8396	8396	1
13013	17210	1
7167	6017	1
6625	10507	1
17342	17342	1
13962	16017	1
10507	6625	1
17343	5607	1
7538	17344	1
17082	17082	1
7344	4048	1
6891	7126	1
10938	17202	1
2023	3498	1
6811	14025	1
6332	13110	1
13023	17202	1
9212	17202	1
5642	5783	1
