17380	4416	1
6319	6816	1
6765	7205	1
4747	5782	1
2665	4519	1
4101	9863	1
17367	3437	1
1039	304	1
4485	5783	1
3924	13117	1
2315	15290	1
204	205	1
13557	13117	1
6765	9568	1
7060	9589	1
10639	2047	1
396	12917	1
6262	5150	1
9604	17375	1
17350	8076	1
6562	8700	1
9863	4101	1
3826	4597	1
12353	8460	1
3400	2665	1
7495	7622	1
2653	3217	1
11015	11909	1
905	564	1
8700	6562	1
9949	8570	1
14923	13826	1
6765	10927	1
1517	2855	1
5231	5043	1
7988	16241	1
3937	3542	1
7805	9538	1
7448	8649	1
648	1793	1
2549	2553	1
17376	14929	1
672	1731	1
7776	15561	1
5922	5	1
5160	1005	1
7969	7104	1
7223	12048	1
5705	1232	1
17008	7239	1
8609	6059	1
8460	12353	1
7836	3430	1
414	7733	1
4747	4555	1
16194	15520	1
17381	17382	1
14345	2579	1
7367	5536	1
7988	8763	1
7776	8976	1
17375	7336	1
5642	5485	1
13734	5485	1
5307	4905	1
156	155	1
1105	17362	1
6401	6414	1
6765	4905	1
4036	12369	1
5485	5642	1
3950	6171	1
10470	6171	1
6188	371	1
13830	17383	1
16953	12932	1
15047	2622	1
4216	4074	1
8141	4755	1
17384	1840	1
9147	15796	1
4843	11537	1
2665	4303	1
2622	15047	1
6887	6729	1
12804	8081	1
13770	10721	1
2454	3824	1
14297	65	1
5817	5642	1
8164	12592	1
7489	7489	1
14929	17376	1
17385	17385	1
15878	801	1
12626	10061	1
13289	7228	1
17383	13830	1
3056	878	1
222	2190	1
8929	6187	1
6187	8929	1
2483	5382	1
4657	12196	1
5382	2483	1
12196	4657	1
14631	8620	1
6165	8962	1
5705	623	1
9041	7228	1
4747	8222	1
16342	15468	1
16105	17175	1
14869	14807	1
2668	2031	1
2901	13428	1
2044	2045	1
4084	4797	1
10061	13989	1
10476	500	1
4751	16355	1
7273	5278	1
6185	11483	1
27	5	1
7584	5	1
7776	12272	1
17386	17086	1
2617	9335	1
17195	10355	1
9346	9346	1
15120	11416	1
4402	4400	1
14741	14740	1
13404	159	1
13273	16088	1
9110	14124	1
17387	12264	1
2680	6332	1
16703	9607	1
10070	5613	1
5613	10070	1
1371	17192	1
5581	858	1
17379	5740	1
1154	133	1
2193	2349	1
1884	16503	1
5210	7033	1
10574	16503	1
1599	6213	1
8398	14775	1
8935	14522	1
1987	13851	1
6987	4266	1
5752	14292	1
8081	12804	1
3437	17367	1
1571	974	1
2103	7875	1
3925	3268	1
5177	5177	1
12272	7776	1
5628	6854	1
15561	7776	1
11194	10471	1
7229	7228	1
7776	4246	1
2077	1388	1
11345	3601	1
9335	2617	1
12660	4087	1
488	1604	1
3279	953	1
4246	7776	1
9181	9181	1
16703	4801	1
14182	6883	1
3302	515	1
4801	10938	1
3982	1891	1
540	628	1
13538	10938	1
5045	6854	1
439	4888	1
5	1210	1
16484	4721	1
4679	3051	1
628	540	1
10938	4801	1
1661	2353	1
5457	9329	1
6348	10759	1
5705	6913	1
7228	9041	1
13741	7206	1
2819	2832	1
6107	4021	1
17388	15702	1
5099	605	1
3669	16646	1
1210	5	1
4888	439	1
12596	2138	1
10330	7868	1
12971	12972	1
12536	9671	1
17374	6551	1
9273	5222	1
9671	12536	1
155	156	1
10353	4783	1
17389	15788	1
4524	3274	1
17390	15788	1
11472	12009	1
10561	9945	1
3186	14787	1
13851	1987	1
3451	5928	1
7744	4663	1
17161	13409	1
10285	8998	1
10599	15567	1
15002	13516	1
29	4868	1
4959	4443	1
3467	14302	1
900	770	1
5928	3451	1
4485	5774	1
12832	2993	1
6844	6982	1
1839	1987	1
13737	6015	1
1285	4265	1
5537	12832	1
5099	4735	1
5974	3380	1
4747	14117	1
5330	3462	1
13428	2901	1
2667	3462	1
7360	7688	1
6332	2680	1
625	5062	1
16539	16539	1
17391	17392	1
4171	1055	1
12196	12196	1
13187	13187	1
12009	11472	1
4939	15428	1
3669	5715	1
13603	8420	1
1420	5717	1
1971	980	1
17393	48	1
1154	187	1
2051	1558	1
16037	15428	1
3068	6836	1
2047	3743	1
17394	11728	1
1055	4171	1
3315	14197	1
17395	8991	1
16663	15422	1
11459	16301	1
2741	4171	1
6354	16554	1
237	3329	1
16083	4093	1
10002	4363	1
13829	5593	1
2680	9819	1
5485	13734	1
13187	3710	1
5715	3669	1
16703	6787	1
980	1971	1
3757	3758	1
16646	3669	1
15835	2369	1
10721	1884	1
6977	4464	1
8903	13408	1
5364	5364	1
14411	13737	1
17396	17361	1
13739	17212	1
17397	17361	1
13741	1091	1
6294	4777	1
7228	13289	1
12397	12773	1
8040	7688	1
12989	2450	1
10765	11800	1
9819	2680	1
11799	11800	1
9997	8886	1
4345	4346	1
17398	17398	1
1793	4346	1
5402	17321	1
13962	2483	1
7453	1031	1
3366	1514	1
4747	14263	1
15976	8172	1
3333	14263	1
14292	5752	1
1897	12340	1
15435	17321	1
17399	17399	1
4900	12917	1
14728	16067	1
7380	5752	1
5753	5752	1
10145	2979	1
12664	12650	1
17082	17082	1
3268	3925	1
12345	10199	1
3469	3470	1
17400	17400	1
17401	12015	1
3237	422	1
9346	3059	1
8998	5924	1
2330	12080	1
11560	3059	1
1762	3059	1
1660	11390	1
7900	2000	1
65	14297	1
3059	9346	1
14650	6337	1
3669	5958	1
946	2450	1
12015	17401	1
420	2585	1
12899	13392	1
4418	8880	1
2680	6786	1
5705	6786	1
15050	15050	1
2247	475	1
17402	17324	1
4887	17324	1
5871	858	1
5705	5970	1
3353	7645	1
4905	5307	1
5099	2785	1
7776	7621	1
7205	10940	1
17076	6942	1
1617	4310	1
16541	5598	1
6700	4250	1
7308	3364	1
4777	896	1
8640	13032	1
702	3575	1
10938	13538	1
4464	6977	1
1431	366	1
5958	3669	1
1604	488	1
4747	1897	1
17170	1761	1
17242	4107	1
7776	5684	1
15290	2315	1
1853	7372	1
10940	7205	1
17403	3912	1
4868	16778	1
2354	15818	1
17404	17404	1
266	266	1
10116	9593	1
4059	12466	1
13392	12899	1
3669	1506	1
295	107	1
6727	6040	1
11074	15153	1
3509	1462	1
7031	5800	1
4002	5850	1
1506	3669	1
7671	7042	1
4346	3722	1
15153	11074	1
1397	243	1
4073	2138	1
8936	9758	1
1022	12361	1
13059	6439	1
15428	4939	1
9383	9437	1
12361	1022	1
7449	14025	1
9593	10116	1
16956	6344	1
14765	9278	1
11734	7813	1
7780	8938	1
3669	6783	1
4887	5153	1
17324	5153	1
16715	5806	1
17321	7997	1
4363	10002	1
7644	564	1
6638	5812	1
5266	1619	1
2653	5307	1
3822	858	1
1741	4021	1
4443	4959	1
4977	6022	1
17405	17405	1
6977	5979	1
5773	7012	1
16209	9138	1
9945	10561	1
8925	12353	1
17406	16866	1
10614	8707	1
13851	3315	1
5705	8707	1
6409	6397	1
1622	13808	1
3430	7836	1
3710	13187	1
10266	17407	1
6783	3669	1
13408	17293	1
17314	11102	1
12832	5537	1
10561	10051	1
4937	4193	1
12570	15062	1
7000	9138	1
3462	5330	1
4662	6081	1
17408	10452	1
2017	824	1
11556	9138	1
3996	395	1
2806	6600	1
6786	2680	1
2653	4374	1
6600	2806	1
10507	6625	1
9138	16209	1
13503	6788	1
10067	3886	1
3315	13851	1
14699	14277	1
12400	11164	1
11858	906	1
16288	5563	1
395	3996	1
2353	1661	1
13884	8280	1
3743	2047	1
14775	8398	1
5099	5745	1
13741	15840	1
1625	1368	1
3999	14962	1
6637	9300	1
4782	609	1
6171	10470	1
13826	14923	1
3451	920	1
13407	8280	1
4695	3222	1
900	385	1
15790	13203	1
4344	8299	1
856	13326	1
559	540	1
15788	17389	1
13222	9446	1
14787	3186	1
14715	8280	1
15635	640	1
5806	16715	1
14317	6320	1
2855	1517	1
1154	6832	1
11537	4843	1
2270	4936	1
6832	1154	1
974	1571	1
3089	3610	1
974	9428	1
4566	3610	1
9329	5457	1
2038	3610	1
238	2255	1
9428	974	1
8705	10183	1
8036	14612	1
5062	625	1
1809	17409	1
17410	4287	1
8886	9997	1
14807	14869	1
17411	17336	1
10280	5150	1
3706	1497	1
3669	4607	1
5563	16288	1
4607	3669	1
3760	3810	1
5099	2019	1
4171	2741	1
5133	6441	1
12379	3810	1
16241	7988	1
6320	14317	1
8763	7988	1
2077	1514	1
17412	17370	1
1514	2077	1
6816	6319	1
17336	17411	1
17152	14205	1
14612	7086	1
300	14205	1
4575	4619	1
6816	5563	1
10051	10561	1
12080	2330	1
8139	12932	1
5823	7086	1
11387	8896	1
13013	7152	1
17107	4293	1
541	193	1
2255	238	1
1005	5160	1
5705	7520	1
5705	13089	1
4733	4733	1
5099	5769	1
8139	10810	1
8998	16667	1
3420	16426	1
7086	14612	1
13723	12591	1
7810	6108	1
17195	5345	1
15135	11909	1
663	13018	1
7303	8386	1
13580	509	1
7776	6295	1
16503	8666	1
990	990	1
6108	7810	1
17413	12239	1
7776	7106	1
540	559	1
6441	5133	1
7831	10713	1
6213	3843	1
11918	5793	1
1154	3826	1
95	15686	1
7776	10713	1
371	6188	1
7800	11135	1
17414	17414	1
3019	5531	1
11565	9059	1
4034	2496	1
12134	17415	1
7786	12173	1
1741	9937	1
6820	8962	1
17311	2459	1
14394	8962	1
3190	8333	1
4457	5774	1
6810	10639	1
9104	3344	1
17416	6643	1
6034	3344	1
6765	8018	1
10759	1314	1
2496	4034	1
14381	9220	1
16911	6449	1
6171	3950	1
6243	4930	1
10810	8139	1
594	13	1
12932	8139	1
2668	2667	1
1933	1266	1
4251	4789	1
3462	2667	1
9436	16802	1
15062	12570	1
16288	2914	1
3147	12010	1
8880	4418	1
2633	920	1
187	13	1
2667	454	1
3741	15401	1
454	2667	1
13449	13449	1
5897	16207	1
14869	16168	1
3059	1009	1
7840	4091	1
4727	9159	1
1983	842	1
7776	7081	1
16207	5897	1
3344	6034	1
12592	8164	1
13203	15790	1
17417	16666	1
17418	1459	1
193	541	1
12788	17351	1
16666	17417	1
371	1305	1
14612	8036	1
1096	2902	1
17419	17030	1
3722	4346	1
10639	6810	1
6483	6484	1
7085	6810	1
13	594	1
3426	10340	1
485	4044	1
7086	5823	1
1791	4288	1
9959	6484	1
3651	3190	1
17420	12580	1
8243	5650	1
6810	7085	1
5153	17324	1
4747	14478	1
2076	5580	1
10938	12565	1
13538	12565	1
12565	10938	1
1481	1582	1
1599	1009	1
4143	4386	1
2997	3561	1
10920	5301	1
2611	7829	1
2819	7136	1
6982	6844	1
5789	12344	1
5526	4221	1
5366	12779	1
11135	7800	1
5563	6816	1
6927	4056	1
10810	10810	1
16981	2659	1
15687	5100	1
4056	6927	1
6625	10507	1
5049	5185	1
17421	16333	1
10170	10170	1
17401	2383	1
13580	11779	1
14197	13851	1
2420	1009	1
6448	15988	1
4355	2383	1
5653	5653	1
7622	7495	1
7796	9425	1
6788	13503	1
14938	3186	1
14132	15639	1
3085	6289	1
6428	8460	1
17359	8983	1
13599	8460	1
7442	7443	1
2646	3723	1
2383	4355	1
13581	14531	1
7276	14869	1
16168	14869	1
17199	11143	1
7868	16282	1
8998	314	1
6079	7988	1
8460	13599	1
7449	8699	1
10610	15732	1
2646	7857	1
7988	6079	1
8699	7449	1
1884	5463	1
9138	7000	1
11650	14944	1
7449	6699	1
17345	7452	1
7783	5357	1
10083	9808	1
4288	1791	1
12466	4059	1
2297	6492	1
2804	1135	1
6449	16911	1
314	8998	1
3082	5150	1
5818	5110	1
11779	13580	1
842	1135	1
3121	3102	1
13409	17161	1
9470	16911	1
16667	16087	1
5934	4385	1
509	13580	1
11967	8587	1
14944	11650	1
16031	10304	1
12779	5366	1
10699	7116	1
6419	11564	1
12362	11457	1
13574	13580	1
8587	11967	1
13424	5598	1
16911	9470	1
6197	6198	1
16372	8935	1
3211	5622	1
7980	8935	1
17130	5773	1
3716	1485	1
10704	6499	1
4981	14307	1
5463	1884	1
5216	5215	1
5026	5027	1
17422	17422	1
8150	8611	1
13580	13574	1
10070	12861	1
5570	6264	1
10325	15886	1
3447	4233	1
10183	8705	1
17354	2909	1
13255	10574	1
2183	1407	1
5705	5934	1
6198	6197	1
14265	16503	1
1508	2544	1
3258	3216	1
1897	3689	1
5750	2399	1
509	13574	1
17423	4164	1
6081	4662	1
7334	16507	1
16330	16756	1
8018	4144	1
7824	17424	1
12861	10070	1
17379	11481	1
2116	8451	1
8753	17425	1
299	1761	1
1761	299	1
9837	14095	1
8017	6297	1
13	187	1
5577	11124	1
16482	16482	1
11053	12674	1
3364	7308	1
13574	11779	1
5330	3786	1
4748	7863	1
6492	2297	1
7331	7332	1
13572	6919	1
12011	3468	1
13808	1622	1
3515	5850	1
13574	509	1
5862	7157	1
9428	842	1
1245	3058	1
3808	3270	1
5717	1420	1
395	186	1
11779	13574	1
10308	5490	1
10524	7736	1
4172	3689	1
14245	14245	1
7688	7360	1
7031	7741	1
6334	2297	1
1135	842	1
9477	13900	1
941	16345	1
13263	6128	1
2544	1508	1
17392	17391	1
16503	14265	1
7800	5882	1
2819	3278	1
4726	5691	1
12970	7986	1
3768	7764	1
17261	11602	1
689	1623	1
8521	5387	1
5231	4070	1
2193	9706	1
5979	6977	1
2297	6334	1
6934	17123	1
5823	7764	1
12580	17420	1
5715	4983	1
15773	6435	1
13266	8773	1
5556	11602	1
2399	5750	1
16717	11369	1
1096	4946	1
14535	2997	1
4233	3447	1
16751	13399	1
7776	8803	1
3493	4368	1
1750	13574	1
17426	17426	1
3225	11520	1
1062	1059	1
1304	3158	1
3041	6513	1
7157	5862	1
3366	5387	1
11520	3225	1
17123	6934	1
5490	10308	1
9383	14115	1
4941	1483	1
1059	1062	1
6604	6902	1
4141	8681	1
14115	9383	1
323	4613	1
1069	16194	1
1662	7926	1
15641	15773	1
5818	845	1
17427	17428	1
1069	6743	1
6475	15552	1
12568	6901	1
17410	7345	1
7639	6901	1
10667	5300	1
7345	10893	1
5660	1338	1
12344	5789	1
12413	11164	1
6435	15773	1
6729	7345	1
243	1397	1
14540	4576	1
543	2138	1
4787	6901	1
1575	5277	1
4635	5874	1
6435	10784	1
4747	5857	1
9835	12297	1
4735	3166	1
13150	12420	1
7228	7229	1
4250	6700	1
13734	14461	1
4692	9031	1
4735	6270	1
861	437	1
17035	17035	1
447	7568	1
15552	6475	1
4983	5715	1
3136	3270	1
17429	17429	1
3102	3121	1
8763	12134	1
7764	5823	1
10158	5546	1
9069	5000	1
12772	8992	1
824	2017	1
7764	3768	1
6014	5722	1
12932	16953	1
16161	7495	1
10611	15664	1
5711	16646	1
12134	8763	1
6037	9397	1
5485	3561	1
10765	16358	1
13586	4051	1
8907	5690	1
15664	10611	1
16298	3822	1
496	16358	1
16358	496	1
496	17234	1
3138	5581	1
17234	496	1
7926	1662	1
1667	3298	1
3770	1354	1
17080	15229	1
14612	12553	1
