14041	12591	1
12591	14041	1
12414	10103	1
3809	15216	1
17820	17820	1
4386	4143	1
13838	9718	1
12802	13830	1
4939	6454	1
13830	12802	1
14039	4092	1
14779	11943	1
5849	6893	1
12671	12275	1
17887	10123	1
11943	14779	1
5549	1483	1
1481	1582	1
384	12919	1
1307	4335	1
4409	3950	1
5292	6424	1
8451	7654	1
17888	17889	1
13528	15151	1
9718	13838	1
14807	14869	1
7560	12164	1
2481	3786	1
4408	12840	1
7045	11783	1
16738	13138	1
5843	7042	1
12899	10077	1
15183	12417	1
1372	1731	1
6070	17132	1
8420	14816	1
6228	17847	1
9277	6377	1
17773	884	1
8599	11330	1
12562	12559	1
17847	6228	1
7180	6622	1
10033	13528	1
884	17773	1
7179	9378	1
6931	11812	1
11514	9966	1
3391	11537	1
7707	359	1
11602	8241	1
15681	8241	1
6135	8241	1
15794	8241	1
3965	6059	1
11296	9100	1
15171	7042	1
492	7042	1
16607	16606	1
17363	4144	1
10103	12414	1
12892	5684	1
17200	6335	1
13675	7944	1
6335	17200	1
12275	12671	1
15428	16041	1
4751	16355	1
8367	12161	1
9695	9807	1
8950	9314	1
1534	4599	1
6765	7899	1
3583	1709	1
17890	17891	1
16074	16715	1
5862	13023	1
4143	4386	1
1493	1687	1
16239	17892	1
2934	6646	1
4630	4629	1
2675	1009	1
8836	5860	1
11339	14248	1
13289	7228	1
7600	7601	1
12840	4408	1
13348	3718	1
3478	1339	1
6074	2101	1
6265	4516	1
17844	10795	1
16742	13836	1
4204	15865	1
14741	14740	1
3835	805	1
14876	16255	1
4755	11758	1
5334	12446	1
4250	3775	1
6727	6040	1
1220	985	1
13581	14531	1
944	3567	1
6475	5852	1
17893	7195	1
14531	13581	1
1307	456	1
81	80	1
11943	15306	1
11339	15478	1
5635	7885	1
15428	9248	1
7228	13289	1
13851	3315	1
2934	1405	1
8909	12096	1
5854	12758	1
17662	17661	1
17592	14163	1
2346	7257	1
3420	631	1
7411	17591	1
4176	1797	1
9894	7419	1
13999	13932	1
5845	11758	1
10123	17887	1
10552	12819	1
17894	17895	1
13493	2578	1
3992	5503	1
11758	5845	1
805	3835	1
15306	11943	1
15148	15745	1
6947	6748	1
16523	8668	1
17884	2619	1
1307	5348	1
2934	9669	1
13999	8460	1
2820	3019	1
6765	5107	1
9849	7159	1
7596	9690	1
789	2829	1
9936	2578	1
16525	4946	1
2353	1661	1
4946	16525	1
7180	4241	1
2934	3801	1
13836	16742	1
8667	8668	1
12892	8150	1
11824	797	1
17896	16891	1
12717	14858	1
7995	797	1
3767	4415	1
17897	17897	1
4983	4561	1
4176	4816	1
1307	441	1
13976	10080	1
2084	4170	1
12717	5855	1
1499	1499	1
3478	11105	1
9100	11296	1
5685	2351	1
6668	3190	1
12417	15183	1
7868	16527	1
4812	4654	1
13023	5862	1
17898	12285	1
4760	4344	1
16799	6902	1
7363	13596	1
11258	15556	1
17899	12479	1
4863	4864	1
4176	3338	1
16751	13399	1
3119	5652	1
9385	16626	1
7151	2455	1
5348	5349	1
7995	5660	1
17900	17900	1
13626	5258	1
4226	15558	1
11472	13567	1
6117	12671	1
14531	14531	1
1824	359	1
7842	5966	1
17829	16427	1
318	2438	1
2084	1812	1
7228	5642	1
4780	11445	1
4215	7235	1
2475	2416	1
8803	3190	1
1289	1254	1
3190	8803	1
2483	5382	1
13572	6919	1
9369	6193	1
12671	6117	1
5870	9612	1
1661	2353	1
8338	10938	1
16668	15911	1
15898	425	1
13149	425	1
5828	5828	1
5382	2483	1
2721	5796	1
15428	5890	1
2247	4898	1
5635	6039	1
7420	7420	1
6193	9369	1
13567	11472	1
6668	7519	1
6153	15998	1
5318	3826	1
2934	2572	1
7929	4867	1
17197	16769	1
5635	6017	1
6039	5635	1
12361	6951	1
2578	9936	1
6017	5635	1
3568	7012	1
12936	12304	1
7235	4555	1
16631	12304	1
7012	3568	1
17646	17645	1
11086	9368	1
16891	17896	1
13999	8728	1
5635	8728	1
3478	770	1
6857	3817	1
5523	5543	1
15428	10415	1
16274	1898	1
4176	13323	1
5868	7553	1
16626	9385	1
2611	1009	1
8728	5635	1
2619	17884	1
7980	6193	1
17375	7693	1
3950	4409	1
16769	17197	1
11751	11445	1
8803	7780	1
7780	8803	1
4735	3166	1
1003	2782	1
6357	12488	1
3119	15401	1
7235	4215	1
7548	4301	1
5860	8836	1
4679	7292	1
4408	5154	1
4762	7158	1
5068	7158	1
5804	870	1
17817	4525	1
7553	5868	1
4652	3176	1
2576	4397	1
10765	16358	1
14672	14559	1
7228	6769	1
4390	4525	1
11119	11119	1
1667	6352	1
12164	7560	1
13976	5759	1
10814	8903	1
5497	15928	1
2668	2667	1
2346	10236	1
6117	6729	1
6475	6475	1
3426	4484	1
13732	5475	1
15998	6153	1
4430	6270	1
4525	4390	1
6729	6117	1
6936	11820	1
1338	1523	1
3176	4652	1
3824	3822	1
2934	1677	1
2578	13493	1
15428	16037	1
7095	17625	1
2668	6325	1
5660	4537	1
630	629	1
3177	11113	1
11445	11751	1
16605	16774	1
9690	7596	1
14041	13381	1
2934	2478	1
8976	12134	1
5154	4408	1
8985	14198	1
4777	896	1
16774	16605	1
5318	7786	1
1117	1523	1
4663	1822	1
5488	17819	1
10973	6121	1
2934	1305	1
17625	7095	1
13381	14041	1
12134	8976	1
15623	3105	1
13286	2724	1
5972	8962	1
1392	3843	1
11382	9483	1
5543	5523	1
9108	11893	1
3067	6339	1
17901	5169	1
7228	12773	1
3826	5318	1
7786	5318	1
17902	17903	1
9378	7179	1
12372	10798	1
10798	12372	1
1987	13851	1
10778	8402	1
2519	2518	1
15745	15148	1
5694	15470	1
3650	3426	1
11113	3177	1
6183	12913	1
13471	16241	1
3478	5031	1
7792	13961	1
75	3689	1
6919	13572	1
8962	5972	1
2934	3068	1
8068	3685	1
5427	5427	1
14816	8420	1
2033	4374	1
3315	2914	1
2365	8619	1
13826	14923	1
7514	7514	1
8609	6059	1
2934	3450	1
3822	2454	1
1774	4692	1
13851	1987	1
15520	8854	1
9031	4692	1
1523	7702	1
695	12075	1
5635	12021	1
1307	8213	1
1229	3943	1
5613	5689	1
2386	12644	1
4176	8781	1
6783	15664	1
5578	6878	1
8172	17904	1
16358	10765	1
17904	13528	1
53	5794	1
490	5494	1
2915	15307	1
2420	2611	1
13528	17904	1
14105	15847	1
10368	6783	1
15062	12570	1
173	2270	1
6783	10368	1
17830	10384	1
11537	3391	1
8124	12777	1
17320	16522	1
5972	13809	1
4664	4133	1
17204	6057	1
1930	14379	1
14016	7138	1
2846	9058	1
4692	9031	1
12196	7593	1
9391	8222	1
4176	4732	1
17905	17905	1
5880	9924	1
12900	10082	1
797	11824	1
16273	17293	1
4417	17600	1
4939	7138	1
2934	1461	1
6490	4320	1
2934	2441	1
2454	3822	1
16548	13990	1
5689	5613	1
5506	11382	1
5904	5374	1
4200	17876	1
6824	17270	1
17906	6539	1
5231	4070	1
16983	15988	1
11048	15470	1
14716	13137	1
2934	2465	1
17270	6824	1
17876	4200	1
2611	2420	1
12570	15062	1
16199	17882	1
5494	490	1
17645	17646	1
6270	4430	1
17	18	1
8591	7360	1
2934	5090	1
7020	15110	1
1025	2479	1
82	14375	1
1622	12420	1
13732	9268	1
2997	14535	1
14379	1930	1
14317	14535	1
12420	1622	1
3478	764	1
17907	17907	1
16757	17908	1
1307	7495	1
7654	5613	1
12117	8499	1
14503	7042	1
4158	13428	1
6352	7761	1
3392	3492	1
478	15062	1
7811	7857	1
765	765	1
17909	17909	1
8772	6424	1
8466	16399	1
13408	17293	1
7151	6260	1
17910	12855	1
4176	2082	1
5253	536	1
13626	4430	1
4237	8803	1
12784	277	1
17911	8745	1
13732	6328	1
8779	3756	1
10685	14025	1
5642	5485	1
9079	519	1
4668	2912	1
6155	1323	1
6622	7180	1
5110	5818	1
14728	5581	1
4241	7180	1
8803	4237	1
6117	7668	1
14376	14312	1
4026	5521	1
16862	10395	1
13734	5485	1
4850	1558	1
5366	12779	1
13990	16548	1
1307	1913	1
13973	9069	1
10368	14095	1
4170	2084	1
12861	5613	1
13032	1913	1
3286	3123	1
5759	13976	1
10737	12650	1
12021	5635	1
17566	5607	1
17912	8030	1
8333	8676	1
2132	15988	1
2934	3401	1
9610	7404	1
17913	8499	1
4033	17131	1
2934	1977	1
4144	17363	1
1134	8676	1
13809	5972	1
17914	408	1
15382	17915	1
2127	2855	1
5241	8257	1
2855	2127	1
1523	1117	1
3214	3284	1
4176	5075	1
12249	12249	1
10319	8975	1
14849	3190	1
820	3279	1
2270	173	1
6298	14926	1
17014	10410	1
10716	4980	1
4828	5185	1
11445	4780	1
490	261	1
7180	11387	1
17853	6765	1
17366	7831	1
3843	1392	1
16382	10815	1
11072	6958	1
3719	6765	1
6268	17366	1
8339	8328	1
937	17743	1
4525	4801	1
3166	4735	1
14365	10100	1
4801	4525	1
15062	9773	1
4161	4220	1
11150	17653	1
5635	6456	1
3906	17627	1
17875	9773	1
5251	5252	1
14198	9773	1
261	490	1
12482	12919	1
10970	10971	1
14248	11339	1
17916	10611	1
5486	9331	1
17917	17918	1
8335	1268	1
14071	17919	1
17389	15788	1
17390	15788	1
1307	8451	1
16855	12175	1
789	1108	1
10795	17844	1
5154	4888	1
9767	5725	1
10308	17790	1
10687	6771	1
12274	12175	1
6748	6947	1
11387	7180	1
1227	1934	1
6562	12175	1
7180	1373	1
3817	8364	1
5725	9767	1
6369	10282	1
3121	3102	1
16715	16074	1
3119	1378	1
10620	13737	1
15428	12024	1
3190	14849	1
7260	515	1
11502	1612	1
7668	6117	1
2934	6765	1
7714	7753	1
4250	6700	1
12919	17846	1
2200	1686	1
16866	972	1
6700	12816	1
15470	5694	1
10973	9389	1
14535	14317	1
8364	3817	1
4262	3370	1
2351	5685	1
441	7204	1
17649	6786	1
17846	12919	1
12816	6700	1
7180	5943	1
14151	11699	1
496	1624	1
3370	6765	1
1132	4196	1
1687	1493	1
