9997	8886	1
2646	7857	1
12787	3849	1
17659	9612	1
4577	4374	1
8330	5894	1
13573	8836	1
15300	1188	1
5894	8330	1
1307	4755	1
7486	8330	1
4769	4939	1
8609	6059	1
15300	371	1
6987	14226	1
7486	5894	1
17562	17382	1
11034	8864	1
14470	14470	1
3114	8864	1
5320	7023	1
7345	6730	1
16663	5546	1
9001	11563	1
13023	5862	1
7767	14831	1
9527	5701	1
11150	17653	1
10713	8757	1
8530	17442	1
5701	9527	1
13360	9138	1
1509	718	1
4951	4282	1
4287	10687	1
17327	604	1
17441	17442	1
4840	8082	1
8995	8057	1
10687	4287	1
3354	2096	1
2337	1833	1
5699	7126	1
371	15300	1
6918	1361	1
8753	17236	1
6959	10788	1
431	5042	1
11751	7543	1
8959	1998	1
44	10241	1
5979	905	1
9736	5678	1
16168	14807	1
17660	15740	1
6188	371	1
4076	4076	1
4810	2879	1
3196	17637	1
371	6188	1
17637	3196	1
14951	6119	1
2879	4810	1
8622	8622	1
3037	7191	1
17653	11150	1
1077	4980	1
6669	16493	1
12899	15886	1
1105	13354	1
10687	6068	1
4980	1077	1
17452	4100	1
2132	15988	1
15762	5382	1
573	526	1
4033	12899	1
957	526	1
15976	6562	1
14896	664	1
664	14896	1
9226	9767	1
15793	7154	1
12141	14814	1
4951	7616	1
13289	7228	1
9724	3017	1
8335	564	1
16174	3510	1
5241	1250	1
12439	3616	1
12532	5109	1
4748	14646	1
2399	5750	1
4581	10769	1
15740	17660	1
12100	14663	1
17661	17662	1
16423	10289	1
9620	1843	1
17663	5669	1
6119	14951	1
17664	17664	1
6713	159	1
4975	7849	1
14226	6987	1
14522	14522	1
13453	1572	1
110	4629	1
17382	17562	1
1233	3480	1
779	1005	1
12532	2571	1
1224	500	1
3447	4233	1
2337	2336	1
536	968	1
13273	16088	1
17442	6228	1
4556	3546	1
2296	3051	1
5741	638	1
5241	8380	1
44	974	1
8896	9067	1
6815	11063	1
2193	2349	1
7239	1921	1
4300	16568	1
3333	15866	1
4033	4755	1
10765	2885	1
868	1266	1
13187	13187	1
7305	16962	1
3710	13187	1
7735	8200	1
17441	17597	1
3753	4741	1
7767	6177	1
6307	7389	1
17665	12389	1
5402	10742	1
5000	5293	1
6513	9330	1
11342	3680	1
3205	6334	1
1204	9945	1
3383	2554	1
1616	3071	1
8404	5229	1
17031	12624	1
4444	6637	1
5222	9273	1
3205	2248	1
10061	786	1
9695	9807	1
6637	4444	1
6467	5796	1
5796	6467	1
2312	2103	1
1192	2103	1
8962	6165	1
5977	5176	1
5378	2247	1
12992	16029	1
14105	11509	1
16492	9719	1
8174	2138	1
13453	387	1
455	3602	1
14217	10973	1
5386	10982	1
875	8867	1
7010	3507	1
10081	16527	1
14858	17432	1
13724	4034	1
12532	4399	1
17507	17507	1
6730	7345	1
13976	10080	1
680	680	1
2650	5807	1
5949	4162	1
5288	4490	1
9693	12536	1
13851	3315	1
2043	2863	1
9719	4632	1
801	15878	1
12544	7868	1
6268	5683	1
17237	17237	1
2455	7151	1
6068	10687	1
13626	13392	1
5651	16474	1
3485	1570	1
1660	3138	1
8273	2650	1
17666	17666	1
12536	9693	1
11058	8940	1
6338	2446	1
15789	7042	1
7797	16474	1
4951	4955	1
786	10061	1
7825	7089	1
4755	2446	1
5320	9480	1
6625	11513	1
17209	17208	1
6338	2545	1
9767	9226	1
5481	3043	1
2573	387	1
1616	2315	1
6611	16659	1
8629	6639	1
5597	8160	1
4383	5774	1
44	4534	1
7529	7382	1
318	318	1
5910	5910	1
4951	6214	1
6039	8177	1
4951	7512	1
2103	1192	1
888	8838	1
54	988	1
8160	5597	1
14400	2735	1
777	5812	1
5546	15422	1
10384	14020	1
879	878	1
17611	17610	1
17667	17610	1
6268	7315	1
4146	17668	1
2873	8314	1
7315	6268	1
7151	2455	1
1338	5660	1
6228	17442	1
2102	1921	1
8136	12019	1
5683	6268	1
14400	5136	1
7382	7529	1
10765	8451	1
8867	8451	1
44	15	1
2048	1558	1
1637	4112	1
56	2219	1
17014	10410	1
7361	10620	1
17208	17209	1
4023	205	1
9493	4257	1
8799	8800	1
14858	4755	1
7767	4905	1
6183	8035	1
5923	1700	1
10713	7831	1
166	167	1
530	210	1
205	4023	1
8629	7410	1
5699	4905	1
14017	14017	1
1394	10208	1
5980	3069	1
5804	870	1
17592	6496	1
17669	11907	1
7010	887	1
13829	5593	1
4840	6372	1
2843	2832	1
15155	17670	1
11058	5520	1
3354	8959	1
5660	1338	1
3354	5684	1
10713	5684	1
6165	8962	1
1924	13196	1
12239	1674	1
4840	4084	1
16807	12307	1
5241	720	1
6959	3947	1
12861	8867	1
3354	7012	1
4301	636	1
4840	5009	1
14783	11069	1
4724	4812	1
10344	3615	1
17671	14172	1
5628	6854	1
6652	7012	1
7085	1554	1
8335	2169	1
1090	7010	1
1451	2877	1
17304	17304	1
4087	15933	1
17672	5686	1
12532	387	1
1192	2311	1
9719	16492	1
1396	8536	1
5241	8173	1
9736	13900	1
15835	2369	1
7010	1090	1
4174	12369	1
81	80	1
7248	16560	1
7868	12544	1
15933	4087	1
12297	16137	1
16468	5119	1
17673	17673	1
14783	6367	1
4300	1145	1
8704	10145	1
5773	6476	1
16288	5563	1
4276	6850	1
5300	12395	1
16716	7671	1
4167	17674	1
8820	14577	1
8404	8404	1
1700	5923	1
5411	8404	1
8404	5411	1
13477	7020	1
705	1243	1
4523	5054	1
1072	5211	1
2894	5211	1
10899	14370	1
4237	7780	1
6213	1599	1
7868	4632	1
5928	3451	1
10845	10845	1
4088	1419	1
16288	2914	1
3114	10067	1
5241	1506	1
6674	11717	1
3354	6085	1
8411	5362	1
1637	1791	1
3100	9620	1
7098	11002	1
6783	4664	1
13770	10721	1
8998	5924	1
15460	1270	1
35	12719	1
10475	8599	1
7767	12107	1
5042	431	1
8609	6104	1
10713	12774	1
5520	8699	1
1005	779	1
17273	13112	1
221	294	1
1155	11714	1
294	221	1
1822	4663	1
6765	4603	1
3520	4563	1
7767	6481	1
17675	13466	1
17676	7318	1
10713	7776	1
3451	5928	1
10713	15365	1
17677	9126	1
3114	2260	1
17660	13903	1
8141	8404	1
6345	3332	1
12568	6901	1
9002	10932	1
3315	3545	1
1204	2600	1
7108	3545	1
6756	6795	1
12775	6901	1
4660	3545	1
4603	6765	1
14399	13466	1
3498	2388	1
17235	16888	1
14400	4351	1
14938	9819	1
14734	1085	1
3011	10494	1
11513	6625	1
10716	9819	1
15996	10478	1
5981	6155	1
4863	4864	1
271	272	1
9819	10716	1
17585	6382	1
10716	10716	1
16387	6564	1
4853	4852	1
10737	12650	1
8699	5520	1
17248	16251	1
17676	7535	1
17678	17678	1
7000	9138	1
5409	3957	1
7993	5874	1
526	573	1
3514	9945	1
10831	6439	1
9488	7671	1
12312	15911	1
17676	7901	1
17679	15144	1
14849	7901	1
16668	15911	1
17674	4167	1
4939	12400	1
14461	3274	1
12932	3274	1
6153	6154	1
1599	6213	1
7974	5520	1
10415	5027	1
9644	14411	1
4629	110	1
17680	17680	1
3114	14117	1
9936	14672	1
9876	6836	1
9930	12587	1
9067	8896	1
6476	5773	1
15911	15911	1
9644	9644	1
4840	2596	1
530	614	1
1087	864	1
16896	17681	1
6014	5722	1
12422	5456	1
2894	186	1
15334	9931	1
6363	16920	1
1147	1560	1
1096	1517	1
12470	14330	1
6160	6160	1
5980	717	1
1090	8221	1
3114	717	1
4840	5185	1
627	628	1
4178	5185	1
14400	717	1
6069	8008	1
5722	6014	1
11517	11124	1
7622	7495	1
4657	8216	1
3353	7645	1
3849	12787	1
16137	12297	1
17442	8530	1
9736	717	1
5211	1072	1
8854	4107	1
12899	6127	1
11873	11874	1
17682	17682	1
8867	875	1
8998	314	1
922	2900	1
8609	5880	1
5773	7012	1
3722	4346	1
3205	1269	1
2388	3498	1
10870	10870	1
44	243	1
7776	6105	1
6901	11346	1
314	8998	1
878	879	1
1093	6132	1
17683	8539	1
1062	1059	1
4216	2255	1
17648	5773	1
6052	4047	1
14896	5773	1
9392	6854	1
16627	8938	1
14315	9862	1
13826	17257	1
8995	8995	1
9480	4406	1
8974	8938	1
3137	11479	1
7020	13477	1
10879	7008	1
3469	3470	1
16522	10410	1
4840	3399	1
11058	5411	1
10713	6577	1
9391	2289	1
5910	3909	1
13851	1987	1
1900	4029	1
4023	3262	1
3262	4023	1
4951	7671	1
8221	1090	1
1987	13851	1
16956	6344	1
17680	11967	1
7089	6853	1
17409	1809	1
7360	8591	1
10035	9375	1
4029	1900	1
7451	15626	1
10488	6843	1
1809	17409	1
737	1081	1
8899	7521	1
6901	12568	1
9248	4939	1
7010	6132	1
16299	16300	1
8200	7735	1
12564	10845	1
17506	17506	1
4345	4346	1
17684	16420	1
1120	6854	1
8611	5096	1
6843	10488	1
1081	737	1
2554	1384	1
7596	7619	1
2428	4320	1
1059	1062	1
9456	9456	1
14123	9240	1
13492	12551	1
5378	3007	1
6804	17473	1
13493	2578	1
5826	16045	1
7154	15793	1
9936	2578	1
2832	16958	1
7495	7622	1
14663	12100	1
6938	8781	1
15520	8854	1
3545	7108	1
5519	4294	1
13973	6625	1
15162	12535	1
1135	1135	1
11058	3020	1
4743	4917	1
16904	14779	1
3170	8707	1
2578	9936	1
6443	8781	1
17672	16478	1
16799	8062	1
2006	2005	1
8358	11751	1
11768	3641	1
4300	801	1
2311	1192	1
10741	6128	1
12584	801	1
4267	9483	1
17685	17685	1
2706	4475	1
1008	801	1
14807	7276	1
9777	15539	1
15338	7811	1
5362	8411	1
6781	7811	1
4812	4724	1
1517	696	1
17686	16715	1
14831	16389	1
6625	13973	1
3950	10537	1
13354	1105	1
3100	5641	1
8335	1268	1
7811	6781	1
17687	17688	1
10537	3950	1
17689	10990	1
4117	17252	1
4346	4345	1
4294	14947	1
13438	4715	1
8062	16799	1
7901	14849	1
9736	7407	1
14494	2211	1
636	4301	1
17690	16799	1
6294	4777	1
6959	2343	1
4824	11767	1
7521	8899	1
17688	17687	1
3616	12439	1
1145	455	1
17691	17320	1
3354	4554	1
7008	10879	1
7811	15338	1
1050	428	1
17441	14108	1
12153	10163	1
14938	2161	1
7389	6307	1
5504	6135	1
14807	16168	1
12307	16807	1
6135	5504	1
4840	6135	1
7767	2543	1
6128	10741	1
12455	10163	1
2255	4216	1
11751	6445	1
4840	2423	1
6338	541	1
2544	1508	1
8705	5228	1
4038	6347	1
17692	17692	1
12869	14836	1
4921	424	1
717	14400	1
12551	13492	1
16494	14836	1
2315	1616	1
3071	1616	1
11470	14338	1
17081	11369	1
10028	14338	1
10569	12650	1
17693	11166	1
2289	2290	1
17491	14049	1
4351	14400	1
7012	6652	1
6844	8422	1
2289	9391	1
4164	9300	1
10762	10765	1
17694	17694	1
8243	5650	1
334	229	1
11465	5111	1
5650	8243	1
9251	10389	1
9593	10116	1
13212	2205	1
8775	13409	1
6994	15229	1
17471	4981	1
3461	1956	1
7780	4237	1
4424	9671	1
4939	16892	1
5775	17659	1
1509	11369	1
3999	1656	1
16892	4939	1
12532	3930	1
8938	8974	1
10330	7868	1
9771	2096	1
10473	2914	1
6721	5694	1
9477	9799	1
7542	5933	1
5566	3745	1
11943	15306	1
8404	8141	1
3515	5850	1
11002	7098	1
13146	6060	1
15552	6475	1
16107	7705	1
7276	14869	1
4840	14131	1
9736	6182	1
11166	17693	1
5660	4537	1
10623	11069	1
13409	8775	1
7276	14807	1
7868	10330	1
2247	4898	1
4917	4743	1
3176	4652	1
10713	12456	1
4741	3753	1
5243	5694	1
17695	8889	1
11918	5790	1
7671	9488	1
1637	1636	1
15306	11943	1
16708	16715	1
8591	7049	1
6409	7552	1
15410	2349	1
801	1008	1
3590	1072	1
1662	13763	1
14460	10642	1
2422	3855	1
17610	17611	1
13409	13409	1
5305	7033	1
11026	3575	1
6428	12353	1
6392	8643	1
10778	8402	1
3855	2422	1
6080	5161	1
3011	2512	1
10642	14460	1
14411	9644	1
13763	1662	1
17680	11691	1
14559	15750	1
17696	11113	1
4647	9894	1
2091	6325	1
12369	5248	1
14370	10899	1
17204	6057	1
17697	10685	1
5278	5748	1
5843	5164	1
11058	3016	1
8212	11071	1
3787	10685	1
16715	16708	1
16634	16605	1
7000	10464	1
4115	10685	1
4218	14803	1
16387	16585	1
8886	9997	1
17691	17014	1
5520	6127	1
13023	13976	1
10685	3787	1
16527	10081	1
7552	6409	1
15888	334	1
17289	7239	1
5563	7235	1
4933	4167	1
4025	9846	1
2911	3079	1
9894	4647	1
4167	4933	1
2032	3473	1
3404	10507	1
17556	10179	1
7544	10179	1
5164	5843	1
12660	2715	1
4087	2715	1
10741	11988	1
4647	6911	1
3079	2911	1
12134	8763	1
3970	5586	1
16531	17693	1
44	2104	1
13350	9085	1
7780	8803	1
10507	3404	1
7235	5563	1
4178	2423	1
9736	3812	1
7071	12308	1
6218	5793	1
17698	4969	1
13586	4257	1
4751	5683	1
8402	10778	1
3639	17699	1
2138	8174	1
13652	12100	1
7665	1937	1
3114	9957	1
8763	12134	1
5197	8314	1
17196	9607	1
7175	17693	1
7926	1662	1
17693	7175	1
8177	1008	1
2364	8619	1
15539	9777	1
6607	10698	1
8619	10738	1
3114	3177	1
8280	14715	1
10738	8619	1
1204	222	1
4237	8803	1
11472	13567	1
11058	3895	1
4726	12173	1
15385	8950	1
9799	9477	1
1204	2193	1
6367	14783	1
11069	14783	1
2337	5938	1
13751	1898	1
4939	9248	1
13734	859	1
7138	12400	1
2713	2059	1
3754	6649	1
10663	2941	1
1937	7665	1
2317	4840	1
2941	10663	1
3354	3353	1
4069	6911	1
5870	5735	1
15471	13573	1
7143	3756	1
7645	3353	1
10898	17700	1
7236	9314	1
12898	6977	1
13976	13023	1
4778	6911	1
12173	4726	1
13567	11472	1
17680	11330	1
1361	1040	1
8599	10475	1
14803	4218	1
8216	4657	1
13112	17273	1
6977	12898	1
5054	4523	1
4763	4830	1
3022	2248	1
13711	13711	1
6280	9331	1
2715	4087	1
13775	11779	1
6127	5520	1
14088	7061	1
13893	15254	1
8017	6297	1
3354	4569	1
1659	1499	1
17701	4801	1
17409	9229	1
1039	304	1
4743	2901	1
17257	13826	1
3699	447	1
5641	3100	1
166	7088	1
17702	17169	1
7088	166	1
14672	447	1
3138	1660	1
510	13665	1
4801	17701	1
4293	1660	1
4255	17703	1
6158	15579	1
17704	8126	1
4951	5376	1
1619	5266	1
5376	4951	1
15579	6158	1
7801	6924	1
14577	8820	1
15435	17321	1
6284	17644	1
5402	17321	1
7121	643	1
1008	8177	1
7671	4951	1
13599	8460	1
314	313	1
2546	2354	1
7023	5320	1
6494	943	1
6700	8126	1
16634	11815	1
13202	12689	1
10713	17241	1
1192	943	1
5134	2248	1
5005	1660	1
12173	7786	1
2484	4871	1
2354	2546	1
4806	5408	1
17705	16689	1
1204	3284	1
4777	6294	1
1173	6860	1
