5695	2641	1
16525	4946	1
15062	12570	1
2911	10173	1
13455	8354	1
4946	16525	1
3383	370	1
9378	12048	1
8643	10646	1
987	902	1
5694	11372	1
9391	8680	1
370	3383	1
5563	7235	1
206	9300	1
3621	16483	1
6860	16892	1
11296	9100	1
6183	8035	1
9719	16492	1
5282	5711	1
17738	13455	1
580	6436	1
6122	6017	1
4647	3651	1
6187	8929	1
12467	11301	1
10266	14814	1
7071	12308	1
3745	3746	1
15664	6783	1
3762	14849	1
1252	8473	1
9117	6771	1
16592	16594	1
5075	10620	1
14814	10266	1
17739	7598	1
9374	17716	1
2569	7673	1
5202	3767	1
5217	2725	1
11556	9138	1
10614	2004	1
12975	2004	1
17726	3358	1
8929	6187	1
7138	12400	1
3022	2248	1
17740	17740	1
17741	11161	1
10140	8886	1
16855	16855	1
3744	4581	1
8141	8404	1
13903	2077	1
8109	1523	1
13567	11472	1
16483	3621	1
7455	16321	1
17592	14163	1
16594	16592	1
207	4728	1
17487	4909	1
755	2126	1
12875	12874	1
3144	16418	1
2973	2546	1
1509	649	1
6155	1323	1
6730	7345	1
2526	2771	1
17742	13699	1
6860	2428	1
14982	16187	1
7345	10893	1
16328	11823	1
9109	9345	1
17743	937	1
13982	1842	1
17744	17744	1
2973	752	1
7780	4237	1
6316	5043	1
5043	6316	1
937	17743	1
931	996	1
5851	5852	1
17745	2552	1
15692	9592	1
2587	11834	1
17693	8224	1
3014	3015	1
1791	37	1
16525	15032	1
17746	7114	1
4216	4074	1
1659	1499	1
1611	2076	1
576	6414	1
3138	5581	1
17747	10000	1
6897	4020	1
9385	11767	1
2483	5382	1
10000	17747	1
5382	2483	1
17747	17747	1
3651	4647	1
4162	5949	1
17648	5684	1
10140	8050	1
393	1713	1
7644	15459	1
12367	7514	1
17748	2331	1
17749	17749	1
1736	4045	1
957	15067	1
1939	518	1
2205	13212	1
10014	6183	1
3862	13019	1
6673	3408	1
16354	16354	1
2958	6908	1
2578	13493	1
13019	3862	1
3709	4783	1
2725	5217	1
16327	11800	1
16770	10550	1
2576	4397	1
9936	2578	1
6045	10839	1
17691	17014	1
8444	15907	1
2973	2808	1
2337	2336	1
936	937	1
17158	13145	1
13819	9584	1
14741	14740	1
393	391	1
5546	10158	1
3315	13851	1
4011	3901	1
2077	13903	1
15516	13925	1
5520	7974	1
7995	5660	1
9434	966	1
9074	11094	1
1926	9645	1
5222	9273	1
2132	15988	1
17741	13515	1
17750	17578	1
9610	7997	1
16492	9719	1
16597	3334	1
2850	8722	1
3377	8535	1
11574	9888	1
8046	7224	1
4415	2560	1
4617	4184	1
13819	16660	1
7382	7529	1
13187	13187	1
13048	5008	1
5378	1921	1
3715	1485	1
14658	12142	1
3745	2579	1
8925	8924	1
4939	5537	1
9966	11514	1
3491	3491	1
2843	2832	1
5880	6155	1
3520	4563	1
3767	5202	1
7551	12842	1
17024	17024	1
2713	2059	1
12842	7551	1
13851	3315	1
17747	4662	1
17751	17752	1
15746	5326	1
4571	4570	1
16719	16715	1
17745	4980	1
2194	1468	1
6280	2632	1
13647	8592	1
9084	9084	1
9314	7236	1
2138	8174	1
1468	4996	1
905	564	1
4996	1468	1
5628	6854	1
2004	12975	1
12969	6047	1
15380	5341	1
7061	14088	1
3762	6135	1
4977	4431	1
5237	4431	1
1740	3240	1
1736	2901	1
10140	10390	1
12432	12134	1
12758	10836	1
4184	4617	1
4431	4977	1
7974	5520	1
6015	10620	1
4198	4814	1
12896	2829	1
10620	6015	1
7534	7535	1
8018	9431	1
9807	9695	1
17289	17024	1
5922	5	1
1069	1031	1
17024	17289	1
3985	1031	1
6513	3041	1
6804	17473	1
10183	8705	1
16932	7595	1
2973	3541	1
17158	17533	1
5690	1932	1
9704	15109	1
10475	8599	1
1926	1404	1
9431	11160	1
17745	1404	1
1572	3229	1
1468	2194	1
8420	13603	1
3762	17676	1
10065	10065	1
12188	12189	1
2632	6280	1
4580	16062	1
5003	6919	1
12134	17415	1
2454	3824	1
11555	5503	1
2255	4215	1
3824	3822	1
11767	9385	1
5366	12779	1
7071	4857	1
3822	3824	1
10769	4581	1
13761	17753	1
3315	14197	1
1926	2360	1
3151	1558	1
4868	1558	1
3762	5043	1
2641	3265	1
15547	17713	1
2657	3610	1
2004	3186	1
15181	162	1
7236	9314	1
2650	8273	1
13687	12650	1
17390	17389	1
15138	6337	1
4581	10769	1
4921	8173	1
6017	6122	1
10620	7361	1
4250	5850	1
2873	10327	1
4815	2901	1
17754	17755	1
4007	8247	1
4047	3810	1
1103	531	1
8194	4857	1
2797	216	1
5630	3746	1
16255	14876	1
3669	3670	1
14197	3315	1
12660	5800	1
17756	17756	1
10140	4241	1
4087	5800	1
3237	8680	1
16715	16719	1
7466	9100	1
5628	1119	1
10	1108	1
7008	10879	1
11687	8247	1
8247	4007	1
5880	5981	1
8463	8463	1
1956	3461	1
9076	7455	1
8962	6165	1
241	242	1
3457	8776	1
3272	7868	1
12345	10199	1
12779	5366	1
11196	3668	1
15251	7868	1
16855	12175	1
9311	7455	1
7673	2569	1
7071	11031	1
5800	4087	1
15491	17757	1
17758	13705	1
1119	5628	1
6869	7309	1
13150	9346	1
9270	9272	1
4624	5622	1
17322	17084	1
5285	5286	1
13660	16077	1
1469	3723	1
10199	12345	1
12124	15659	1
10461	9992	1
8214	4007	1
17158	10716	1
6475	3668	1
1504	4257	1
7495	13694	1
11372	5694	1
9100	8194	1
5449	5449	1
10805	4821	1
2562	5755	1
1055	17486	1
13272	15470	1
17759	9203	1
15171	7671	1
9992	10461	1
4257	1504	1
6155	5880	1
5167	11458	1
5981	5880	1
6110	7079	1
17760	1305	1
3670	3669	1
2344	5856	1
5678	12565	1
10990	17689	1
7455	9076	1
1431	17718	1
242	241	1
8609	6059	1
2354	3830	1
3598	2007	1
4640	5982	1
7622	7495	1
3954	5283	1
13694	7495	1
16143	3262	1
6997	3251	1
4030	17552	1
14016	12052	1
15835	2369	1
13819	11017	1
14263	4613	1
2539	6798	1
666	6196	1
5932	7832	1
6628	3450	1
11017	9584	1
4159	3852	1
11552	16166	1
1693	222	1
14870	1069	1
5544	5642	1
867	6439	1
5817	5642	1
9520	14058	1
16657	10435	1
13876	3305	1
16207	5897	1
612	5730	1
4346	3722	1
11605	4482	1
9273	5222	1
5660	7995	1
15911	16668	1
1179	1408	1
15422	10158	1
7235	5563	1
5839	12488	1
12953	4429	1
2884	2611	1
6701	16985	1
3938	4429	1
8243	5650	1
1451	1452	1
11372	17761	1
14198	17762	1
13442	14163	1
10247	16017	1
14115	11017	1
6765	7543	1
13279	3059	1
17486	9467	1
16668	15911	1
17149	17149	1
11159	1792	1
9393	9394	1
16438	181	1
9610	9394	1
1452	1451	1
2559	5773	1
14078	1451	1
17763	17763	1
6100	6246	1
8052	9062	1
10096	17105	1
370	9580	1
4586	5490	1
17764	17765	1
10308	5490	1
5424	5691	1
17766	13305	1
1926	4062	1
7969	5164	1
10327	4351	1
7544	5161	1
10836	12758	1
4629	4630	1
5642	3561	1
17767	3773	1
15334	8547	1
9517	8756	1
3480	8280	1
13074	11199	1
13892	8402	1
6334	8280	1
9610	14163	1
13051	13736	1
13323	10285	1
6771	7543	1
17768	17768	1
17486	1055	1
14240	8572	1
13407	8280	1
3559	5630	1
17769	6819	1
6811	8280	1
17741	17741	1
17770	9136	1
13670	14837	1
6122	8280	1
3781	2721	1
10435	16657	1
4292	4174	1
7776	6105	1
10550	16770	1
10061	9228	1
5773	3160	1
8924	8925	1
14837	13670	1
5047	6246	1
12568	2523	1
2397	3399	1
4613	14263	1
14807	14869	1
10103	12414	1
5154	4408	1
1055	16265	1
10285	13323	1
12565	5678	1
15644	7930	1
15365	7831	1
13432	13432	1
7248	16560	1
564	2169	1
2169	564	1
16107	11697	1
14712	12650	1
9345	9109	1
8975	10130	1
2844	2878	1
3324	3325	1
4389	3056	1
4741	3753	1
13273	16088	1
10140	13573	1
7495	7622	1
10839	6045	1
3088	5355	1
4836	10420	1
14690	6997	1
4408	5154	1
95	15686	1
11514	9966	1
5490	4586	1
8547	15334	1
3610	2657	1
2913	8222	1
14849	3762	1
4482	11605	1
6135	3762	1
7997	15436	1
16557	16037	1
10140	6848	1
577	11307	1
17676	3762	1
17748	17771	1
5043	3762	1
2941	4824	1
16715	16074	1
14925	14775	1
9467	17486	1
5642	5485	1
17578	17750	1
12048	9378	1
7997	9610	1
17205	1331	1
2540	4147	1
17123	6934	1
213	1416	1
14565	12217	1
13925	15516	1
10353	8616	1
17766	12709	1
16282	16258	1
3957	5409	1
13912	13912	1
15686	95	1
1180	10435	1
17770	7355	1
1451	14078	1
9610	15436	1
11996	4613	1
6602	3568	1
7089	6765	1
6843	10488	1
17739	6220	1
12464	6506	1
4613	11996	1
5806	6506	1
8273	2650	1
7071	9214	1
10435	1622	1
5630	3559	1
6268	7315	1
17558	891	1
371	17772	1
1462	6506	1
14577	8820	1
6765	7089	1
251	252	1
14904	6911	1
17773	884	1
4824	2941	1
3753	4741	1
10755	3985	1
14876	16255	1
5567	14887	1
7484	3068	1
5457	11751	1
12783	9433	1
6220	17739	1
15205	12804	1
8611	5096	1
15967	15966	1
14343	12447	1
10911	5354	1
12868	12092	1
7926	1662	1
2973	6966	1
2344	2543	1
9246	8176	1
3783	5873	1
5004	2336	1
12488	5839	1
15153	8364	1
891	17558	1
2523	12568	1
10741	13023	1
13477	2303	1
8756	9517	1
6107	5170	1
14887	5567	1
12961	5959	1
14041	13381	1
5959	5959	1
2590	4270	1
17774	3480	1
3965	6059	1
3056	879	1
11767	10250	1
6506	1462	1
7990	93	1
216	1254	1
5033	5017	1
7071	9639	1
2135	3996	1
4020	6897	1
4981	9556	1
3486	3487	1
3125	3487	1
4977	13350	1
9062	8052	1
3487	3486	1
677	15818	1
2205	11414	1
14754	13350	1
3383	2234	1
4270	2590	1
11458	5167	1
1926	6126	1
13350	14754	1
13381	14041	1
15184	157	1
7089	6506	1
4318	9924	1
9610	15469	1
5485	3561	1
5368	2979	1
1584	3190	1
6506	7089	1
5880	9924	1
3014	14239	1
5840	3561	1
1188	6506	1
1008	801	1
15911	15911	1
15878	801	1
9610	7404	1
860	492	1
4747	9276	1
8854	15520	1
6135	7993	1
2997	3561	1
9270	7358	1
715	4651	1
1926	1653	1
15837	6210	1
12970	7986	1
15966	2441	1
12464	5658	1
920	6458	1
2491	17685	1
10432	3079	1
4237	7780	1
17635	17635	1
16037	16557	1
17512	10737	1
17739	12481	1
2973	9300	1
6230	14095	1
3996	2135	1
11836	16485	1
1298	1298	1
10014	9300	1
17366	6268	1
12456	17241	1
5409	3957	1
9300	10014	1
2234	3383	1
3014	2537	1
10736	8333	1
9924	4318	1
6183	10014	1
5949	4162	1
3992	17609	1
14715	8280	1
8852	2578	1
13117	13117	1
1405	17185	1
2345	154	1
13493	2578	1
16397	1662	1
7708	7424	1
11414	2205	1
2578	8852	1
1202	6453	1
2546	3600	1
8544	13361	1
9228	10061	1
2932	862	1
5341	15380	1
6074	5757	1
3229	1572	1
8026	6453	1
2646	6507	1
16017	10247	1
3404	10507	1
6562	8280	1
9067	10507	1
1040	1361	1
8591	7049	1
13840	8280	1
8172	14916	1
9556	4981	1
7088	8280	1
3453	4333	1
396	12917	1
10488	6843	1
17775	250	1
16265	1055	1
1926	2137	1
6107	4252	1
6556	1175	1
11943	14779	1
17776	17209	1
10920	14066	1
11112	16775	1
9580	370	1
5847	15476	1
1713	393	1
391	393	1
14779	11943	1
3272	8707	1
2646	3944	1
3762	2379	1
3450	5090	1
13775	16775	1
3042	5300	1
8722	2850	1
17777	6242	1
6901	12540	1
5110	5818	1
17320	16522	1
3487	3125	1
8544	9931	1
17552	4030	1
5283	760	1
10140	5512	1
1274	760	1
6771	9117	1
1926	1913	1
4293	5897	1
8364	15153	1
6363	6346	1
14315	9059	1
17778	10755	1
1493	6021	1
8840	4555	1
6316	4084	1
10755	10755	1
16485	11836	1
16074	16715	1
4120	15153	1
17779	6460	1
15384	16862	1
13597	13145	1
10755	17778	1
4621	16862	1
10395	16862	1
17774	14193	1
1084	13145	1
7986	4810	1
6860	17130	1
12960	16862	1
4810	7986	1
5773	2559	1
9276	4747	1
5818	5110	1
4084	2017	1
17184	16715	1
1509	1009	1
16288	7235	1
16591	11812	1
5870	5735	1
10319	10173	1
8404	11910	1
627	2523	1
13023	13963	1
3998	10173	1
6346	6363	1
5300	8162	1
17723	17722	1
9325	14904	1
5066	5514	1
1584	4789	1
14844	10522	1
2420	1009	1
5300	5300	1
12481	17739	1
17778	9402	1
15234	14876	1
16594	5415	1
5707	5258	1
11910	8404	1
13361	8544	1
7235	16288	1
5741	638	1
4029	10368	1
5690	7078	1
16740	16740	1
9931	8544	1
5282	5347	1
13744	16288	1
5804	870	1
13741	3455	1
15520	8854	1
5642	5817	1
4735	4070	1
3597	6377	1
5688	8867	1
16591	12385	1
5650	8243	1
10140	8386	1
905	5979	1
8867	5688	1
14193	17774	1
11561	11561	1
4241	6165	1
16274	1898	1
541	1365	1
17774	17774	1
1469	1822	1
4386	9159	1
3190	8803	1
8763	8976	1
1512	21	1
8803	3190	1
2027	2119	1
2878	2844	1
3455	13741	1
1339	1195	1
14591	17676	1
11561	5444	1
6994	14132	1
16387	6564	1
3668	6475	1
3190	1584	1
5845	7331	1
4100	17452	1
93	7990	1
1662	7926	1
7331	5845	1
8974	8938	1
3333	2480	1
5313	3770	1
15067	744	1
14263	2480	1
10140	5984	1
850	95	1
8333	10736	1
7318	17676	1
6727	6040	1
4036	4207	1
10028	14338	1
7012	6270	1
7071	12344	1
801	1008	1
5671	1339	1
17780	17781	1
4351	10327	1
11812	16591	1
9477	10736	1
13088	447	1
15365	10713	1
1898	15745	1
10319	8975	1
7071	11330	1
8776	3457	1
3287	15635	1
744	15067	1
17782	17782	1
16775	13775	1
2496	2646	1
6115	8650	1
17130	9414	1
13083	13598	1
17409	9229	1
17783	9436	1
11823	16328	1
17784	5221	1
2646	2496	1
17659	15579	1
2162	447	1
8360	832	1
988	62	1
15635	3287	1
6564	16387	1
9378	7179	1
3030	3029	1
10654	10410	1
7179	9378	1
7355	17770	1
15539	9777	1
11407	7857	1
5253	536	1
4830	4763	1
2180	4182	1
2336	5004	1
4087	2715	1
3753	6649	1
14901	4146	1
12558	14019	1
157	15184	1
8903	10778	1
17676	7318	1
11314	17732	1
6649	3753	1
2691	1428	1
6891	3345	1
2017	4084	1
6811	14025	1
8178	1835	1
1372	1731	1
12540	6901	1
11751	5457	1
9436	17783	1
9136	17770	1
2646	7857	1
16037	16892	1
2912	10173	1
4788	7502	1
7714	7753	1
3027	3028	1
4411	2183	1
11094	9074	1
5795	5795	1
5904	4135	1
10285	8998	1
4523	5054	1
5190	4135	1
10713	7831	1
16985	6701	1
13032	4368	1
10158	5546	1
17785	6193	1
8492	4724	1
11517	11124	1
