17696	16961	1
8460	13599	1
9741	7516	1
6158	15579	1
8962	6165	1
7178	940	1
7512	4951	1
6214	4951	1
4840	5191	1
6418	5948	1
11372	15579	1
12134	17415	1
8820	14577	1
10003	6135	1
16107	7705	1
11779	13775	1
6316	5043	1
11369	17081	1
14217	13582	1
3399	5813	1
4282	4951	1
3354	5757	1
7616	4951	1
6127	12899	1
15579	6158	1
15579	11372	1
13750	10753	1
9580	370	1
4301	4301	1
10506	1910	1
6721	9834	1
4840	5442	1
4094	1910	1
2143	56	1
5354	12379	1
13851	1987	1
4301	5376	1
4950	9242	1
4589	6513	1
5476	7804	1
7560	12164	1
7767	15357	1
15664	4241	1
7029	986	1
14938	9113	1
11988	10741	1
6700	15385	1
7644	15459	1
2247	4898	1
11606	2498	1
15385	6700	1
1926	4062	1
5859	4049	1
5980	1556	1
12164	7560	1
11993	11994	1
7853	8057	1
8643	6392	1
11485	3306	1
5449	6056	1
14585	5684	1
5391	5684	1
5826	14343	1
812	3361	1
2242	240	1
7023	17653	1
10330	15985	1
6513	4589	1
5411	5047	1
3738	5128	1
355	12840	1
640	5690	1
6475	12175	1
6104	8609	1
5880	8609	1
13962	11031	1
3965	8609	1
16855	12274	1
4166	925	1
12274	16855	1
5520	6127	1
12899	6127	1
8443	1828	1
8767	4589	1
7315	6268	1
7276	14807	1
4241	15664	1
15228	6446	1
9597	3671	1
6165	8962	1
8280	5601	1
4939	6788	1
16855	12175	1
17242	4107	1
17470	17469	1
7868	12544	1
9997	8886	1
8208	8460	1
8924	8925	1
2119	2027	1
4868	16778	1
4415	1009	1
8330	5894	1
4951	7616	1
4257	13586	1
13187	13187	1
4250	6700	1
5690	8907	1
16985	6701	1
6155	1323	1
10139	9239	1
9239	10139	1
4301	636	1
331	332	1
302	301	1
15034	6339	1
13149	16326	1
10061	786	1
4491	9105	1
3545	4660	1
9388	10982	1
786	10061	1
10974	746	1
12970	12970	1
9864	9797	1
17706	15856	1
6117	6729	1
13930	13927	1
5690	4563	1
3520	4563	1
5366	12779	1
6544	11635	1
7282	15886	1
3467	13019	1
1494	2386	1
3824	2454	1
10377	7424	1
14598	7965	1
13969	13567	1
13029	5510	1
7282	7965	1
8280	3480	1
17707	7239	1
17693	11166	1
10685	17697	1
16494	16494	1
14836	16494	1
17708	7239	1
4741	14876	1
7098	11002	1
3186	4632	1
8280	6334	1
447	14672	1
4679	3051	1
4087	15933	1
715	749	1
479	15988	1
428	1050	1
10179	7544	1
4651	715	1
4951	4955	1
13823	12006	1
3085	6289	1
4415	205	1
5047	5411	1
13019	3467	1
12544	7868	1
14956	12450	1
6544	15320	1
6729	6117	1
1323	6155	1
6791	4799	1
15933	4087	1
1987	13851	1
8899	7521	1
4415	3262	1
13196	1924	1
7239	17289	1
6804	17473	1
294	6854	1
10116	9593	1
6446	15228	1
10982	9388	1
8280	13407	1
11344	7521	1
4491	2440	1
1064	12899	1
2901	4743	1
1547	2141	1
10464	7000	1
3186	2004	1
9693	12536	1
3404	4657	1
6544	11719	1
1925	2873	1
1406	12899	1
979	5314	1
371	7165	1
370	9580	1
16310	16309	1
11979	1420	1
16715	15390	1
1547	2915	1
5546	10158	1
3784	1420	1
1560	1147	1
5320	6667	1
3974	2380	1
16956	8314	1
10325	13736	1
4491	6265	1
2521	6265	1
8911	7451	1
5670	10158	1
4087	5800	1
3662	5526	1
11874	11873	1
2742	1266	1
7444	12062	1
13019	3862	1
9593	10116	1
1420	4384	1
1933	1266	1
812	953	1
4424	9388	1
15985	10330	1
17014	10410	1
3745	5566	1
13881	13881	1
2691	13069	1
1828	8443	1
13969	11472	1
14598	9819	1
1714	3408	1
17558	15334	1
14120	14120	1
6573	16210	1
8280	6811	1
5346	868	1
12899	1064	1
4226	11681	1
205	4415	1
14901	14073	1
541	194	1
8280	6122	1
313	314	1
17709	17710	1
578	23	1
7529	7382	1
17607	17606	1
3475	13597	1
4603	9226	1
5520	7974	1
14217	8421	1
5883	3566	1
17711	16923	1
9031	4692	1
2512	3011	1
5628	3377	1
9898	7012	1
14982	16187	1
3377	5628	1
14585	3569	1
4384	1420	1
8767	2616	1
1786	1756	1
2205	13212	1
4485	5890	1
16272	4755	1
5520	9949	1
7542	5933	1
8611	5096	1
2234	3383	1
16742	4205	1
534	12616	1
218	4602	1
6544	5070	1
534	534	1
14343	5826	1
186	2634	1
14585	13747	1
1274	9474	1
696	1517	1
2894	2634	1
8280	14715	1
10821	86	1
9949	5520	1
1547	1517	1
12395	16088	1
7974	5520	1
8610	6883	1
8803	4237	1
10845	12564	1
5431	5755	1
4592	5836	1
2428	4320	1
2508	6669	1
16708	16715	1
3671	9597	1
12840	355	1
14210	16715	1
651	3467	1
5391	3546	1
17712	12719	1
5489	12868	1
3787	10685	1
6418	6563	1
14585	7012	1
10960	12868	1
8854	15520	1
672	673	1
12675	12868	1
12092	12868	1
10082	470	1
8195	12868	1
1853	7372	1
17577	2927	1
7761	7791	1
15171	7671	1
9488	7671	1
5773	17648	1
5923	1700	1
16965	7671	1
7671	15171	1
7000	10464	1
17149	17149	1
11690	2863	1
12714	17625	1
3467	651	1
4047	6052	1
853	2927	1
4491	9268	1
2973	2546	1
5977	2172	1
6319	14754	1
17713	15547	1
6086	6346	1
11601	3541	1
1547	8531	1
14531	13581	1
8533	8614	1
13736	10325	1
7880	8207	1
12868	10960	1
3433	2863	1
15547	17713	1
6544	8614	1
12568	6901	1
13659	15153	1
5641	3100	1
5650	8243	1
6346	6086	1
17207	10855	1
7023	293	1
9898	9391	1
14585	9391	1
6844	8422	1
13917	14868	1
14754	6319	1
17452	5419	1
13839	13956	1
14585	4007	1
7521	8899	1
5222	9273	1
849	3651	1
8031	4802	1
194	541	1
11002	7098	1
2578	13493	1
13245	12365	1
2503	4200	1
9477	10736	1
8609	6104	1
8609	3965	1
8977	15810	1
15520	8854	1
3992	5503	1
2172	5977	1
3498	2388	1
8609	6241	1
13212	2205	1
8177	6039	1
2927	853	1
12868	8195	1
10473	2914	1
9959	15328	1
5511	8476	1
2454	3824	1
9242	4950	1
3753	4741	1
4601	246	1
9898	2028	1
7165	371	1
4087	2715	1
4741	9546	1
5391	11917	1
11372	5694	1
12414	10103	1
9676	9676	1
3100	5641	1
9546	4741	1
14217	16503	1
5773	7012	1
240	2242	1
3051	1279	1
6642	4426	1
996	6373	1
15328	9959	1
9062	8052	1
6721	10345	1
9248	4939	1
6788	4939	1
3344	3345	1
5456	12422	1
4237	7780	1
3111	3108	1
14728	8931	1
4755	16272	1
4415	573	1
17081	11369	1
11699	3345	1
1924	8443	1
6784	896	1
10158	5546	1
10736	9477	1
5320	7027	1
5694	5243	1
8443	1924	1
17648	5164	1
6873	6873	1
7228	13289	1
926	1791	1
7239	17708	1
12422	5456	1
1388	16322	1
14585	6923	1
5812	16814	1
17648	6923	1
17659	5775	1
634	677	1
6467	1332	1
3569	3568	1
4368	13032	1
1996	2559	1
11601	1166	1
13032	4368	1
17404	17404	1
4864	4863	1
17714	17714	1
14064	14064	1
8243	5650	1
3654	14715	1
6638	5812	1
4657	3404	1
14844	10522	1
2559	1996	1
5391	4950	1
4647	9894	1
10821	17055	1
6080	5161	1
4692	9031	1
10476	500	1
3938	6998	1
5119	16468	1
12450	14956	1
4630	4629	1
10839	6045	1
17715	15865	1
17648	5773	1
1429	2087	1
9325	14904	1
16814	5812	1
10133	5898	1
14585	12381	1
677	634	1
10377	5559	1
17716	9374	1
7534	7535	1
14807	14869	1
14585	12774	1
5043	6316	1
16462	14901	1
12970	7986	1
5579	2979	1
5566	3745	1
5813	3399	1
17473	6804	1
1832	46	1
17717	16949	1
10049	2052	1
5642	3561	1
9226	4603	1
7455	9311	1
1924	11858	1
9767	4603	1
4939	9248	1
6544	5188	1
9075	12450	1
11858	1924	1
664	12314	1
12062	7444	1
14400	3009	1
5391	5882	1
11480	9418	1
8610	6307	1
10572	16719	1
5678	12565	1
6307	8610	1
8172	14916	1
9414	17130	1
11601	2647	1
3334	16597	1
8076	6742	1
17718	17719	1
3444	3323	1
5320	7555	1
6307	6883	1
14417	14417	1
13599	8460	1
9477	9799	1
3881	7481	1
5283	3954	1
17720	16769	1
7023	8216	1
15153	13659	1
13851	3315	1
6774	12347	1
2420	1009	1
1700	5923	1
7444	2083	1
812	14443	1
16492	9719	1
9273	5222	1
5890	4485	1
8776	3457	1
9903	17721	1
5789	12344	1
4075	3954	1
4741	3753	1
12347	6774	1
2077	13903	1
4657	8216	1
13985	3753	1
13900	9736	1
1281	3497	1
8216	4657	1
8925	8924	1
5678	9736	1
3812	9736	1
7671	7042	1
11014	13573	1
7407	9736	1
159	13404	1
717	9736	1
8280	6562	1
3753	13985	1
8782	16088	1
14123	8290	1
8280	13840	1
14210	8290	1
3457	8776	1
8720	8720	1
15410	2349	1
17722	17723	1
4840	10677	1
13892	13404	1
3557	16528	1
1659	1499	1
365	6467	1
4812	4724	1
12344	5789	1
6106	17724	1
16528	3557	1
1727	3274	1
5796	6467	1
9736	3009	1
1832	1796	1
3009	9736	1
17676	3196	1
5320	15773	1
5211	2894	1
14210	14844	1
6467	5796	1
16187	14982	1
11946	15773	1
4415	1558	1
5678	5845	1
6531	11767	1
3059	13279	1
16585	16387	1
12779	5366	1
4025	9846	1
10331	1317	1
12100	14663	1
16274	1898	1
15459	7644	1
9138	11556	1
10736	8333	1
8174	2138	1
859	13734	1
16250	2425	1
7424	10377	1
15773	5320	1
11601	1034	1
4550	2358	1
6544	10769	1
7029	5147	1
6045	10839	1
10377	2496	1
5045	6854	1
2756	1508	1
14969	13392	1
14123	13200	1
6135	10003	1
6319	3950	1
5449	13200	1
16940	16940	1
2496	10377	1
7595	4921	1
5504	15397	1
14217	13200	1
3906	17627	1
10140	8886	1
11248	4308	1
2542	5588	1
14663	12100	1
8280	7088	1
12048	9378	1
9378	12048	1
7810	4346	1
7922	5892	1
8676	8333	1
3088	5355	1
6307	7389	1
17714	299	1
2311	9943	1
6721	15468	1
4603	9767	1
17721	9903	1
14840	8540	1
12019	8136	1
2546	2973	1
4609	9607	1
17725	17725	1
8533	6962	1
6055	4135	1
2004	3186	1
6392	8643	1
5391	5392	1
17687	17688	1
12100	13652	1
4937	4193	1
15892	4860	1
299	17714	1
12570	15062	1
11556	9138	1
5000	16983	1
5646	5647	1
13652	12100	1
7223	2480	1
2595	15585	1
7824	8361	1
12565	5678	1
17726	3629	1
16983	5000	1
17727	2619	1
16057	12201	1
5845	5678	1
17709	17728	1
15320	6544	1
10769	6544	1
10273	12483	1
11829	8067	1
14217	9095	1
4193	4937	1
8745	12483	1
9719	16492	1
7141	11905	1
12351	1245	1
12400	7138	1
14087	12483	1
11791	10581	1
5406	5407	1
7083	5531	1
17729	17729	1
8360	8544	1
4940	5988	1
5407	5406	1
28	16803	1
11719	6544	1
1451	14078	1
1898	16274	1
7361	10620	1
11635	6544	1
8137	5622	1
12870	16533	1
1245	12351	1
4840	2317	1
6265	2521	1
14876	16941	1
1662	7926	1
14836	12869	1
3191	4821	1
17627	3906	1
17163	17163	1
4176	8781	1
4581	3744	1
9095	9005	1
6867	12869	1
8886	10140	1
4491	9404	1
1792	11159	1
14969	13840	1
14887	5567	1
17696	17696	1
3545	3315	1
17726	2446	1
6155	5880	1
14263	4555	1
14123	13500	1
5880	6155	1
4491	5799	1
8919	3521	1
552	10892	1
17592	14163	1
17691	16522	1
4820	4821	1
17730	2616	1
2601	17731	1
14598	3171	1
12483	8745	1
10765	4013	1
7868	16282	1
12551	13492	1
13275	8860	1
7025	4603	1
5813	2914	1
10377	16584	1
5449	17409	1
10879	7008	1
17203	16515	1
5812	6638	1
11082	1711	1
16074	16715	1
8767	15385	1
17731	2601	1
11823	16328	1
7622	7495	1
5391	9639	1
6052	4047	1
14585	8803	1
8808	6033	1
9644	11909	1
5391	8803	1
8540	14840	1
16166	11552	1
8333	10736	1
9229	17409	1
7690	15556	1
4415	395	1
3190	8803	1
17697	14284	1
8886	9997	1
2579	3745	1
12701	12701	1
3315	3545	1
13492	12551	1
8372	13861	1
1045	6135	1
6544	13091	1
16426	3420	1
8530	17442	1
7625	7498	1
7079	6110	1
4408	12840	1
3420	16426	1
13493	2578	1
8661	3843	1
16715	16708	1
2138	8174	1
16626	9385	1
12161	16045	1
5078	540	1
16962	694	1
11767	9385	1
3404	10507	1
518	1939	1
17366	10713	1
15515	11314	1
4445	3546	1
11387	8896	1
2337	12281	1
4584	4501	1
15106	11514	1
16619	17504	1
11414	2205	1
16699	16698	1
5825	15800	1
9067	10507	1
12340	1897	1
14904	9325	1
14284	17697	1
10821	3739	1
4346	7810	1
2609	4980	1
6409	7552	1
8860	13275	1
4905	5699	1
10507	3404	1
10765	8451	1
12587	9930	1
7126	5699	1
3212	10761	1
17622	10784	1
2476	5434	1
13471	16241	1
14217	673	1
7409	16803	1
17732	11314	1
4743	16326	1
8452	7130	1
9938	13872	1
10507	9067	1
16282	7868	1
10422	10422	1
12869	6867	1
17733	9276	1
14876	4741	1
5988	4940	1
5581	3138	1
10685	3787	1
3009	14400	1
17734	184	1
3109	5374	1
8803	3190	1
1499	1659	1
7926	1662	1
7495	7622	1
17442	8530	1
3315	14197	1
8609	5880	1
13589	15203	1
1547	7089	1
14210	7089	1
11487	5008	1
1822	1469	1
4399	5779	1
14197	3315	1
10805	4821	1
722	12611	1
4747	9276	1
9930	12587	1
3229	1572	1
4504	3603	1
16241	13471	1
4505	3603	1
11472	13567	1
8049	8702	1
8702	8049	1
7544	5161	1
17735	2912	1
7266	4946	1
2609	4278	1
6135	1045	1
17693	16531	1
15773	10784	1
14197	7108	1
879	2718	1
8824	15718	1
3745	2579	1
5977	7282	1
10738	8779	1
7108	14197	1
12953	17625	1
5086	6258	1
13892	8402	1
10796	1624	1
13091	6544	1
5120	11537	1
1211	17736	1
15424	11972	1
5028	11972	1
14728	3794	1
7455	9076	1
6258	5086	1
13741	13741	1
15718	8824	1
3794	14728	1
3041	6444	1
8886	5984	1
1659	8690	1
6444	3041	1
17327	604	1
15397	7535	1
17418	1459	1
5320	15641	1
3125	3423	1
13572	6919	1
14105	2363	1
8402	13892	1
387	3930	1
16525	4946	1
5984	8886	1
3423	3125	1
3770	5313	1
2771	2526	1
14123	6212	1
12535	11908	1
1547	3020	1
8280	9577	1
11908	12535	1
12840	4408	1
17356	12174	1
1449	1449	1
1132	4196	1
4946	16525	1
246	4601	1
7179	9378	1
1547	9024	1
4946	10715	1
16194	10581	1
8507	3404	1
6985	6985	1
387	2573	1
17504	16619	1
3240	1740	1
13455	8354	1
6783	15664	1
6683	8593	1
6183	8035	1
14715	3654	1
17558	891	1
2715	4087	1
1897	12340	1
2911	10173	1
891	17558	1
11779	6022	1
8280	5326	1
7868	15251	1
6047	12969	1
9117	2588	1
16527	15251	1
1659	3898	1
10758	15618	1
14916	8172	1
14003	3123	1
1547	8181	1
16282	15251	1
11150	11149	1
11314	17732	1
14274	17737	1
1105	13354	1
1665	3123	1
387	2571	1
2641	5695	1
16462	4146	1
5434	16958	1
2997	16045	1
