15210	16848	1
2420	2915	1
7108	3545	1
14478	4747	1
2666	4025	1
11910	11910	1
14746	4260	1
9411	7071	1
16207	5897	1
16590	17502	1
10569	8460	1
11818	11819	1
10165	1921	1
6157	11048	1
2250	768	1
7043	6371	1
6660	9323	1
15106	9966	1
9441	6321	1
14825	15226	1
15461	15474	1
6321	9441	1
9564	5513	1
8932	15039	1
17524	17524	1
9212	9211	1
722	12611	1
6708	8668	1
9644	14411	1
7980	6193	1
2569	7673	1
625	5843	1
3965	8609	1
6245	9862	1
5581	4293	1
10215	6649	1
5523	5544	1
9966	14338	1
17382	6086	1
9287	8404	1
17525	17526	1
5569	4915	1
2172	15691	1
10924	8934	1
15702	8975	1
13884	11391	1
10569	10737	1
14338	9966	1
12259	9414	1
8705	14859	1
4755	1307	1
10118	14932	1
10355	17527	1
4025	2666	1
4422	543	1
17243	9479	1
12340	1897	1
722	924	1
1897	15013	1
4747	1897	1
14411	9644	1
9644	14573	1
7508	8084	1
2677	6052	1
3341	4048	1
7309	3082	1
10569	6428	1
13273	16088	1
10569	15552	1
11556	9138	1
6709	1813	1
5693	4883	1
10765	4013	1
14859	8705	1
5804	870	1
9302	2160	1
2550	1097	1
8336	8336	1
16848	15210	1
2044	2045	1
4777	6294	1
9302	17131	1
9717	12483	1
6146	15468	1
6074	5757	1
1554	5757	1
17528	16584	1
972	17406	1
543	4422	1
12910	12910	1
6428	8460	1
16474	7797	1
12046	12046	1
15810	8977	1
7071	12308	1
13663	10838	1
15869	9324	1
8044	17529	1
16168	14807	1
5627	2765	1
16819	16819	1
447	14672	1
5519	4294	1
3480	10120	1
11472	13567	1
17243	10409	1
13711	14041	1
1135	15375	1
7012	6270	1
5684	13989	1
11121	5234	1
7508	7989	1
17530	10839	1
1972	2742	1
15869	15868	1
6458	945	1
8425	8295	1
8404	9287	1
1972	3278	1
6458	2450	1
3447	4233	1
3545	4660	1
341	344	1
7487	5897	1
1897	4747	1
17531	10966	1
16172	17499	1
14938	3186	1
7508	2712	1
9470	6649	1
15194	6479	1
9669	6479	1
9302	3438	1
1307	14153	1
14263	4613	1
9302	16009	1
10116	9593	1
12584	801	1
6458	11934	1
9031	4692	1
10569	12650	1
3794	5608	1
17532	3601	1
7305	16962	1
1134	10736	1
3849	5859	1
5859	3849	1
139	853	1
1972	5732	1
3105	10922	1
7508	11315	1
8460	8208	1
14975	11315	1
3237	422	1
17442	7125	1
4717	3463	1
6637	4444	1
2259	4903	1
3511	13145	1
11799	11800	1
17218	17219	1
17404	17404	1
6728	4131	1
12046	5518	1
7859	7512	1
1661	2353	1
7468	228	1
5347	5282	1
7012	7711	1
17437	17533	1
242	241	1
9862	8290	1
9885	13145	1
7622	7495	1
241	242	1
6479	15194	1
155	156	1
8140	11157	1
14943	5876	1
7943	4157	1
7508	207	1
16847	16847	1
14754	13350	1
16390	16212	1
1972	5031	1
17494	3321	1
6816	2484	1
7548	1997	1
4051	6322	1
10473	2484	1
1972	4308	1
11560	3059	1
7031	7741	1
10120	3480	1
8673	3992	1
17534	3059	1
3059	11560	1
15702	9671	1
1993	2972	1
11048	6157	1
15552	3668	1
17519	16920	1
6458	592	1
2045	2044	1
9211	9212	1
1120	869	1
4747	4555	1
5735	14578	1
8208	8460	1
2552	329	1
14664	3544	1
11157	8140	1
17535	17536	1
7863	4592	1
9302	4581	1
8379	12197	1
17537	13509	1
6105	7776	1
3850	847	1
3503	6256	1
3534	4061	1
5280	9389	1
10569	8031	1
7648	5307	1
12973	7776	1
540	6069	1
16	13	1
9931	15334	1
869	1120	1
4246	7776	1
16785	16919	1
17031	3587	1
4346	4026	1
17243	5934	1
15290	1427	1
8044	2588	1
8705	4671	1
3262	9498	1
13567	11472	1
17314	11186	1
10569	13599	1
8934	10924	1
7259	13671	1
6256	3503	1
722	7819	1
5757	10839	1
4250	6700	1
5627	3335	1
2784	11890	1
409	414	1
5897	7487	1
14672	14560	1
8140	8121	1
7248	16560	1
1933	8079	1
5627	5096	1
14677	8435	1
7673	2569	1
3059	17534	1
16066	16066	1
7741	7031	1
11560	17534	1
7776	6105	1
14001	17193	1
9300	17538	1
1519	6722	1
4047	3810	1
3970	5586	1
2855	1517	1
6475	16663	1
14943	11170	1
16166	8610	1
6052	2677	1
1517	1599	1
6199	4753	1
8018	2807	1
17539	17185	1
13671	7259	1
12046	1842	1
1599	1517	1
15702	12545	1
9966	11514	1
17540	15239	1
9239	6845	1
4521	5269	1
5904	5374	1
6962	8533	1
12791	17541	1
10879	7008	1
7859	6977	1
6184	7095	1
6199	6643	1
291	2202	1
12821	9646	1
3774	8629	1
2778	12150	1
12861	5613	1
9633	3603	1
17541	12791	1
6193	8820	1
1452	1451	1
8699	5520	1
6845	5520	1
6479	9669	1
10687	6883	1
801	12584	1
8121	8140	1
4755	14858	1
573	526	1
16272	14858	1
540	5078	1
1972	4162	1
6364	5520	1
12881	16832	1
389	1842	1
1362	2742	1
17489	13689	1
5977	9416	1
2730	2742	1
7502	4788	1
5546	10158	1
5047	5893	1
4935	6255	1
3433	2863	1
11690	2863	1
6188	371	1
6936	15773	1
13675	5948	1
13573	8836	1
3985	3103	1
6486	4577	1
8836	13573	1
14858	4755	1
4577	6486	1
17326	17324	1
8705	15665	1
10736	1134	1
7755	1284	1
14760	14761	1
1134	7019	1
6649	10215	1
15422	10158	1
8609	3965	1
11555	5503	1
847	3850	1
7512	16777	1
16332	11160	1
5716	11823	1
4037	6883	1
16037	16892	1
2237	2517	1
17012	17013	1
15793	16777	1
6673	3408	1
8903	10814	1
9302	5227	1
7468	13291	1
1638	1638	1
12751	2843	1
13694	17257	1
8402	12336	1
5932	10560	1
8506	13692	1
4908	1935	1
13692	8506	1
6607	10698	1
371	6188	1
8705	10183	1
4959	4443	1
3248	17542	1
14943	9364	1
14366	14366	1
13433	2548	1
9669	15194	1
14664	17192	1
1427	15290	1
8610	16166	1
4556	6861	1
17543	4034	1
1972	4538	1
11616	4352	1
265	388	1
1972	4199	1
7512	7859	1
8492	4724	1
17542	17542	1
6977	7859	1
7228	9194	1
2517	2237	1
1853	7372	1
3176	847	1
12336	9639	1
11873	11874	1
10722	4216	1
15194	9669	1
16541	10478	1
5701	4034	1
16452	16452	1
7859	5482	1
16965	7042	1
12565	12565	1
9302	5136	1
12751	2832	1
11823	5716	1
13117	13557	1
15664	8522	1
13291	7468	1
8702	8049	1
6062	7042	1
7704	7705	1
7859	4779	1
17544	8221	1
4034	5701	1
526	573	1
4258	15763	1
14578	5735	1
11070	1426	1
17014	10410	1
5901	5901	1
16931	16932	1
15283	13442	1
16932	16931	1
16641	9041	1
14858	16272	1
17405	17405	1
16107	7705	1
4613	14263	1
17545	15028	1
2776	15461	1
9226	4603	1
17546	8522	1
1134	6346	1
3100	5641	1
16663	6475	1
17032	1254	1
15663	17520	1
6562	6713	1
13187	13187	1
4935	4181	1
294	6854	1
5613	12861	1
7508	5642	1
13052	13052	1
7901	14849	1
4034	17543	1
10345	10346	1
4671	8705	1
408	6393	1
11480	9418	1
14370	6947	1
11874	11873	1
5897	16207	1
15665	8705	1
10349	16045	1
10183	8705	1
6713	6562	1
10158	15422	1
4521	459	1
2185	2316	1
8044	12124	1
8989	17489	1
7013	6206	1
7926	1662	1
15214	15215	1
3450	3088	1
559	972	1
7334	6206	1
7859	4084	1
5017	4294	1
1332	6467	1
4521	1359	1
17547	12353	1
5627	8280	1
7859	7236	1
17432	4755	1
972	559	1
4747	14478	1
6947	14370	1
3950	10838	1
6346	1134	1
12336	8402	1
11187	13985	1
847	3176	1
6137	1254	1
17548	15188	1
722	6375	1
4291	4064	1
722	1692	1
8221	17544	1
1723	3532	1
2909	17354	1
6968	17430	1
16387	16585	1
17549	15911	1
17543	8290	1
1175	428	1
409	1407	1
17257	13694	1
10838	3950	1
371	3532	1
13593	1802	1
15461	2776	1
15869	749	1
17550	2776	1
8934	6883	1
4788	7502	1
7782	7782	1
4409	3950	1
12565	13350	1
4047	6052	1
17243	2810	1
12535	11912	1
8584	12600	1
13851	3315	1
342	3380	1
3950	4409	1
3965	9180	1
4755	11758	1
11502	1612	1
16250	2776	1
6069	540	1
17551	17551	1
13350	12565	1
17552	17552	1
16203	17499	1
14222	3515	1
16522	17320	1
17543	13911	1
10319	8975	1
5549	5170	1
385	2578	1
13538	1134	1
13911	17543	1
15393	15393	1
4592	7863	1
14807	16168	1
17014	17320	1
12307	16807	1
12570	15062	1
3950	6171	1
6171	3950	1
17553	12344	1
16147	17282	1
12872	10411	1
1993	2075	1
414	409	1
6849	16321	1
302	301	1
5773	3160	1
1407	409	1
7859	16745	1
4822	6095	1
9302	3020	1
13851	1987	1
10761	3212	1
6458	2759	1
1987	13851	1
4724	8492	1
8195	6977	1
17410	11170	1
6185	5576	1
14457	8466	1
11514	9966	1
10035	9375	1
3315	13851	1
513	4612	1
9302	6424	1
12808	6060	1
15062	12570	1
1030	12804	1
17354	2294	1
17530	8251	1
17554	4349	1
8705	5488	1
6977	8195	1
17354	2909	1
5488	8705	1
428	1175	1
15773	6936	1
4047	2677	1
8658	17549	1
6199	3230	1
13	16	1
12011	3468	1
17320	17014	1
5563	1910	1
17555	17555	1
14876	16250	1
3463	4717	1
6860	2428	1
10481	4757	1
5684	8935	1
1517	2855	1
6007	6008	1
10285	13323	1
1593	6878	1
1937	7665	1
12545	15702	1
7108	13851	1
17314	2	1
5542	4954	1
13851	7108	1
8975	15702	1
15036	8744	1
7943	4873	1
14849	7901	1
7008	10879	1
14377	6772	1
16372	14577	1
482	4577	1
4935	3017	1
10620	9581	1
13822	14761	1
8935	5684	1
17549	8658	1
17314	8785	1
17556	10868	1
10569	10811	1
11186	8785	1
7643	5722	1
6014	5722	1
7859	5392	1
9707	4963	1
14461	14530	1
5136	4963	1
5234	11121	1
2484	6816	1
5520	8699	1
7487	5932	1
8192	5691	1
6418	5948	1
16358	7868	1
8049	8702	1
17557	13748	1
17558	17261	1
265	9300	1
11972	17462	1
13572	6919	1
5627	3826	1
15365	10713	1
10330	7868	1
15300	16341	1
12535	4040	1
7508	9777	1
15702	12381	1
11304	107	1
8830	16289	1
7367	17261	1
396	12917	1
17408	10452	1
1134	15044	1
4294	5017	1
14144	5870	1
1662	7926	1
14943	7225	1
17243	8572	1
4755	17432	1
17261	7367	1
868	1266	1
3974	1268	1
14307	14110	1
17559	5951	1
3850	15697	1
45	2077	1
9626	12666	1
7868	4632	1
10346	10345	1
374	886	1
4358	3747	1
10930	1822	1
5641	3100	1
4316	2607	1
12666	9626	1
886	374	1
4660	3545	1
2484	4871	1
8140	7519	1
5301	4257	1
6428	13599	1
12664	12650	1
16808	8699	1
7902	3542	1
12774	15346	1
14530	17560	1
8280	4037	1
4060	2608	1
3701	17561	1
17381	17562	1
17563	3317	1
9416	5977	1
7859	13213	1
13450	6539	1
3747	4358	1
17564	17565	1
10449	9600	1
13291	16128	1
5870	14144	1
5797	7543	1
8903	6930	1
5377	15925	1
12500	2725	1
17543	16523	1
10839	17530	1
8745	15925	1
8251	17530	1
3321	17494	1
10765	8451	1
5577	11124	1
5065	11758	1
2420	14594	1
964	8261	1
1662	15925	1
11701	4812	1
13261	8049	1
17566	5607	1
409	9136	1
2000	7900	1
7308	7331	1
14677	5125	1
3315	7108	1
336	62	1
8909	12096	1
7331	7308	1
10704	6499	1
13145	2294	1
8049	13261	1
7108	3315	1
14980	14945	1
14971	7411	1
7714	7753	1
14020	10384	1
17499	16172	1
9777	6883	1
4384	8452	1
4726	6783	1
7031	5800	1
7741	5800	1
2742	2730	1
153	1022	1
5253	10586	1
17504	16619	1
441	11799	1
9754	9474	1
4294	5519	1
12029	12336	1
17543	4577	1
16710	11799	1
14394	2396	1
17497	16450	1
5273	9501	1
11799	441	1
16619	17504	1
17567	17361	1
12353	8925	1
17568	17568	1
4577	17543	1
15346	12774	1
14530	14461	1
12837	4174	1
4227	3723	1
16892	16037	1
16450	17497	1
13445	17245	1
8452	4384	1
3043	5481	1
17569	14289	1
4174	12837	1
2607	4316	1
6112	5756	1
17570	2588	1
11912	12535	1
17571	835	1
4141	8681	1
10183	14859	1
3041	2914	1
7495	7622	1
11403	11387	1
12869	6867	1
16885	16595	1
5722	6014	1
3230	1372	1
16527	7868	1
12964	14498	1
1625	17361	1
4626	2316	1
2749	2821	1
6483	6484	1
4037	8280	1
7859	6371	1
417	418	1
1163	2914	1
8681	4141	1
13187	3158	1
2546	5219	1
12203	13030	1
17572	12913	1
13711	13373	1
17430	6968	1
17490	9300	1
9300	17490	1
7596	7619	1
14715	8280	1
7	8	1
13348	6621	1
15794	8241	1
9400	7786	1
5756	6112	1
13348	11704	1
1361	1360	1
16755	17521	1
17428	17427	1
16450	9015	1
16193	16193	1
16332	467	1
722	1556	1
6339	4884	1
6446	8609	1
17245	13445	1
5248	17176	1
7078	5690	1
14584	12990	1
