12771	12771	1
17573	13445	1
513	1108	1
2483	17574	1
17245	13445	1
5722	7643	1
17574	2483	1
835	17571	1
17571	835	1
6184	6017	1
17549	17549	1
8721	1840	1
1268	16704	1
997	997	1
8705	9718	1
6048	6938	1
10836	17081	1
3158	1304	1
8192	5691	1
2188	252	1
14340	14341	1
1840	2914	1
7090	4662	1
3856	1304	1
7090	14678	1
5097	9966	1
2383	4355	1
6457	12075	1
3716	1485	1
13532	12075	1
17408	10452	1
7334	9966	1
1872	1872	1
634	1077	1
13744	11419	1
1594	1077	1
5544	5523	1
7949	10736	1
9581	10620	1
12400	12400	1
2423	4988	1
10273	10620	1
5301	5206	1
5870	5735	1
10273	9254	1
5678	10736	1
5411	7543	1
4034	13724	1
1134	13900	1
441	11799	1
16166	8610	1
437	861	1
5159	1304	1
12046	12046	1
11779	3361	1
3385	5701	1
17179	17179	1
12804	8081	1
13273	14688	1
12691	12472	1
7090	12342	1
15178	4980	1
5932	7487	1
318	6737	1
4037	8280	1
12795	8668	1
1717	2386	1
13548	11379	1
1134	5630	1
10161	9498	1
16388	12899	1
4755	8883	1
623	623	1
6673	3408	1
5097	7780	1
16704	1268	1
4717	5627	1
9895	7780	1
7619	7596	1
17575	17575	1
17405	17405	1
6518	6518	1
1717	631	1
5944	6490	1
4577	482	1
13187	13187	1
17321	5357	1
2843	12751	1
2832	12751	1
9936	2578	1
5301	4257	1
16250	2425	1
2730	2742	1
6322	4051	1
6737	318	1
10831	16691	1
16691	10831	1
1194	4376	1
3450	3088	1
7347	7347	1
7622	7495	1
12214	730	1
3811	1368	1
5065	8290	1
16107	17109	1
5843	625	1
16630	11650	1
5301	4666	1
3451	5928	1
1086	7665	1
11893	9108	1
9108	14456	1
11502	1612	1
7665	1086	1
5301	7495	1
17244	9619	1
12982	12983	1
2425	16250	1
15178	11538	1
2776	16250	1
11602	5556	1
15846	15846	1
6816	2484	1
10273	15925	1
7090	6256	1
7103	1128	1
1917	3763	1
4251	3944	1
5301	8803	1
14832	8545	1
1194	15760	1
2821	2749	1
15700	16902	1
8934	6883	1
10273	7143	1
10120	3480	1
5136	4963	1
342	5350	1
5301	7624	1
800	5076	1
14599	201	1
861	437	1
13808	5567	1
10273	15179	1
8609	6446	1
14449	1548	1
2483	13962	1
7090	6093	1
11186	9514	1
17576	17577	1
5297	5717	1
10345	10346	1
2578	385	1
1134	9477	1
5856	4753	1
7868	7204	1
7836	3651	1
5856	4905	1
9117	9388	1
453	4522	1
8611	5096	1
12773	13289	1
9446	15514	1
2051	1558	1
9109	3912	1
5567	13808	1
12544	7868	1
10081	16527	1
4522	453	1
6327	6765	1
1134	13538	1
17578	14582	1
8699	5520	1
5125	14677	1
3992	5503	1
374	886	1
5301	5691	1
6919	13572	1
13777	13777	1
9368	10292	1
4444	6637	1
7548	1997	1
10564	10564	1
75	1997	1
9368	8490	1
6637	4444	1
4457	564	1
4036	5670	1
564	4457	1
10346	10345	1
6778	6328	1
2651	17432	1
2894	11824	1
10273	4671	1
5867	3054	1
5297	4457	1
13145	2294	1
6917	3671	1
5897	5354	1
1813	6709	1
1208	5695	1
4216	2255	1
15789	7042	1
15171	7042	1
13145	13145	1
5297	5774	1
6483	9959	1
730	12214	1
427	89	1
9514	11186	1
16355	4751	1
7868	16358	1
16630	10266	1
5402	15468	1
15789	123	1
8512	8320	1
16358	7868	1
760	17367	1
2503	4200	1
5520	8699	1
496	7204	1
9368	13267	1
13985	13985	1
4087	5800	1
2976	6978	1
1228	1560	1
4939	15428	1
5097	1750	1
16077	13660	1
6475	12175	1
12861	5613	1
7343	859	1
5297	2916	1
17579	17580	1
5078	540	1
237	9300	1
1194	8238	1
2423	7643	1
10273	11820	1
5	27	1
6609	16368	1
13925	13927	1
6490	5944	1
2420	2611	1
14370	12024	1
5357	17321	1
17021	16522	1
7997	17321	1
6609	2533	1
17581	17581	1
1224	222	1
5897	5898	1
16956	6344	1
453	515	1
1560	1228	1
13491	14813	1
16522	10410	1
17014	10410	1
10736	5678	1
7090	1483	1
5036	9270	1
1134	5678	1
15533	1885	1
17203	16515	1
6136	6236	1
17184	17445	1
10411	12872	1
323	4613	1
5382	2483	1
6917	2202	1
10737	10569	1
16398	16398	1
7090	6783	1
2677	4047	1
6783	4726	1
17477	17476	1
14761	13822	1
17410	11170	1
5297	1059	1
1134	8676	1
10569	10737	1
5800	4087	1
7090	7038	1
3088	6017	1
3178	5924	1
5500	5501	1
1304	5159	1
1619	5266	1
13777	8261	1
4344	4760	1
12579	515	1
5301	10704	1
7090	5684	1
12774	15346	1
10273	8216	1
269	12790	1
14951	6119	1
16745	7859	1
11630	1903	1
1548	14449	1
5301	5888	1
10348	10998	1
4760	4344	1
16856	16856	1
1069	16137	1
5301	13408	1
859	7343	1
5893	5047	1
10721	1884	1
6776	11974	1
17582	9545	1
17543	4577	1
482	4577	1
14153	1307	1
1194	5958	1
9797	13264	1
6127	6951	1
14001	17193	1
9936	13493	1
13822	14761	1
16527	10081	1
1357	3477	1
12790	269	1
7800	15639	1
867	6439	1
2946	323	1
5610	624	1
1611	10911	1
10759	6348	1
10161	8903	1
1625	1280	1
11403	8903	1
8705	10183	1
9368	8207	1
4101	4101	1
14231	15760	1
15162	8339	1
2678	321	1
3315	13851	1
6119	14951	1
859	13734	1
5343	10494	1
5278	16397	1
16527	6351	1
5613	12861	1
8339	15162	1
17583	17583	1
5107	5307	1
1396	8536	1
1517	14851	1
5856	6177	1
3433	2863	1
17584	17584	1
14755	10687	1
8609	3965	1
1674	4469	1
9959	6483	1
7671	7042	1
7643	2423	1
13015	13015	1
17131	6962	1
6962	17131	1
2877	1451	1
1903	11630	1
16965	7671	1
15067	957	1
17585	6382	1
8320	8512	1
2227	3954	1
2454	3824	1
4174	6475	1
17586	16932	1
3176	847	1
5361	10713	1
17587	1622	1
6962	6963	1
6962	6962	1
6171	3950	1
11690	2863	1
1194	2641	1
2569	2199	1
16481	17185	1
12096	8909	1
29	12908	1
5897	4569	1
5072	2725	1
1134	9736	1
95	15686	1
12881	6456	1
1761	12723	1
1574	8975	1
8975	8781	1
27	5	1
13875	72	1
17588	17280	1
9015	16450	1
2297	7223	1
4087	12660	1
1711	10754	1
1105	17362	1
6483	6484	1
12660	4087	1
12340	7223	1
2480	7223	1
15599	9992	1
10713	5361	1
7162	7428	1
13023	5862	1
15468	5402	1
14535	6320	1
5419	8007	1
5215	5216	1
8802	8803	1
6275	8007	1
11204	11610	1
17321	5402	1
3353	7645	1
4026	4346	1
11497	15828	1
9156	4346	1
3088	5355	1
17199	15668	1
16522	5402	1
941	5402	1
7495	16161	1
4346	4026	1
17367	760	1
72	13875	1
11974	6776	1
14042	9706	1
11972	17462	1
9966	14338	1
8084	9777	1
11497	12709	1
6320	14535	1
5402	10410	1
15828	11497	1
12709	11497	1
9170	2287	1
8460	16137	1
5301	5075	1
16397	5278	1
12664	12650	1
14338	9966	1
207	280	1
17487	4909	1
5278	7425	1
1194	1040	1
4588	3274	1
16137	8460	1
14066	4816	1
17515	17515	1
5561	5535	1
280	207	1
10161	11387	1
2255	153	1
5402	16522	1
17589	17590	1
13567	11472	1
5856	5857	1
2408	12314	1
5278	12650	1
4806	5408	1
15668	17199	1
5170	12314	1
4981	17471	1
15303	16522	1
17381	17381	1
5076	800	1
5125	3978	1
1134	3190	1
847	3176	1
6901	12568	1
11387	10161	1
3258	7602	1
11514	9966	1
7602	3258	1
15639	7800	1
8909	5640	1
8744	15036	1
8903	10161	1
10620	9581	1
5856	8222	1
9400	3985	1
3258	3258	1
12314	5170	1
5068	4241	1
2573	2571	1
14338	17591	1
5678	8333	1
564	8335	1
16630	9426	1
3569	3046	1
12017	8331	1
6490	4320	1
1031	3985	1
425	2446	1
2589	1091	1
16978	16847	1
4346	9156	1
7090	14443	1
2862	3169	1
16973	16974	1
513	13485	1
10736	7949	1
7688	3733	1
7090	519	1
12017	11069	1
2135	3996	1
15036	8744	1
17592	14163	1
16630	467	1
16630	3457	1
2428	6860	1
17081	10836	1
16352	5753	1
8295	8425	1
5753	16352	1
5640	8909	1
5862	13023	1
2446	425	1
1372	3230	1
13826	496	1
5381	10387	1
12970	7986	1
6830	17593	1
17321	15435	1
331	332	1
2981	2982	1
17594	17595	1
15179	10273	1
1714	3408	1
2691	5697	1
7143	10273	1
15760	14231	1
7090	5988	1
4717	5988	1
16161	7495	1
15925	10273	1
5518	7022	1
10620	10273	1
8216	10273	1
16553	15820	1
11820	10273	1
5301	12456	1
17002	6501	1
10273	12483	1
4671	10273	1
8335	564	1
12483	10273	1
1757	932	1
8212	5409	1
3957	5409	1
5896	5217	1
387	2571	1
17596	11509	1
14470	14470	1
14960	17597	1
4241	5068	1
17592	17592	1
12472	11518	1
1406	996	1
6265	996	1
5301	6112	1
2941	3912	1
1497	3706	1
9322	1390	1
1468	2194	1
14594	8710	1
15589	17597	1
17598	17240	1
1134	7345	1
7223	2297	1
17211	10624	1
68	655	1
3022	2248	1
11149	11150	1
274	5314	1
13884	8280	1
978	7687	1
16229	9389	1
3930	2571	1
15763	4258	1
5301	12338	1
15784	9389	1
16258	16282	1
15229	17080	1
4959	11650	1
7162	6033	1
4346	17203	1
17599	14749	1
4417	17600	1
6033	7162	1
13851	3315	1
5523	5544	1
13572	6919	1
6373	996	1
12263	9056	1
2239	9056	1
6017	3088	1
17601	16806	1
14677	5125	1
3978	5125	1
455	3602	1
16806	17601	1
4390	4525	1
16037	16892	1
5871	2341	1
17471	4981	1
1134	8333	1
15691	2172	1
17193	14001	1
3473	2032	1
6920	4682	1
4682	6920	1
271	272	1
8938	8974	1
4810	4355	1
6107	5170	1
17602	7408	1
16166	14478	1
2018	6997	1
1134	7739	1
5301	14904	1
11042	11041	1
10765	7654	1
6410	4525	1
1194	382	1
2484	10473	1
3985	1031	1
12297	9835	1
856	16595	1
10002	8967	1
3985	9400	1
17603	17604	1
10095	3575	1
1524	17308	1
6334	2297	1
16212	16390	1
6816	14114	1
4747	14114	1
5856	6168	1
7654	10765	1
7927	12176	1
6409	7552	1
3843	4755	1
12672	6073	1
4890	7309	1
17605	16855	1
