17832	4059	1
11948	12255	1
17842	17842	1
659	2721	1
17843	9087	1
512	363	1
4251	15729	1
5382	2483	1
8208	5907	1
17844	10795	1
7452	15067	1
17593	5740	1
12062	17845	1
17846	12919	1
2675	449	1
17523	8756	1
9065	9586	1
14133	12597	1
10374	8756	1
10857	7481	1
6649	6649	1
12082	9300	1
12919	17846	1
11998	17762	1
9300	12082	1
4034	4780	1
13219	4328	1
15526	3897	1
988	10646	1
6435	10784	1
1660	3138	1
11986	11986	1
5176	835	1
14461	14426	1
5910	5910	1
16855	12175	1
2483	5382	1
8228	6700	1
6506	5806	1
12274	12175	1
4034	4851	1
13675	8460	1
655	68	1
2433	4851	1
6783	2785	1
7141	3716	1
449	2675	1
2725	5881	1
3235	1611	1
7128	1900	1
5357	15436	1
4581	6904	1
17592	14163	1
4829	12870	1
5862	13023	1
3739	1620	1
17356	6936	1
12870	4829	1
4029	7370	1
17843	12018	1
3177	11113	1
8063	8336	1
1499	8244	1
13023	5862	1
3716	7141	1
5357	10654	1
6346	6346	1
17747	10000	1
5176	5047	1
7158	5849	1
12529	14814	1
9204	16210	1
5907	8208	1
4724	1238	1
14977	7597	1
2734	11161	1
11356	2190	1
14851	1428	1
17847	6228	1
7409	4747	1
8244	1499	1
1372	1731	1
4884	6339	1
6228	17847	1
7141	5693	1
5893	5047	1
4735	3166	1
1884	1238	1
3043	4578	1
16540	14361	1
4747	7409	1
156	2771	1
9431	8018	1
9799	9477	1
2004	4885	1
5533	304	1
14522	10623	1
6030	5979	1
905	5979	1
12779	5366	1
8453	8453	1
12221	9373	1
4829	5691	1
8192	5691	1
13453	1371	1
3056	878	1
2613	1371	1
2855	1081	1
17302	8805	1
6436	8176	1
17487	17487	1
76	425	1
10623	14522	1
5836	4592	1
16037	8617	1
15067	7452	1
17848	4360	1
5485	14522	1
5307	5107	1
7025	5107	1
3139	8073	1
5386	5107	1
2171	17773	1
6409	6397	1
12858	4063	1
2518	2519	1
7997	15436	1
7141	6332	1
10266	1805	1
17387	12264	1
2750	6037	1
6251	9388	1
6183	6183	1
5922	5	1
3738	5128	1
8222	9391	1
8722	61	1
7128	6887	1
3938	13172	1
13675	10243	1
3739	3834	1
9087	17843	1
14741	14740	1
12018	17843	1
17838	17837	1
237	7646	1
2715	4087	1
5357	15435	1
17849	10379	1
6638	5812	1
7370	4029	1
1805	10266	1
1792	2520	1
8608	9466	1
10384	17830	1
10795	17844	1
17126	16416	1
2725	3008	1
17787	5164	1
216	2797	1
3739	5502	1
5357	5330	1
15873	15873	1
16732	3480	1
12825	5123	1
4059	12466	1
7106	8976	1
17720	17197	1
5806	6506	1
17812	17812	1
238	237	1
2414	2371	1
12223	17822	1
4900	7650	1
3190	8803	1
16062	4580	1
8934	6883	1
5347	5282	1
5357	17024	1
17850	15108	1
14868	13917	1
3315	13851	1
16274	14728	1
15709	6015	1
17773	2171	1
17851	14492	1
4059	3384	1
17852	17852	1
12340	1897	1
3190	3651	1
3739	86	1
5711	16646	1
3739	3514	1
6332	7141	1
17853	6765	1
5789	12344	1
5693	7141	1
9942	2071	1
5160	1005	1
6962	17434	1
13985	6898	1
11661	16665	1
6286	6613	1
5282	5347	1
10831	6439	1
13777	3844	1
6613	6286	1
17780	17781	1
3451	5928	1
13851	3315	1
17837	17838	1
5928	3451	1
13951	8490	1
8756	10374	1
10199	12345	1
13446	13870	1
4328	13219	1
2934	6765	1
14461	859	1
5307	6765	1
10611	8260	1
6319	14754	1
13494	16982	1
4251	1457	1
12345	10199	1
2942	6765	1
3166	4735	1
6765	5307	1
7361	5984	1
12315	17562	1
5348	5349	1
5628	6854	1
13734	859	1
8803	3190	1
15002	84	1
5357	15777	1
5979	6030	1
3651	3190	1
7238	17289	1
8222	14886	1
4446	6264	1
859	14461	1
14886	8222	1
5107	6765	1
17269	15099	1
382	3161	1
3056	4389	1
11161	2734	1
15228	17242	1
909	17844	1
3030	2096	1
16230	8490	1
5759	13976	1
10759	2096	1
17840	8235	1
10461	9992	1
2750	896	1
17854	16304	1
4780	4034	1
4851	4034	1
5280	9389	1
13187	13187	1
9718	11078	1
1277	1278	1
13149	2260	1
3056	1558	1
6556	5216	1
14461	5351	1
3056	6337	1
3739	6337	1
294	6854	1
3739	1264	1
1504	4257	1
3621	5897	1
12758	17029	1
1853	7372	1
552	10892	1
14461	5736	1
5497	5498	1
5736	14461	1
16103	17280	1
5529	3063	1
3105	9519	1
5351	14461	1
16758	4822	1
17855	17855	1
1407	2183	1
10892	552	1
573	526	1
6783	15664	1
11218	12720	1
3999	1656	1
3739	7668	1
4581	5799	1
3739	1656	1
2669	6686	1
6783	4133	1
371	453	1
14849	4969	1
15709	13737	1
8260	10611	1
5585	5586	1
17802	8699	1
3082	2297	1
15183	12417	1
2609	2801	1
2071	9942	1
8228	4034	1
12021	16339	1
3334	2801	1
6556	1175	1
5216	6556	1
1813	7224	1
1175	6556	1
8018	9431	1
17856	427	1
4829	4830	1
2096	3030	1
17767	62	1
8609	6059	1
2771	2526	1
9519	5255	1
78	7113	1
12970	11017	1
11308	11250	1
3056	70	1
10713	17366	1
3739	87	1
10379	17849	1
78	2218	1
10118	10842	1
5047	5893	1
1307	14153	1
7259	4170	1
3119	1599	1
3739	1022	1
3017	2611	1
11605	4482	1
7120	6146	1
13675	7944	1
8839	7909	1
16751	13399	1
3610	3089	1
3794	5608	1
15664	6783	1
10080	14277	1
4133	6783	1
16911	6146	1
3008	2725	1
8137	5622	1
2698	5531	1
28	5622	1
4257	1504	1
3739	1624	1
7141	11905	1
496	1624	1
2835	1825	1
10796	1624	1
7508	9058	1
5357	17321	1
2297	3082	1
2588	9389	1
12568	6901	1
2873	8141	1
5357	8899	1
6936	17356	1
2870	3693	1
7622	7495	1
1949	1949	1
6728	10914	1
4829	7336	1
530	210	1
2721	896	1
427	17856	1
11208	5064	1
2894	1338	1
5812	777	1
6107	5170	1
2611	3017	1
8934	10924	1
14904	9325	1
5176	3316	1
271	272	1
5286	5150	1
6765	2934	1
78	11513	1
9644	14573	1
5100	4084	1
11812	16591	1
14573	9644	1
10706	10574	1
8004	602	1
14461	1364	1
11141	8379	1
5262	5691	1
12173	4084	1
2554	3383	1
777	5812	1
6693	6447	1
5842	2046	1
13273	16088	1
11597	17193	1
6649	6146	1
1069	3032	1
9373	12221	1
4346	3722	1
1388	16322	1
6382	17811	1
17857	5809	1
2750	2343	1
7141	7142	1
15606	10769	1
7744	6389	1
12422	5456	1
17829	16427	1
10574	1134	1
10988	12353	1
1619	5266	1
5773	7012	1
4581	10338	1
17858	2223	1
16541	5598	1
17825	17859	1
14678	12342	1
7235	16288	1
17733	14478	1
12197	7178	1
1277	1393	1
10713	15365	1
11905	7141	1
7142	7141	1
9992	10461	1
16387	6564	1
10743	2349	1
1662	13763	1
16357	10002	1
3545	7108	1
3315	7108	1
5170	5170	1
8768	4755	1
17811	6382	1
9108	14456	1
11017	12970	1
3056	1864	1
2646	4251	1
4007	8214	1
3177	6765	1
2017	2380	1
13763	1662	1
6146	16911	1
1390	1746	1
4969	14849	1
8379	11141	1
3190	14849	1
3004	4409	1
262	1746	1
5297	5774	1
7404	9610	1
1711	10754	1
15985	10330	1
3089	3610	1
2611	2292	1
5598	6648	1
2750	4409	1
3056	879	1
9997	9610	1
10051	9945	1
2292	2611	1
2673	3161	1
10609	3513	1
5984	7361	1
1620	5720	1
10562	227	1
12117	8499	1
2228	12842	1
17860	7318	1
11513	78	1
1452	1451	1
7113	78	1
7128	8763	1
9477	9799	1
8499	12117	1
6843	10488	1
4372	78	1
9388	6251	1
5852	6475	1
14245	17766	1
6648	5598	1
7128	9005	1
16348	10396	1
5641	3101	1
6508	6508	1
1420	4384	1
2183	4411	1
4344	4760	1
8924	8925	1
14041	13711	1
12516	12785	1
15998	6153	1
3404	9067	1
1081	2855	1
7382	6900	1
1451	1452	1
906	1266	1
371	15300	1
15410	14836	1
8517	9363	1
17787	16892	1
9388	8668	1
4780	16525	1
14754	6319	1
10562	4258	1
12861	5906	1
2259	4965	1
3722	4346	1
12771	12771	1
2428	4160	1
4411	2183	1
10673	14836	1
9773	15062	1
5327	1503	1
2750	801	1
5720	1620	1
15878	801	1
12570	15062	1
16911	17861	1
3906	17627	1
12096	8909	1
14478	14058	1
6153	15998	1
14058	14478	1
2479	980	1
227	10562	1
13699	17742	1
17862	17863	1
17864	17864	1
2750	1269	1
10517	3149	1
17859	17825	1
8768	2245	1
8619	2365	1
283	13431	1
7108	3315	1
4829	12830	1
5216	12142	1
17487	4909	1
17838	7095	1
4415	3767	1
274	5314	1
17865	10857	1
16591	11812	1
13202	12689	1
17205	9949	1
14197	2914	1
12353	10988	1
6447	6693	1
7158	4762	1
17674	1338	1
5528	11138	1
4762	7158	1
7095	17838	1
3161	2673	1
8280	8320	1
16585	16387	1
6475	16663	1
3739	10821	1
5400	3828	1
1902	7707	1
1746	1390	1
10353	2480	1
14114	8780	1
7382	7382	1
4108	4109	1
6727	4605	1
12344	5789	1
4059	1841	1
6488	3401	1
8768	6126	1
7471	1952	1
12420	1622	1
511	636	1
526	573	1
6564	16387	1
7735	8200	1
3812	17258	1
5381	10387	1
14215	26	1
11476	275	1
16663	6475	1
8073	3139	1
17773	884	1
16210	9204	1
13572	6919	1
11637	11637	1
6193	9589	1
4161	4221	1
3610	16463	1
17625	17838	1
6919	13572	1
2480	10353	1
6196	666	1
2668	6325	1
17625	17625	1
8676	10250	1
17838	17625	1
1081	9409	1
6849	11731	1
13734	9589	1
1898	13751	1
6765	3177	1
1108	789	1
9375	4662	1
7228	12397	1
9700	4096	1
8420	14816	1
9791	10236	1
3747	2961	1
387	2571	1
17866	17867	1
387	4233	1
5608	3794	1
8695	9407	1
8402	10778	1
493	3091	1
7128	4666	1
2750	4666	1
16037	16892	1
1622	10435	1
4293	4287	1
3364	370	1
12785	12516	1
14197	7108	1
17867	17866	1
7381	13445	1
17868	2450	1
5646	7983	1
8657	7660	1
8925	8924	1
12842	5977	1
5254	11683	1
6765	2942	1
7128	5454	1
5176	5977	1
5689	5613	1
13130	6564	1
4059	6488	1
17869	8458	1
10206	9	1
3967	1709	1
12417	15183	1
4335	6530	1
14461	7049	1
17870	1949	1
3767	4415	1
4662	9375	1
2900	7979	1
14741	16393	1
7232	4281	1
6325	2668	1
15732	16323	1
8734	9790	1
2750	11164	1
3397	1837	1
