6995	16627	1
12899	4755	1
16842	17633	1
4755	12899	1
271	272	1
14478	11641	1
15911	12312	1
7939	1833	1
10920	2343	1
14868	13917	1
4250	7308	1
2239	9056	1
17634	17061	1
15539	9777	1
7495	12312	1
11270	3196	1
17471	4981	1
4983	4763	1
7831	12456	1
755	2126	1
16493	12919	1
10102	3276	1
6033	8030	1
5411	2420	1
12842	2420	1
10464	9138	1
5027	5026	1
13261	8049	1
8824	8824	1
4422	2420	1
3967	2420	1
3520	2420	1
419	2420	1
16493	9613	1
1022	2420	1
1674	2420	1
17584	17584	1
17270	6824	1
14478	16742	1
16527	6351	1
12886	4980	1
8639	13237	1
3020	2420	1
14938	3186	1
8705	10273	1
1556	2420	1
16493	3756	1
12400	12400	1
14478	8031	1
7441	2420	1
6382	17585	1
2051	1558	1
9300	2420	1
453	515	1
4802	8031	1
16301	2420	1
2915	2420	1
7718	8568	1
14594	2420	1
17635	17635	1
2611	2420	1
12889	8940	1
17250	6424	1
17630	17251	1
15966	2439	1
12753	15793	1
10464	11556	1
4853	9586	1
17636	5546	1
17637	3196	1
10765	16358	1
4852	9586	1
9270	6200	1
2259	1985	1
277	655	1
12099	17442	1
1163	2914	1
13420	13492	1
2420	9300	1
7013	6930	1
5047	5893	1
2725	5774	1
1919	14814	1
2282	1364	1
5648	9281	1
7004	7859	1
7012	3569	1
11704	10349	1
4383	5774	1
14478	16166	1
4802	5581	1
4457	5774	1
11998	10465	1
3056	878	1
8962	6165	1
6165	8962	1
5988	4940	1
7901	14849	1
4414	4254	1
13990	12395	1
16187	14982	1
2008	4583	1
4939	16892	1
10266	8929	1
13063	13064	1
17633	16842	1
2522	1140	1
5366	12779	1
5318	3826	1
2234	696	1
12568	6901	1
1656	3999	1
15345	15344	1
12886	13187	1
15344	15344	1
4489	5160	1
5368	2979	1
3196	17637	1
13274	16358	1
4047	8967	1
11799	11800	1
8619	10738	1
391	3262	1
5546	17636	1
17031	12624	1
17638	8029	1
15925	1662	1
8975	10319	1
10464	3335	1
2370	7932	1
7239	1921	1
10850	9026	1
15663	10865	1
9671	12536	1
5125	14677	1
2713	2059	1
7922	13261	1
2895	4376	1
15925	13343	1
3996	2135	1
7868	10765	1
4629	110	1
12536	9671	1
17009	14482	1
6264	4446	1
5170	5518	1
5563	7780	1
12861	5613	1
4802	11943	1
431	5042	1
12886	14844	1
10464	5691	1
8031	4802	1
8222	2480	1
5581	4802	1
10464	11135	1
6824	17270	1
12456	7831	1
11943	4802	1
6901	12568	1
7831	10713	1
16352	5753	1
11602	5556	1
391	17639	1
11065	1483	1
14849	7901	1
13292	2311	1
14263	3333	1
4940	8522	1
2265	1842	1
8422	6844	1
7780	4801	1
7525	3239	1
8940	12889	1
12739	2423	1
7273	5278	1
5278	7273	1
12779	5366	1
246	4601	1
7013	11731	1
12758	5150	1
6446	15228	1
2249	2979	1
17640	17640	1
391	205	1
4011	16137	1
395	205	1
7859	7004	1
5646	5647	1
7013	5796	1
12788	2863	1
13032	17434	1
12312	7495	1
12886	3843	1
4801	7780	1
2008	4582	1
11121	16037	1
6934	17123	1
4802	3853	1
2532	5822	1
17641	3361	1
4597	3826	1
9138	10464	1
6490	4320	1
6328	6778	1
17432	14858	1
12239	1674	1
11556	10464	1
12886	2810	1
868	1266	1
6607	10698	1
13674	12223	1
5202	15520	1
5563	1910	1
1523	861	1
3185	5600	1
2132	15988	1
3166	4735	1
9351	12062	1
13237	8639	1
4755	14858	1
13492	13420	1
11135	10464	1
2480	8222	1
9892	13691	1
7780	5563	1
16037	11121	1
4654	4812	1
2420	2915	1
11758	4755	1
6351	16527	1
5043	6316	1
16493	6669	1
14837	17523	1
2665	4812	1
15976	12175	1
12053	14131	1
17442	17597	1
17257	10330	1
10464	5027	1
1761	12723	1
7868	10330	1
4802	3881	1
1163	10473	1
11998	8347	1
5027	10464	1
12842	5977	1
9556	4981	1
391	5366	1
9541	5977	1
9061	17588	1
10464	9248	1
4812	4654	1
11585	11373	1
5563	5625	1
518	17642	1
593	11934	1
4748	14646	1
15966	8883	1
11817	11406	1
15925	810	1
750	3015	1
11690	2863	1
7452	14981	1
17643	17064	1
6171	6816	1
12395	13990	1
4747	1897	1
14783	6367	1
1132	740	1
4755	11758	1
12886	6126	1
6760	6759	1
17644	6284	1
12886	3502	1
4890	7309	1
13932	13999	1
1897	4747	1
9136	410	1
9276	4747	1
2255	768	1
5563	6816	1
1105	17129	1
16666	17417	1
12739	5077	1
9248	10464	1
7939	2745	1
391	1142	1
15966	7974	1
4934	11520	1
4174	6562	1
17523	14837	1
16387	16585	1
129	3852	1
17645	17646	1
14377	6772	1
7800	15639	1
5822	2532	1
4755	15915	1
13999	13932	1
391	3380	1
15639	7800	1
3333	14263	1
12624	17031	1
6475	4174	1
8545	10986	1
7979	9001	1
5750	2399	1
5600	3185	1
7078	7079	1
11266	8639	1
1338	3996	1
9109	12058	1
16493	7143	1
4174	6475	1
15925	7143	1
16531	4781	1
12400	8521	1
6193	9369	1
17417	16666	1
16585	16387	1
13723	12591	1
4577	9527	1
10201	11751	1
11520	4934	1
5613	12861	1
12886	8570	1
8062	16799	1
3928	3929	1
17366	11390	1
6727	6040	1
638	5741	1
8353	17609	1
17647	9026	1
5415	2399	1
1050	428	1
3912	2941	1
56	3361	1
12591	13723	1
8451	8867	1
3852	129	1
1451	14078	1
1452	14078	1
4861	1367	1
12297	16137	1
11472	13567	1
2399	5415	1
12096	10537	1
10765	875	1
5216	5215	1
3636	7052	1
5683	4751	1
10755	7012	1
12899	15886	1
4751	5683	1
10432	5699	1
9527	4577	1
9032	2611	1
11972	17462	1
15422	5546	1
1985	2259	1
3784	1420	1
387	2571	1
1233	15530	1
5717	1420	1
740	1132	1
13534	13535	1
15836	5562	1
1645	5562	1
2316	2185	1
10349	11704	1
17442	8530	1
5546	9300	1
5347	10250	1
4741	3753	1
3826	4597	1
4660	4446	1
5699	10432	1
9300	5546	1
2911	6436	1
10687	4287	1
6436	2911	1
1645	5745	1
16755	16638	1
4577	4374	1
5973	13864	1
391	2547	1
7013	14678	1
4610	4484	1
1674	12239	1
1420	3784	1
2005	2006	1
13917	14868	1
4802	1605	1
5745	5920	1
696	1517	1
10537	12096	1
7622	7495	1
478	15062	1
11065	644	1
15062	478	1
17617	11812	1
1304	898	1
4176	8781	1
8981	7580	1
15385	8950	1
10568	10568	1
10464	5353	1
4047	6052	1
17246	13445	1
9202	13590	1
2185	2316	1
8763	6887	1
2260	4547	1
17648	7012	1
898	3327	1
17080	15229	1
17646	17645	1
3584	4547	1
7602	9085	1
15626	5850	1
13350	9085	1
15925	8745	1
7141	11905	1
5176	5977	1
11905	7141	1
17648	3160	1
5194	4547	1
4755	12717	1
16523	8668	1
8460	13932	1
6443	8781	1
10930	2480	1
17057	16169	1
14858	17432	1
10182	1144	1
17382	17562	1
15925	10273	1
9058	4751	1
4409	3950	1
8150	2330	1
2675	1009	1
3950	4409	1
2895	7242	1
10415	11135	1
9229	17409	1
10786	568	1
5606	7901	1
9936	14672	1
6070	5355	1
4706	4707	1
8886	9997	1
5026	5027	1
12936	12304	1
10415	5027	1
5625	5563	1
17327	604	1
3354	7419	1
8950	15385	1
6258	5442	1
9001	7979	1
12717	4755	1
12494	6282	1
11135	10415	1
7013	8191	1
5041	7703	1
12861	8867	1
10765	8451	1
5027	10415	1
8451	10765	1
1574	8975	1
14672	9936	1
7389	6307	1
10464	10415	1
2330	8150	1
543	7680	1
17208	17209	1
6816	5563	1
15620	14886	1
17452	4100	1
4816	14066	1
14083	2164	1
6869	7309	1
15886	12899	1
7639	6901	1
11630	1903	1
2164	14083	1
9706	14042	1
17649	16477	1
14066	4816	1
17499	16203	1
17064	17643	1
3640	15416	1
5977	12842	1
4547	2260	1
3011	14109	1
7085	6648	1
13393	13393	1
7495	7622	1
5442	6258	1
5042	431	1
5862	13023	1
5885	4821	1
17581	17581	1
3017	9724	1
12899	6127	1
1307	14153	1
7783	5357	1
12990	14584	1
10389	9251	1
13023	5862	1
13889	4857	1
8756	10374	1
6307	7389	1
8854	15520	1
1584	3190	1
11535	16806	1
11702	261	1
14825	7267	1
2428	4320	1
4047	2677	1
16372	8935	1
1662	13763	1
7282	15886	1
6127	12899	1
17650	3319	1
15966	6221	1
12304	12936	1
10330	7868	1
14461	14426	1
867	6439	1
14426	14461	1
10765	7868	1
7012	10755	1
2911	3079	1
4751	9058	1
8547	15334	1
5353	10464	1
3171	15886	1
1338	5660	1
5546	16663	1
15925	5298	1
15530	1233	1
8867	12861	1
582	824	1
17588	9061	1
10415	10464	1
4664	6783	1
863	864	1
11649	2084	1
6648	7085	1
8280	13884	1
6544	13091	1
3190	1584	1
12400	4939	1
13928	13091	1
645	1848	1
15334	8547	1
4769	4939	1
4981	17471	1
17646	1987	1
16892	4939	1
11038	13091	1
16855	15572	1
609	4782	1
470	10082	1
13011	13091	1
7033	5305	1
17295	3408	1
13091	13011	1
8122	16966	1
11751	6445	1
17442	17441	1
370	16966	1
12239	8224	1
13763	1662	1
8998	5924	1
3616	12439	1
7868	4632	1
2247	5378	1
4939	4769	1
5000	5293	1
14198	9690	1
5293	5000	1
4828	5185	1
14622	17651	1
1258	13348	1
2351	1709	1
16288	16288	1
10464	6788	1
5563	16288	1
16751	13399	1
17652	11614	1
17653	11150	1
10738	8619	1
6282	12494	1
4822	16758	1
12134	17415	1
15925	3756	1
11065	9422	1
11823	16328	1
7013	5206	1
5657	6246	1
6788	10464	1
9067	8896	1
10845	11444	1
2247	4898	1
16137	12297	1
604	17327	1
9375	10035	1
5110	5818	1
3079	2911	1
17114	17114	1
14981	7452	1
10507	3404	1
11213	3787	1
17157	1761	1
13292	1514	1
16328	11823	1
4345	4346	1
17476	17477	1
17654	17655	1
6372	4840	1
8525	7058	1
8836	13573	1
17656	6540	1
4840	6372	1
11270	6135	1
5159	1304	1
4167	6372	1
6804	4320	1
17657	17658	1
5671	1339	1
7089	7825	1
5402	10410	1
7360	8591	1
10464	2343	1
9690	14198	1
15773	10784	1
4100	17452	1
5111	11465	1
6832	13868	1
3330	9723	1
5236	3814	1
10836	15928	1
13015	9736	1
7154	15793	1
1100	16806	1
16148	12710	1
16389	14831	1
8591	7360	1
9835	12297	1
12886	13176	1
7780	4237	1
5894	8330	1
15106	7334	1
14153	1307	1
4755	1307	1
