12924	11883	1
5610	2712	1
17606	17607	1
14969	13840	1
17024	5357	1
3082	5282	1
3988	238	1
5406	5407	1
5407	5406	1
14201	15162	1
17511	4821	1
2817	2297	1
4087	2715	1
10738	8619	1
12017	2364	1
15539	9777	1
13826	14923	1
5406	5406	1
7495	7622	1
10488	6843	1
17014	10410	1
8498	9018	1
9018	8498	1
11270	1910	1
14951	6119	1
12773	10461	1
7552	6409	1
17593	6830	1
9838	6700	1
3480	10120	1
6539	3944	1
10061	9250	1
2483	17574	1
6830	17593	1
2646	7857	1
16029	12992	1
6816	6171	1
2297	7604	1
3578	6245	1
8536	1396	1
6997	2018	1
1059	5774	1
14439	12992	1
5402	3306	1
13999	13932	1
16288	2914	1
3276	10102	1
441	7204	1
5533	304	1
2691	1428	1
7868	16527	1
10081	16527	1
6351	16527	1
655	68	1
6062	7042	1
8031	8460	1
13884	11391	1
3088	3450	1
17608	13564	1
211	68	1
5701	7570	1
5944	6490	1
12881	16339	1
5383	5383	1
14895	2727	1
2913	2727	1
1638	1062	1
15004	1935	1
16826	12220	1
6119	14951	1
952	4340	1
3088	5355	1
7915	17609	1
7568	17609	1
5641	17609	1
17610	17611	1
11372	7786	1
4258	15763	1
7622	7495	1
16604	14849	1
12472	11518	1
12773	7228	1
4346	16515	1
9015	2324	1
3688	10984	1
12170	4727	1
14388	13927	1
952	375	1
222	1224	1
4469	1674	1
6127	12899	1
16527	7868	1
17178	17177	1
8975	1574	1
6673	6831	1
1584	5481	1
17612	17612	1
17613	12252	1
6948	5624	1
11063	6815	1
11704	10349	1
9281	5648	1
5278	5748	1
5278	16397	1
8903	10611	1
4180	400	1
2554	1384	1
15925	8745	1
2138	8174	1
9391	8680	1
824	582	1
6860	2428	1
4755	3843	1
16527	10081	1
3843	4755	1
17614	2192	1
13144	9752	1
15181	162	1
5648	9281	1
4900	4888	1
6962	1622	1
1731	672	1
9380	9268	1
7602	15745	1
14901	14073	1
16067	11709	1
8332	8334	1
13724	6765	1
17615	17615	1
6100	3578	1
6069	17261	1
17616	17616	1
7361	10620	1
13091	13011	1
15438	11372	1
17261	6069	1
7772	11899	1
12723	1761	1
5556	11602	1
5160	4489	1
5368	2979	1
7258	10896	1
2713	2059	1
13091	11038	1
12788	2863	1
16604	16605	1
6306	14119	1
952	7042	1
7908	13531	1
9132	7042	1
983	7480	1
8903	11403	1
15585	2595	1
751	15566	1
6127	6951	1
8650	6115	1
10473	2484	1
16606	16607	1
14604	10152	1
12773	9041	1
5091	424	1
7772	9480	1
17617	14069	1
9369	6193	1
15846	15846	1
952	3297	1
11751	6445	1
2297	7223	1
11372	15438	1
1509	4333	1
17008	2319	1
11270	8082	1
110	5110	1
17618	7267	1
996	6265	1
8707	10614	1
6948	1071	1
7267	17618	1
14478	16166	1
11621	4857	1
3033	9719	1
740	1132	1
16166	14478	1
8744	15036	1
14851	1517	1
7495	16161	1
13851	1987	1
8031	14478	1
4257	9493	1
10984	3688	1
27	5	1
17203	17203	1
6446	8609	1
15663	10865	1
1268	8335	1
7859	7004	1
5981	6155	1
6962	17131	1
11116	6022	1
8909	12096	1
16605	16604	1
14849	16604	1
11390	17366	1
16585	16387	1
14762	17293	1
17619	17619	1
7205	8018	1
2454	3822	1
9132	12894	1
16161	7495	1
13373	13711	1
573	526	1
10896	7258	1
8031	13599	1
13144	3914	1
6962	3914	1
5613	12861	1
12773	10754	1
8460	8031	1
14478	8031	1
13599	8031	1
14334	6344	1
17002	6501	1
1108	1108	1
2297	6334	1
952	4865	1
14604	14937	1
6321	14693	1
6962	9404	1
9281	14806	1
16531	13390	1
13144	9404	1
14806	9281	1
7735	8200	1
14092	8200	1
4577	9527	1
16531	9275	1
7671	16716	1
15035	5920	1
14849	7901	1
16215	5879	1
379	6997	1
7309	4890	1
11270	5009	1
17337	17620	1
9675	2934	1
4981	17471	1
11119	11119	1
9718	8705	1
14374	14374	1
13033	9980	1
7411	14971	1
14859	8705	1
543	616	1
12593	6781	1
10273	8705	1
11621	11135	1
13485	513	1
7071	7862	1
4251	3944	1
6943	6944	1
16397	5278	1
696	2234	1
17341	2411	1
10654	10410	1
12596	12596	1
1919	14814	1
13091	13928	1
3767	8619	1
17621	9857	1
2411	17341	1
2365	8619	1
5374	5904	1
6488	3462	1
1987	13851	1
5301	16237	1
16627	6995	1
10163	7899	1
14849	3453	1
4696	8680	1
13851	3315	1
13868	6832	1
3315	13851	1
2776	15461	1
14814	1919	1
10620	7361	1
7012	3569	1
11571	3569	1
1420	5717	1
1666	3949	1
3041	3569	1
513	13485	1
17622	15773	1
17623	16718	1
17199	15668	1
6265	996	1
8031	3079	1
10349	11704	1
12894	9132	1
4755	15915	1
8208	2212	1
17624	16193	1
16358	10765	1
17375	9727	1
7868	10765	1
12861	10765	1
2885	10765	1
17322	17084	1
5801	5906	1
17489	8989	1
5068	3870	1
14636	8627	1
4485	5877	1
8334	6113	1
875	10765	1
6730	7345	1
7228	13289	1
16855	12274	1
2771	156	1
8280	7596	1
155	156	1
4444	173	1
12775	6901	1
12336	11111	1
3059	1762	1
16718	17623	1
15773	6435	1
6435	15773	1
952	484	1
5944	10146	1
7596	8280	1
8031	6428	1
424	5091	1
11201	6066	1
1517	14851	1
14876	16941	1
9380	5845	1
4038	16289	1
16641	16641	1
11835	11835	1
12108	12787	1
13513	14321	1
8611	5096	1
8031	8222	1
1022	543	1
4763	4983	1
2234	696	1
6104	8609	1
3230	1372	1
3079	8031	1
8222	2480	1
6428	8031	1
8222	8031	1
6654	227	1
16418	1537	1
1604	5687	1
107	5687	1
7602	9085	1
2480	8222	1
10304	17618	1
8332	9587	1
8521	12400	1
271	272	1
2937	16313	1
5110	5818	1
163	34	1
5641	6997	1
2672	11520	1
17608	8668	1
8031	8668	1
868	1266	1
8339	17538	1
16414	16055	1
8031	12650	1
2433	2434	1
12664	12650	1
1353	1352	1
14763	14762	1
3952	5962	1
7006	4287	1
3912	9109	1
13091	6544	1
8710	14594	1
5301	4668	1
6146	7028	1
10940	6479	1
15515	10296	1
9997	8639	1
15668	17199	1
17625	12714	1
6839	5701	1
649	110	1
1352	1353	1
8332	10352	1
3147	5701	1
1919	9204	1
12787	12108	1
7446	5701	1
2334	5701	1
12466	1841	1
17626	6113	1
6191	2901	1
5327	1139	1
1451	1452	1
3379	2093	1
14896	16373	1
7899	10163	1
15284	1766	1
16492	9719	1
8335	1268	1
17588	9061	1
16387	6564	1
8332	12834	1
16742	14478	1
7868	4632	1
9719	4632	1
6564	16387	1
9527	4577	1
12861	5613	1
6492	14478	1
5357	17024	1
9277	6377	1
4033	12899	1
17551	17551	1
14192	6248	1
12541	14478	1
17627	518	1
13091	10016	1
16886	5613	1
11641	14478	1
12899	15886	1
16808	8699	1
3569	3046	1
15886	12899	1
11465	5111	1
4977	6022	1
6948	14654	1
11111	12336	1
4755	2446	1
15663	4414	1
15925	1662	1
2446	4755	1
15966	16474	1
17628	17405	1
17555	17555	1
17210	12327	1
16387	10236	1
17629	11817	1
12193	17630	1
5678	10736	1
15579	6158	1
1372	3230	1
5797	2284	1
11270	6135	1
10765	7868	1
9719	16492	1
8200	7735	1
17631	9736	1
14150	17632	1
4406	9480	1
4755	12899	1
