16205	7045	1
5791	10809	1
18164	18164	1
5628	294	1
15810	3171	1
835	2935	1
3171	15810	1
8141	12771	1
17002	17002	1
17733	7622	1
7625	11676	1
8969	5457	1
4389	1523	1
898	1304	1
8328	6490	1
8977	4328	1
5806	10927	1
16717	18111	1
7448	6059	1
3150	3151	1
490	261	1
7448	3965	1
8330	3817	1
4475	2706	1
5000	9069	1
3483	6156	1
261	490	1
12541	8222	1
13392	12899	1
1855	2870	1
12732	11909	1
18165	2102	1
912	18166	1
5188	9230	1
11791	10581	1
5536	7367	1
13187	13187	1
12597	18166	1
3503	4006	1
6414	6414	1
321	1269	1
9503	4544	1
5280	9389	1
4282	6260	1
3283	9145	1
6675	425	1
18167	18167	1
9230	5188	1
2935	835	1
5457	2284	1
5069	4616	1
11485	11372	1
13353	13353	1
15079	6811	1
10330	7204	1
11564	6419	1
4726	6783	1
184	184	1
6346	1884	1
1307	14153	1
723	7204	1
5752	3308	1
10023	10023	1
15527	11068	1
3992	11068	1
2433	9389	1
6811	15079	1
1039	304	1
6401	6414	1
1013	2119	1
5091	1611	1
1410	3547	1
13032	1913	1
18002	18002	1
2204	10099	1
5642	3561	1
7088	166	1
6414	5824	1
4485	5877	1
12579	6424	1
18168	16308	1
17662	17662	1
1461	623	1
1925	2873	1
8017	4640	1
5981	5880	1
15552	8460	1
6938	7780	1
4328	8977	1
13404	159	1
3568	6270	1
5683	4751	1
12541	7744	1
6700	7290	1
17021	16522	1
14263	3333	1
18103	17014	1
4868	2051	1
3151	3150	1
6783	4726	1
6069	11518	1
2706	4475	1
12541	15745	1
12541	14728	1
5773	5707	1
3849	4666	1
15789	16343	1
2713	2059	1
4029	5707	1
4341	3897	1
5660	1338	1
3897	4341	1
777	5812	1
1461	1428	1
1572	511	1
185	3549	1
689	6551	1
705	3070	1
13580	16775	1
3186	13014	1
18169	18169	1
15611	12217	1
371	8526	1
15495	15495	1
12345	10199	1
2578	8852	1
7361	10620	1
195	6456	1
5889	18148	1
543	616	1
14330	16286	1
3741	12133	1
15022	2420	1
3799	4760	1
11552	16166	1
14028	2420	1
5922	5	1
15599	10620	1
9067	9581	1
4602	4345	1
2420	6951	1
15039	14165	1
6183	8035	1
3780	7944	1
15561	7776	1
1461	3803	1
10247	3736	1
16178	2963	1
10809	16088	1
13843	18143	1
540	12383	1
11715	9418	1
12383	540	1
11480	9418	1
3534	11649	1
15079	14025	1
1461	1022	1
14153	1307	1
12579	14494	1
17407	5501	1
4464	8443	1
14540	4576	1
5275	323	1
1756	5812	1
4946	3984	1
7448	7863	1
18143	13843	1
1180	1858	1
17861	16911	1
1858	1180	1
11560	4247	1
7725	16474	1
5382	15762	1
12541	5862	1
4388	847	1
4751	5683	1
15251	16258	1
1461	419	1
271	328	1
3315	14197	1
6353	6187	1
8443	4464	1
2098	935	1
14573	9581	1
9581	9067	1
2138	8776	1
8670	10737	1
6761	12624	1
960	82	1
5641	3101	1
4174	12837	1
82	8776	1
9369	6193	1
6812	8174	1
16888	17235	1
2870	1855	1
18170	1297	1
3893	9262	1
10685	15988	1
5404	11103	1
2185	2042	1
6906	1238	1
2403	4556	1
6751	7451	1
14343	9389	1
17691	17014	1
1461	1612	1
11649	3534	1
3515	7451	1
16716	7042	1
1416	213	1
6760	8359	1
7487	6457	1
14559	14560	1
8776	82	1
11820	6936	1
14105	18171	1
13030	11151	1
12541	4977	1
9754	9474	1
17605	16855	1
1749	1772	1
5222	9273	1
12541	3820	1
13655	6286	1
7448	6320	1
15848	15638	1
12899	16388	1
1574	1297	1
7442	7443	1
1661	2353	1
16978	3304	1
13007	3862	1
16250	2425	1
1414	8258	1
6328	11151	1
2741	2322	1
3862	13007	1
7433	7432	1
6675	6722	1
6195	15169	1
7448	8690	1
4927	638	1
1081	9409	1
12579	515	1
10199	12345	1
18172	10435	1
1572	13453	1
2403	3546	1
7780	4237	1
1839	1987	1
5707	4029	1
2963	16178	1
13659	8040	1
18162	11483	1
5442	9769	1
9253	11632	1
17547	16044	1
7448	9769	1
18173	18174	1
18175	11246	1
623	9707	1
13851	1987	1
12541	2480	1
15745	2480	1
7487	5898	1
5136	9707	1
3308	5752	1
5800	4087	1
13270	14144	1
14754	13350	1
4393	2480	1
4613	323	1
10469	10335	1
10569	6475	1
7089	8570	1
11455	3581	1
7088	1656	1
6286	13655	1
321	1349	1
14956	12450	1
4992	6370	1
15835	2369	1
9681	9681	1
321	2202	1
5717	6247	1
4493	3239	1
8776	2138	1
2624	18176	1
6247	5717	1
4345	4602	1
6171	3950	1
4755	4755	1
8699	5520	1
10611	8260	1
15076	17367	1
18177	4429	1
5999	5998	1
4020	10054	1
17194	7551	1
2431	1453	1
5693	11734	1
7155	7156	1
8630	14993	1
6650	6468	1
3891	1453	1
18178	2319	1
3835	12217	1
2102	18165	1
12217	3835	1
2353	2353	1
123	15789	1
4544	9503	1
1453	2431	1
5520	8699	1
16482	16482	1
8236	13741	1
84	18042	1
3549	185	1
14299	431	1
3799	5203	1
1461	1677	1
14144	13270	1
5454	14868	1
5812	615	1
321	3120	1
11676	7625	1
8545	8855	1
5188	1064	1
3555	8897	1
5598	8547	1
1517	1096	1
8650	8734	1
1031	3103	1
8547	5598	1
15746	5326	1
4286	10713	1
18173	18173	1
7776	15561	1
18179	11372	1
2319	18178	1
15789	123	1
9707	623	1
3862	1869	1
18180	3835	1
3513	10609	1
323	4613	1
552	10892	1
12771	8141	1
14956	2876	1
5042	12582	1
4567	4566	1
3108	3111	1
18042	84	1
5047	5893	1
4983	4561	1
2879	2879	1
17324	17326	1
16635	16635	1
16492	9719	1
3835	18180	1
12579	15744	1
12072	11103	1
4250	5850	1
2046	15773	1
12400	4939	1
1643	6017	1
18181	1028	1
8040	13659	1
17853	6765	1
12010	6213	1
5110	940	1
3903	5340	1
4487	8291	1
9719	16492	1
6564	16387	1
4286	7672	1
6242	6333	1
4144	17363	1
3849	9790	1
4006	3503	1
3547	1410	1
12584	801	1
328	271	1
4218	14803	1
321	3827	1
10620	7361	1
5893	5047	1
1075	4920	1
16671	15749	1
12587	6781	1
9717	10273	1
2955	1036	1
2624	13843	1
9230	6121	1
12344	5789	1
1461	1103	1
511	1572	1
5164	7104	1
6897	4020	1
2691	1428	1
95	4258	1
16522	9327	1
11702	12819	1
16606	16606	1
17939	10410	1
12763	9550	1
14993	8630	1
6333	6242	1
3186	5835	1
6675	18182	1
13014	3186	1
14535	14754	1
5835	3186	1
13667	13668	1
4286	10623	1
14754	14535	1
17080	8150	1
6806	285	1
18183	8050	1
1452	1451	1
8243	5650	1
5707	5773	1
14522	10623	1
1451	1452	1
18086	10348	1
13453	5050	1
9936	13493	1
2345	15618	1
8458	18106	1
5650	8243	1
16782	10081	1
8206	7002	1
13851	3315	1
15665	5050	1
2936	2611	1
18184	16627	1
1656	7088	1
2454	3824	1
7002	8206	1
5720	6915	1
3822	3824	1
9568	5920	1
5812	1756	1
5567	7048	1
8908	13562	1
8785	18086	1
16671	2611	1
5156	321	1
897	2441	1
17714	9394	1
1572	1184	1
6947	7048	1
17948	9223	1
3224	4525	1
6319	5442	1
18086	872	1
2229	2411	1
8260	10611	1
18185	18185	1
15079	6334	1
7487	5897	1
8236	6334	1
2916	10023	1
7000	9138	1
872	18086	1
8159	8092	1
9769	5442	1
12579	2909	1
9138	7000	1
4939	9248	1
12541	1667	1
11113	6951	1
7487	5482	1
897	6951	1
5414	1667	1
1599	2420	1
926	1791	1
2480	15745	1
5411	1740	1
4578	10933	1
14718	8127	1
4741	6157	1
271	272	1
18186	7020	1
11048	6157	1
1611	853	1
3085	6289	1
3689	3332	1
16166	11552	1
13834	16774	1
6562	12932	1
294	6854	1
5711	6329	1
5546	10158	1
16775	13580	1
17416	18135	1
6270	7012	1
3315	13851	1
3849	6869	1
2403	5625	1
3849	8781	1
10158	5546	1
10121	5462	1
1572	1368	1
3033	9719	1
1514	2083	1
16308	15928	1
8446	3441	1
4939	12400	1
16371	12217	1
9202	6419	1
13668	13667	1
15745	1674	1
5789	12344	1
14800	14800	1
3950	6171	1
5177	2084	1
15079	15988	1
7581	13015	1
5047	6246	1
7780	6938	1
6891	17974	1
3862	18107	1
5972	5744	1
7776	4246	1
5026	5027	1
18187	18187	1
13311	12565	1
7413	5096	1
5744	5972	1
6467	5796	1
321	2194	1
709	7098	1
12483	9717	1
1810	1179	1
18171	14105	1
971	2270	1
17363	4144	1
455	1062	1
1179	1810	1
1674	15745	1
321	13844	1
4660	3545	1
12553	11245	1
11571	13455	1
321	7626	1
12568	6901	1
5130	130	1
7469	9239	1
15023	16729	1
8836	12919	1
7744	6389	1
2194	4776	1
321	3581	1
321	3800	1
2234	696	1
7098	709	1
14741	16393	1
14370	2450	1
6675	7225	1
18188	15438	1
18086	10609	1
6811	14025	1
15438	18188	1
344	227	1
4251	3944	1
150	4043	1
1461	3987	1
7810	4346	1
3950	11640	1
6620	1731	1
4282	7606	1
9065	4853	1
4345	4346	1
3042	5300	1
9276	7622	1
2425	16250	1
5545	774	1
11836	10319	1
11659	12430	1
17851	14492	1
3849	5838	1
4853	9065	1
460	5297	1
3545	4660	1
2403	7052	1
4388	2586	1
4005	11586	1
3410	12078	1
7012	6270	1
8241	7606	1
321	5335	1
15378	15782	1
6812	6931	1
7622	9276	1
18058	7671	1
2446	1051	1
8867	875	1
2624	1797	1
1461	3461	1
5711	16646	1
12579	7260	1
9031	4692	1
14962	15744	1
6334	15079	1
10531	9300	1
6417	9611	1
10922	4343	1
6165	8962	1
8049	8365	1
2403	5185	1
12579	2520	1
1008	801	1
9223	17948	1
2	8785	1
7051	7780	1
874	5576	1
2672	3225	1
7098	7098	1
8544	7606	1
4343	10922	1
11186	8785	1
8460	15552	1
1791	926	1
4364	4365	1
10968	9085	1
6115	8650	1
3105	3125	1
6901	12568	1
5618	7454	1
1828	6981	1
9931	7606	1
1611	10911	1
3984	4946	1
4250	3775	1
4801	9554	1
9611	6417	1
12541	17366	1
16189	1662	1
10319	11836	1
3224	7465	1
12591	14041	1
14343	5602	1
1220	985	1
4801	16703	1
4286	7983	1
8365	8049	1
3769	1844	1
13626	13392	1
3434	4946	1
5962	3952	1
18014	4946	1
3286	3123	1
14197	7108	1
7000	10464	1
4727	4724	1
16507	17941	1
5585	3058	1
18189	8494	1
3022	2248	1
5027	5026	1
10435	18172	1
12919	8836	1
10609	18086	1
14370	8890	1
6875	1009	1
3849	5366	1
1461	2934	1
3849	5859	1
16956	6344	1
12579	635	1
9717	12483	1
12541	2496	1
7739	16502	1
15365	10713	1
1786	1756	1
18190	16055	1
2480	8222	1
1987	17378	1
8222	2480	1
6210	5107	1
17553	12671	1
18191	18191	1
1184	1572	1
1368	1572	1
17892	16239	1
4193	12495	1
18103	18103	1
14041	12591	1
14150	58	1
10778	8402	1
8191	8191	1
18110	10153	1
6637	4444	1
1740	5411	1
16332	11973	1
7448	5894	1
18192	18193	1
18194	10820	1
4946	3434	1
6788	10464	1
5234	10464	1
3252	18195	1
8818	6492	1
18181	17425	1
9270	7358	1
2403	2423	1
13772	642	1
12587	12743	1
9248	4939	1
12743	12587	1
696	2234	1
6697	14992	1
10404	2842	1
4430	11069	1
1051	2446	1
7108	14197	1
9564	14301	1
4247	11560	1
8172	14992	1
98	4589	1
16642	157	1
18196	18196	1
6049	4327	1
14837	10715	1
9262	3893	1
16301	3102	1
7780	7051	1
5773	3160	1
18188	6898	1
2150	8957	1
8677	3160	1
17416	6643	1
1872	3512	1
12336	7800	1
7451	3515	1
9330	6513	1
3512	4034	1
3083	5297	1
16642	2595	1
7630	7993	1
4034	3512	1
15334	8547	1
3849	3854	1
14992	8172	1
9876	6836	1
15537	14449	1
10927	5806	1
2403	4519	1
13741	8236	1
8507	6197	1
7495	7622	1
9892	6625	1
7654	18088	1
724	9131	1
6183	4755	1
4755	6183	1
2450	14370	1
16729	15023	1
13455	7267	1
8547	15334	1
5990	2813	1
6675	3401	1
2149	7480	1
3291	8060	1
3410	1073	1
8897	3555	1
17416	17416	1
1740	1836	1
12340	1897	1
10738	8619	1
723	930	1
17743	937	1
15471	13573	1
9009	7535	1
2842	10404	1
7267	7267	1
6270	12109	1
6258	5086	1
383	382	1
12109	6270	1
5885	696	1
6475	16663	1
7800	15639	1
17080	18158	1
7800	4779	1
4417	17600	1
1836	1740	1
7622	7495	1
12861	15398	1
8694	1939	1
16787	4832	1
9425	696	1
5086	6258	1
5087	4708	1
5859	3850	1
7020	18186	1
1857	3401	1
7267	13455	1
16387	6564	1
13931	1204	1
15745	13552	1
6419	11564	1
17592	16137	1
14825	7232	1
3041	6513	1
12054	801	1
13074	16795	1
12490	16795	1
2646	2496	1
6513	3041	1
11069	4430	1
3569	5813	1
2611	16671	1
10464	6788	1
16494	14836	1
2870	1094	1
10081	16782	1
1855	1094	1
8492	4724	1
10911	1611	1
5598	10478	1
387	1072	1
7300	3688	1
638	4927	1
1756	1786	1
4724	8492	1
15312	11128	1
7104	5164	1
8976	4730	1
13485	513	1
15398	12861	1
2842	14203	1
3688	13138	1
17031	16074	1
205	204	1
1461	1723	1
1461	2446	1
7810	7090	1
9899	1810	1
4341	8891	1
13580	11779	1
16775	11779	1
13392	13626	1
1461	1869	1
9897	10982	1
7090	7810	1
18179	13985	1
14150	17632	1
13129	5466	1
13123	1375	1
2042	2185	1
2813	5990	1
3975	7780	1
1059	12365	1
2403	9639	1
10839	18018	1
7780	3975	1
18197	18197	1
251	252	1
855	6543	1
3952	5962	1
9028	9214	1
18113	6045	1
4345	6282	1
5411	5267	1
9239	7469	1
12579	1051	1
7800	12336	1
2936	6370	1
5239	10715	1
3262	9498	1
15548	321	1
11779	16775	1
4355	2383	1
13493	2578	1
5267	5411	1
3688	7300	1
18198	10968	1
6789	7597	1
3259	1770	1
3723	3949	1
9105	6564	1
1077	4980	1
4980	1077	1
6788	6564	1
6370	2936	1
7031	5800	1
5474	5490	1
7597	6789	1
5301	16237	1
2169	564	1
5841	4673	1
7487	6122	1
1572	3002	1
7870	17318	1
13659	12271	1
9754	12913	1
12271	13659	1
6901	12775	1
12540	12775	1
18018	10839	1
6513	9330	1
