7595	7592	1
14844	9059	1
15555	6248	1
14535	14317	1
2997	14849	1
9659	9659	1
9059	14844	1
6540	12481	1
12540	6901	1
5353	8609	1
13261	8049	1
9059	9059	1
6540	16645	1
11472	13567	1
9717	17622	1
17951	8361	1
4939	9248	1
12587	6781	1
8976	8763	1
4864	4863	1
6958	11072	1
9248	4939	1
3315	6347	1
2646	7857	1
10716	4980	1
4939	16892	1
6248	15555	1
5603	670	1
9400	3985	1
8773	8401	1
4294	3985	1
13125	12975	1
14317	14535	1
1493	1687	1
3017	425	1
17944	16755	1
2942	2869	1
8451	5613	1
5085	9612	1
2677	6052	1
4047	6052	1
7223	1897	1
12919	17846	1
6721	6649	1
2169	564	1
5154	4408	1
3503	4006	1
15773	10784	1
16715	16074	1
8995	6701	1
4861	1842	1
6649	6721	1
17739	17739	1
7086	1897	1
13532	12075	1
1296	1326	1
5297	5774	1
14631	2484	1
91	1326	1
3262	16143	1
17625	12714	1
3667	17952	1
11699	3345	1
6270	5365	1
16892	4939	1
7596	4940	1
17790	10308	1
2912	4668	1
16205	15006	1
4007	12870	1
1705	2669	1
4862	6700	1
17250	9821	1
14895	14895	1
4262	3954	1
11556	9138	1
2132	15988	1
17652	11614	1
2675	1009	1
13183	2647	1
9499	8901	1
8886	15471	1
4946	3984	1
3190	1584	1
1338	5660	1
17953	6193	1
2480	6492	1
4862	7501	1
6428	8460	1
95	15686	1
2942	16882	1
6270	8521	1
4251	3944	1
9612	870	1
891	17261	1
17414	17954	1
7501	13500	1
1897	7086	1
2721	3166	1
3202	7501	1
3392	3492	1
9138	11556	1
12170	14535	1
7151	7380	1
17366	16274	1
6056	5430	1
17953	17785	1
7142	7141	1
13	16	1
16956	6344	1
7509	7908	1
17593	10925	1
4294	9498	1
17129	1105	1
10330	15985	1
11846	15985	1
2031	2668	1
7595	16932	1
9862	8290	1
12314	2408	1
12537	14419	1
12834	11128	1
17310	17310	1
9270	7358	1
17261	891	1
11236	7791	1
12117	16731	1
7151	7780	1
16732	3480	1
5365	6270	1
14522	14522	1
2605	11865	1
17787	5684	1
3062	205	1
7626	3800	1
4940	7596	1
5812	777	1
705	5072	1
6045	10839	1
16376	9346	1
16731	12117	1
5160	2450	1
17837	11012	1
12336	15933	1
3379	2057	1
10857	10857	1
10123	17887	1
14956	12450	1
11012	17837	1
5981	5880	1
3568	3569	1
4862	4781	1
777	5812	1
16250	2425	1
2588	14343	1
10982	14343	1
2758	2194	1
5500	1498	1
3569	3568	1
7248	16560	1
8803	3190	1
14343	10982	1
3440	10982	1
6008	6007	1
13455	10909	1
2439	2440	1
95	70	1
6842	2142	1
3438	3763	1
12881	16339	1
16319	13064	1
1074	1075	1
3063	6502	1
4123	2260	1
17481	17482	1
17955	6883	1
15686	95	1
14193	6883	1
13172	3938	1
705	5881	1
1368	3811	1
17956	7624	1
1420	11979	1
17665	12389	1
10591	3438	1
16522	17014	1
15168	15169	1
5671	1339	1
5316	2142	1
17014	10410	1
8339	17538	1
427	9549	1
12450	14956	1
8492	4724	1
11979	1420	1
15760	16261	1
9075	14956	1
905	564	1
960	82	1
11781	14082	1
3844	8391	1
3761	1858	1
8032	1106	1
1120	294	1
294	294	1
7739	13350	1
13323	10285	1
17928	17929	1
7345	10893	1
12202	10285	1
6007	6008	1
9133	16265	1
3022	2248	1
16069	16057	1
3844	3843	1
17926	4647	1
3722	2712	1
1763	17055	1
4578	3043	1
5717	1420	1
1452	1451	1
5481	3043	1
4863	11921	1
730	1451	1
6781	15365	1
13599	6428	1
8032	9254	1
7913	2461	1
2896	2895	1
6428	13599	1
564	2169	1
12120	12950	1
5280	4384	1
10740	10856	1
6370	4992	1
15050	15050	1
4862	7974	1
2958	4384	1
13590	6419	1
13808	1622	1
9202	6419	1
9675	2315	1
17948	8347	1
5283	8452	1
17956	9414	1
10509	12439	1
518	2691	1
11564	6419	1
9972	16974	1
342	5350	1
5490	6397	1
13106	7082	1
15401	7773	1
9200	6419	1
11553	6942	1
14578	5735	1
2483	5382	1
7980	7012	1
7592	7595	1
8854	15520	1
370	16966	1
6727	6040	1
15520	8854	1
6419	9200	1
4863	1148	1
996	1406	1
16241	5382	1
8122	16966	1
1828	8443	1
4862	6635	1
7088	166	1
518	1939	1
17957	224	1
9517	3673	1
2392	3972	1
12233	11077	1
224	17957	1
11243	8788	1
573	526	1
16187	10141	1
11891	1476	1
10839	6045	1
14051	737	1
1813	7224	1
1307	7495	1
6908	5836	1
6385	6397	1
14531	13581	1
7142	9517	1
7452	5282	1
7151	9089	1
564	8335	1
2169	8335	1
1622	13808	1
16541	11774	1
6860	15428	1
1406	996	1
5836	6908	1
6942	11553	1
730	1452	1
12777	13808	1
6286	13655	1
1451	1452	1
9821	17250	1
538	627	1
6562	10685	1
4262	4610	1
2161	3673	1
4647	17926	1
8335	564	1
6069	15681	1
960	8776	1
11891	7665	1
7831	12456	1
4863	4864	1
5673	6845	1
17948	2331	1
6270	3569	1
7949	1237	1
4724	8492	1
5652	943	1
8113	12758	1
4408	5154	1
7501	3202	1
5660	4537	1
8899	6649	1
15681	6069	1
13187	13187	1
2011	2110	1
6492	2480	1
14303	11243	1
6901	12540	1
9122	8847	1
2285	3498	1
4262	1022	1
6649	8899	1
14593	5659	1
2601	2602	1
4485	5877	1
15788	17389	1
2428	4320	1
11751	11445	1
1661	2353	1
14876	15468	1
5368	17835	1
13659	12271	1
11164	12413	1
11769	12361	1
3878	15798	1
6845	5673	1
8181	3111	1
10647	17958	1
11687	3569	1
12413	11164	1
9477	10736	1
2499	1514	1
6127	7308	1
6419	11564	1
3151	1558	1
5673	17105	1
7596	5753	1
16414	16055	1
294	6854	1
6452	7944	1
7407	13500	1
549	2607	1
15798	3878	1
10461	6199	1
7266	4946	1
11301	11164	1
7268	1905	1
1231	3502	1
11164	11301	1
5066	5514	1
6765	6479	1
1687	31	1
17959	7671	1
4329	11992	1
4862	7115	1
17544	8221	1
16965	7671	1
13851	3315	1
705	3070	1
4262	3010	1
9612	5085	1
5481	9689	1
4133	4664	1
10509	12124	1
7693	17375	1
14078	1451	1
2234	3010	1
17960	2194	1
7318	5089	1
17961	17962	1
6354	14211	1
7595	16142	1
3030	2096	1
11893	9108	1
3176	847	1
17956	4281	1
15153	4816	1
13106	2936	1
2096	3030	1
13638	2936	1
23	6172	1
17926	16804	1
7248	1282	1
14535	5849	1
4816	15153	1
10736	9477	1
9108	14456	1
17963	17964	1
8391	3844	1
590	124	1
847	3176	1
7824	17951	1
16520	15256	1
2	10609	1
10609	2	1
4176	4816	1
10473	2914	1
5382	16241	1
549	3678	1
627	628	1
17650	17650	1
3051	1279	1
17965	9108	1
4972	3230	1
5485	3561	1
5402	8899	1
16288	2914	1
5773	3160	1
16772	16773	1
11769	10890	1
4816	4176	1
17966	11536	1
6531	8933	1
17326	17324	1
524	13165	1
3768	3096	1
6084	4334	1
7514	6924	1
17324	17326	1
7532	12133	1
14851	5697	1
17835	5368	1
5258	13626	1
16187	5987	1
1451	730	1
16554	9440	1
15109	9704	1
8451	1307	1
5382	2483	1
14901	14073	1
17951	4396	1
2563	4334	1
6783	15664	1
5736	7621	1
4396	17951	1
4977	6035	1
683	4334	1
5343	10494	1
3985	5549	1
2096	5549	1
4577	9240	1
2997	3810	1
3405	5294	1
5282	7452	1
920	2633	1
12541	4977	1
10415	6788	1
8335	2169	1
698	16182	1
5684	5948	1
2927	4606	1
4013	10765	1
5160	4489	1
4862	13390	1
7334	16507	1
5789	12344	1
8221	17544	1
3062	16778	1
5366	12779	1
2579	1641	1
6052	2677	1
3063	5695	1
1853	7372	1
6343	6251	1
4346	3722	1
2855	1081	1
7025	4384	1
737	14051	1
1081	2855	1
12361	6951	1
5107	4384	1
10494	5343	1
6475	12175	1
2608	5537	1
4791	9526	1
5796	2721	1
3569	6270	1
17375	7693	1
5536	5537	1
4424	3171	1
6199	10461	1
14876	941	1
7407	3171	1
9383	14115	1
7522	4603	1
4603	4384	1
17660	13550	1
11536	17966	1
4424	4384	1
7151	6924	1
7308	3171	1
14505	12758	1
1081	9409	1
4384	7025	1
14073	14901	1
359	1824	1
13567	11472	1
14956	5397	1
4384	4603	1
13655	6286	1
9742	8366	1
13626	6030	1
17967	17967	1
2555	6771	1
6363	6346	1
4291	4373	1
15782	6811	1
5597	8160	1
6771	2555	1
5753	7596	1
14688	16021	1
8824	6448	1
4414	5767	1
2012	6580	1
11472	11472	1
5678	9409	1
15664	6783	1
10368	8932	1
16021	14688	1
6448	8824	1
4334	1238	1
13638	6908	1
8611	5096	1
8950	3950	1
4318	4983	1
17928	17928	1
3033	15334	1
3739	3999	1
14724	7853	1
15346	13424	1
7248	1034	1
6107	5170	1
3822	858	1
17691	16522	1
14573	14573	1
17968	11538	1
8932	10368	1
8847	9122	1
6419	13590	1
14303	5423	1
12758	14505	1
10626	922	1
3722	4346	1
1030	6119	1
9263	8037	1
1174	1175	1
2499	3979	1
5280	9389	1
17969	3279	1
17970	17970	1
11564	13590	1
10620	10273	1
1106	8032	1
5167	2119	1
10717	11835	1
4359	4497	1
564	4457	1
13590	11564	1
6052	4047	1
6923	5948	1
9117	17475	1
3736	5487	1
4836	8967	1
4862	6850	1
4043	1704	1
5086	5087	1
4910	4812	1
5160	4028	1
15471	8886	1
12124	10509	1
2499	1704	1
1452	730	1
12059	16629	1
5581	3138	1
4485	5142	1
8243	5650	1
7650	4888	1
17734	9122	1
14753	12240	1
2056	4909	1
5705	3673	1
3063	3078	1
31	1687	1
5142	4485	1
8490	2647	1
5650	8243	1
168	17242	1
294	1120	1
12336	8967	1
5585	3058	1
6811	15782	1
17969	4132	1
7017	7800	1
2691	518	1
12296	10861	1
13550	17660	1
5549	2096	1
11455	3581	1
17971	17972	1
5642	3561	1
7151	8803	1
5100	4084	1
6832	13868	1
6346	6363	1
5084	5931	1
17973	13990	1
11234	11234	1
3453	17951	1
12336	7800	1
1461	6053	1
10624	3868	1
5880	5981	1
17734	184	1
3062	3262	1
13808	12777	1
13868	6832	1
3190	8803	1
17884	5067	1
16629	12059	1
8466	14457	1
8361	4977	1
7017	7336	1
13145	1084	1
13808	12367	1
3315	14197	1
16265	9133	1
166	167	1
2084	4170	1
6270	2532	1
17974	14039	1
6030	13626	1
11102	10830	1
3844	2792	1
17887	10123	1
1200	2270	1
5690	1932	1
10765	12861	1
5537	2608	1
7151	5191	1
14115	9383	1
17975	17459	1
6908	1709	1
11457	16841	1
15745	12541	1
16085	6155	1
7142	11605	1
12456	7831	1
17648	5773	1
11413	3399	1
4704	1709	1
17867	17866	1
14478	12541	1
5397	14956	1
6901	12568	1
9314	6977	1
4345	4346	1
8498	9018	1
5133	7006	1
4346	4345	1
3985	4294	1
4303	4294	1
2611	1009	1
16274	1898	1
12775	12568	1
3334	9080	1
4980	10716	1
6860	17130	1
5868	7553	1
4677	1030	1
5753	16352	1
5876	15974	1
1077	1985	1
15974	5876	1
6172	23	1
12584	801	1
7486	9769	1
1599	1009	1
7006	11143	1
2843	1338	1
3138	5581	1
4037	8280	1
17926	14351	1
8591	7049	1
14197	3315	1
7596	10118	1
3096	3768	1
6053	1461	1
4863	10118	1
4939	11689	1
17843	12018	1
1667	3298	1
14969	13840	1
17976	3914	1
12337	9819	1
17389	17390	1
10285	12202	1
3013	17977	1
3315	13851	1
4987	17978	1
15810	8977	1
13808	9005	1
12591	13723	1
9612	5870	1
1705	1381	1
3063	5488	1
4457	564	1
4034	14653	1
8775	13409	1
17242	168	1
3914	17976	1
15723	15723	1
8330	8214	1
4939	8998	1
17520	17979	1
14653	4034	1
4007	8214	1
15153	8214	1
3043	4578	1
8247	8214	1
9767	7153	1
4603	7153	1
11779	13580	1
1599	1517	1
6319	3950	1
2420	17980	1
4363	8214	1
13580	11779	1
5191	8214	1
17978	4987	1
3950	6319	1
8364	8214	1
10420	8214	1
13106	6344	1
11445	11751	1
4816	8214	1
10713	8214	1
13990	17973	1
8214	8247	1
922	10626	1
13659	8214	1
12024	8214	1
12249	1935	1
7132	8214	1
5390	1420	1
7514	11779	1
7151	4282	1
13538	13500	1
1935	12249	1
12570	15062	1
3062	710	1
7141	7142	1
9517	7142	1
9240	9527	1
7407	5678	1
11605	7142	1
1237	7949	1
4061	3012	1
1338	3184	1
1084	13145	1
7151	12086	1
3689	7223	1
1451	14078	1
4862	5706	1
17031	12981	1
12296	6864	1
6697	14916	1
12297	9835	1
2364	4257	1
12340	1897	1
4862	7032	1
4030	4257	1
4551	1378	1
15649	4610	1
15320	1622	1
16352	5753	1
1307	441	1
8499	17913	1
17835	12802	1
3399	11413	1
1781	4868	1
6531	2260	1
10687	6883	1
12271	13659	1
17981	17981	1
159	1459	1
13538	16502	1
4020	6897	1
3844	6126	1
11779	7514	1
3345	11699	1
5381	10387	1
17982	10510	1
6936	4219	1
8998	4939	1
10273	10620	1
2633	920	1
13723	12591	1
14029	456	1
5217	5881	1
11992	4329	1
5750	2399	1
8092	16486	1
4200	17876	1
9325	6069	1
17983	425	1
13737	10620	1
4664	4133	1
2461	13383	1
7261	3395	1
2230	456	1
7258	11689	1
14351	17926	1
4084	5100	1
16804	17926	1
3240	3674	1
5393	9549	1
12895	5511	1
6419	9202	1
4977	5511	1
3010	2234	1
3009	456	1
17768	4980	1
17	18	1
8609	5353	1
1469	3723	1
4983	4318	1
564	4576	1
7248	11247	1
17984	8451	1
3844	2588	1
2194	4170	1
3364	370	1
8214	5096	1
5581	13938	1
6198	6197	1
16982	8977	1
8561	8561	1
13021	13938	1
7179	9378	1
12861	8451	1
17985	17986	1
17982	13021	1
17876	4200	1
4862	6786	1
4862	6100	1
14343	2588	1
957	15067	1
3383	370	1
10620	13737	1
7012	7980	1
6234	5560	1
12842	7551	1
6197	6198	1
3754	6649	1
7248	9545	1
7180	11387	1
10219	496	1
13925	320	1
11413	14849	1
4170	2194	1
7142	3716	1
13851	1987	1
387	2571	1
4863	6879	1
16787	4812	1
12541	15745	1
4863	7361	1
7522	12420	1
3844	1392	1
10667	12594	1
17987	4751	1
9934	6060	1
8049	8365	1
17738	13455	1
4868	1781	1
7423	15886	1
7411	8685	1
8757	10713	1
663	13018	1
8024	11151	1
6060	9934	1
496	16358	1
4332	4332	1
11405	11151	1
13030	11151	1
549	3611	1
16358	496	1
16426	3420	1
9894	11797	1
3568	6270	1
7259	7259	1
15539	9777	1
3716	7142	1
3041	6513	1
5678	7407	1
16390	16212	1
2934	2427	1
17982	17982	1
2589	1091	1
2465	3634	1
12664	13687	1
13471	16241	1
14132	6372	1
2942	2427	1
17988	17989	1
328	271	1
17990	17991	1
243	1397	1
10350	14946	1
9769	5442	1
5711	5715	1
4751	17987	1
8834	5418	1
8365	8049	1
12379	5286	1
8723	16074	1
5511	12895	1
16355	4751	1
6328	11151	1
3493	4368	1
5715	5711	1
5203	6312	1
4977	8361	1
7151	2455	1
10118	7596	1
17992	10362	1
6513	3041	1
2308	2017	1
5514	5066	1
16282	14946	1
1397	243	1
9807	2017	1
9327	6552	1
17993	17324	1
824	2017	1
17324	17993	1
563	564	1
370	3383	1
1311	9669	1
17951	7824	1
14946	16282	1
472	473	1
271	328	1
15106	7334	1
2809	2810	1
4668	2912	1
1452	2759	1
13808	890	1
11988	11567	1
8958	5434	1
7142	3633	1
8398	7519	1
11151	13030	1
2810	2809	1
3633	7142	1
3268	3925	1
5870	5735	1
3817	4514	1
3853	8780	1
17994	2663	1
17865	9250	1
9234	9488	1
2611	9389	1
8889	4591	1
8977	16982	1
9835	12297	1
6372	14132	1
10061	9228	1
13272	15470	1
7800	7017	1
2446	10477	1
17995	17996	1
13492	11007	1
13794	15184	1
10740	5391	1
15461	15474	1
10685	6562	1
17997	1953	1
11044	7074	1
9669	1311	1
17998	7404	1
9080	13032	1
12336	7017	1
7404	17998	1
14672	447	1
11568	10623	1
15067	957	1
6069	9325	1
2017	9807	1
320	13925	1
6475	6123	1
12664	12650	1
13687	12650	1
16758	589	1
6146	15468	1
14478	17733	1
8843	14699	1
17923	14699	1
4862	3578	1
9228	10061	1
9564	5513	1
8962	6165	1
10623	11568	1
