3212	4815	1
15067	10023	1
5087	5086	1
8541	7535	1
14071	4840	1
5086	5087	1
6104	8609	1
2354	2546	1
15886	7423	1
2011	16055	1
14263	4613	1
17947	18039	1
17660	13550	1
3224	18078	1
1134	16552	1
16729	16552	1
8699	5520	1
2446	2446	1
7051	12336	1
17622	15773	1
18084	7868	1
18085	18085	1
3753	7033	1
9587	5984	1
18086	872	1
14254	14255	1
3545	4660	1
14849	10003	1
3523	5862	1
7082	2198	1
3535	4620	1
17997	8168	1
3283	1740	1
5188	6121	1
16956	6344	1
3283	9145	1
647	647	1
18087	16339	1
17837	17838	1
1363	123	1
4448	2209	1
3100	5641	1
13393	13393	1
6765	762	1
15203	8490	1
4620	3535	1
8490	15203	1
15985	10330	1
7345	10893	1
16552	8998	1
7624	10464	1
14779	11943	1
11556	10464	1
1723	7340	1
8979	11407	1
5993	5850	1
7331	6700	1
8979	6700	1
10	5354	1
1396	9597	1
8451	7654	1
7331	5845	1
18088	7654	1
5841	4673	1
490	10788	1
8979	10139	1
2666	304	1
18065	16773	1
425	15898	1
15664	7695	1
6816	2484	1
8222	1897	1
12379	4330	1
13550	17660	1
64	65	1
17315	14477	1
6127	12899	1
13392	12899	1
9248	4939	1
7367	17261	1
8998	4939	1
1295	9201	1
3283	4603	1
7153	4603	1
7522	4603	1
7933	17513	1
5325	8280	1
8979	4603	1
12423	4605	1
11390	3058	1
6270	7012	1
5585	3058	1
8979	5934	1
8924	8925	1
7538	18038	1
2455	5684	1
173	2270	1
1200	2270	1
2589	1091	1
7544	10179	1
8452	8453	1
7229	7228	1
1514	2190	1
1690	2190	1
382	383	1
10724	10724	1
8979	6183	1
13187	13187	1
7012	6270	1
3761	14900	1
3737	14248	1
12209	15988	1
4603	3283	1
1740	3283	1
3447	4233	1
4663	7744	1
5812	1756	1
8552	17083	1
17838	17837	1
18083	18082	1
10330	7204	1
11702	14995	1
5258	5707	1
15380	5341	1
10179	7544	1
1690	10902	1
1756	5812	1
4663	5571	1
2973	2808	1
6097	6095	1
1338	6095	1
4397	3740	1
11513	9253	1
4977	6022	1
13018	663	1
12758	5868	1
11702	261	1
4263	8256	1
850	95	1
10409	5717	1
6177	5993	1
5363	9234	1
458	459	1
4444	173	1
3176	847	1
9079	15193	1
2941	5608	1
17178	17177	1
4303	4294	1
16525	4946	1
12537	17350	1
4602	630	1
10409	3068	1
4051	13586	1
5359	4209	1
1415	1415	1
1371	1797	1
16801	16801	1
8979	9388	1
847	3176	1
16210	6573	1
6244	3449	1
11702	550	1
18089	18090	1
3068	10409	1
16953	12932	1
17896	6883	1
16033	16033	1
294	5628	1
10829	3239	1
1690	974	1
8979	4424	1
9069	18016	1
2546	16477	1
16055	16520	1
2031	2611	1
294	6854	1
7070	7069	1
7776	4246	1
11196	3668	1
10550	10831	1
5325	5691	1
5789	12344	1
11702	490	1
15835	2369	1
10788	490	1
16742	12696	1
4939	9248	1
8688	16301	1
8260	8903	1
14654	2749	1
5628	294	1
17743	937	1
283	680	1
3055	10602	1
6265	9237	1
8490	2647	1
936	937	1
6322	536	1
937	17743	1
1630	9300	1
10531	9300	1
13432	6811	1
12209	6334	1
1392	2564	1
12209	8347	1
6573	16210	1
5325	5326	1
9300	10531	1
12948	2275	1
13689	1686	1
5357	8899	1
5341	15380	1
17731	18091	1
4294	9498	1
3271	320	1
17237	17237	1
14248	3737	1
7844	6609	1
1797	1371	1
1514	1704	1
17851	14492	1
16112	16113	1
5894	8330	1
6506	12464	1
4660	3545	1
11753	1599	1
4037	8280	1
8985	3248	1
7082	9624	1
8280	4037	1
5993	4668	1
5325	3480	1
18039	17947	1
18092	3480	1
1690	9593	1
1690	2048	1
3056	6337	1
12209	2331	1
18093	18093	1
17987	4751	1
2194	2758	1
3283	3358	1
7606	4282	1
6564	16387	1
7380	5752	1
8903	8260	1
10199	12345	1
18094	18094	1
10409	2116	1
12209	13378	1
9898	2027	1
12545	4842	1
2873	1925	1
3102	16301	1
9994	6527	1
7606	8241	1
10831	10550	1
10767	10767	1
12896	17442	1
13853	10550	1
10130	8802	1
11231	12932	1
9624	7082	1
15466	84	1
13884	10649	1
9270	1372	1
3568	2914	1
6609	7844	1
15365	12456	1
11799	15206	1
428	375	1
12456	15365	1
5050	15665	1
5300	4898	1
1372	9270	1
3333	15866	1
18035	17882	1
10620	13646	1
7331	4952	1
1392	1617	1
8609	6104	1
5325	14715	1
4657	5812	1
16716	7042	1
14103	12217	1
1514	2199	1
13492	12551	1
11844	12936	1
4840	14071	1
2119	5167	1
13621	12936	1
9198	13618	1
4950	4836	1
1690	2199	1
13618	9198	1
2654	5584	1
5167	2119	1
5266	1619	1
16371	12217	1
14969	11630	1
10842	7442	1
11690	2863	1
7442	10842	1
1740	4055	1
6126	4055	1
3458	12598	1
2439	4055	1
16250	15234	1
1619	5266	1
3437	4055	1
6251	8452	1
6265	4055	1
3704	4055	1
4364	4365	1
502	551	1
16113	16112	1
13270	14144	1
9597	1396	1
8536	1396	1
1392	3843	1
4362	6447	1
18095	18095	1
15181	162	1
17203	16515	1
5325	4039	1
5735	14144	1
7868	18084	1
8903	11387	1
11151	6328	1
9820	18070	1
12345	10199	1
4365	4364	1
1611	13359	1
5812	4657	1
11537	18077	1
7784	1292	1
7721	6854	1
14993	8630	1
15365	10250	1
6977	12336	1
4389	4196	1
45	936	1
1396	8536	1
11799	8718	1
3575	10095	1
627	12336	1
17350	12537	1
14144	5735	1
4735	3440	1
4602	4346	1
8630	14993	1
12217	16371	1
15527	4554	1
14343	5602	1
366	1431	1
1466	3786	1
9141	14597	1
1431	366	1
6244	5532	1
627	628	1
1899	18096	1
383	382	1
4602	3550	1
8979	5107	1
7432	7433	1
10108	15659	1
4801	9554	1
12209	6562	1
14851	8291	1
7106	9554	1
9480	9554	1
17896	9554	1
16166	11552	1
730	1452	1
16387	6564	1
10409	12479	1
2255	46	1
10042	10158	1
10859	9554	1
10095	3575	1
1796	46	1
17729	478	1
3449	6244	1
8359	6165	1
11300	11300	1
1388	4486	1
4946	16525	1
2408	12314	1
8150	16731	1
8268	1842	1
15206	11799	1
8333	8676	1
1452	1451	1
7038	6022	1
2031	2668	1
11702	12819	1
2808	921	1
1514	71	1
46	2255	1
1690	71	1
6562	8810	1
12932	16953	1
11048	11048	1
540	5078	1
10409	9239	1
12696	16742	1
4780	4487	1
10157	15422	1
12899	15886	1
18097	18097	1
4602	7810	1
4486	1388	1
5325	10649	1
18014	18015	1
5993	2543	1
3761	7543	1
11552	16166	1
15886	12899	1
14376	14312	1
12779	5366	1
1338	395	1
5993	7767	1
1802	2548	1
11346	12899	1
7956	1373	1
17953	6193	1
4602	4735	1
728	11312	1
3440	4735	1
11472	13567	1
14382	14382	1
13723	12591	1
9211	9212	1
15665	15773	1
7486	8330	1
8896	10685	1
16965	7671	1
3068	2116	1
15773	15665	1
12899	13392	1
5812	777	1
5050	13453	1
3190	14849	1
814	5164	1
395	3996	1
18070	9820	1
2855	2163	1
2193	2349	1
3893	6898	1
7318	5089	1
7331	6245	1
642	13772	1
12899	11346	1
4263	1654	1
12758	17029	1
872	18086	1
13765	13765	1
16387	755	1
1392	1100	1
6447	4362	1
18086	10609	1
7423	15886	1
16533	7336	1
18098	7163	1
4726	6783	1
3950	4409	1
9586	9065	1
17939	10410	1
2913	8222	1
12771	8141	1
6117	8682	1
14849	3190	1
12183	3301	1
16731	8150	1
8682	6117	1
5325	13884	1
2116	3068	1
917	3616	1
2264	1712	1
6111	6111	1
3283	1622	1
10509	10690	1
13032	1622	1
6354	17946	1
6744	6765	1
16769	17197	1
3972	1337	1
8979	16657	1
8404	4883	1
16982	13494	1
15789	123	1
2005	5724	1
16166	3480	1
18099	11060	1
15106	11514	1
9719	16492	1
12060	11960	1
10123	13750	1
370	2180	1
1690	1514	1
8810	6562	1
755	16387	1
1971	6187	1
13772	642	1
9234	5363	1
15148	10758	1
11313	3480	1
8682	8682	1
9718	15773	1
2767	167	1
4602	1506	1
3480	11313	1
2031	12420	1
6522	708	1
10981	1375	1
7331	6904	1
5051	4689	1
4839	7620	1
9554	17896	1
8901	9499	1
16932	7595	1
1514	2077	1
4602	3558	1
17586	7595	1
1388	2077	1
5922	5	1
12664	12650	1
5	1210	1
7592	7595	1
16387	16585	1
14715	13407	1
18077	11537	1
123	1363	1
13750	10123	1
166	7088	1
7088	166	1
16585	16387	1
7606	8544	1
14715	8280	1
16904	14779	1
8357	2484	1
8141	12771	1
7739	13492	1
2808	2973	1
8226	3507	1
1611	10911	1
5325	6887	1
9330	6513	1
13538	7739	1
17197	16769	1
13492	7739	1
13350	7739	1
18100	3616	1
16168	7276	1
8483	5993	1
14807	7276	1
6265	3401	1
16486	8092	1
18101	18101	1
976	11132	1
7117	6911	1
1210	5	1
17242	168	1
10409	14930	1
12950	12120	1
168	17242	1
3722	4346	1
15478	11339	1
4724	6040	1
7179	9378	1
1690	10751	1
16477	2546	1
9378	7179	1
10997	5131	1
13922	3605	1
18102	17844	1
16009	6424	1
17844	18102	1
10409	12902	1
6693	17797	1
17280	10375	1
7179	7731	1
17997	9895	1
15773	9718	1
6781	12587	1
10911	1611	1
10352	5987	1
5365	4084	1
7276	16168	1
3109	7836	1
6058	1558	1
6811	13432	1
2420	1708	1
17766	4917	1
5366	12779	1
3480	16166	1
12389	17665	1
4257	2364	1
18103	17014	1
2911	3079	1
478	17729	1
3079	2911	1
8105	5331	1
1514	3366	1
1690	3366	1
1062	1062	1
6867	5793	1
18104	12848	1
13494	11537	1
4251	3944	1
18105	11537	1
7404	9610	1
14612	9511	1
17250	11537	1
17234	18000	1
9511	14612	1
10427	1584	1
3283	3177	1
18106	8458	1
7656	18107	1
801	15878	1
8949	14968	1
