10413	6564	1
16847	5006	1
2134	15878	1
3723	3949	1
166	7088	1
7813	5693	1
14144	13270	1
15878	15878	1
12414	5890	1
4842	12545	1
11537	13494	1
16533	7336	1
2484	6816	1
7258	5843	1
11346	12899	1
16387	6564	1
16166	3480	1
13494	11537	1
13392	12899	1
4708	5087	1
4233	3447	1
5086	5087	1
3447	4233	1
13535	806	1
10335	10469	1
17919	9100	1
38	39	1
4198	4814	1
9100	17919	1
11123	8788	1
6816	3950	1
5359	426	1
5087	4708	1
6637	6987	1
15251	7002	1
12340	8840	1
12021	16339	1
10900	9782	1
4602	1217	1
14262	5862	1
9718	15773	1
1584	10427	1
10552	5773	1
2242	15552	1
3085	6289	1
6418	5773	1
5537	2608	1
8677	5773	1
15552	2242	1
6476	5773	1
6260	4282	1
12936	11844	1
5194	2520	1
6190	11065	1
3534	11649	1
5324	6874	1
13432	6811	1
10003	5444	1
14050	14050	1
4282	6260	1
6190	12650	1
4258	5767	1
12501	13390	1
1462	2520	1
4362	6447	1
4274	7282	1
1081	997	1
6556	1175	1
9554	4801	1
12995	14461	1
875	8867	1
6527	9994	1
5006	16847	1
18108	18109	1
11618	1081	1
997	1081	1
18110	11618	1
3330	9372	1
1081	11618	1
8092	16486	1
7544	10179	1
4258	71	1
17661	17662	1
13610	5855	1
6811	13432	1
3840	11635	1
17081	10836	1
3177	3283	1
2608	5537	1
6120	5717	1
6120	6650	1
7179	9378	1
4258	15763	1
6564	10413	1
12755	10902	1
10749	3315	1
6447	4362	1
13765	13765	1
3235	3315	1
8185	3315	1
13538	6346	1
7666	8522	1
8036	15044	1
11828	11828	1
2578	13493	1
15878	801	1
9936	13493	1
3091	493	1
16795	12490	1
2006	2005	1
18111	16717	1
6561	4980	1
2119	5167	1
9239	10409	1
8619	2364	1
15099	15099	1
15693	6556	1
14612	9511	1
375	428	1
11068	5503	1
10069	6733	1
12217	15611	1
14565	15611	1
7624	9248	1
6120	3041	1
11552	16166	1
16619	17504	1
5843	7258	1
3480	16166	1
16370	15110	1
13610	11380	1
3041	6120	1
1514	12062	1
1690	12062	1
2354	1692	1
9895	17997	1
5890	12414	1
12899	10077	1
4409	3950	1
3840	11719	1
2862	123	1
15668	15006	1
1068	3722	1
5773	5258	1
5707	5258	1
12779	5366	1
9378	7179	1
8359	14131	1
5896	5217	1
6564	16387	1
4580	16062	1
11382	5506	1
14345	6178	1
4258	1414	1
3849	4899	1
4084	5365	1
6727	6040	1
426	5359	1
6033	8030	1
4706	4707	1
6609	7844	1
17081	18112	1
8840	12340	1
9079	8850	1
18113	240	1
18084	7868	1
5072	705	1
10077	12899	1
1243	705	1
5366	12779	1
4839	4925	1
16388	12899	1
9479	15749	1
3708	18114	1
11712	6703	1
10255	10255	1
11537	17250	1
11339	15478	1
9239	3068	1
2546	16360	1
6120	717	1
18115	18116	1
8850	9079	1
15664	6883	1
1740	8141	1
18114	3708	1
10624	3868	1
9610	7404	1
3964	8303	1
3950	4409	1
1176	16360	1
3567	14156	1
6703	11712	1
6832	13868	1
17872	13564	1
15886	12899	1
10877	12481	1
14131	8359	1
18117	18118	1
1341	592	1
3840	3170	1
6760	8359	1
12545	4842	1
15693	334	1
1900	8975	1
6165	8359	1
18119	18119	1
1848	645	1
9880	4857	1
1601	4856	1
17250	11537	1
9048	507	1
6796	16686	1
6816	2484	1
6120	8141	1
5545	1886	1
9270	9272	1
1936	1935	1
5670	740	1
2862	4468	1
2353	1661	1
18035	16199	1
10609	18086	1
8785	18086	1
6190	11539	1
10348	18086	1
18120	17441	1
6120	3288	1
10857	17974	1
17947	18039	1
2354	2546	1
9048	2973	1
14956	2876	1
645	1848	1
14943	18121	1
18113	2242	1
331	6718	1
2242	18113	1
5773	3160	1
17819	5488	1
14039	17974	1
6718	331	1
8404	4883	1
2247	4898	1
5258	3160	1
400	5243	1
6897	7625	1
1741	3606	1
10529	5243	1
16360	2546	1
11132	3136	1
6033	7162	1
18122	10938	1
3165	18123	1
12553	11245	1
17441	18120	1
2876	14956	1
8924	8925	1
1439	1482	1
13390	1482	1
458	3696	1
3062	13385	1
6120	10067	1
4061	3012	1
10473	2914	1
3165	2556	1
16288	2914	1
13744	2914	1
6602	2914	1
6730	7345	1
13172	3938	1
11649	3534	1
6190	10620	1
1451	1452	1
3824	2454	1
5243	400	1
9239	5706	1
3822	2454	1
9201	1295	1
7551	12842	1
4418	8051	1
6120	677	1
11199	1316	1
2354	3830	1
1850	3043	1
6441	13404	1
8051	4418	1
17918	3077	1
5670	5248	1
4036	5248	1
8303	18124	1
7381	7592	1
7595	7592	1
6436	2911	1
14849	7901	1
5413	16322	1
17201	13677	1
1280	1654	1
3077	17918	1
7901	14849	1
7308	11883	1
1132	4196	1
17132	16110	1
6190	10737	1
18121	14943	1
17926	3984	1
4946	3984	1
17733	7622	1
11485	7028	1
12842	7551	1
18039	17947	1
1135	1491	1
6811	6811	1
16166	11552	1
9636	2265	1
6513	9330	1
7471	7054	1
13677	17201	1
7267	953	1
8709	17220	1
7655	16529	1
8979	5307	1
371	515	1
18125	18126	1
6120	4102	1
7622	17733	1
16345	1059	1
3727	3726	1
17997	9895	1
2364	8619	1
18127	18127	1
4258	4414	1
3283	4603	1
13976	13023	1
14573	9581	1
4751	17987	1
3984	17926	1
7625	6897	1
8280	14715	1
8854	15520	1
1935	1936	1
7381	4137	1
18128	17521	1
11382	4137	1
5217	5896	1
16313	3276	1
5684	2455	1
4258	95	1
801	1008	1
3202	9239	1
11312	728	1
11377	11377	1
17959	12417	1
7215	7625	1
5076	800	1
18129	9545	1
1619	5266	1
5266	1619	1
3827	3169	1
800	5076	1
16529	7655	1
6530	2902	1
10620	13737	1
3753	13985	1
2182	3169	1
17951	13043	1
9581	14573	1
6033	5567	1
18130	11497	1
3984	4946	1
18131	18131	1
3840	10769	1
2607	3169	1
2862	3169	1
16789	17163	1
16507	7334	1
2749	3169	1
5000	15411	1
11835	10717	1
7561	2294	1
15411	5000	1
4251	3944	1
11372	12457	1
9239	4603	1
1141	205	1
5000	16209	1
3041	2914	1
16	13	1
8507	6197	1
12861	5613	1
11497	14814	1
14814	11497	1
16484	17844	1
6033	9005	1
5258	5707	1
16209	5000	1
13043	17951	1
7569	4006	1
15996	14215	1
9636	9147	1
16486	8092	1
6454	4769	1
9069	5000	1
16758	589	1
5357	17321	1
11372	6898	1
11844	12936	1
2520	1723	1
4650	5010	1
18000	17234	1
1723	2520	1
12022	8363	1
8141	1740	1
2180	370	1
12717	7902	1
15214	8209	1
18132	10182	1
3258	17701	1
8320	12650	1
1154	6073	1
9239	8421	1
15642	5590	1
9048	6056	1
728	11312	1
9048	10358	1
7868	4632	1
18133	8983	1
5000	9069	1
395	1338	1
3988	238	1
6120	7038	1
9239	6251	1
7613	10208	1
