12515	16708	1
6786	17649	1
7223	1897	1
7940	8026	1
17363	4144	1
4437	8491	1
5348	5349	1
6104	8609	1
10685	4115	1
7811	7857	1
6531	2260	1
12046	1842	1
765	2065	1
14312	14376	1
6700	12816	1
8404	12806	1
6765	3370	1
3370	6765	1
375	9872	1
6729	6117	1
2169	564	1
17130	6860	1
9391	8680	1
12816	6700	1
13567	11472	1
9138	7000	1
13556	2248	1
4664	5894	1
7900	2000	1
8402	10778	1
4088	1419	1
6700	4250	1
8328	8339	1
11820	6936	1
10623	7085	1
2901	6752	1
1705	3704	1
12771	12771	1
12535	15162	1
14343	2588	1
4055	3704	1
6765	3719	1
1061	3162	1
10973	10067	1
12176	7927	1
17785	13311	1
6325	2668	1
3302	3010	1
11502	1612	1
2713	2059	1
6878	4643	1
17646	17645	1
17920	17920	1
17503	17503	1
4055	6265	1
6183	8035	1
14816	5806	1
12589	6306	1
17896	4037	1
5943	7180	1
14317	14535	1
4935	6127	1
7927	12176	1
12861	2886	1
4037	17896	1
755	2126	1
10973	11024	1
2843	3278	1
5806	14816	1
2588	14343	1
10374	8756	1
6414	5824	1
7013	2721	1
2415	4643	1
414	4643	1
5894	4664	1
932	17921	1
7831	15365	1
13626	17871	1
17922	17922	1
7078	5690	1
14926	6298	1
14535	14317	1
3492	3392	1
17923	7944	1
3230	6199	1
4055	3437	1
891	17261	1
16274	15745	1
4301	7548	1
13138	16738	1
519	9079	1
6901	12540	1
9966	8976	1
5593	13829	1
3753	10742	1
7180	4241	1
5411	5047	1
10973	4241	1
352	5933	1
8976	9966	1
3722	4346	1
1512	21	1
8854	15520	1
17923	14277	1
8763	12134	1
15320	3616	1
11478	8014	1
7000	9138	1
6597	5822	1
12134	8763	1
13130	12999	1
4092	13191	1
16738	13138	1
15745	16274	1
17622	9717	1
5020	3717	1
7138	4939	1
6454	4939	1
10363	9790	1
6540	15886	1
11150	17653	1
3972	2392	1
8220	14292	1
15788	17390	1
11934	17652	1
7260	7853	1
17261	891	1
874	28	1
7257	2346	1
11907	6183	1
4055	2440	1
16550	2639	1
5581	14728	1
6765	8018	1
12379	5354	1
17923	529	1
6037	2483	1
5972	8962	1
8018	6765	1
1371	13453	1
5154	4408	1
1775	7913	1
6909	7158	1
7138	14016	1
1523	1338	1
6637	4444	1
8676	10250	1
17645	17646	1
6540	7125	1
4115	10685	1
1396	8536	1
6752	2901	1
7407	3171	1
2942	15629	1
1487	1612	1
6107	16585	1
5549	3985	1
1425	1425	1
1705	3108	1
2942	3383	1
1268	8335	1
801	1008	1
4888	5154	1
13018	663	1
1338	17674	1
15663	3246	1
271	328	1
3190	8803	1
14559	14672	1
3171	7407	1
10163	12153	1
472	473	1
5715	4561	1
5204	5205	1
1061	6296	1
12944	12944	1
755	5691	1
13737	10620	1
13408	5691	1
14522	5485	1
11122	17924	1
8336	8336	1
3315	13851	1
15520	8854	1
15153	12300	1
12029	12300	1
531	2292	1
2942	6765	1
10162	5876	1
2611	2292	1
4568	12383	1
12314	4554	1
9438	10390	1
5047	5411	1
1354	589	1
17743	937	1
10973	5862	1
10973	7863	1
5485	14522	1
10623	7863	1
10973	2588	1
6852	7216	1
7260	15744	1
5154	4888	1
3822	2454	1
15320	1622	1
7739	5021	1
10647	12217	1
17127	16894	1
6540	6539	1
2155	11778	1
16029	16021	1
1775	11160	1
17904	8172	1
2942	1241	1
4055	2439	1
6309	7979	1
2942	11160	1
13851	3315	1
10623	14522	1
2915	15307	1
6490	4320	1
1775	2461	1
237	3329	1
12414	10103	1
6539	8631	1
4444	6637	1
1338	2843	1
5741	638	1
3844	15300	1
14016	7138	1
10145	2979	1
4417	17600	1
28	874	1
5368	2979	1
17925	2776	1
195	99	1
12300	15153	1
17014	10410	1
2292	531	1
9289	7082	1
13323	10285	1
13106	7082	1
10350	17835	1
16399	8466	1
15079	14025	1
12383	4568	1
99	195	1
13111	6668	1
4946	4946	1
15432	15432	1
3706	1497	1
16107	7705	1
4250	7308	1
937	17743	1
6183	11907	1
6056	6037	1
16041	15428	1
3523	1476	1
2455	7151	1
9248	15428	1
437	861	1
5890	15428	1
8214	8330	1
9973	2192	1
6479	6765	1
10415	15428	1
15428	16041	1
9957	6765	1
16037	15428	1
3817	8330	1
1323	6155	1
17322	6435	1
200	887	1
12024	15428	1
4402	3521	1
9289	4385	1
3108	6765	1
1661	2353	1
4657	4885	1
3084	6765	1
5549	2052	1
4980	10716	1
10973	8374	1
2942	2492	1
1705	2492	1
564	2169	1
17884	5067	1
7548	1997	1
1188	6765	1
6339	3067	1
5067	17884	1
7853	7260	1
5502	1264	1
17618	10304	1
2874	6765	1
12544	7868	1
2488	6765	1
4220	4161	1
4502	850	1
16261	15760	1
7151	2455	1
5806	6765	1
11074	15153	1
3978	5125	1
13408	10982	1
10973	10982	1
6840	6765	1
13985	11372	1
1061	4295	1
5549	4295	1
2942	3914	1
15210	12408	1
3598	2007	1
15428	9248	1
4030	4257	1
15428	12024	1
7308	6127	1
4767	11868	1
17926	16804	1
1705	2647	1
6127	7308	1
8369	8369	1
4828	5185	1
1685	1686	1
6117	7668	1
5549	564	1
1008	801	1
1069	564	1
7180	6622	1
11150	17329	1
17243	17927	1
8776	3457	1
3843	1100	1
8339	17538	1
9069	10737	1
1775	8452	1
2340	4414	1
13354	10620	1
8214	4007	1
4055	6126	1
17442	11800	1
16215	5879	1
9503	13822	1
6190	10737	1
17237	17237	1
12537	1954	1
1397	243	1
8214	15153	1
17618	15153	1
2942	2441	1
6540	11800	1
3966	6059	1
5789	12344	1
15320	8614	1
8756	10374	1
1498	5500	1
2668	6325	1
10623	8506	1
12344	5789	1
8214	5096	1
3405	5294	1
15428	10415	1
2894	5211	1
1119	213	1
6104	6059	1
12779	5366	1
4786	6144	1
7179	9378	1
9503	4544	1
17896	16891	1
5357	17321	1
2287	4544	1
15320	4873	1
8076	6742	1
14375	57	1
1198	5243	1
9682	2027	1
313	314	1
313	5586	1
9624	7082	1
14923	13826	1
9133	16265	1
10304	17618	1
8609	6104	1
15153	17618	1
8451	1307	1
4035	1109	1
1913	1307	1
7495	1307	1
1452	1451	1
8213	1307	1
441	1307	1
5348	1307	1
1711	10754	1
8214	8247	1
4133	6883	1
17928	17929	1
4335	1307	1
17930	6819	1
4328	13219	1
14153	1307	1
2573	2571	1
7873	1810	1
2192	9973	1
6748	7359	1
9899	1810	1
1451	1452	1
10216	12356	1
10503	12356	1
9718	11078	1
15320	5227	1
10623	2390	1
17618	3274	1
8782	16088	1
15649	4262	1
1307	441	1
14197	3315	1
4257	4030	1
6241	6059	1
14103	10779	1
17898	12285	1
17819	5488	1
10060	5430	1
564	1069	1
14317	7188	1
17929	17928	1
2439	2440	1
14382	2506	1
13408	6783	1
1134	13900	1
730	1451	1
5549	7860	1
6058	1558	1
243	1397	1
13900	1134	1
2506	14382	1
2152	8028	1
905	564	1
8788	11243	1
14741	14740	1
13408	9100	1
12274	16855	1
12300	4816	1
16261	2030	1
10973	9100	1
8536	1396	1
6117	6729	1
2721	7013	1
5301	16237	1
8330	3817	1
887	200	1
3480	16732	1
12153	10163	1
5261	5260	1
12413	11164	1
4030	17552	1
623	5970	1
11927	11918	1
1497	3706	1
3822	3824	1
3268	3925	1
7693	17375	1
12537	80	1
10248	15263	1
17931	16785	1
4334	7695	1
17932	2738	1
8214	4363	1
12314	6924	1
2390	10623	1
266	265	1
3111	8181	1
13868	6832	1
4728	207	1
5125	3978	1
14277	17923	1
13408	6887	1
3984	4946	1
1705	1034	1
932	933	1
2942	1971	1
4816	12300	1
3658	3743	1
13020	2102	1
5893	13137	1
207	4728	1
5437	1810	1
17552	4030	1
9682	6315	1
1368	476	1
3669	6783	1
10909	13455	1
2247	4898	1
10103	12414	1
3315	14197	1
1198	1322	1
6783	3669	1
6765	6479	1
5972	13809	1
7592	16142	1
9193	10094	1
15320	1393	1
1686	2200	1
21	1218	1
9079	519	1
777	5812	1
6142	6264	1
17933	11302	1
4939	9248	1
5570	6264	1
16735	16995	1
11907	15793	1
3684	3685	1
2942	3113	1
8214	5191	1
6265	2440	1
10973	13200	1
7868	12544	1
6573	2440	1
17916	15664	1
2616	2440	1
9268	2440	1
2461	7913	1
1439	2440	1
9872	375	1
9105	2440	1
5074	2440	1
6126	2440	1
10716	4980	1
6980	331	1
2140	2440	1
11356	2190	1
8208	8460	1
9404	2440	1
8084	9777	1
17934	1585	1
3138	5581	1
15649	1022	1
14672	14560	1
12096	8909	1
4544	9503	1
5549	6034	1
7668	6117	1
14956	9075	1
5869	5326	1
13408	17293	1
3985	4294	1
5613	12861	1
13408	4857	1
17935	17935	1
8214	8364	1
12861	5613	1
6199	3230	1
8076	12537	1
755	6883	1
14522	10623	1
9289	6246	1
7863	10623	1
13809	5972	1
17918	17917	1
1198	8037	1
663	13018	1
6540	7423	1
11472	13567	1
4447	8365	1
2292	2611	1
6727	6040	1
11372	16780	1
2051	1558	1
8682	15948	1
1705	1188	1
6416	5490	1
10623	11069	1
12239	1674	1
1897	12340	1
4294	4303	1
10778	8402	1
4345	4346	1
3718	13348	1
17110	4554	1
6455	6992	1
2322	2694	1
3433	2863	1
15793	11907	1
16288	13744	1
3568	7012	1
2308	10704	1
8214	10420	1
4597	3826	1
9100	8194	1
11699	14151	1
10938	9409	1
1775	2420	1
16237	5301	1
1198	6552	1
1674	12239	1
5488	10784	1
10704	2308	1
17366	10713	1
5160	4489	1
2184	4369	1
15365	10713	1
628	627	1
9378	7179	1
7831	10713	1
623	6053	1
4294	3985	1
12356	10503	1
14136	9568	1
9910	10427	1
16522	10410	1
6540	9145	1
6270	7012	1
9381	8719	1
7012	6270	1
6969	3089	1
2057	3379	1
7153	9767	1
5880	5981	1
1198	10345	1
6126	17936	1
16732	3480	1
5981	5880	1
1585	17934	1
13408	8194	1
3793	797	1
3479	8260	1
2941	4824	1
4704	1709	1
17050	17937	1
6901	5228	1
6540	17938	1
11379	1709	1
13137	5893	1
2934	3987	1
8521	6270	1
10845	12252	1
8172	6748	1
8214	4816	1
155	2771	1
10973	17409	1
17899	12479	1
6908	17826	1
6748	8172	1
10123	17887	1
10623	6893	1
16450	16054	1
5443	14836	1
7260	370	1
4343	3105	1
12870	4007	1
968	2017	1
8243	5650	1
17826	6908	1
17936	6126	1
17939	17014	1
2380	2017	1
164	14968	1
16054	16450	1
7602	3258	1
3744	4581	1
4303	4294	1
10922	3105	1
17242	168	1
10473	2484	1
564	905	1
13898	14947	1
3125	3105	1
9894	7419	1
3333	15866	1
84	16411	1
1425	13133	1
2484	10473	1
17691	16522	1
4581	3744	1
167	166	1
1451	730	1
1452	730	1
15978	6129	1
15320	7752	1
9894	11797	1
2340	143	1
17940	2961	1
9289	6309	1
15858	6893	1
4346	4345	1
3184	1338	1
15639	14132	1
166	7088	1
14947	13898	1
11712	17941	1
17941	11712	1
755	2172	1
5660	1338	1
12758	14505	1
370	7260	1
11943	15306	1
17204	6057	1
8214	10713	1
17942	4601	1
13572	6919	1
17738	13455	1
5750	2399	1
14288	10713	1
9314	6977	1
4662	10783	1
6783	10783	1
15306	11943	1
17787	7012	1
11440	9639	1
5650	8243	1
2428	4320	1
4489	5160	1
8685	7411	1
6193	13215	1
7088	166	1
1338	4537	1
12970	7986	1
3793	1433	1
3793	1292	1
155	5086	1
10620	13354	1
3826	4597	1
8214	13659	1
16241	13471	1
11797	9894	1
13492	12551	1
6977	9314	1
737	1938	1
3019	5531	1
8214	12024	1
17618	7267	1
13501	3307	1
7267	17618	1
4055	1740	1
5170	6107	1
4956	4384	1
6860	17130	1
17943	1826	1
2425	16250	1
14597	7449	1
1938	737	1
3105	3125	1
1039	304	1
6270	8781	1
8014	11478	1
4384	4956	1
15773	10784	1
17887	10123	1
9706	2096	1
5549	2096	1
16585	6107	1
16700	16941	1
14361	12982	1
10738	8619	1
1705	3716	1
6416	6384	1
6270	8521	1
10815	16382	1
6107	5170	1
1061	363	1
12551	13492	1
4200	17876	1
16502	13538	1
5133	4857	1
16751	13399	1
8460	16003	1
9612	5870	1
540	6113	1
10473	2914	1
3521	2571	1
10713	15365	1
10475	6625	1
6816	2484	1
926	16960	1
265	266	1
7449	14597	1
4147	2540	1
5688	12861	1
16382	10815	1
1641	2579	1
4408	5154	1
3925	3268	1
13471	16241	1
168	17242	1
10749	3315	1
17851	14492	1
9001	4384	1
6539	7598	1
5753	6539	1
7487	1044	1
3345	11699	1
7260	425	1
10427	9910	1
2223	17858	1
4910	4812	1
698	16182	1
732	425	1
524	816	1
8847	5316	1
11988	11530	1
4753	3214	1
2484	6816	1
15649	1869	1
13655	6286	1
17926	9863	1
17926	14351	1
4257	2364	1
8803	3190	1
1338	6095	1
10330	10765	1
2608	5537	1
17835	5368	1
16592	16594	1
1584	3190	1
425	732	1
1693	222	1
11777	12685	1
6416	4586	1
13020	16161	1
8619	2364	1
12685	11777	1
13409	8775	1
5735	13270	1
3793	2830	1
755	884	1
6416	6397	1
3824	3822	1
9100	11296	1
9754	9754	1
16627	11296	1
9248	4939	1
7261	3395	1
4147	13920	1
3190	1584	1
17014	17014	1
1436	2457	1
13744	16288	1
16074	16715	1
2445	884	1
14610	14492	1
8976	8763	1
4006	3503	1
8763	8976	1
13311	17785	1
8649	7448	1
11699	3345	1
14351	17926	1
4457	5774	1
7952	9861	1
9863	17926	1
17876	4200	1
17856	9147	1
2132	5294	1
9289	7804	1
17076	17076	1
9022	12096	1
16804	17926	1
3569	3568	1
476	1368	1
16755	17944	1
3214	4753	1
17825	17859	1
5463	6113	1
755	13414	1
16594	16592	1
13270	5735	1
5388	6640	1
4601	246	1
6934	8680	1
14222	320	1
15471	8886	1
17945	6903	1
677	15818	1
10626	922	1
15539	9777	1
2942	3401	1
16274	17366	1
8619	10738	1
1307	8451	1
17773	884	1
7791	11236	1
7654	8451	1
8773	8401	1
2942	710	1
5613	8451	1
5217	5881	1
2364	8619	1
17324	17326	1
1705	9669	1
15641	6435	1
5378	1921	1
15858	5849	1
5843	10742	1
5497	5498	1
5138	12202	1
4836	4950	1
6354	14211	1
3521	4402	1
10973	3230	1
16845	1628	1
4950	4836	1
6540	6286	1
13741	16124	1
11132	976	1
6788	10464	1
5634	7885	1
4096	9700	1
2773	13538	1
10140	8886	1
14559	14560	1
12397	13289	1
5870	9612	1
2480	3333	1
17946	6354	1
10973	9005	1
17866	17867	1
70	95	1
7448	8649	1
10464	6788	1
5305	7033	1
755	5090	1
17944	16755	1
13538	2773	1
17098	13538	1
12540	6901	1
16522	17691	1
475	275	1
8499	12117	1
5282	7452	1
11296	9100	1
7502	4788	1
15447	3194	1
3177	11113	1
14631	10713	1
14585	10713	1
4812	4910	1
1897	7223	1
16484	17844	1
9234	9488	1
16265	9133	1
10623	5849	1
17919	14071	1
9138	11556	1
6540	1556	1
8451	12861	1
10839	6045	1
3994	1724	1
5842	2706	1
540	628	1
5537	2608	1
8401	8773	1
17947	11567	1
1105	17129	1
628	540	1
5463	1921	1
922	10626	1
16207	5897	1
8172	17904	1
3333	2480	1
11128	12834	1
12537	8076	1
13133	1425	1
13528	17904	1
8911	7821	1
17926	16722	1
11567	17947	1
123	16343	1
7821	8911	1
6771	10687	1
15789	16343	1
13962	16017	1
4241	10452	1
1108	628	1
3041	6513	1
2766	6089	1
16507	7334	1
6128	10741	1
13424	15346	1
6513	3041	1
5381	10387	1
6264	5570	1
3170	8707	1
9488	9234	1
16635	17877	1
14886	3295	1
6540	8421	1
5365	6270	1
9223	17948	1
10973	8421	1
14754	14535	1
3568	3569	1
2677	5786	1
17949	17949	1
4788	7502	1
2532	6270	1
1069	14870	1
14724	7853	1
10623	14535	1
17948	9223	1
3985	9400	1
5768	6264	1
14132	15639	1
17618	9296	1
5130	1791	1
14461	5351	1
14343	10982	1
16507	12326	1
5351	14461	1
10713	17366	1
9059	14844	1
4506	4505	1
1476	3523	1
1526	16568	1
395	205	1
6181	13199	1
5167	2028	1
11530	11988	1
17950	9191	1
6452	5693	1
884	17773	1
2997	14849	1
3089	6969	1
10982	9897	1
9897	10982	1
7853	14724	1
14844	9059	1
755	6564	1
14535	14754	1
8214	7132	1
14849	2997	1
5871	2341	1
16358	496	1
13808	12777	1
