12775	12540	1
8836	12919	1
6564	6788	1
12271	13659	1
9375	5693	1
6045	10839	1
13659	12271	1
6343	4883	1
10809	16088	1
12540	12775	1
971	611	1
3441	8446	1
10292	13150	1
9276	7622	1
8854	4107	1
5305	7033	1
18199	1913	1
7361	10620	1
6122	7487	1
2611	16671	1
5870	5735	1
13741	4107	1
18106	8458	1
11631	9705	1
387	2571	1
10620	7361	1
17974	10857	1
6401	15406	1
5693	9375	1
17974	6891	1
16671	2611	1
5365	18200	1
10061	10857	1
8446	3441	1
8204	1064	1
6812	9250	1
3924	9389	1
16161	16205	1
2420	2611	1
931	8212	1
5482	7487	1
5897	7487	1
159	2712	1
18186	7020	1
5893	5047	1
6492	8818	1
4730	8976	1
5047	5893	1
4355	2383	1
2611	2420	1
4226	11681	1
11221	500	1
3100	5641	1
14478	7622	1
2016	5845	1
4796	4983	1
774	5545	1
1180	3013	1
9375	5875	1
11467	9705	1
325	326	1
17002	6501	1
518	6927	1
1022	6927	1
7215	7625	1
6927	518	1
2169	564	1
5845	2016	1
5041	5875	1
9375	12161	1
2589	4444	1
11478	8014	1
4355	5490	1
14203	2842	1
7450	2096	1
4735	8354	1
8264	9821	1
9364	6315	1
6428	18201	1
7929	14821	1
5832	2520	1
8141	12771	1
12771	8141	1
7625	7215	1
8142	9433	1
18202	9433	1
8212	931	1
8810	6562	1
8243	5650	1
8935	16372	1
3170	8707	1
5898	7487	1
6457	7487	1
16	13	1
8707	3170	1
7023	5320	1
4355	6384	1
6573	16210	1
9375	4328	1
5586	3308	1
13	3880	1
16113	14814	1
5791	10809	1
3243	3068	1
3850	5859	1
6845	10968	1
14426	10623	1
12433	10829	1
12598	3458	1
3880	13	1
1094	2870	1
3606	1741	1
7000	9138	1
5297	5774	1
328	271	1
1081	9409	1
12485	10195	1
5641	3100	1
12439	3616	1
2771	6998	1
124	1985	1
906	1266	1
11437	4942	1
9895	905	1
936	1266	1
68	655	1
4613	14263	1
7367	17261	1
12582	5042	1
3002	1572	1
6171	3950	1
10857	10061	1
15664	6883	1
7065	6428	1
3950	6171	1
382	383	1
383	18203	1
9719	3033	1
437	861	1
9300	6951	1
18203	383	1
2771	156	1
16865	16865	1
234	431	1
5545	774	1
13851	3315	1
5735	9612	1
5813	3569	1
7622	9276	1
15552	6428	1
5042	12582	1
14814	16113	1
2298	4299	1
2573	2571	1
18204	6854	1
5628	6854	1
3791	1342	1
2446	4755	1
3568	3569	1
9564	14301	1
10569	6428	1
7595	7592	1
17925	5670	1
13985	11372	1
1297	18170	1
2520	7651	1
1059	12365	1
277	18170	1
5800	7031	1
3938	13172	1
2234	3383	1
9375	3274	1
6927	18205	1
518	2335	1
4143	4386	1
2420	1599	1
1094	1855	1
9707	4963	1
18206	12389	1
16522	17014	1
13111	6668	1
12671	17553	1
3509	2616	1
18170	1297	1
82	8776	1
9375	4604	1
6936	11820	1
13998	13998	1
18207	17014	1
5832	5833	1
8700	5343	1
14071	9270	1
1268	8335	1
2152	8028	1
1741	3606	1
7155	7156	1
371	8526	1
2666	5533	1
1368	1625	1
8443	15566	1
18176	2624	1
13843	2624	1
11473	8133	1
1797	2624	1
8630	14993	1
12217	16371	1
15482	15988	1
14993	8630	1
18208	18196	1
10354	18061	1
13451	11713	1
1072	387	1
17014	16522	1
3308	5586	1
3063	6502	1
8133	11473	1
8785	2	1
6788	6564	1
7031	5800	1
11372	13985	1
1517	5296	1
5932	8260	1
11713	13451	1
16301	8688	1
4755	2446	1
15566	8443	1
14597	9141	1
6987	4266	1
1625	1368	1
4464	8443	1
4341	10449	1
10449	4341	1
18209	18209	1
9273	1127	1
441	17442	1
3072	5229	1
9273	5222	1
13289	12773	1
5883	3566	1
5717	1420	1
4355	8011	1
10061	5982	1
17531	10966	1
9406	9406	1
12397	12773	1
7074	11758	1
4640	5982	1
64	5982	1
7098	709	1
4776	2194	1
5246	4622	1
11451	16187	1
7945	11972	1
7465	3005	1
18210	1957	1
7918	2741	1
14969	11630	1
696	2234	1
3383	2234	1
1987	1839	1
16492	9719	1
16107	7705	1
1711	10754	1
3470	709	1
1180	6904	1
3033	9719	1
4193	4937	1
16371	12217	1
15722	8776	1
17985	17986	1
6530	4755	1
1985	124	1
11025	4216	1
6562	8810	1
4755	6530	1
6811	15079	1
8458	18106	1
1853	7372	1
4937	4193	1
9375	16561	1
9959	6484	1
12763	9550	1
6483	6484	1
4216	11025	1
15362	8610	1
17203	16515	1
2713	2059	1
1127	9273	1
5222	9273	1
3799	3799	1
5502	1264	1
12748	2902	1
6530	2902	1
3063	18007	1
14083	2164	1
4598	93	1
3456	1758	1
7592	16142	1
11960	18211	1
4444	2589	1
1180	1537	1
4266	6987	1
18191	18191	1
6230	14095	1
1452	1451	1
11630	14969	1
4386	4143	1
4724	5941	1
14370	2450	1
17797	6693	1
6162	2361	1
3259	5131	1
16322	5413	1
2450	14370	1
2234	696	1
854	13072	1
13899	17268	1
14001	17193	1
6693	17797	1
18199	12291	1
1451	1452	1
16360	2546	1
17689	17689	1
18212	3786	1
14414	642	1
15038	9470	1
4487	8291	1
11415	11563	1
15038	6624	1
647	5096	1
11820	4219	1
15038	16817	1
9324	15869	1
5296	1517	1
17493	5296	1
18213	9533	1
6485	5516	1
5413	16322	1
12773	13289	1
17268	13899	1
6906	18214	1
5533	304	1
15869	9324	1
6579	2232	1
8260	5932	1
3555	8897	1
3243	3420	1
15365	12456	1
1375	13123	1
11339	14248	1
8889	13925	1
5068	9749	1
3490	7058	1
9375	18215	1
8458	5131	1
3259	1871	1
383	382	1
6543	855	1
16360	16360	1
3817	4030	1
534	12616	1
4344	4760	1
9239	7469	1
11032	13170	1
5546	6578	1
6428	10569	1
13837	6424	1
17193	14001	1
15214	15215	1
13667	13668	1
5516	6485	1
624	625	1
7232	14825	1
2298	3704	1
18216	5772	1
2620	2619	1
14019	12365	1
13777	11161	1
13737	5892	1
7606	8728	1
5650	8243	1
7484	6485	1
6193	9369	1
723	516	1
15745	1674	1
8676	1134	1
4760	4344	1
5613	12861	1
13425	18217	1
18056	17308	1
5343	8700	1
5017	5033	1
996	8291	1
518	2691	1
12456	15365	1
13668	13667	1
18218	4255	1
14041	12591	1
7495	7622	1
15790	15790	1
3302	453	1
18219	18118	1
2666	4025	1
18220	17503	1
8050	18183	1
7033	5305	1
702	3575	1
2	3306	1
4630	4629	1
12819	11702	1
10839	6045	1
18086	10609	1
5932	10560	1
801	12054	1
11179	9324	1
2821	8443	1
6624	17861	1
15320	11113	1
9375	13408	1
7025	5307	1
10759	2096	1
16137	17592	1
11820	6936	1
7622	14478	1
9324	11179	1
11562	771	1
17592	16137	1
4796	1791	1
3262	9498	1
1461	7932	1
15002	13516	1
13516	15002	1
1180	5977	1
9375	7810	1
2924	5408	1
3854	3849	1
4216	10722	1
10722	4216	1
3669	1506	1
5170	2096	1
13573	15471	1
4806	5408	1
12433	17885	1
4193	4977	1
10758	15148	1
12054	801	1
9433	18202	1
1506	3669	1
6564	16387	1
1008	801	1
13751	4555	1
15471	13573	1
7086	4555	1
11779	13580	1
15471	15471	1
4025	9846	1
12062	1514	1
17861	6624	1
3688	5316	1
2077	1514	1
1552	18221	1
16911	6624	1
5280	5107	1
11797	16485	1
34	163	1
13985	6339	1
11242	12488	1
11836	16485	1
12414	10103	1
7739	17098	1
6789	6445	1
12775	6901	1
1372	9270	1
9375	4662	1
6157	11048	1
17714	9394	1
14370	8890	1
6609	1273	1
2666	4295	1
8204	5458	1
5167	2027	1
78	11513	1
3243	4650	1
4977	4193	1
2611	6187	1
9253	11513	1
6187	2611	1
4365	4364	1
6013	6012	1
14715	13407	1
9375	2621	1
11502	1612	1
2298	3240	1
6578	5546	1
3243	4116	1
11973	16332	1
15985	5546	1
691	2979	1
16646	5711	1
12861	5613	1
1947	1947	1
17408	10452	1
1731	2123	1
14715	8280	1
5502	18222	1
1280	1368	1
16764	4464	1
13331	7535	1
4708	5087	1
7606	9931	1
15003	3606	1
3681	3680	1
18223	8668	1
7656	8029	1
12666	10345	1
242	241	1
8699	7449	1
15933	5537	1
8335	564	1
7449	8699	1
371	9580	1
9375	3746	1
9375	4857	1
321	15548	1
12450	14956	1
3518	11646	1
15148	10758	1
2976	1766	1
2446	425	1
5411	1740	1
299	17714	1
3354	3160	1
4616	5069	1
2027	5167	1
6199	15139	1
14197	7108	1
17939	17014	1
5415	2399	1
6812	6813	1
15773	10784	1
11536	5797	1
1839	1987	1
241	242	1
15106	7334	1
2666	303	1
13455	11571	1
7334	15106	1
771	11562	1
12773	12397	1
5221	12073	1
4447	8365	1
584	507	1
2454	3822	1
3824	3822	1
16276	17280	1
17588	17280	1
1572	3811	1
7178	3822	1
17280	16276	1
1674	15745	1
5360	2255	1
5257	5257	1
4692	9031	1
9327	16522	1
584	5335	1
16485	11797	1
1423	3811	1
917	1009	1
17280	17588	1
6668	3190	1
11517	11124	1
1509	1009	1
7622	7495	1
7916	11689	1
12470	14330	1
13580	11779	1
2420	1009	1
2611	1009	1
1072	11824	1
10621	1031	1
9575	6649	1
18224	15675	1
11164	7895	1
5797	11536	1
13150	10292	1
11943	14779	1
2895	11390	1
15023	16729	1
8776	2138	1
2255	5360	1
6468	6650	1
14806	14806	1
14779	11943	1
1565	1742	1
3811	1572	1
14893	6266	1
801	1008	1
11836	10319	1
2399	5415	1
13529	13356	1
4031	10639	1
13851	1987	1
11497	11497	1
4030	3817	1
7895	11164	1
11387	8896	1
2084	1704	1
11571	13455	1
1662	12685	1
10368	14095	1
12051	3404	1
13105	9731	1
4355	5740	1
9100	17919	1
1108	424	1
8243	14978	1
8889	9819	1
23	424	1
10968	9085	1
12172	10609	1
7651	2520	1
5110	5818	1
12073	5221	1
8335	1268	1
8049	8365	1
8365	8049	1
14044	13215	1
6414	10807	1
1723	2520	1
6166	7127	1
5972	18225	1
4730	7452	1
14978	8243	1
7452	4730	1
13356	13529	1
12814	3286	1
4796	3725	1
13123	1375	1
16169	11899	1
1142	1254	1
18226	18226	1
835	2935	1
3315	7108	1
12591	14041	1
10807	6414	1
472	473	1
13014	17898	1
7108	3315	1
18086	8785	1
6321	16525	1
1978	4131	1
8896	11387	1
7810	4346	1
13711	14041	1
3569	7012	1
6765	4757	1
10609	12172	1
14876	272	1
8142	6911	1
10095	3575	1
331	1416	1
17898	13014	1
189	272	1
9550	12763	1
1143	3550	1
3822	2454	1
2721	1656	1
18214	6906	1
12048	12048	1
13626	5933	1
1897	15866	1
11689	7916	1
3140	1756	1
16273	11815	1
12714	17999	1
4796	173	1
17830	10384	1
14956	12450	1
16240	10698	1
6266	14893	1
998	2935	1
1987	13851	1
9378	7179	1
4757	6765	1
5442	5442	1
5713	1142	1
1662	16189	1
18124	8303	1
1162	2532	1
10384	17830	1
9128	7481	1
9228	10061	1
6786	7078	1
18227	87	1
4346	7810	1
6804	12587	1
12217	15611	1
6107	4021	1
6012	6013	1
87	18227	1
14714	3358	1
18228	11377	1
8213	5688	1
9511	14612	1
5715	4561	1
2298	2488	1
4838	422	1
17999	12714	1
3252	12062	1
17714	299	1
8611	5096	1
2882	15915	1
5840	3561	1
10061	9228	1
17744	17744	1
18229	18229	1
16502	7739	1
1566	2802	1
14154	9193	1
12246	5096	1
11815	16273	1
11121	4029	1
17098	7739	1
10096	17105	1
1361	1040	1
7739	13538	1
17098	13538	1
953	7267	1
13030	8420	1
5735	5870	1
16031	7267	1
2935	835	1
6625	9892	1
5640	2308	1
3780	7944	1
9375	12254	1
17844	1746	1
1884	8666	1
10023	15067	1
6934	17123	1
1038	8666	1
3859	145	1
2361	6162	1
7267	16031	1
15773	11078	1
18230	16819	1
16199	17882	1
9105	9472	1
3569	5813	1
1535	3679	1
5280	9472	1
14612	9511	1
4115	3780	1
8842	13538	1
14825	7232	1
7179	9378	1
7267	953	1
2911	3079	1
13961	6787	1
7276	14807	1
10347	13598	1
14041	13711	1
16168	14807	1
2913	14886	1
5307	7025	1
8142	5392	1
10982	9897	1
4281	7232	1
16649	16648	1
1062	455	1
5263	8897	1
1584	3190	1
3190	1584	1
3079	2911	1
1514	12062	1
1572	3002	1
6348	11516	1
1746	17844	1
18227	18231	1
18143	11248	1
6977	1366	1
6730	7345	1
13215	14044	1
18132	10182	1
3706	1497	1
8221	5433	1
5391	5392	1
13598	10347	1
7188	10103	1
10	40	1
4346	3722	1
11248	18143	1
352	5933	1
8909	12096	1
11038	11038	1
15388	4580	1
16205	16161	1
3679	1535	1
5868	7553	1
3463	6564	1
4589	6513	1
18232	17773	1
2308	5640	1
4409	3950	1
16627	1953	1
1366	6977	1
5750	2399	1
16525	6321	1
18233	10418	1
4689	6901	1
18234	11624	1
717	3009	1
4724	4605	1
16387	6564	1
3950	4409	1
5055	1824	1
9270	1372	1
8785	18086	1
16387	12308	1
5170	4295	1
3009	3812	1
12946	2543	1
3812	3009	1
5896	5896	1
8976	4730	1
6788	10464	1
18235	2392	1
8889	13011	1
8092	16486	1
8333	8676	1
9248	4939	1
2776	328	1
12584	801	1
6832	7109	1
12685	1662	1
16189	1662	1
2134	801	1
5033	5017	1
15076	9821	1
11534	7004	1
15798	3878	1
18236	12420	1
14451	5411	1
1514	488	1
8084	9777	1
16885	16595	1
9420	16309	1
18237	18237	1
2040	2677	1
7739	16502	1
7404	18141	1
9748	9748	1
2392	18235	1
14807	16168	1
17997	17997	1
9105	6370	1
12062	17845	1
5411	14451	1
6370	9105	1
4034	8668	1
8889	9113	1
15067	10023	1
5055	5453	1
6033	12777	1
11824	1072	1
4939	9248	1
15238	6564	1
11048	6157	1
12777	6033	1
9193	3577	1
18238	14058	1
355	11312	1
7360	2105	1
17030	3160	1
774	5884	1
2474	7861	1
6513	4589	1
18168	8222	1
6668	13111	1
482	9187	1
9374	3160	1
18202	8803	1
274	275	1
3434	4946	1
9007	5882	1
8521	6270	1
13557	3924	1
10623	14426	1
2209	1175	1
8889	4591	1
15460	4946	1
4522	16517	1
2646	3041	1
17160	1337	1
13538	17098	1
1175	2209	1
18239	447	1
8499	9018	1
16418	1537	1
3216	11831	1
16210	6573	1
240	438	1
2200	1686	1
3296	141	1
3568	2532	1
2579	3745	1
4100	17452	1
6742	1737	1
14460	10713	1
