5849	14535	1
5979	905	1
12497	16021	1
1522	2446	1
7017	9248	1
9807	2017	1
3844	1241	1
905	564	1
12196	7593	1
9248	7017	1
14123	13500	1
12429	9488	1
9895	905	1
5513	9564	1
11568	10623	1
6251	6343	1
15782	6811	1
2455	17328	1
16399	10000	1
15471	13929	1
4384	5107	1
11514	9966	1
6860	2428	1
173	2270	1
3202	7501	1
17389	15788	1
7592	7595	1
7624	11194	1
10988	12353	1
17438	9488	1
11699	3345	1
17999	12714	1
6513	3041	1
8049	8365	1
8365	8049	1
9477	10736	1
7017	14078	1
4862	6246	1
7624	15572	1
5227	7501	1
7831	12456	1
755	16387	1
13884	10649	1
7624	12456	1
4262	1677	1
6155	16085	1
5678	7407	1
7074	11044	1
3345	11699	1
10623	11568	1
17966	5107	1
5490	6397	1
9759	10687	1
6178	14345	1
7624	9248	1
12481	4578	1
13659	12271	1
7693	17375	1
12691	12472	1
12861	10765	1
9819	12337	1
5424	6059	1
16804	17926	1
8243	5650	1
271	272	1
3128	3278	1
7522	16657	1
9346	16376	1
1030	4677	1
17744	17744	1
8927	10938	1
7624	5075	1
2017	9807	1
11574	15572	1
6637	6987	1
5481	1188	1
17777	6242	1
16358	10765	1
5511	4977	1
4346	1793	1
1339	5671	1
8361	4977	1
18000	10765	1
3843	2482	1
1512	9245	1
4028	764	1
17980	2420	1
4489	764	1
7017	12336	1
8222	8680	1
7800	12336	1
4613	14263	1
5307	1532	1
7624	7916	1
6897	4020	1
18000	16205	1
5084	5931	1
5485	3561	1
8929	6187	1
3346	2867	1
10685	4115	1
11164	12413	1
1459	2712	1
1459	11465	1
7624	11676	1
3559	5565	1
11390	6863	1
9248	4939	1
10687	6883	1
6187	8929	1
11376	16321	1
12481	7597	1
5817	5642	1
4294	9498	1
18001	1178	1
16892	11121	1
7827	6127	1
167	166	1
7624	9138	1
3087	5354	1
5354	3087	1
1512	11527	1
2654	5584	1
2721	4876	1
9695	9807	1
12481	7598	1
891	17261	1
95	3196	1
11121	16892	1
1069	1031	1
4092	10363	1
17743	937	1
4431	4144	1
17389	17389	1
1459	4483	1
9202	6419	1
4133	4664	1
6942	11553	1
2677	6052	1
17390	17389	1
1081	9409	1
16553	15820	1
5047	11124	1
18002	18002	1
3972	2392	1
2006	2005	1
17482	17481	1
7551	12842	1
17389	17390	1
17045	15507	1
12540	6901	1
17261	891	1
1459	159	1
796	584	1
11413	3399	1
15426	3480	1
12842	7551	1
2005	2006	1
7012	5684	1
2455	5684	1
15334	3033	1
4368	3493	1
14456	9108	1
4384	5280	1
2461	7913	1
9193	2107	1
6197	6198	1
13018	663	1
14956	5397	1
7553	5868	1
16842	17014	1
16729	16552	1
16667	16552	1
12802	17835	1
12481	17739	1
11873	11874	1
14946	10350	1
5368	17835	1
921	2808	1
16212	16390	1
11874	11873	1
12413	11164	1
2096	5549	1
9143	3543	1
2518	2519	1
8416	3933	1
7624	6788	1
6117	6116	1
12942	14833	1
7624	5207	1
4405	6525	1
4028	5160	1
4489	5160	1
14142	15988	1
11194	7624	1
9759	6883	1
12456	7624	1
8333	8676	1
9248	7624	1
5075	7624	1
6212	17926	1
16210	6573	1
7916	7624	1
1143	8443	1
11676	7624	1
2446	4755	1
6513	9330	1
9138	7624	1
6844	14522	1
3598	2007	1
4489	71	1
6788	7624	1
5207	7624	1
2941	71	1
7086	4555	1
705	3070	1
5584	2654	1
1522	540	1
11497	14814	1
12544	7868	1
4028	508	1
4489	508	1
15520	8854	1
12214	730	1
8451	16205	1
7624	8506	1
18003	8506	1
15886	12899	1
6123	6475	1
10765	10330	1
1522	3062	1
15985	10330	1
6475	6123	1
10304	10938	1
874	3194	1
7922	7688	1
2659	18004	1
7407	10938	1
12299	1622	1
16074	8723	1
9488	12429	1
18005	18005	1
2446	2555	1
17904	13528	1
13851	3315	1
15365	10250	1
6141	15226	1
5755	625	1
3999	1656	1
16911	17861	1
12748	2902	1
3843	4755	1
4115	10685	1
3033	15334	1
3984	17926	1
2265	1842	1
2	10998	1
11553	6942	1
1625	1368	1
10773	8995	1
5167	11458	1
890	13808	1
17577	23	1
4603	7522	1
12420	7522	1
5603	11419	1
2941	6607	1
987	706	1
16657	7522	1
13723	12591	1
12367	13808	1
9415	6879	1
5880	5981	1
7908	7509	1
10363	4092	1
2759	1452	1
10736	9477	1
3151	16959	1
2005	5724	1
4939	8998	1
328	272	1
17954	17414	1
1368	1625	1
6452	6637	1
2237	2517	1
11007	13492	1
4939	9248	1
4171	1055	1
17954	3960	1
4578	3043	1
13030	11151	1
3925	3268	1
12541	6492	1
17995	18006	1
3022	2248	1
10713	14585	1
12176	7927	1
708	708	1
7868	12544	1
5316	2142	1
17014	16842	1
1512	4422	1
10765	18000	1
11626	14826	1
16541	16609	1
1740	3674	1
17442	12896	1
4257	4030	1
13187	13187	1
15038	17861	1
150	342	1
13875	2840	1
1055	4171	1
6193	7980	1
3972	3971	1
8995	10773	1
17280	17588	1
6417	15071	1
11690	2863	1
17861	15038	1
1859	3640	1
3063	18007	1
277	2273	1
15071	6417	1
2865	1099	1
12835	5640	1
8577	8577	1
7624	11556	1
1824	359	1
1452	1451	1
7624	3335	1
1522	1552	1
4312	2145	1
13043	17951	1
5852	5851	1
5266	1619	1
17778	3795	1
8820	6193	1
4992	6370	1
7980	6193	1
3262	16143	1
2673	8232	1
4205	4206	1
1619	5266	1
4028	4414	1
4489	4414	1
4281	17956	1
5565	3559	1
9414	17956	1
7624	12381	1
16840	15617	1
1339	3514	1
16486	8092	1
6637	6452	1
7624	17956	1
1353	3574	1
14876	16255	1
7522	7891	1
7624	3337	1
7624	3966	1
13032	9080	1
8788	11243	1
12259	6155	1
1522	6370	1
6530	2902	1
3843	6213	1
10348	10998	1
2455	2289	1
6811	15782	1
6908	13638	1
2446	295	1
7522	14166	1
1802	5242	1
17926	16804	1
10675	5149	1
7624	11869	1
17904	8172	1
1005	779	1
12344	5789	1
13409	8775	1
8547	15334	1
3736	10247	1
1451	14078	1
2056	4909	1
8775	13409	1
5133	5691	1
16199	5789	1
7624	5691	1
5650	8243	1
7624	2450	1
17238	12183	1
17366	6268	1
18008	18008	1
40	1208	1
15896	16057	1
4755	11973	1
17738	13455	1
12779	5366	1
16982	8977	1
11973	4755	1
342	150	1
149	10463	1
3502	1231	1
18009	8706	1
14078	1451	1
5134	7944	1
5381	10387	1
1802	2548	1
2941	2276	1
499	988	1
11243	8788	1
1532	5307	1
1563	5686	1
11689	7258	1
2455	2390	1
3128	2832	1
629	630	1
14886	3295	1
16525	18010	1
1522	1935	1
14540	1149	1
2941	2673	1
1338	1523	1
453	515	1
2894	5211	1
12481	12899	1
4888	7650	1
1771	15382	1
8609	6104	1
9100	11296	1
10743	2349	1
1064	12899	1
1410	11419	1
1512	4865	1
16632	16632	1
627	628	1
1897	8222	1
7522	5307	1
1822	4663	1
10077	12899	1
4170	2084	1
9707	623	1
8577	14659	1
5136	623	1
5684	7012	1
7853	7066	1
1332	6467	1
17739	12899	1
3743	5791	1
6104	8609	1
17948	8972	1
5693	17201	1
2995	15818	1
6506	5934	1
14522	6844	1
17201	5693	1
2941	3912	1
5642	3561	1
14718	8127	1
7624	14031	1
5773	7012	1
314	8998	1
8328	5944	1
1912	8247	1
11751	13595	1
2835	1825	1
1144	2247	1
17588	17280	1
5133	3149	1
5756	12898	1
6303	17797	1
2446	16332	1
18011	15668	1
16619	17504	1
17785	13311	1
11789	5920	1
4937	4193	1
8854	15520	1
17448	17447	1
16491	16056	1
15470	13272	1
11485	928	1
7624	7625	1
8723	16074	1
5934	6506	1
10765	16358	1
15628	14116	1
9488	17438	1
3843	12886	1
15985	16358	1
5490	5474	1
7624	6783	1
9759	4241	1
8927	8390	1
10165	4241	1
4241	10165	1
4581	10769	1
2808	921	1
3128	2584	1
4972	3380	1
13973	10273	1
1208	40	1
18012	18013	1
779	1005	1
6611	5537	1
242	241	1
6294	4777	1
1677	1022	1
8998	4939	1
241	242	1
1522	2420	1
988	499	1
12899	1064	1
5474	5490	1
12345	272	1
1512	2543	1
13595	11751	1
2455	2290	1
2289	2290	1
1332	1333	1
5343	10494	1
2480	15866	1
3843	10200	1
2446	1428	1
584	796	1
7066	7853	1
3514	1339	1
6116	6117	1
14197	7108	1
10623	14522	1
5671	1339	1
6918	1361	1
213	1119	1
996	1406	1
4092	13191	1
16147	17282	1
17521	15794	1
3062	1143	1
3824	2454	1
6107	5170	1
10765	12861	1
14522	10623	1
13808	9005	1
801	15878	1
3190	6105	1
14426	10623	1
3640	1859	1
7624	10464	1
11472	13567	1
14343	15766	1
1326	1505	1
6400	4045	1
12541	2297	1
2134	15878	1
7656	3862	1
14535	10623	1
2927	853	1
11828	11828	1
12254	9375	1
14222	3515	1
4495	1408	1
10623	10623	1
6893	10623	1
4281	7671	1
5360	2636	1
2446	11630	1
3754	3893	1
18014	18015	1
14522	9589	1
7223	226	1
14814	11497	1
2039	14849	1
1339	800	1
1522	6126	1
8927	6046	1
7228	13289	1
12336	7800	1
4972	1142	1
16842	16522	1
17997	7800	1
9440	16554	1
10351	9276	1
1887	2360	1
7051	12336	1
5301	12456	1
14062	2914	1
3671	8722	1
1119	213	1
2420	2611	1
4418	4490	1
6930	8903	1
8506	7624	1
2941	17818	1
8803	3190	1
2017	824	1
10611	8903	1
11403	8903	1
18016	9069	1
11556	7624	1
10623	6893	1
1579	1580	1
5541	2212	1
10778	8903	1
4028	6716	1
12456	5301	1
4489	6716	1
13567	11472	1
1522	6716	1
4640	64	1
1522	3240	1
12183	17238	1
65	64	1
7650	4888	1
2455	3795	1
4384	7025	1
4972	3795	1
2611	2420	1
3843	1034	1
1522	1034	1
8676	8333	1
15527	4554	1
5922	5	1
18017	2572	1
905	5979	1
10273	13973	1
706	987	1
800	1339	1
5418	8834	1
12899	17739	1
9120	8903	1
2039	2677	1
3795	2455	1
3650	2572	1
7604	5154	1
10903	9586	1
1204	222	1
4489	387	1
6270	5365	1
2390	2455	1
5	5922	1
2289	2455	1
5684	2455	1
17454	9816	1
17328	2455	1
12299	9545	1
8903	6930	1
6105	3190	1
2446	1905	1
3190	8803	1
5211	2894	1
12481	15886	1
8260	8903	1
2455	12671	1
1523	1338	1
14943	13976	1
3996	1338	1
5353	8609	1
12899	15886	1
17882	16199	1
6428	8460	1
8927	4597	1
15552	8460	1
8011	2017	1
14968	7602	1
7502	4788	1
18018	10839	1
7501	3330	1
4489	2733	1
14457	16399	1
8685	7411	1
7800	17997	1
18019	18019	1
8619	2364	1
16488	18020	1
853	2927	1
630	629	1
8903	10778	1
7522	5280	1
12456	7831	1
4097	3921	1
3763	10226	1
12353	8903	1
3438	10226	1
10623	14535	1
8903	8260	1
623	4963	1
222	1204	1
14263	4613	1
3843	18021	1
10713	7831	1
3330	7501	1
6337	3056	1
9665	4963	1
1793	4346	1
10255	11161	1
879	3056	1
7831	10713	1
11459	16301	1
11797	8903	1
1311	9669	1
1099	2865	1
18022	2865	1
17961	17962	1
4972	2355	1
6155	12259	1
5871	2341	1
953	6022	1
3128	7136	1
11455	3581	1
3128	3972	1
9509	3972	1
2455	7151	1
1337	3972	1
4724	6040	1
10839	18018	1
14132	6372	1
3276	16313	1
12691	10061	1
13428	13428	1
5307	12479	1
9375	12254	1
7038	6022	1
11161	10255	1
3068	12479	1
2446	2180	1
18023	18023	1
159	6902	1
16387	755	1
11376	7213	1
8391	8391	1
5167	2028	1
2119	2028	1
10494	5343	1
3853	8780	1
1038	8666	1
10209	15717	1
1406	996	1
8213	8451	1
3972	1337	1
16205	8451	1
383	382	1
8997	2546	1
11767	17201	1
2007	3598	1
3162	2109	1
10925	17593	1
5307	14166	1
13408	8903	1
14904	10478	1
15792	13829	1
9669	1311	1
2941	206	1
18024	17908	1
7624	15746	1
3056	879	1
8092	16486	1
9580	2180	1
17115	9719	1
12134	17415	1
17926	6212	1
8903	11403	1
6879	4863	1
7361	4863	1
3077	1921	1
370	2180	1
1030	4332	1
18025	13483	1
7810	4346	1
17205	8980	1
12591	13723	1
5021	7739	1
8903	9120	1
6070	8860	1
634	677	1
17797	6303	1
4262	4262	1
8860	6070	1
1148	4863	1
11921	4863	1
14166	5307	1
4431	5356	1
4863	6879	1
2017	8011	1
2691	996	1
3795	17778	1
8788	14253	1
824	2017	1
12336	7051	1
5536	5537	1
7025	5107	1
2976	17002	1
4850	17002	1
15533	17002	1
4028	4389	1
4489	4389	1
18026	11657	1
9759	6068	1
3843	5006	1
5678	11143	1
14058	15664	1
1083	1082	1
4346	7810	1
6316	4084	1
15664	14058	1
18027	10047	1
1338	3996	1
2446	2446	1
4812	4910	1
10736	2248	1
4796	4983	1
5537	5536	1
4812	7535	1
7308	6183	1
12848	18028	1
12989	15250	1
10769	4581	1
15250	12989	1
16787	4910	1
12671	6165	1
12481	7423	1
8975	8802	1
1586	4806	1
5154	7604	1
8903	13408	1
15886	7423	1
17076	12002	1
4952	2415	1
18015	18014	1
6037	12991	1
11779	13580	1
1030	9022	1
17861	16911	1
5735	5870	1
4034	4034	1
5870	5735	1
17201	11767	1
17923	17923	1
2355	2526	1
10003	14849	1
426	2017	1
7594	5693	1
5922	27	1
7624	5979	1
6923	17787	1
342	3581	1
13580	11779	1
6997	9523	1
7012	17787	1
17997	18029	1
8007	16911	1
15720	13455	1
7411	8685	1
9568	5920	1
14886	2913	1
4983	4796	1
7293	9336	1
14849	10003	1
2941	8392	1
2941	10663	1
2573	2571	1
5512	7655	1
928	11485	1
4810	5314	1
16143	3262	1
4218	13273	1
3019	2820	1
3157	10122	1
7522	3084	1
2348	2349	1
8460	16003	1
10938	7407	1
13535	806	1
7423	15886	1
8498	18030	1
1188	5481	1
12372	10798	1
17851	14492	1
16057	15896	1
14971	7411	1
15334	8547	1
16209	12580	1
17908	16757	1
530	1408	1
14851	8291	1
275	3980	1
9934	6060	1
17896	6883	1
6767	6766	1
3950	5442	1
7602	14968	1
7831	15365	1
14715	13407	1
1497	3706	1
17002	15533	1
15794	17521	1
8903	12353	1
7413	5096	1
10713	15365	1
1339	447	1
1930	1791	1
14263	4555	1
803	3611	1
4384	9001	1
11116	4720	1
12481	17105	1
13407	14715	1
18031	18031	1
7800	5882	1
9289	9289	1
4977	8361	1
12587	2588	1
3405	4477	1
4910	4812	1
5442	3950	1
2455	7083	1
15386	10758	1
872	10609	1
8903	10611	1
7624	6030	1
13976	14943	1
17945	6903	1
5133	4857	1
17959	12417	1
8903	11797	1
5546	16663	1
2084	4170	1
18032	1059	1
5107	5307	1
2180	370	1
4592	5836	1
12777	12367	1
441	1307	1
3843	2864	1
9122	17734	1
13268	13268	1
3843	1392	1
5434	8958	1
5307	5107	1
8545	10986	1
7495	1307	1
6127	12899	1
5365	6270	1
6908	2864	1
14103	10779	1
17999	13980	1
4490	4418	1
5163	203	1
6165	12671	1
2546	2546	1
3843	3391	1
1828	6981	1
12336	8396	1
1376	5019	1
8498	10715	1
2446	6338	1
2864	6908	1
2455	3931	1
1339	1195	1
3893	3754	1
16552	16729	1
15878	801	1
2668	6325	1
5258	3160	1
10066	8966	1
17739	12447	1
5365	5570	1
205	395	1
16663	5546	1
7624	13408	1
4313	2776	1
6573	16210	1
8404	11910	1
11459	2170	1
16784	13020	1
5089	7318	1
7367	7625	1
2017	426	1
11151	13030	1
2170	11459	1
1338	4537	1
8834	5418	1
11910	8404	1
2941	3445	1
11676	7625	1
10758	15386	1
2776	5372	1
972	1062	1
9610	9394	1
7671	4281	1
18033	13982	1
4720	11116	1
11407	6394	1
9488	2506	1
2247	4898	1
7624	10783	1
14851	5697	1
6635	16262	1
1092	4167	1
8972	17948	1
16371	4167	1
8347	17948	1
2331	17948	1
5570	5365	1
10685	16333	1
12447	17739	1
13041	604	1
1132	4196	1
10266	16063	1
12336	17919	1
8214	10420	1
7625	7367	1
6030	5933	1
1341	2506	1
12506	7158	1
7667	7158	1
