12580	16209	1
16522	16522	1
6441	10537	1
3708	4970	1
7868	4632	1
8750	8575	1
13590	6898	1
18094	18094	1
7179	9378	1
13381	14041	1
12758	14505	1
9895	17997	1
14505	12758	1
14245	3489	1
2209	4448	1
12842	5977	1
4409	3950	1
8402	10778	1
4769	6454	1
2882	15915	1
9581	14573	1
5190	5190	1
2669	5685	1
7800	5882	1
8700	6562	1
18134	2648	1
3950	4409	1
4532	4533	1
18135	6643	1
13851	1987	1
10562	95	1
9484	13378	1
11132	3270	1
492	7042	1
2749	14654	1
3271	320	1
3480	16166	1
9239	3202	1
16166	3480	1
4333	4915	1
11552	16166	1
10537	6441	1
9584	283	1
7948	9731	1
14807	14869	1
2132	15988	1
794	4939	1
9554	10859	1
17098	13538	1
7487	5898	1
13538	17098	1
7282	4274	1
6562	8700	1
1461	371	1
371	1461	1
5922	5	1
3809	15216	1
7082	6127	1
7622	9276	1
10351	9276	1
4939	794	1
6058	1558	1
6127	12899	1
2228	2284	1
12899	6127	1
4084	6316	1
5	5922	1
5278	5278	1
7625	7215	1
1406	12899	1
12842	7551	1
14869	14807	1
15110	16370	1
4389	71	1
4389	1998	1
4389	878	1
12062	1690	1
71	1690	1
2048	1690	1
9593	1690	1
974	1690	1
11068	5503	1
10902	1690	1
6490	8328	1
18136	325	1
11799	11800	1
6891	17974	1
6073	1154	1
6316	4084	1
2345	15618	1
12919	384	1
6898	13590	1
18079	18080	1
11788	11567	1
7622	7495	1
1987	2379	1
11382	976	1
7215	7625	1
387	2571	1
5461	3881	1
18137	18137	1
824	2017	1
8036	15044	1
3461	2882	1
17002	4850	1
3315	10749	1
14654	2749	1
7045	16205	1
10375	17280	1
988	2813	1
5990	2813	1
11068	3992	1
5457	5797	1
3952	5962	1
17947	18039	1
12582	5042	1
15071	6417	1
2084	1432	1
384	12919	1
3723	3949	1
17974	6891	1
12861	10765	1
625	5755	1
3569	3569	1
492	7088	1
5755	625	1
13350	9085	1
18039	17947	1
14218	16621	1
10550	13741	1
663	13018	1
6564	16387	1
492	860	1
2134	7604	1
5553	14106	1
5457	9329	1
18138	673	1
2958	6908	1
4448	2209	1
10765	12861	1
18139	18139	1
3984	4946	1
8363	12022	1
323	5275	1
15062	12570	1
1742	1565	1
12422	5456	1
11502	11113	1
8051	4418	1
11382	2960	1
7948	11683	1
7334	16507	1
18098	11683	1
18140	11683	1
1304	4398	1
5457	2351	1
232	4457	1
1081	12772	1
16626	9924	1
17896	9554	1
17163	16789	1
14017	14017	1
11781	14082	1
4801	9554	1
9695	9807	1
1674	5991	1
9390	15194	1
7469	9239	1
9479	15749	1
10859	9554	1
15520	8854	1
4025	9846	1
492	553	1
112	7951	1
10857	10857	1
9239	7469	1
2455	17328	1
15845	7514	1
2229	2411	1
2116	5991	1
4810	6284	1
9390	4034	1
2480	4393	1
18141	7404	1
18042	84	1
10749	5354	1
371	2902	1
5836	8012	1
8575	8750	1
2721	896	1
1432	2084	1
12936	11844	1
11564	6419	1
14041	13381	1
16037	16892	1
15438	11372	1
16873	1081	1
4850	17002	1
6419	11564	1
12664	12650	1
16950	2093	1
2406	2199	1
17691	17014	1
988	54	1
10938	13538	1
1081	9409	1
13538	10938	1
7294	11319	1
15470	12345	1
4939	9248	1
11564	13590	1
4917	17766	1
13590	11564	1
540	6143	1
3984	17926	1
3999	1656	1
625	5062	1
12701	12701	1
4946	17926	1
8043	6352	1
9820	18070	1
16789	17163	1
4389	3056	1
2771	156	1
13100	18142	1
11382	1466	1
8854	15520	1
2354	6161	1
2353	1661	1
18143	13843	1
16892	16037	1
40	1661	1
156	2771	1
9009	7535	1
3170	11161	1
2455	7083	1
5120	13100	1
159	2712	1
11161	3170	1
13100	5120	1
8903	11387	1
1314	1483	1
12852	10820	1
2005	2006	1
4390	4525	1
1338	4537	1
11560	3059	1
10836	17081	1
395	1338	1
17714	9394	1
17987	4751	1
5896	5896	1
4504	4122	1
9924	16626	1
3147	5701	1
181	16438	1
4751	17987	1
746	14565	1
2163	6515	1
3610	1617	1
1661	2353	1
5701	5188	1
8028	2152	1
5773	2559	1
18144	17506	1
1120	6854	1
9718	11078	1
6832	7109	1
2282	2611	1
17701	3258	1
2936	2611	1
18145	6047	1
17021	16522	1
11713	13451	1
17939	16522	1
5170	3785	1
5188	5701	1
6611	4246	1
4810	5314	1
15638	15848	1
18146	18147	1
2006	2005	1
204	205	1
5457	2284	1
8063	8336	1
5845	2616	1
18148	5889	1
9230	5188	1
1274	9474	1
9754	9474	1
3479	5326	1
16829	6962	1
4398	1304	1
4666	6843	1
1913	13032	1
8137	5622	1
11734	5693	1
5087	4708	1
12535	4040	1
9248	4939	1
4842	12545	1
16494	16494	1
492	6615	1
6612	3768	1
18149	18149	1
16166	11552	1
12483	9717	1
10273	9717	1
564	4576	1
2322	2741	1
1617	3610	1
2247	4898	1
4273	16761	1
8852	2578	1
12544	7868	1
17567	17361	1
14943	18121	1
12096	10537	1
15365	10713	1
5354	10749	1
4578	10933	1
7495	7622	1
9554	4801	1
6127	7082	1
8908	13562	1
531	2292	1
9276	7622	1
14991	12353	1
5000	9069	1
17340	13685	1
14868	5454	1
6897	13710	1
17986	17985	1
3041	2914	1
13562	8908	1
7108	2914	1
11068	15527	1
15879	6048	1
2616	5845	1
3283	3177	1
1661	2582	1
3817	8330	1
17733	7622	1
5723	4006	1
885	6127	1
18150	3852	1
7622	17733	1
7948	3330	1
9876	6836	1
11846	14105	1
9141	14597	1
7645	3353	1
490	8004	1
18151	8911	1
12869	5793	1
8450	9773	1
5042	12582	1
10927	5806	1
5896	5217	1
3055	10602	1
1987	1839	1
1274	11308	1
3353	7645	1
8004	490	1
17926	3984	1
7083	2455	1
17328	2455	1
11724	4036	1
9717	12483	1
1338	5660	1
14087	12483	1
12584	801	1
17081	18112	1
18009	8706	1
11134	768	1
1685	5335	1
478	17729	1
4751	5683	1
11382	3401	1
17926	4946	1
1064	5188	1
17729	478	1
10099	2204	1
3852	18150	1
381	381	1
18152	18153	1
2813	5990	1
9390	9105	1
8283	1179	1
12970	7986	1
17334	12777	1
8733	1622	1
12420	1622	1
10121	5462	1
8051	7053	1
10537	12096	1
8320	12650	1
11799	8718	1
18086	8785	1
10582	6812	1
5296	1517	1
6813	6812	1
13687	12650	1
95	10562	1
4250	4871	1
5870	5735	1
5084	5931	1
1096	1517	1
3258	10433	1
912	4211	1
8174	6812	1
3041	6513	1
5457	8940	1
3708	6812	1
15847	14105	1
6931	6812	1
4708	6812	1
2422	3855	1
6197	8507	1
18154	6344	1
6100	9105	1
9105	6100	1
3780	7944	1
14956	2876	1
8051	5033	1
7606	9931	1
16520	16055	1
18155	18155	1
7235	2914	1
1622	8733	1
1179	8283	1
7581	13015	1
16387	6564	1
18156	11847	1
3855	2422	1
17203	18157	1
2051	1558	1
3547	2559	1
17898	13014	1
9276	10351	1
14825	7832	1
3263	4585	1
14105	11846	1
17487	4909	1
4250	2912	1
2691	4278	1
18158	17080	1
1622	12420	1
8940	5457	1
9069	5000	1
2611	2936	1
12345	15470	1
7780	4237	1
18159	18159	1
2351	5457	1
6730	7345	1
12364	7148	1
4237	7780	1
7595	7592	1
9329	5457	1
5797	5457	1
5520	8699	1
16971	16971	1
2885	10765	1
3833	1869	1
7780	8803	1
8699	16949	1
8803	7780	1
11687	7780	1
16808	8699	1
10713	15365	1
14123	14123	1
18160	18054	1
10199	12345	1
5880	5981	1
2428	4160	1
4708	5087	1
14087	14087	1
4389	662	1
17734	184	1
2005	5724	1
5773	3160	1
1156	1156	1
6932	9105	1
1740	5411	1
6513	3041	1
1040	1361	1
5683	4751	1
7895	11164	1
5662	9223	1
7560	12164	1
12117	18161	1
6414	6414	1
17739	6220	1
4038	16289	1
9223	5662	1
9807	9695	1
4384	5835	1
15800	5825	1
1338	395	1
8938	8974	1
8040	13659	1
5735	5870	1
8446	3441	1
3270	3136	1
5898	7487	1
16522	17021	1
612	5730	1
13710	6897	1
1746	17844	1
9659	9659	1
18113	3162	1
5457	8969	1
5231	4070	1
6922	5861	1
5807	5807	1
5602	14343	1
8974	8938	1
2876	14956	1
4135	5904	1
1179	1810	1
8258	1414	1
12450	14956	1
3441	8446	1
5825	15800	1
14197	3315	1
4943	1939	1
18008	18008	1
10765	2886	1
10759	2096	1
18162	6846	1
518	8204	1
801	12584	1
382	2190	1
2532	3568	1
6270	3568	1
13668	13667	1
7345	6730	1
6220	17739	1
4939	12400	1
11356	2190	1
12541	4555	1
2559	5773	1
17549	18163	1
7948	11444	1
10054	4020	1
9669	4385	1
294	5628	1
2411	2229	1
13021	13331	1
6646	11931	1
13015	7581	1
4389	2769	1
10620	7361	1
14886	3295	1
