18225	5972	1
9581	14573	1
2543	12946	1
5202	3767	1
14315	14844	1
3992	5503	1
12775	12540	1
2565	1702	1
4747	8222	1
7267	953	1
4034	8668	1
8243	5650	1
15238	10820	1
5715	4561	1
2454	3822	1
7495	7622	1
6783	5875	1
8142	5503	1
1656	2721	1
9375	5289	1
12540	12775	1
1227	1934	1
5120	13100	1
7639	12775	1
6789	7597	1
2596	3041	1
12259	15528	1
15716	5690	1
8991	7084	1
2691	6265	1
4193	4937	1
3112	2712	1
5488	10188	1
16658	14844	1
13963	17202	1
7469	8571	1
8547	15334	1
15401	9671	1
5818	5110	1
940	5110	1
14088	7061	1
7469	9239	1
7188	14571	1
14960	5613	1
3112	2546	1
12161	16045	1
13494	4843	1
9775	18240	1
17452	4100	1
3027	3028	1
7469	17131	1
8681	9168	1
905	564	1
387	2571	1
6270	8521	1
12565	13311	1
3112	370	1
13734	7061	1
5922	5	1
13710	4020	1
1934	1227	1
1666	1900	1
7380	9089	1
9089	7380	1
2550	15572	1
16755	16755	1
10639	4031	1
4965	3674	1
4334	1238	1
7452	7551	1
9375	828	1
7558	12308	1
12544	9671	1
13494	11537	1
13494	8973	1
10023	15067	1
10809	16088	1
15606	7867	1
936	17743	1
18241	17565	1
13928	15730	1
12132	8601	1
1081	9409	1
11921	1921	1
16710	954	1
355	12840	1
15606	10769	1
14426	10623	1
12266	4487	1
9105	2284	1
2790	2790	1
5582	3245	1
9198	17703	1
18242	8020	1
7625	11676	1
3563	5642	1
4416	1097	1
15009	15010	1
9369	10084	1
7061	13734	1
275	274	1
5468	5783	1
1307	14153	1
16795	12490	1
18235	2392	1
13534	13535	1
18243	14927	1
15067	10023	1
8521	6270	1
10347	13598	1
9763	9763	1
1366	6977	1
564	8335	1
8803	18202	1
12837	4174	1
4939	12400	1
1220	985	1
1662	12685	1
3112	4704	1
5415	864	1
3176	2051	1
16067	14728	1
4174	12837	1
1715	10844	1
357	550	1
5797	11536	1
1368	1280	1
3426	3426	1
10199	12345	1
14876	15438	1
5960	17463	1
18217	13425	1
17605	12274	1
507	508	1
2691	2439	1
9707	5136	1
1737	6742	1
4640	8017	1
10061	5982	1
1957	18210	1
5066	5982	1
953	7267	1
10350	17835	1
9698	1033	1
921	2808	1
3214	4753	1
6013	6012	1
2646	4248	1
3899	2042	1
5642	3563	1
17605	15572	1
3176	847	1
15002	13516	1
2368	2311	1
277	2273	1
13494	5845	1
4100	17452	1
13737	10620	1
2956	9926	1
1134	8676	1
3768	3096	1
3908	3907	1
2368	930	1
6551	689	1
7086	4555	1
17203	16515	1
14728	16067	1
447	18239	1
14559	14560	1
8420	6951	1
7188	4038	1
17882	16199	1
2138	8776	1
17463	5960	1
3072	5229	1
7078	6786	1
13494	11249	1
13215	14044	1
7267	10304	1
6282	4345	1
16667	16552	1
18244	3033	1
4753	3214	1
8204	5458	1
7188	14886	1
1661	2353	1
205	4594	1
13	16	1
6742	1737	1
7147	2371	1
216	2797	1
17201	13677	1
4939	9248	1
5628	3377	1
1402	5674	1
3178	314	1
12172	10609	1
3377	5628	1
12400	4939	1
3265	2641	1
5695	2641	1
3822	2454	1
2895	2641	1
9248	4939	1
7469	1622	1
5514	5066	1
4376	2641	1
8776	2138	1
13111	6668	1
12757	5587	1
14886	3295	1
11715	9418	1
17348	12175	1
15589	15668	1
689	6551	1
17261	891	1
3893	5372	1
18245	18245	1
2677	5786	1
1406	1241	1
4193	8998	1
2641	5695	1
12870	7336	1
18246	10378	1
828	9375	1
12132	8603	1
9897	10982	1
2691	3384	1
16522	10410	1
1040	2641	1
13425	18217	1
14576	5735	1
625	345	1
11921	4863	1
7469	16009	1
2691	1241	1
5735	14576	1
18247	2183	1
10654	7521	1
5110	5818	1
8630	14993	1
941	5305	1
14993	8630	1
15745	1674	1
17605	16855	1
6043	6044	1
17194	3237	1
3822	7178	1
18239	18239	1
5404	11103	1
5000	16209	1
3063	18007	1
18086	872	1
2691	3240	1
4983	4763	1
508	507	1
5343	8810	1
12758	14505	1
3112	9300	1
1985	124	1
16502	7739	1
6820	8962	1
5437	5682	1
1453	3891	1
13734	14522	1
5579	5580	1
507	584	1
5335	584	1
10623	14522	1
16715	16708	1
3176	2194	1
5597	8160	1
10886	4525	1
13496	7054	1
1838	4525	1
424	1108	1
5216	12142	1
2808	921	1
7178	3822	1
10109	4922	1
6927	1022	1
12932	11231	1
11552	16166	1
1452	1451	1
17592	16137	1
11231	12932	1
7613	1829	1
4983	4561	1
16345	15617	1
1830	1829	1
357	7855	1
16161	16205	1
3176	4652	1
1406	1294	1
15552	10569	1
5707	3160	1
6564	16387	1
4265	4265	1
17862	17863	1
8611	11164	1
18248	16699	1
11164	8611	1
11676	7625	1
16698	16699	1
15762	2483	1
8990	2116	1
7012	3160	1
18249	2183	1
14725	7178	1
17127	16894	1
2797	216	1
1411	5166	1
18212	2554	1
12771	8141	1
1451	1452	1
5786	2677	1
12565	12565	1
16893	16894	1
3176	186	1
4369	2183	1
6370	4992	1
2183	18247	1
4992	6370	1
11048	7416	1
2691	4278	1
45	82	1
17852	17852	1
3745	2579	1
8776	82	1
4922	10109	1
11302	18250	1
9797	16729	1
16137	17592	1
11390	2895	1
7739	16502	1
13034	5960	1
702	2797	1
2691	8291	1
1611	896	1
17919	9100	1
11598	2879	1
12865	3673	1
5120	14582	1
3063	6502	1
1735	1624	1
9479	9001	1
11505	9001	1
14582	5120	1
13713	15661	1
16516	9001	1
6120	5122	1
11921	4478	1
9084	18251	1
4125	12539	1
1677	1022	1
13851	3315	1
3112	1373	1
16708	16715	1
4946	3434	1
1497	3706	1
9001	16516	1
1072	11824	1
1503	5327	1
3520	4563	1
11538	18182	1
15579	11485	1
15617	16345	1
14582	14582	1
6146	15468	1
628	850	1
14153	1307	1
7469	12590	1
9671	12544	1
832	12217	1
11536	5797	1
82	8776	1
18252	18253	1
6271	18254	1
328	2776	1
14522	10623	1
10769	4581	1
5485	3561	1
13687	12650	1
7367	3561	1
294	6854	1
835	2935	1
3616	9645	1
5437	9689	1
2546	6161	1
2203	6424	1
6334	15679	1
18253	18252	1
16525	6321	1
9718	9717	1
15606	7308	1
6827	6828	1
3377	6854	1
6321	16525	1
2392	18235	1
1571	974	1
13494	5806	1
9021	10455	1
9755	9474	1
12383	1295	1
2715	4087	1
3775	4250	1
855	4828	1
18035	17882	1
16485	11836	1
16387	6564	1
2797	702	1
3430	3234	1
10319	11836	1
1897	12340	1
18255	5162	1
1827	17736	1
488	1514	1
14442	10069	1
16209	5000	1
357	363	1
4728	207	1
625	5062	1
7901	4726	1
6730	7345	1
10020	3480	1
11292	3480	1
5162	766	1
9069	5000	1
4031	10639	1
5000	9069	1
7997	9394	1
17986	17985	1
2481	3786	1
17977	3013	1
12363	6424	1
3176	3411	1
9244	4810	1
17030	17120	1
14853	17045	1
9717	9718	1
9428	10118	1
18042	84	1
1106	13767	1
7206	17459	1
16671	2611	1
4416	12024	1
13677	17201	1
1953	16627	1
14182	14182	1
5162	18255	1
18256	11841	1
18257	18257	1
15679	6334	1
6480	7178	1
10103	7188	1
1448	5658	1
12946	2543	1
14571	7188	1
12913	9474	1
16586	11868	1
4416	12535	1
9754	9474	1
2935	835	1
1686	2200	1
4038	7188	1
14969	11630	1
14886	7188	1
3852	18150	1
9959	6483	1
3950	11640	1
9568	5920	1
1135	15375	1
16289	11640	1
7188	14317	1
3924	13557	1
14317	7188	1
7025	5307	1
12775	7639	1
17605	17953	1
18178	2319	1
17366	9901	1
2601	2602	1
11874	11873	1
3514	9945	1
12124	15590	1
5893	5047	1
371	425	1
7810	4346	1
166	167	1
9001	9479	1
16627	1953	1
6454	8616	1
3315	7108	1
5804	10853	1
7108	3315	1
15210	2199	1
2677	2040	1
4751	16355	1
850	628	1
3176	6607	1
5712	2319	1
18141	7404	1
1451	14078	1
3237	3325	1
4724	3323	1
1143	226	1
7086	12340	1
18258	18111	1
3824	2454	1
13579	5026	1
3315	13851	1
2056	4909	1
11556	10415	1
16187	11451	1
11921	11150	1
7000	10415	1
14078	1451	1
9314	12898	1
1674	15745	1
7345	6730	1
18048	11602	1
10609	12172	1
3858	18259	1
8728	7606	1
9931	7606	1
2572	3650	1
14806	14806	1
18240	9775	1
1361	1360	1
184	17734	1
6419	16333	1
2116	8990	1
2042	3899	1
4409	3950	1
2425	16250	1
355	3826	1
14893	6266	1
3296	18260	1
2691	1428	1
4946	9144	1
1535	3679	1
10765	4013	1
17334	12777	1
12777	17334	1
18261	3263	1
2691	1026	1
7606	8728	1
1140	3658	1
3915	7705	1
13557	3924	1
7179	9378	1
11451	16187	1
17792	6107	1
9144	4946	1
7521	10654	1
4241	4554	1
8141	12771	1
4439	3463	1
18262	8716	1
9378	7179	1
1502	7066	1
7622	7495	1
10399	8721	1
10853	5804	1
905	9895	1
9100	17919	1
5884	774	1
5868	895	1
167	166	1
4959	11650	1
4250	5850	1
18111	18258	1
11779	13580	1
17773	18232	1
16316	12570	1
1443	1444	1
17432	15492	1
12787	18263	1
774	5884	1
11661	1893	1
14825	7232	1
2077	45	1
13140	1060	1
355	4865	1
82	45	1
6107	5170	1
5047	5893	1
8903	11387	1
16107	7705	1
1373	11387	1
3479	11387	1
12970	7986	1
1022	12361	1
6842	2142	1
3590	1072	1
3950	4409	1
13899	17268	1
3463	4439	1
1974	18264	1
7986	12970	1
14931	5520	1
1060	13140	1
9076	10916	1
7677	10916	1
17045	14853	1
13494	11997	1
8609	10478	1
11997	13494	1
6141	5988	1
9581	13095	1
5806	13494	1
11630	14969	1
17680	11330	1
9314	6112	1
11987	17840	1
3022	8054	1
5845	13494	1
11249	13494	1
18159	18159	1
8973	13494	1
10415	11556	1
10737	10569	1
18265	18265	1
5856	5857	1
355	18266	1
13140	12624	1
3438	3763	1
2611	16671	1
12624	13140	1
9895	905	1
13140	3170	1
564	905	1
4843	15744	1
2408	8004	1
3616	12439	1
8004	2408	1
4573	6513	1
11799	18267	1
13140	2734	1
1448	7480	1
2319	18178	1
18268	5196	1
7800	15639	1
18269	12682	1
12544	7868	1
10346	13985	1
10788	8004	1
2547	391	1
9612	5735	1
8092	8159	1
7033	7033	1
7361	10620	1
3176	2019	1
4741	13985	1
10620	7361	1
15365	10713	1
2691	2810	1
8332	5987	1
4235	3948	1
1358	424	1
7544	10179	1
2691	3704	1
5520	14931	1
2691	2984	1
11650	4959	1
16486	8092	1
12861	2886	1
14083	2164	1
6339	13985	1
357	2420	1
3202	518	1
6562	12932	1
3689	3332	1
18270	18271	1
4726	7901	1
5735	9612	1
12361	1022	1
16166	11552	1
18186	11205	1
8611	5096	1
7083	5531	1
17328	5531	1
18008	18008	1
4979	835	1
3170	13140	1
13381	14041	1
15954	6452	1
12551	12551	1
5857	5856	1
9128	6048	1
17691	16522	1
17691	17014	1
3954	4118	1
12685	1662	1
8934	6883	1
1338	1117	1
11223	13807	1
16205	16161	1
17014	10410	1
16842	10410	1
12819	11702	1
1954	3160	1
1338	6097	1
17101	13084	1
10916	9076	1
8362	912	1
4354	7912	1
18172	5845	1
14388	17845	1
9754	12913	1
13145	13145	1
5845	18172	1
10074	1746	1
15730	13928	1
6048	9128	1
15639	7800	1
9470	15038	1
9693	8966	1
17521	15794	1
3176	1781	1
531	2292	1
6624	15038	1
7469	4507	1
5988	6141	1
3287	3288	1
2691	518	1
13598	10347	1
4581	10769	1
6183	8035	1
2855	1081	1
18212	3401	1
2483	5382	1
3723	3949	1
8716	18262	1
4193	7901	1
17744	17744	1
4303	4328	1
789	15847	1
10569	10737	1
5357	7783	1
9001	16657	1
11824	387	1
11702	12819	1
1146	768	1
9076	18107	1
13748	17557	1
12312	16161	1
314	313	1
16258	16161	1
9314	8192	1
17521	14288	1
1063	13903	1
5002	14814	1
