5047	5893	1
531	3112	1
2713	2059	1
7449	9141	1
8975	1900	1
1702	2565	1
7452	13960	1
2134	801	1
7266	11445	1
1086	3391	1
10179	9069	1
3753	4741	1
11537	3391	1
1810	9899	1
12671	12672	1
3723	3949	1
16502	5678	1
9144	3391	1
9276	17733	1
8452	3391	1
156	2771	1
3177	3391	1
18304	17581	1
17733	9276	1
5051	8197	1
4664	4133	1
7907	1556	1
3274	1618	1
2677	4047	1
6052	4047	1
8986	12117	1
2517	7088	1
7901	10003	1
5893	5047	1
4668	6492	1
4101	6897	1
14180	12308	1
8451	8867	1
16671	2611	1
18311	12019	1
16502	9671	1
18276	18312	1
5546	15985	1
6866	5684	1
17773	4659	1
8774	3817	1
2455	5684	1
4101	9863	1
14754	6319	1
3475	9754	1
8305	9863	1
4611	1791	1
6270	8521	1
16985	11527	1
414	243	1
12345	16345	1
4101	12381	1
16485	11836	1
12519	13060	1
7308	16432	1
7088	2517	1
2483	5382	1
13307	12758	1
8885	4293	1
15762	5382	1
3391	9144	1
1338	10698	1
8358	2958	1
7270	4101	1
12881	18087	1
14803	4218	1
5402	9705	1
6248	14192	1
14714	3358	1
8885	2190	1
3822	3824	1
4101	12946	1
18313	18313	1
15194	6479	1
15428	16892	1
371	1461	1
14754	15013	1
4801	7922	1
18314	15757	1
7622	5824	1
5382	2483	1
16043	16043	1
3453	4333	1
129	7021	1
9197	7804	1
18315	4525	1
2909	16210	1
18087	12881	1
12672	12671	1
1838	4525	1
640	5690	1
10330	15985	1
8483	2653	1
3391	11537	1
2569	2199	1
13023	5862	1
7922	4801	1
5862	13023	1
737	1081	1
3921	1258	1
8559	8559	1
4218	13273	1
17951	1884	1
4743	8991	1
10615	207	1
18316	18316	1
12340	7086	1
1016	9453	1
320	14222	1
17934	3361	1
2868	18241	1
12314	2408	1
8141	518	1
29	861	1
5775	887	1
9453	1016	1
6844	3078	1
118	321	1
15878	15878	1
6017	1422	1
5579	2979	1
9069	10179	1
4101	7270	1
13442	15283	1
10623	14522	1
9058	4751	1
2820	3019	1
18111	18258	1
6995	5444	1
6997	14321	1
1735	1624	1
8556	8453	1
496	1624	1
29	4666	1
17390	7326	1
16234	16370	1
12899	13392	1
4250	3775	1
14754	13350	1
3034	3033	1
16210	2909	1
2873	5229	1
7270	4721	1
13843	18143	1
18312	18276	1
16390	16212	1
17046	4755	1
5587	12757	1
2758	10494	1
5402	7033	1
768	1146	1
18143	13843	1
4101	4555	1
3811	2602	1
18317	18239	1
7002	8206	1
9067	6198	1
1758	3456	1
9392	294	1
2023	14655	1
18040	16962	1
7370	15792	1
6315	9364	1
850	95	1
12539	5341	1
9797	5341	1
14870	1069	1
5628	6854	1
1268	2688	1
12345	10199	1
8007	5419	1
3022	2248	1
5222	9273	1
29	205	1
18318	18318	1
2970	4499	1
16780	11372	1
3722	4346	1
14197	7108	1
12540	6901	1
15339	6901	1
29	4868	1
16585	6107	1
18210	1957	1
9897	10783	1
8206	7002	1
8004	602	1
18155	6965	1
16847	2657	1
2138	8776	1
8724	12201	1
2885	9300	1
6901	12540	1
17820	17744	1
17939	17014	1
14655	2023	1
8303	18124	1
16522	17320	1
4087	2715	1
216	2797	1
8140	7519	1
13335	14367	1
6743	1069	1
1974	1558	1
1069	6743	1
12336	627	1
406	13242	1
16546	9388	1
16570	8499	1
2885	15385	1
2749	2424	1
17014	10410	1
6700	12091	1
2715	4087	1
4346	3722	1
10346	13985	1
9270	9272	1
6901	15339	1
3999	1656	1
2752	651	1
6922	5861	1
12288	12283	1
5897	5898	1
18221	1552	1
5402	5243	1
8790	1571	1
4258	4414	1
5898	5897	1
6761	12624	1
12624	6761	1
12345	375	1
4485	5877	1
11562	771	1
2609	2801	1
16847	16978	1
2973	16317	1
12624	3186	1
18319	7204	1
7868	7204	1
1571	8790	1
1985	3383	1
15701	2369	1
15283	13442	1
15642	2255	1
7519	8140	1
5684	2455	1
6370	4992	1
15741	4454	1
7442	7443	1
14382	6997	1
16716	7042	1
5402	7521	1
15466	18042	1
5440	8377	1
8120	6445	1
6500	261	1
11254	9645	1
15985	10330	1
18042	15466	1
17951	3453	1
5402	11344	1
13200	15223	1
6339	9575	1
11108	13870	1
628	1108	1
6866	9369	1
4469	1674	1
5733	5266	1
18320	4474	1
530	1408	1
12345	272	1
7000	14031	1
4215	5354	1
17376	11414	1
17161	2303	1
10084	9369	1
16082	13564	1
17246	17245	1
9273	5222	1
10002	4363	1
15649	15649	1
18082	18083	1
1108	628	1
2205	11414	1
13564	16082	1
12500	4605	1
2164	14083	1
8305	3966	1
13070	6700	1
6123	9300	1
9704	3215	1
9069	10737	1
8670	10737	1
274	9423	1
12535	4416	1
12197	7995	1
3966	8305	1
9300	2885	1
15385	2885	1
1064	6267	1
3263	18261	1
4847	6883	1
5773	3160	1
6842	2142	1
13392	12899	1
1064	12899	1
3186	12624	1
375	12345	1
10199	12345	1
8257	12803	1
1656	6294	1
16345	12345	1
6860	2428	1
10769	4581	1
13510	12249	1
4416	12535	1
16892	16037	1
15422	12345	1
5694	12345	1
13985	10346	1
16209	12467	1
8885	6059	1
1338	1523	1
6851	15583	1
9388	17543	1
6485	7484	1
3963	800	1
5806	14816	1
8776	82	1
6564	16387	1
45	82	1
2005	5724	1
6997	14382	1
61	8722	1
16585	16387	1
6198	9067	1
12196	7593	1
11372	16780	1
10615	3606	1
472	473	1
4769	4939	1
7838	2914	1
14754	14317	1
12400	4939	1
2043	2863	1
14554	14382	1
2424	2749	1
371	15300	1
7114	7115	1
2596	9300	1
17193	14001	1
540	226	1
8776	2138	1
7239	1921	1
82	8776	1
13748	17557	1
14754	14535	1
536	6375	1
5402	17321	1
1347	768	1
8722	61	1
18292	13925	1
13870	11108	1
3361	17934	1
16799	8062	1
3347	3330	1
8785	10609	1
4810	9244	1
8885	6241	1
4939	12400	1
5419	8007	1
4525	10886	1
1900	8975	1
1674	4469	1
9754	9474	1
4608	4906	1
7548	1997	1
9267	9280	1
4937	4193	1
9365	5259	1
10663	2941	1
11483	12196	1
15985	5546	1
11414	2205	1
4581	10769	1
18321	9133	1
6373	6382	1
12467	16209	1
18322	5123	1
14001	17193	1
15339	12540	1
854	13072	1
12540	15339	1
5402	3306	1
5402	691	1
2657	16847	1
14886	3295	1
16978	16847	1
6382	11103	1
10615	709	1
15447	3194	1
3304	16847	1
18323	18323	1
6382	11249	1
7178	940	1
7594	5693	1
5723	5374	1
3391	1086	1
9369	6193	1
18292	13927	1
11859	11858	1
323	4613	1
6267	1064	1
6555	6555	1
7831	2346	1
8333	8676	1
518	8141	1
4193	4937	1
2255	17499	1
4101	2297	1
18324	17593	1
18325	2356	1
8351	11157	1
4838	422	1
14031	7000	1
2346	7831	1
4610	2675	1
18258	18111	1
17543	9388	1
8335	564	1
8991	4743	1
8812	12324	1
18326	18326	1
4801	4020	1
3480	18310	1
6671	5591	1
1022	12361	1
6866	5391	1
16387	12308	1
1884	8666	1
5813	2270	1
5374	5723	1
1062	6854	1
6191	721	1
11932	10526	1
2721	3335	1
2519	2518	1
5402	10742	1
9411	12308	1
16194	10581	1
5402	9262	1
5463	13990	1
768	1347	1
13200	8290	1
2289	2290	1
9369	4107	1
8885	6924	1
4757	4357	1
10615	9062	1
13200	10067	1
8050	18183	1
4755	6424	1
7831	10713	1
2997	3561	1
12324	8812	1
8137	5825	1
140	3481	1
10609	12172	1
8856	604	1
14382	2106	1
12345	15422	1
13200	3041	1
3651	5711	1
3068	2116	1
13990	5463	1
12361	1022	1
16387	6564	1
5711	3651	1
13765	13765	1
14522	10623	1
6994	9880	1
5266	5733	1
10615	15938	1
3041	13200	1
10067	13200	1
5533	304	1
16847	5006	1
16757	5864	1
10363	9790	1
4370	4383	1
12757	5587	1
13884	9966	1
6965	18155	1
12927	12927	1
6012	14605	1
5402	7997	1
18327	18327	1
4328	16265	1
4747	8222	1
4034	10950	1
4444	6637	1
5202	3767	1
2297	8222	1
18328	18328	1
18265	18328	1
529	4004	1
10950	4034	1
1459	11465	1
18329	140	1
12172	10609	1
9936	14956	1
18328	18265	1
3899	2042	1
10903	9065	1
6995	15934	1
5043	4797	1
2941	10663	1
16037	16892	1
10792	3250	1
6901	12568	1
5670	11724	1
9966	13884	1
6727	6040	1
8391	9431	1
17499	2255	1
8261	11536	1
6556	6854	1
14382	14554	1
240	438	1
9880	6994	1
18330	10102	1
5019	1376	1
18331	4532	1
7901	4691	1
8925	12353	1
2255	15642	1
3689	3332	1
6995	9128	1
13106	7082	1
12568	6901	1
13884	10649	1
12775	6901	1
14078	1451	1
6981	2863	1
5650	8243	1
4370	5354	1
9280	9267	1
8243	5650	1
16441	14688	1
4036	11724	1
7012	8651	1
5259	9365	1
10282	6369	1
9316	8835	1
15120	18293	1
5006	16847	1
10122	1279	1
14688	16441	1
10886	4525	1
6193	9369	1
9369	16561	1
14754	6893	1
11730	9717	1
2546	2354	1
8521	6270	1
9423	274	1
6475	12175	1
3824	3822	1
2752	7213	1
7270	7213	1
9717	17622	1
6107	5170	1
10213	18332	1
29	3602	1
9777	15539	1
6730	7345	1
689	6551	1
5133	5133	1
2565	1702	1
2337	1702	1
6382	5807	1
3304	11538	1
6637	4444	1
16055	18190	1
801	15878	1
11858	11859	1
2737	4184	1
18333	6952	1
7804	9197	1
17320	16522	1
17946	6952	1
3480	10020	1
4657	11909	1
8454	5808	1
3835	12217	1
18334	18334	1
18083	18082	1
12591	13723	1
3849	5496	1
7138	14016	1
4133	4664	1
1884	17951	1
3950	11640	1
16289	11640	1
1053	1053	1
4257	2364	1
10096	6952	1
14016	7138	1
1008	12217	1
190	65	1
13273	12932	1
8022	8022	1
89	427	1
3130	518	1
13200	467	1
18335	2397	1
13023	10741	1
427	89	1
12861	5613	1
12345	7033	1
13687	12664	1
13503	5234	1
10615	8121	1
18335	6813	1
5234	13503	1
9065	10903	1
972	16866	1
7920	4195	1
4657	602	1
8452	4780	1
18336	2064	1
2885	10765	1
4460	2979	1
16866	972	1
6897	4027	1
14461	14426	1
17098	10938	1
1361	1360	1
8934	6883	1
1740	3674	1
18337	18338	1
12858	4063	1
3353	7645	1
16301	4270	1
16237	523	1
15216	3809	1
5613	12861	1
604	8856	1
5482	5234	1
3800	7626	1
13580	16755	1
6579	6682	1
3493	7084	1
4318	4983	1
3463	6564	1
3017	9724	1
18333	13145	1
5241	1506	1
18339	18340	1
4020	4801	1
2885	11800	1
13200	6444	1
8885	13021	1
6191	2901	1
16755	13580	1
11836	16485	1
4983	4318	1
12664	4477	1
7179	9378	1
10940	8707	1
16161	12312	1
6127	12899	1
6562	12932	1
15937	369	1
3061	6562	1
12932	6562	1
9359	9360	1
4033	12899	1
12670	7965	1
2408	12314	1
4603	10208	1
4523	5054	1
6562	3061	1
3809	5781	1
12540	14165	1
13070	4459	1
8885	2699	1
2706	4475	1
15047	15047	1
12664	13687	1
3177	6309	1
3440	1506	1
1298	1298	1
14713	3943	1
16855	3061	1
707	5459	1
13723	12591	1
6937	15934	1
1224	5742	1
12572	16703	1
9568	5745	1
9436	16802	1
4408	5154	1
5066	5514	1
11051	6303	1
1714	2386	1
3563	6303	1
13356	12734	1
4025	4162	1
