1599	6213	1
3041	2646	1
9331	6898	1
4946	9144	1
10506	5051	1
17002	6501	1
5735	9612	1
17919	9100	1
61	6501	1
9612	5735	1
1072	3590	1
1448	12249	1
48	2804	1
8976	4730	1
16358	10765	1
10179	9069	1
16742	12696	1
11485	15579	1
5411	2283	1
5650	8243	1
8054	3022	1
18272	14477	1
10424	835	1
424	1358	1
7622	17733	1
15153	11074	1
8243	5650	1
7469	16229	1
2641	6200	1
3767	5202	1
5166	5450	1
1468	321	1
4389	1998	1
17202	13963	1
371	718	1
16353	18273	1
5613	14960	1
9773	14233	1
14477	18272	1
6782	7501	1
16525	6321	1
7506	12844	1
7502	4788	1
17733	7622	1
17872	2116	1
640	5690	1
16355	4751	1
4939	12400	1
7486	8330	1
7066	1502	1
371	2552	1
11816	11379	1
4428	4427	1
15773	10784	1
1022	6927	1
13289	7228	1
1103	4019	1
16387	12308	1
14180	12308	1
2337	12281	1
902	987	1
17452	4100	1
14233	8162	1
17565	18241	1
8320	15988	1
14128	14128	1
2532	3568	1
531	2546	1
371	623	1
11989	5100	1
8359	8962	1
13084	17101	1
4751	16355	1
12211	9924	1
11721	10961	1
8328	6490	1
8398	11806	1
4640	5982	1
18251	9084	1
15038	9470	1
5051	8197	1
6294	4777	1
5122	7506	1
7783	5357	1
4112	14540	1
4730	8976	1
18084	16282	1
3009	6228	1
9488	14321	1
13844	3827	1
11248	11248	1
15251	16282	1
13765	13765	1
10179	7544	1
4457	232	1
3908	3907	1
387	3207	1
3009	8213	1
2471	18274	1
6782	3041	1
2646	3041	1
11552	16166	1
7622	7495	1
5066	5514	1
2576	4397	1
10531	3897	1
13844	3846	1
8162	14233	1
9704	3215	1
6649	9575	1
9681	9681	1
1742	17463	1
4863	1148	1
16502	3171	1
2543	12946	1
4444	4445	1
16446	6728	1
3151	16959	1
17483	17483	1
5301	7922	1
16446	3938	1
7853	515	1
242	241	1
2797	1254	1
18275	18275	1
241	242	1
10787	5966	1
16282	18084	1
13821	13801	1
18276	18276	1
82	8776	1
9076	7455	1
1008	12217	1
4777	6294	1
14225	4308	1
7792	18277	1
371	8526	1
18278	12249	1
16502	753	1
2292	2611	1
12217	1008	1
7098	12217	1
7188	10103	1
5587	12757	1
11473	8133	1
18252	14298	1
3215	9704	1
14665	2611	1
2546	6161	1
387	11824	1
680	680	1
5041	5041	1
11758	2611	1
3722	1068	1
447	18239	1
6321	6845	1
15847	789	1
232	4457	1
531	6845	1
321	1468	1
8453	8556	1
7120	14444	1
4087	2715	1
5041	5351	1
9872	1069	1
10203	7040	1
18279	11287	1
10787	5866	1
1512	21	1
16671	2611	1
2715	4087	1
3034	3033	1
261	4179	1
1081	9409	1
5122	5836	1
313	314	1
7901	4726	1
4592	5836	1
13980	12714	1
7654	8451	1
9517	8827	1
8133	11473	1
17521	17944	1
8120	6445	1
8609	10478	1
3061	16855	1
371	3803	1
13985	10346	1
7260	515	1
13572	6919	1
11074	15153	1
10266	14814	1
8827	9517	1
10378	18246	1
10346	13985	1
3858	5078	1
1338	10698	1
6044	6043	1
5382	2483	1
4386	4909	1
3999	1656	1
8886	15471	1
274	275	1
6157	13985	1
9693	8966	1
371	515	1
13208	2873	1
5156	3581	1
15390	10435	1
7715	4742	1
3333	15866	1
2596	7580	1
23	2914	1
12898	9314	1
11841	18256	1
16502	1237	1
45	2077	1
4742	7715	1
6112	9314	1
5041	7049	1
113	2353	1
8192	9314	1
5026	5027	1
1420	5717	1
6765	8452	1
18280	18281	1
8339	17538	1
6811	14025	1
6981	2863	1
8452	6765	1
1742	1565	1
3897	10531	1
18264	1974	1
9084	18251	1
768	1146	1
15466	84	1
18278	1331	1
730	1451	1
7506	5693	1
5122	5693	1
6782	5717	1
14367	72	1
4932	4308	1
5166	15729	1
2483	15762	1
2646	7857	1
18172	10435	1
592	7208	1
6370	4992	1
15762	2483	1
5041	6441	1
485	15786	1
14225	8380	1
406	13242	1
12217	12217	1
16166	11552	1
16495	10118	1
12747	14055	1
9108	9108	1
11767	15988	1
8549	9122	1
6675	10266	1
7506	6850	1
3899	2042	1
1532	7025	1
14814	10266	1
2873	8141	1
6839	3294	1
15390	10015	1
2611	16671	1
6925	6925	1
3391	1086	1
905	8457	1
5845	18172	1
7228	13289	1
10435	18172	1
12456	15365	1
18172	5845	1
4610	10200	1
3234	3430	1
6786	14938	1
4992	6370	1
12456	3966	1
5122	9389	1
11824	387	1
9223	9223	1
6782	5706	1
11287	18279	1
14876	15438	1
7556	10250	1
6727	6040	1
5347	10250	1
2970	4499	1
18282	18282	1
18241	17565	1
531	1441	1
531	6054	1
15234	6157	1
2259	6531	1
12297	16137	1
4025	2666	1
5054	4523	1
2042	3899	1
1237	16502	1
2186	4399	1
13844	6716	1
371	6716	1
753	16502	1
4499	2970	1
10000	16399	1
5894	8330	1
7025	1532	1
2161	17147	1
3171	16502	1
371	5136	1
1072	5211	1
16399	10000	1
5333	5305	1
13801	13821	1
234	3718	1
17098	13538	1
10968	6845	1
8004	2408	1
16502	13538	1
8330	5894	1
9392	294	1
13538	16502	1
2292	1858	1
6839	1858	1
3033	3034	1
11564	13590	1
13538	17098	1
3009	5613	1
6270	7012	1
1452	1451	1
17098	12816	1
1431	17718	1
12214	770	1
2480	8222	1
6543	855	1
14001	17193	1
10765	12861	1
2297	8222	1
1357	9589	1
8924	8925	1
13985	4741	1
13844	2273	1
7624	14031	1
16502	6700	1
8333	9477	1
5690	640	1
2027	9898	1
8018	6382	1
12456	11031	1
2879	241	1
7000	14031	1
2749	5687	1
6728	16446	1
9006	10204	1
5932	10560	1
13242	406	1
1081	2855	1
11031	12456	1
4215	2255	1
3966	12456	1
3430	3234	1
16502	6646	1
371	1692	1
791	1692	1
4610	1692	1
8430	4341	1
11361	17002	1
2483	5382	1
9578	8430	1
18283	18283	1
18267	11799	1
1742	12625	1
18207	16522	1
16210	2909	1
1579	1580	1
17320	16522	1
14938	6786	1
12816	17098	1
5549	2052	1
5122	12464	1
4084	8618	1
275	274	1
2330	12080	1
655	68	1
1696	897	1
14031	7000	1
10787	4525	1
3391	11537	1
798	2909	1
8141	2873	1
3348	4601	1
18284	18285	1
9138	6035	1
2611	11758	1
6839	2873	1
16387	16585	1
5678	3453	1
3315	7108	1
4741	13985	1
14540	4112	1
5078	540	1
294	9392	1
12217	4846	1
5351	5041	1
6839	3844	1
6441	5041	1
4846	12217	1
8446	3441	1
540	5078	1
7495	7622	1
3441	8446	1
7012	6270	1
17499	17499	1
2265	1842	1
12456	5041	1
4174	12175	1
4610	2883	1
4431	1254	1
371	2901	1
8332	5987	1
3009	2590	1
18256	11841	1
5305	5333	1
2707	2590	1
7527	7527	1
12456	10713	1
18286	14019	1
18287	7941	1
6419	11564	1
17	8936	1
16648	16649	1
5122	11758	1
1791	4288	1
11564	6419	1
11513	9253	1
4525	1838	1
3844	13777	1
6494	18288	1
15097	15097	1
721	791	1
7993	5009	1
5300	10667	1
12345	5694	1
6782	2496	1
5402	5694	1
4346	7810	1
7025	5307	1
3835	12217	1
2873	5229	1
18285	18284	1
7108	3315	1
2488	2298	1
3240	2298	1
1928	13832	1
9248	4939	1
13777	3844	1
12400	4939	1
12217	3835	1
4029	11121	1
12172	10609	1
12456	4328	1
4334	1238	1
8785	10609	1
5442	9769	1
18289	6382	1
8333	10250	1
3377	5454	1
8222	2297	1
6782	13200	1
123	15789	1
5211	1072	1
14233	9773	1
10609	12172	1
5234	5482	1
6294	1656	1
72	14367	1
4724	7108	1
17161	2303	1
13832	1928	1
13350	14754	1
7916	11689	1
387	1072	1
2292	11480	1
11108	13870	1
15649	1869	1
4939	9248	1
84	18042	1
5870	5735	1
15789	123	1
1108	628	1
13844	9846	1
6382	11103	1
13870	11108	1
9677	5316	1
6782	6781	1
13538	8842	1
5131	8458	1
18258	18111	1
4810	5375	1
14115	2248	1
14055	12747	1
496	1624	1
18290	18290	1
2320	11547	1
5375	4810	1
371	9580	1
14031	7624	1
12456	7624	1
3568	3569	1
12685	1662	1
7147	2371	1
9673	3294	1
1662	12685	1
604	8856	1
18291	11918	1
17557	13748	1
371	17772	1
16477	9957	1
6492	5306	1
11724	5670	1
16298	3822	1
8092	16486	1
7223	226	1
18261	18261	1
3744	7783	1
18292	13925	1
9979	630	1
8451	7654	1
18088	7654	1
7783	3744	1
6839	2465	1
8842	13538	1
9690	7596	1
13925	18292	1
11480	2292	1
1858	2292	1
18150	3852	1
13900	13538	1
2611	2292	1
5641	3101	1
14330	12470	1
3100	3101	1
4864	4863	1
2005	5724	1
6321	16525	1
2909	16210	1
1358	424	1
8404	15550	1
243	414	1
12771	8141	1
1117	1338	1
16522	17320	1
9100	17919	1
12932	16088	1
17014	16522	1
8651	7012	1
9325	15790	1
5009	7993	1
1148	4863	1
5840	3561	1
4047	6052	1
8222	4747	1
12562	9028	1
4414	4258	1
5122	752	1
8460	13932	1
371	752	1
1338	3996	1
4341	8430	1
6782	1401	1
6782	5893	1
13851	1987	1
8963	4903	1
18293	15120	1
13932	8460	1
17543	18046	1
17718	1431	1
1452	18294	1
16972	13147	1
2077	45	1
5265	13677	1
3391	9144	1
5086	6258	1
15444	7643	1
7596	9690	1
18295	18172	1
5366	12779	1
5041	12776	1
12779	5366	1
9069	10179	1
11121	12939	1
3391	8452	1
18087	12881	1
7922	5301	1
935	2098	1
17882	18035	1
12470	14330	1
15790	9325	1
1081	737	1
12562	5009	1
12456	17241	1
9281	10651	1
3679	1535	1
6891	17974	1
7506	10230	1
18296	3480	1
10857	17974	1
5642	3561	1
15334	8547	1
5893	5047	1
11831	3216	1
15468	6146	1
5047	5893	1
6107	16585	1
976	2611	1
274	9423	1
5306	6492	1
3996	1338	1
2913	2727	1
12344	5789	1
12570	11660	1
13844	23	1
3391	3177	1
1224	5742	1
10347	8049	1
5789	12344	1
18297	9789	1
4839	7620	1
18298	18298	1
10082	12900	1
1402	2284	1
8049	10347	1
9105	2284	1
1987	13851	1
3315	13851	1
13884	10649	1
1941	10791	1
4726	7901	1
14754	13350	1
6898	9331	1
8141	12771	1
5637	1203	1
371	7260	1
4601	3348	1
8854	15520	1
9028	12562	1
4828	855	1
8936	17	1
4788	7502	1
8301	13229	1
12672	12671	1
5041	7302	1
13393	6424	1
14041	13381	1
16502	7739	1
16161	16258	1
6700	6325	1
5009	12562	1
5051	10506	1
6325	6700	1
10950	4034	1
16855	3061	1
15520	8854	1
8458	5131	1
5047	7543	1
8332	13573	1
18027	10047	1
13538	13900	1
5041	12456	1
6070	5355	1
8975	10319	1
4288	1791	1
18299	17785	1
10713	15365	1
17081	18112	1
12201	8724	1
17974	6891	1
4769	12562	1
8062	16799	1
4328	12456	1
15365	10713	1
7624	12456	1
12624	6761	1
7739	17098	1
18300	18300	1
3453	5678	1
3679	14968	1
13392	12899	1
3009	12724	1
10537	4857	1
12899	13392	1
11547	2320	1
518	8141	1
4328	4303	1
11017	13423	1
6977	1366	1
4332	8618	1
10427	6994	1
14367	13335	1
1366	6977	1
10857	9250	1
9022	8618	1
6898	18188	1
10061	9250	1
11799	18267	1
898	7912	1
17865	9250	1
16502	5678	1
8510	3688	1
6898	5740	1
6782	15716	1
8213	11817	1
18301	7409	1
12869	6867	1
4451	4450	1
531	1103	1
13851	3315	1
3676	7901	1
9979	11538	1
1146	768	1
1106	5722	1
5722	16812	1
12246	5096	1
5381	10250	1
17186	4576	1
531	4280	1
4047	2677	1
4691	7901	1
2289	2290	1
5742	1224	1
8639	5722	1
1619	5266	1
16522	17014	1
5722	8639	1
6454	7901	1
11815	16273	1
4724	8492	1
1504	319	1
319	1504	1
7868	12544	1
6832	7109	1
9423	274	1
12562	4769	1
7645	3353	1
15537	14449	1
18046	17543	1
18238	6193	1
2941	10663	1
7901	3676	1
17543	9388	1
11297	10815	1
18302	18302	1
13621	12936	1
5041	8781	1
18303	15066	1
10765	16358	1
17954	226	1
17581	18304	1
16502	7375	1
7506	11602	1
18305	18173	1
5282	5217	1
5735	5870	1
15550	8404	1
8547	15334	1
5520	14931	1
16456	11661	1
5786	4032	1
1584	3190	1
10787	3036	1
11660	12570	1
16677	8017	1
16273	11815	1
4450	4451	1
4769	4939	1
6070	8860	1
9586	10903	1
2346	7831	1
8860	6070	1
6264	5768	1
1742	7136	1
12899	1064	1
3855	4857	1
5307	5836	1
10713	7831	1
6017	1422	1
15422	12345	1
10903	9586	1
11836	16485	1
18306	2368	1
163	34	1
240	438	1
3190	1584	1
4983	4561	1
6994	10427	1
1422	6017	1
5652	3119	1
7455	9076	1
12776	5041	1
18307	18307	1
7833	6424	1
8358	2958	1
4748	14646	1
627	628	1
7302	5041	1
10003	7901	1
4939	4769	1
540	226	1
6428	18201	1
3009	8421	1
18170	277	1
6551	689	1
3009	7308	1
3632	1220	1
18308	18309	1
3009	3812	1
10374	10715	1
10100	6784	1
7901	10003	1
5266	5733	1
17014	10410	1
6017	6122	1
1106	5983	1
5994	10096	1
17744	17820	1
17636	5546	1
625	624	1
6784	10100	1
5836	5307	1
1810	5437	1
5316	2142	1
9001	16657	1
2958	8358	1
3723	3949	1
1884	1238	1
6224	3915	1
5546	17636	1
14849	3855	1
6700	16502	1
16486	8092	1
6646	16502	1
3014	2537	1
3855	14849	1
18278	7347	1
9173	5418	1
7739	16502	1
14321	6997	1
12500	4605	1
791	7773	1
5678	16502	1
3009	9736	1
16502	9736	1
16580	16580	1
2270	5813	1
7375	16502	1
9736	16502	1
16657	9001	1
14151	9250	1
13960	7452	1
5041	4801	1
17030	9554	1
10857	10857	1
18310	3480	1
8481	3058	1
12345	15422	1
9141	7449	1
6782	8404	1
6727	4605	1
336	62	1
