2691	1428	1
12624	3673	1
4796	4983	1
16418	1537	1
11565	9059	1
9096	7158	1
7625	7367	1
979	18034	1
5442	9769	1
9234	9488	1
2455	9089	1
11017	13423	1
2927	853	1
17919	12336	1
17948	8347	1
1522	1009	1
16387	16585	1
17997	1953	1
14058	15664	1
16262	6635	1
12553	11245	1
7367	7625	1
8782	16088	1
16947	10204	1
395	205	1
5561	4534	1
17680	11330	1
5836	4592	1
6372	4167	1
1092	4167	1
16193	16193	1
7624	9373	1
17734	9122	1
16371	4167	1
16199	17882	1
8646	7074	1
801	12584	1
6635	16262	1
2673	4167	1
17210	10274	1
15365	7831	1
1723	2520	1
5549	2096	1
54	62	1
15664	14058	1
5536	5788	1
7831	12456	1
14634	11375	1
5650	5650	1
2109	3162	1
6981	1828	1
9587	12834	1
12456	7831	1
14849	11413	1
12580	9250	1
14253	8788	1
1155	11714	1
14904	5888	1
18035	17882	1
11039	8237	1
5424	6059	1
13665	510	1
4083	371	1
10509	10690	1
371	4083	1
5972	18036	1
2348	2349	1
11151	13030	1
10663	2941	1
12340	4555	1
7522	5835	1
252	10778	1
17455	18037	1
11702	7734	1
2265	5518	1
3445	2941	1
18038	18038	1
5623	3626	1
17456	17455	1
1837	3397	1
3545	4660	1
2873	10397	1
9587	5548	1
6325	2668	1
8903	12353	1
3569	3568	1
8630	14858	1
15045	5137	1
7776	15561	1
1062	1059	1
12992	12992	1
2894	5211	1
18038	7675	1
18018	10839	1
5788	5536	1
10330	15985	1
13990	12395	1
6788	2343	1
6165	12671	1
9587	5684	1
7675	18038	1
10510	14012	1
6268	3794	1
6942	11553	1
18036	5972	1
4751	16355	1
13630	12255	1
17702	17702	1
8736	7386	1
14858	8630	1
1149	14540	1
806	13535	1
6620	1731	1
9100	12685	1
11472	13567	1
8043	4691	1
2941	10663	1
13552	15745	1
6319	14820	1
10274	17210	1
1580	1579	1
16840	2979	1
15555	6248	1
4025	2666	1
382	383	1
18039	17947	1
11179	9324	1
1579	1580	1
15365	10250	1
7734	11702	1
16962	18040	1
2941	3445	1
2096	5549	1
5546	16663	1
5579	2979	1
7282	4274	1
1854	5705	1
10620	5075	1
16585	16387	1
4806	1586	1
7796	6765	1
1660	4293	1
15746	7624	1
5623	5926	1
13668	7908	1
9587	10061	1
8347	17948	1
921	2808	1
9488	12429	1
5979	7624	1
3568	3569	1
824	582	1
15229	15226	1
4659	17773	1
2691	4278	1
2455	17328	1
2973	2808	1
16106	12429	1
6030	7624	1
4592	5836	1
16241	13471	1
2941	5608	1
13408	7624	1
4204	15865	1
7441	18041	1
18042	84	1
17896	6883	1
9373	7624	1
4464	8443	1
4037	6883	1
4847	6883	1
8185	15567	1
17718	17719	1
12381	7624	1
17956	7624	1
8443	4464	1
3337	7624	1
3966	7624	1
11869	7624	1
10620	7442	1
7215	7625	1
2450	7624	1
14031	7624	1
7625	7624	1
2132	15988	1
18040	16962	1
6783	7624	1
2984	4230	1
6620	8933	1
10464	7624	1
15380	5341	1
5366	12779	1
18043	4963	1
5623	3222	1
17719	17718	1
5222	9273	1
2021	737	1
15865	4204	1
13586	4051	1
18044	18044	1
1332	9813	1
1304	1304	1
7340	1723	1
4613	14263	1
355	12840	1
13471	16241	1
4408	12840	1
4474	515	1
16523	16523	1
28	5622	1
9350	7512	1
17851	14492	1
4313	5624	1
4331	4331	1
16358	15985	1
12236	11147	1
11789	5920	1
2572	18017	1
242	241	1
9245	1512	1
9248	4939	1
8903	8260	1
241	242	1
15985	16358	1
8256	4263	1
17328	2455	1
2543	1512	1
6183	7308	1
9089	2455	1
17648	3569	1
15561	7776	1
12340	6545	1
7625	7215	1
13863	4781	1
1900	2056	1
18045	12396	1
16965	12417	1
4422	1512	1
7083	2455	1
6580	2012	1
9945	10051	1
15220	15220	1
15492	17432	1
3795	2455	1
13019	3862	1
7151	2455	1
2455	3795	1
11553	6942	1
12671	2455	1
1517	1599	1
5642	5817	1
2390	2455	1
2616	8204	1
12340	5857	1
13561	4239	1
16999	17055	1
1392	4755	1
2	3306	1
7602	15745	1
2776	1891	1
5678	11143	1
8691	17415	1
9587	6141	1
3982	1891	1
4602	1217	1
17660	13550	1
12254	9375	1
10620	13354	1
12771	8141	1
4293	1660	1
9587	7443	1
2	5875	1
9369	16561	1
7739	5021	1
4755	6424	1
16486	8092	1
4025	4162	1
7560	12164	1
17738	12950	1
1134	16729	1
10035	9375	1
590	124	1
4295	5170	1
17203	16515	1
8204	2616	1
18046	18046	1
1305	3527	1
5280	8421	1
14794	4389	1
5203	6312	1
18047	10635	1
2611	2884	1
2808	2973	1
4180	400	1
8049	13261	1
2884	2611	1
6703	3239	1
2345	15618	1
16529	7655	1
11789	11124	1
9270	9272	1
5047	11124	1
5623	9833	1
12779	5366	1
17948	2331	1
6562	15988	1
2611	3358	1
5773	2559	1
18042	15466	1
1363	123	1
11602	18048	1
16729	1134	1
17029	12758	1
17511	18049	1
16947	3937	1
1566	8173	1
8763	12134	1
3794	6268	1
13982	18033	1
16355	4751	1
1373	7956	1
6485	6845	1
16965	7042	1
124	590	1
5509	5722	1
2455	7083	1
502	510	1
5870	5735	1
9612	5735	1
220	225	1
1512	21	1
18050	18051	1
18052	6022	1
16795	13074	1
11199	13074	1
4939	9248	1
8925	8924	1
17588	17280	1
18053	7365	1
271	272	1
5642	3561	1
2119	2028	1
9075	12450	1
4755	5855	1
18054	12616	1
17926	13736	1
15443	5335	1
5839	12488	1
426	2017	1
10375	17280	1
5735	9612	1
8700	6562	1
1091	2589	1
13187	13187	1
414	4204	1
18033	13982	1
5372	2776	1
17280	17588	1
4939	8998	1
12450	9075	1
17414	17414	1
6842	2142	1
5335	15443	1
12685	9100	1
6158	15579	1
5608	2941	1
11513	9253	1
1341	15180	1
18055	18055	1
2056	4909	1
1586	4806	1
2506	1341	1
502	502	1
1393	1277	1
12769	5635	1
7411	14971	1
13671	7259	1
9568	5920	1
1278	1277	1
15180	1341	1
78	11513	1
18056	17308	1
1268	2017	1
5735	5870	1
7831	15365	1
888	887	1
10273	10620	1
10051	9945	1
6043	6044	1
5806	6506	1
15579	6158	1
8891	4341	1
3843	1100	1
6354	16205	1
9253	11513	1
383	382	1
7415	7416	1
4204	414	1
1740	5411	1
2895	2896	1
15466	18042	1
84	18042	1
18057	16205	1
3333	15866	1
6568	12802	1
3907	3908	1
9201	1295	1
16502	13538	1
3493	4368	1
5922	5	1
14956	12450	1
13020	16784	1
18058	7042	1
15067	10023	1
12391	935	1
2315	1277	1
2480	15866	1
11982	3529	1
1341	2506	1
10842	7442	1
4281	7671	1
18058	7671	1
12340	7223	1
7259	13671	1
2119	5167	1
11458	5167	1
2415	4952	1
18027	10047	1
1406	12899	1
2017	426	1
4660	3545	1
9324	11179	1
1617	3610	1
1712	1713	1
16074	18046	1
16074	16715	1
9079	15193	1
8043	13021	1
6539	5753	1
11485	13531	1
7596	5753	1
18059	16171	1
5735	14144	1
12584	801	1
10130	8975	1
5594	7532	1
10156	15886	1
10319	8975	1
2559	5773	1
11021	12084	1
10397	2873	1
12134	8763	1
13980	17999	1
1900	8975	1
18046	16074	1
2455	2390	1
12714	17999	1
10620	14573	1
8547	15334	1
2134	801	1
2855	1081	1
5634	12999	1
10255	11161	1
1081	2855	1
4408	5154	1
15334	8547	1
10620	14411	1
10623	14522	1
7259	7259	1
18060	11552	1
15193	9079	1
3794	3912	1
9769	5442	1
16387	6564	1
3768	3096	1
6562	8700	1
905	9895	1
10857	10857	1
18061	18062	1
6765	17365	1
6319	5442	1
18063	18064	1
17365	6765	1
4918	8722	1
17674	4026	1
737	2021	1
17787	6923	1
10047	18027	1
3972	9509	1
7051	12336	1
5651	10015	1
15486	15486	1
3741	17105	1
4362	6447	1
3950	4027	1
16017	13962	1
4026	17674	1
3754	3893	1
7800	5882	1
16784	13020	1
8854	4107	1
12021	16339	1
14851	8291	1
4162	4025	1
5411	11758	1
1099	6424	1
11758	5411	1
2270	1200	1
1858	3761	1
17999	12714	1
13692	8506	1
7592	16142	1
6564	16387	1
2365	8854	1
5167	2119	1
10327	2873	1
12958	12258	1
4477	3405	1
5087	5086	1
8975	10130	1
15199	15200	1
13550	17660	1
16911	17861	1
2270	173	1
4812	16787	1
17739	12899	1
4910	16787	1
5485	14522	1
12450	14956	1
9638	5392	1
13962	16017	1
12970	5375	1
496	10219	1
1314	2052	1
5307	14166	1
4170	2084	1
16787	4812	1
17917	17917	1
4952	2415	1
2056	1900	1
14166	5307	1
8975	1900	1
5894	8330	1
453	13232	1
17083	8552	1
14522	10623	1
5318	3826	1
16187	14982	1
1268	8335	1
7367	7367	1
12340	14117	1
14144	5735	1
582	824	1
12899	17739	1
12698	12699	1
57	14375	1
4751	17987	1
7106	2750	1
14576	5735	1
12340	8222	1
11631	1419	1
10620	6015	1
10620	5892	1
12464	6506	1
8141	12771	1
21	1512	1
17308	18056	1
7739	13538	1
5868	7553	1
18065	16773	1
18064	18063	1
5602	14343	1
5418	8834	1
3984	4946	1
8043	5874	1
17744	17744	1
3043	1850	1
5628	6854	1
17821	4439	1
15766	14343	1
15693	7257	1
3225	2672	1
4620	3535	1
4439	17821	1
9966	11514	1
150	7779	1
8043	5043	1
12991	6037	1
14503	3297	1
17556	17708	1
10023	15067	1
7919	18066	1
9735	7481	1
10620	6879	1
5909	7292	1
5584	2654	1
6158	6157	1
5026	5027	1
12594	10667	1
15802	14107	1
16522	16522	1
11844	3523	1
3249	10765	1
323	4613	1
9009	13749	1
10502	7053	1
12414	10103	1
11258	11258	1
17947	18039	1
2411	15168	1
5027	5026	1
6120	6121	1
15942	18067	1
2163	2855	1
11121	12671	1
1796	46	1
11513	78	1
9065	9586	1
13564	17872	1
17521	15794	1
9017	568	1
17837	17838	1
17999	13980	1
8619	10738	1
6037	12991	1
123	1363	1
905	4576	1
13749	9009	1
17714	299	1
3791	1342	1
2354	6927	1
213	1416	1
2713	2059	1
11781	14082	1
10620	11909	1
2668	6325	1
18068	18068	1
18069	4034	1
4313	4010	1
16842	16522	1
9411	12308	1
5343	10494	1
17422	16103	1
16522	16842	1
6816	2484	1
328	272	1
6346	13538	1
5348	5349	1
3308	5752	1
15016	15630	1
1420	5390	1
6486	2484	1
9584	680	1
6578	5546	1
4602	4346	1
4230	2984	1
5818	1508	1
7380	5752	1
5341	2829	1
5844	5351	1
10473	2484	1
3972	5058	1
3483	7176	1
3950	4409	1
2484	10473	1
625	624	1
5693	11734	1
7522	7522	1
5722	5509	1
17584	17313	1
5351	5844	1
8958	5434	1
18070	9820	1
6531	4211	1
1740	3674	1
5752	7380	1
2750	7106	1
10620	478	1
7258	11689	1
6441	5434	1
6506	5806	1
2	8785	1
680	9584	1
13553	11330	1
12344	5789	1
5641	3100	1
15494	11614	1
5789	12344	1
17971	18071	1
1163	2914	1
5086	5087	1
5694	13977	1
5375	12970	1
3014	3015	1
18072	18072	1
2425	16250	1
10179	7544	1
1850	6321	1
2484	6816	1
18073	10079	1
17584	17584	1
17261	7367	1
3529	11982	1
17997	5482	1
5325	13407	1
5482	17997	1
6120	2596	1
5390	1032	1
5536	14951	1
10765	3249	1
10924	8934	1
18074	18074	1
2596	9300	1
12082	9300	1
3607	6172	1
10865	3246	1
9300	12082	1
1326	1296	1
10348	10998	1
12699	12698	1
15435	5357	1
15271	15271	1
8899	5357	1
5434	6441	1
6568	6569	1
17321	5357	1
9670	6902	1
518	7038	1
16507	7334	1
3096	3768	1
6977	3366	1
9100	9100	1
1508	5818	1
16522	10410	1
12551	13492	1
17494	3321	1
17324	17326	1
8012	5836	1
4727	6040	1
663	5010	1
2569	2199	1
6172	3607	1
10469	10335	1
17621	9857	1
801	2134	1
9300	2596	1
8785	10609	1
6568	2154	1
10158	10042	1
13626	5258	1
10531	9300	1
6319	6258	1
5211	3590	1
2984	15617	1
2017	5349	1
6447	4362	1
563	4119	1
9300	10531	1
5623	7333	1
16592	16594	1
12258	12958	1
18075	9723	1
7179	9378	1
17838	17837	1
2406	3972	1
1714	3408	1
17326	17324	1
1390	1746	1
2392	3972	1
11943	14779	1
11624	2506	1
3098	4102	1
18076	11521	1
15457	13492	1
6551	227	1
18067	17176	1
3366	6977	1
3971	3972	1
8533	16064	1
18077	11537	1
13723	12591	1
14144	13270	1
12982	14361	1
3999	3224	1
18078	3224	1
1337	3972	1
17995	17996	1
3013	6772	1
17996	17995	1
2308	14849	1
8092	16486	1
11931	8224	1
4126	3769	1
4946	16525	1
5058	3972	1
4193	4937	1
8336	650	1
12336	7051	1
3438	10226	1
5825	15800	1
4293	8616	1
5406	5407	1
12336	8396	1
4036	11724	1
11401	14461	1
10405	10405	1
7056	14025	1
680	283	1
3479	6985	1
10003	7535	1
6987	6637	1
10667	8162	1
6772	3013	1
13410	13117	1
4409	3950	1
6783	4726	1
11270	5444	1
6441	13404	1
3301	12183	1
16787	4832	1
14478	17733	1
11799	11800	1
6568	13830	1
4233	3447	1
1517	5296	1
2172	5977	1
1069	3306	1
13404	6441	1
8330	5894	1
283	680	1
15773	17622	1
17739	17739	1
5520	8699	1
16516	7811	1
17614	6530	1
6573	16210	1
2725	5774	1
3440	3558	1
10724	2550	1
9638	9639	1
18079	18080	1
3723	3949	1
1072	3590	1
5086	2381	1
6832	7109	1
12840	4408	1
10003	14849	1
6781	7831	1
14678	12342	1
5154	4408	1
2381	5086	1
10620	9644	1
232	5774	1
1817	8224	1
705	1243	1
18081	16467	1
8699	5520	1
3321	17494	1
6476	16844	1
1372	9270	1
7595	7592	1
3590	1072	1
6248	15555	1
9234	5363	1
18082	18083	1
15110	14482	1
8979	9389	1
17974	10857	1
5993	6177	1
16477	2546	1
16520	16055	1
