16399	10000	1
8555	18111	1
5217	6612	1
16542	8748	1
13851	3315	1
6782	15716	1
5870	5735	1
10000	9347	1
9141	14597	1
13538	10938	1
17761	7033	1
17588	15840	1
1786	1756	1
964	1378	1
4162	4025	1
6604	8320	1
3094	6287	1
3817	4514	1
6294	1656	1
649	296	1
6769	8911	1
1656	6294	1
3202	7501	1
8320	6604	1
3964	1378	1
4332	1030	1
39	320	1
1535	2185	1
8280	4037	1
5712	3695	1
17898	4748	1
5757	5503	1
3737	14248	1
16715	18398	1
3149	7345	1
2802	1566	1
6287	3094	1
6906	5237	1
18399	11815	1
9076	3231	1
18350	17926	1
2742	1972	1
8402	9639	1
6375	536	1
594	9753	1
7345	3149	1
7311	13032	1
7412	7412	1
13187	13187	1
12472	16516	1
9452	4647	1
3954	2234	1
2234	3954	1
6637	6987	1
7863	14317	1
10609	12172	1
3723	3949	1
1135	2804	1
4013	10765	1
15716	12008	1
3348	3349	1
2885	10765	1
2362	3614	1
193	7906	1
1420	5717	1
8451	10765	1
14088	18400	1
6127	7308	1
7654	10765	1
802	15875	1
10330	7204	1
271	272	1
1985	3383	1
9066	5419	1
7070	7069	1
6343	4883	1
7291	5191	1
12126	50	1
18401	1587	1
12530	1930	1
17681	2284	1
5237	6906	1
10990	2647	1
8700	15988	1
5690	8421	1
5642	3561	1
15471	13573	1
2427	2611	1
10938	13538	1
1441	21	1
6185	7543	1
13436	12240	1
3056	878	1
9300	7204	1
8702	9614	1
18402	3985	1
8911	2151	1
15721	18378	1
9373	6788	1
6769	2151	1
6474	7944	1
6474	6700	1
4051	5408	1
5047	2284	1
5191	7291	1
7986	12970	1
9753	594	1
11285	3345	1
4715	10937	1
5262	12134	1
13404	5444	1
1521	2858	1
13289	12773	1
7604	9498	1
11904	10257	1
9904	15050	1
14951	6119	1
7138	12052	1
16199	17882	1
7370	9717	1
15664	9222	1
4939	10464	1
8682	6117	1
8929	6187	1
14277	12019	1
4133	6783	1
200	870	1
4755	15915	1
9453	6615	1
18403	13390	1
10466	86	1
7569	3561	1
6187	8929	1
14370	7514	1
2102	6703	1
6045	10839	1
5415	1611	1
1872	2546	1
912	17772	1
11846	11846	1
15598	14816	1
4657	4885	1
9904	13595	1
2858	4670	1
14116	15628	1
7371	1097	1
8208	8460	1
11618	1081	1
1081	11618	1
4522	16517	1
6788	9373	1
5166	1411	1
12622	6468	1
4613	14263	1
2855	2163	1
10623	14522	1
12622	3713	1
875	12312	1
9695	9695	1
6898	13019	1
2151	6769	1
8911	6769	1
3349	3348	1
15934	6937	1
18404	4294	1
9777	15539	1
9324	11179	1
1087	864	1
18405	18405	1
1972	2742	1
2044	2045	1
4317	5719	1
18340	18339	1
6612	5217	1
11179	9324	1
8700	7449	1
17840	12742	1
5742	4408	1
12404	12405	1
7604	9410	1
13573	15471	1
13019	6898	1
6119	14951	1
2973	2808	1
2808	2973	1
17483	17483	1
3908	3907	1
7629	4657	1
5216	12142	1
7568	1585	1
6842	2142	1
431	508	1
14612	8735	1
1946	6265	1
8031	455	1
16173	17499	1
2045	2044	1
10476	9418	1
814	7104	1
9904	8990	1
16310	16309	1
8681	8592	1
1656	7367	1
7568	342	1
1193	18106	1
10248	15263	1
15664	11243	1
3186	7813	1
6339	7804	1
1193	4830	1
12773	13289	1
14317	7863	1
16592	1694	1
16055	16520	1
16112	16113	1
8256	4263	1
4037	8280	1
15413	6015	1
14651	6515	1
3907	3908	1
8700	8347	1
8739	6765	1
342	7568	1
15598	2588	1
7521	11344	1
18406	18406	1
1585	7568	1
12622	4873	1
3383	1126	1
13574	15226	1
7371	1853	1
9365	7484	1
1126	3383	1
9079	18407	1
242	241	1
1628	7484	1
14428	8676	1
221	6337	1
9273	5222	1
13111	4245	1
17818	4245	1
18288	6494	1
2868	4245	1
6376	2620	1
12324	6040	1
88	13	1
15106	1069	1
2532	1162	1
15835	2369	1
50	12126	1
6952	17946	1
6321	16525	1
86	10466	1
7416	14876	1
7871	8525	1
5139	10450	1
13581	14531	1
16755	13580	1
5889	18408	1
7421	5663	1
5260	5261	1
9365	15619	1
3565	6287	1
10251	3541	1
6783	2785	1
7603	4554	1
2420	3520	1
241	242	1
5357	7783	1
12622	5176	1
6339	11372	1
2209	1175	1
4112	14540	1
319	1772	1
7521	10403	1
5156	3581	1
5667	1582	1
18409	18409	1
18111	9960	1
10494	2758	1
14969	11630	1
15716	3171	1
18410	10869	1
15810	3171	1
3171	15716	1
17743	937	1
9410	7604	1
5226	5223	1
2532	3568	1
1946	1026	1
18239	18239	1
3541	10251	1
1661	2353	1
10623	8506	1
3171	15810	1
15193	2758	1
2483	15762	1
18411	14857	1
627	628	1
16113	14314	1
11628	7130	1
10839	6045	1
7568	385	1
18412	16464	1
2611	16671	1
5262	5691	1
4263	1654	1
1096	6646	1
5735	9612	1
6143	207	1
16199	5857	1
7766	6221	1
3315	14197	1
508	431	1
7108	14197	1
8172	14992	1
16113	16112	1
3730	16992	1
7800	5882	1
8281	737	1
15598	9389	1
16671	2611	1
16229	9389	1
2051	1558	1
2138	8776	1
3736	9071	1
7664	490	1
16517	4522	1
6613	7082	1
15762	2483	1
6265	1406	1
2483	5382	1
1176	16360	1
6513	3041	1
5382	2483	1
9612	5735	1
7412	18413	1
14931	5520	1
11630	14969	1
6576	3041	1
16387	12308	1
9411	12308	1
14531	13581	1
5169	10615	1
18414	18415	1
6309	3177	1
6339	1846	1
14531	14531	1
444	425	1
465	425	1
14197	3315	1
7596	16078	1
8700	6562	1
6555	6555	1
21	1512	1
1886	13314	1
14540	4112	1
241	2879	1
5800	4087	1
18378	16715	1
15214	15215	1
6987	6637	1
4444	6637	1
12312	875	1
8451	17984	1
8827	8498	1
12726	1935	1
33	858	1
912	1599	1
16855	12175	1
14423	13315	1
1494	2342	1
7266	11445	1
18128	17521	1
11751	11445	1
18416	6997	1
4025	4162	1
6648	4257	1
4163	1009	1
3730	2611	1
1405	16481	1
8958	18239	1
5222	9273	1
5485	3561	1
14078	1451	1
2611	2292	1
9392	6854	1
5897	7487	1
13215	14087	1
8776	2138	1
13436	13927	1
10203	4554	1
16002	5806	1
8007	5419	1
6268	7604	1
3326	6963	1
5262	10649	1
14252	6963	1
4523	5054	1
16525	6321	1
5667	3568	1
17261	891	1
1162	3568	1
7603	5502	1
2610	8562	1
15792	13829	1
16113	8562	1
9245	1441	1
8844	8562	1
8911	7821	1
788	1441	1
1094	1441	1
8911	7620	1
1193	7620	1
1946	6453	1
13829	15792	1
7821	8911	1
5593	13829	1
14144	13270	1
11233	8173	1
320	39	1
5934	6506	1
5667	4178	1
15162	12535	1
5149	12950	1
16178	2963	1
2997	3561	1
14367	13335	1
18417	18408	1
21	1441	1
4287	8386	1
11455	3581	1
2170	3987	1
2292	2611	1
15788	17389	1
5663	7421	1
8508	1255	1
385	7568	1
13165	2255	1
4263	8256	1
1338	1523	1
8700	6334	1
10832	7763	1
3710	13187	1
4571	4570	1
6339	6046	1
1523	1338	1
2963	16178	1
11072	3033	1
1069	15106	1
5041	7703	1
11249	6382	1
3286	3286	1
5768	6264	1
3056	8173	1
5807	6382	1
5650	8243	1
8252	5345	1
6015	15413	1
9138	6788	1
6607	10698	1
10659	7680	1
4171	1727	1
7548	4301	1
5773	3160	1
8700	12059	1
6788	9138	1
1566	2802	1
18158	8150	1
13367	12806	1
14197	7108	1
1506	3440	1
3642	1997	1
12742	17840	1
12622	5977	1
6827	6828	1
328	2776	1
18128	18376	1
941	5305	1
16229	9259	1
6637	4444	1
11130	2611	1
12970	7986	1
16585	6107	1
6474	5154	1
14969	5970	1
5517	5693	1
6713	159	1
2776	9626	1
6930	11731	1
7813	5693	1
10330	17257	1
7594	5693	1
250	5947	1
11734	5693	1
13826	17257	1
9626	2776	1
13849	7568	1
11243	15664	1
12223	18418	1
7371	7371	1
10348	18086	1
635	6344	1
18086	10348	1
18419	18419	1
5076	800	1
2	18086	1
1512	21	1
15741	3557	1
11767	9385	1
8386	4287	1
3640	3155	1
7411	17591	1
14428	5237	1
3420	631	1
5000	5293	1
15320	1622	1
9365	3673	1
18420	12413	1
5293	5000	1
800	5076	1
17257	10330	1
9904	9545	1
3827	6501	1
6414	5782	1
12048	7223	1
18421	16072	1
7416	6157	1
17101	14946	1
16309	16310	1
16360	14095	1
1606	154	1
926	1791	1
5667	5175	1
5041	7049	1
7568	154	1
15222	5304	1
207	4728	1
4728	207	1
14665	2611	1
10778	8903	1
6017	6122	1
8330	3817	1
2506	14382	1
15598	13200	1
3817	8330	1
1908	6580	1
12540	6901	1
1661	95	1
7224	1813	1
15598	14351	1
17389	15788	1
1181	16486	1
1288	1891	1
6080	5161	1
8092	16486	1
18407	3244	1
2884	2611	1
5667	5185	1
2630	4183	1
6157	7416	1
17016	6852	1
6994	9880	1
10158	5546	1
4408	5154	1
17739	12481	1
5667	2399	1
11874	11873	1
1740	3674	1
8004	602	1
3333	3545	1
12950	5149	1
12717	9431	1
6339	16780	1
3616	917	1
9966	13884	1
3248	5610	1
7568	562	1
18402	2712	1
5327	940	1
13273	9718	1
13687	12650	1
5628	6854	1
10769	4581	1
5610	3248	1
15274	8166	1
8976	8763	1
12625	1742	1
6901	12540	1
8676	8333	1
7703	5041	1
13032	7311	1
11445	11751	1
3855	3366	1
1946	2440	1
9880	6994	1
5262	4829	1
207	6143	1
18086	2	1
18422	16500	1
3862	689	1
15598	9388	1
1175	2209	1
11044	8614	1
15223	10982	1
8068	2842	1
3366	3855	1
518	8141	1
14522	10623	1
18423	5558	1
13476	1237	1
3438	10226	1
1745	3666	1
4485	5877	1
16780	15438	1
1096	11751	1
8163	3360	1
9997	9610	1
3033	11072	1
6282	10478	1
6612	3950	1
4474	515	1
10982	15223	1
294	6854	1
6564	16595	1
16500	18422	1
6382	6373	1
1946	8968	1
17946	6952	1
8903	17916	1
16229	4980	1
5280	6210	1
4084	6316	1
6845	6485	1
2247	4898	1
6210	5280	1
6316	4084	1
8854	11060	1
2699	14869	1
5711	3651	1
17499	2255	1
7993	7630	1
16486	1181	1
13851	1987	1
8911	5990	1
5667	2423	1
12660	4087	1
13270	14144	1
937	17743	1
3794	3912	1
5667	5442	1
4245	8870	1
12787	3849	1
9365	5259	1
6944	14144	1
11060	8854	1
9431	12717	1
13765	13765	1
6122	6017	1
5932	10560	1
17867	17866	1
6506	5934	1
15106	7334	1
2804	1135	1
18393	8195	1
245	7646	1
13977	15581	1
4408	5445	1
11815	18399	1
14144	6944	1
18424	16862	1
10857	2085	1
11731	6930	1
9259	16229	1
14807	7276	1
8763	8976	1
18290	4393	1
5684	3160	1
14392	2517	1
16205	6354	1
18408	5889	1
12362	11457	1
7630	7993	1
5154	4408	1
14382	2506	1
18393	5443	1
5445	4408	1
6339	3826	1
8518	15890	1
15520	8854	1
12580	16209	1
2611	3730	1
1193	2627	1
13884	9966	1
8854	15520	1
16209	12580	1
11943	18383	1
5667	2185	1
18346	11369	1
18425	9025	1
1987	13851	1
9287	1305	1
18426	16333	1
5526	4221	1
4777	10721	1
7741	7031	1
16113	5013	1
18427	2215	1
5789	12344	1
2935	835	1
6474	5368	1
12709	1207	1
2085	10857	1
8702	8049	1
12344	5789	1
4939	9248	1
8049	8702	1
1987	9371	1
1946	835	1
15598	14217	1
13121	6864	1
18427	8946	1
15716	6782	1
3568	1162	1
6864	13121	1
5262	9966	1
6856	17486	1
5667	4626	1
11690	2863	1
17002	6501	1
3985	4294	1
18428	7407	1
4439	7213	1
18427	8587	1
7334	15106	1
7242	6948	1
5196	5195	1
5667	6060	1
6891	7126	1
6107	16585	1
12019	14277	1
8330	5894	1
15784	4577	1
2858	1521	1
12539	4125	1
10180	6627	1
3568	2532	1
5894	8330	1
15438	16780	1
1872	4374	1
1237	13476	1
3745	3559	1
13911	2588	1
18429	18429	1
18430	18431	1
5262	8976	1
17236	16786	1
2342	1494	1
5110	940	1
18432	18433	1
14461	7049	1
5051	8197	1
1791	4288	1
15402	7049	1
2588	13911	1
15274	3723	1
10796	2363	1
18434	16581	1
12246	5096	1
5921	14277	1
2588	14580	1
14825	13580	1
13572	6919	1
17787	7012	1
9924	1910	1
4087	5800	1
13580	14825	1
15792	16339	1
5381	10387	1
2589	1091	1
9568	5745	1
10370	10370	1
8947	3812	1
15517	11909	1
16137	12297	1
8957	2150	1
18435	18435	1
1727	4171	1
5693	4883	1
4577	15784	1
5667	5009	1
3950	6612	1
18425	14849	1
5259	9365	1
562	7568	1
3651	5711	1
17866	17867	1
18430	18430	1
7989	4505	1
1813	7224	1
3912	3794	1
18436	18437	1
16229	14239	1
5017	4294	1
1946	1283	1
7074	18350	1
2620	6376	1
6117	8682	1
14277	5921	1
6044	6043	1
6034	5021	1
11555	16085	1
5013	16113	1
5546	16663	1
7487	5897	1
10461	18358	1
1946	760	1
16199	5789	1
8150	3510	1
11121	13084	1
897	18438	1
7568	447	1
7495	7622	1
6919	13572	1
18350	7074	1
8082	18385	1
13990	18141	1
6852	17016	1
844	4170	1
8699	18439	1
3202	518	1
13665	510	1
18440	16853	1
1459	2712	1
11564	6419	1
11702	490	1
18155	6964	1
2758	4170	1
510	13665	1
4577	3697	1
17061	13711	1
5365	15075	1
6006	6184	1
447	14672	1
13084	11121	1
11702	261	1
3745	2579	1
14656	5217	1
5813	13744	1
5191	6270	1
14672	447	1
13159	13159	1
17851	14492	1
431	16509	1
8398	7519	1
7311	8977	1
6937	15934	1
5917	18408	1
5667	5625	1
10704	9402	1
9904	11628	1
9100	4857	1
18441	4910	1
6713	14688	1
16786	17236	1
4226	11681	1
14110	12413	1
12172	10609	1
9369	6193	1
9725	12364	1
18441	16787	1
5694	15470	1
18358	10461	1
3450	2284	1
7031	7741	1
2753	3795	1
16595	6564	1
10857	10857	1
14165	6901	1
13744	5813	1
9776	3216	1
18442	15566	1
3138	4293	1
15566	18442	1
1946	13895	1
6474	5567	1
3138	5581	1
8903	11387	1
10788	490	1
1406	12899	1
12340	1897	1
18315	4525	1
16085	11555	1
6474	11783	1
4293	2390	1
3559	3745	1
2579	3745	1
6171	6816	1
8129	9861	1
8611	5096	1
5870	14144	1
9248	4939	1
