1338	9062	1
17923	6294	1
5806	14816	1
13424	5598	1
2596	9300	1
18514	14326	1
14816	5806	1
6648	5598	1
13270	14144	1
7211	18505	1
4141	8681	1
9735	13193	1
3723	3949	1
15473	15474	1
7556	9479	1
8619	5217	1
3451	5928	1
5440	8377	1
15874	9375	1
13193	9735	1
7452	5217	1
7452	9066	1
19	28	1
18659	9100	1
13174	5352	1
18657	12403	1
14754	14535	1
1052	5417	1
5217	7452	1
9666	5352	1
14326	18514	1
9770	9145	1
9066	7452	1
9300	2596	1
10845	7804	1
7558	12308	1
14535	14754	1
13932	7004	1
8925	8924	1
14502	7614	1
6294	7367	1
9066	11164	1
4954	15717	1
13982	18033	1
18621	14478	1
4485	5877	1
11346	7501	1
10938	16031	1
2802	4525	1
395	205	1
4478	4477	1
5754	7863	1
18514	6061	1
11102	5875	1
8599	4657	1
4120	12626	1
8150	8611	1
1414	3725	1
10741	13442	1
10061	9250	1
5977	835	1
5213	5724	1
16740	15915	1
7741	7031	1
518	518	1
8681	4141	1
14413	12006	1
9690	18505	1
18505	9690	1
10687	8932	1
8690	6135	1
18459	11426	1
15889	3166	1
16074	18046	1
14166	5107	1
7501	4250	1
6082	5723	1
5723	6082	1
6061	18514	1
15386	15383	1
3676	5230	1
6136	18514	1
16205	11406	1
4884	65	1
5893	7543	1
5849	7158	1
12580	9250	1
7158	5849	1
2672	3225	1
7501	11346	1
15717	4954	1
6771	7543	1
17787	3160	1
7012	3160	1
7532	12998	1
9695	9807	1
8611	8150	1
10528	18635	1
4477	4478	1
912	8362	1
12732	9069	1
5047	3450	1
3450	5047	1
18660	2102	1
13958	12540	1
5084	5931	1
9069	12732	1
17632	197	1
3088	3020	1
5047	7543	1
6113	2102	1
6901	12540	1
6599	2480	1
16202	16203	1
2646	6507	1
3225	2672	1
2927	853	1
12540	6901	1
4355	2383	1
18661	8222	1
3100	5641	1
2383	4355	1
5381	10387	1
4135	1620	1
5641	3100	1
4408	12840	1
4135	5560	1
6104	12271	1
4593	4504	1
4217	14827	1
835	10424	1
9807	9695	1
7570	5893	1
18600	18600	1
6781	6781	1
14951	18400	1
564	5774	1
4657	1786	1
1114	18643	1
1786	4657	1
15234	16941	1
7023	4657	1
1411	5166	1
15234	15234	1
13741	4107	1
232	5774	1
10330	15985	1
12861	15985	1
16358	15985	1
2855	8293	1
7516	14173	1
4250	7501	1
6270	1840	1
13751	14173	1
5203	6312	1
10061	13989	1
4900	4888	1
4888	4900	1
5485	3561	1
8886	8836	1
3569	3568	1
14413	11773	1
6184	6006	1
10066	8966	1
4230	3010	1
7223	7086	1
13751	7086	1
4062	3017	1
8398	11806	1
17945	6903	1
8362	912	1
12271	6104	1
7514	12367	1
6331	1940	1
95	70	1
564	8335	1
15550	13868	1
4335	13868	1
9058	4751	1
2102	6113	1
13392	14969	1
2169	8335	1
12096	8909	1
9276	4747	1
2572	3089	1
8045	2529	1
18662	4204	1
13868	4335	1
18643	3606	1
1467	7874	1
9770	6540	1
16479	16479	1
1742	2083	1
4193	4937	1
3020	3088	1
17054	16344	1
16344	17054	1
14573	9992	1
6419	11564	1
7266	18355	1
17791	10455	1
8681	8592	1
4135	1713	1
6160	1624	1
7853	8057	1
6055	5904	1
11908	3449	1
14946	17101	1
10095	3575	1
6236	9330	1
4135	5904	1
18663	18664	1
4212	7167	1
15865	4204	1
11102	18086	1
13350	13350	1
72	13875	1
3166	15889	1
3835	18180	1
17257	1624	1
14144	13270	1
1372	9270	1
4062	2420	1
4007	9133	1
17320	16522	1
1155	11714	1
70	95	1
4062	7804	1
1737	6742	1
6331	7668	1
6039	8177	1
18665	10563	1
14825	13574	1
1231	6267	1
8177	6039	1
17588	16103	1
16009	3583	1
7804	4780	1
635	4780	1
14721	13843	1
8431	10200	1
4135	12019	1
4657	8599	1
4780	635	1
4424	11563	1
17787	7104	1
9273	5222	1
18261	6281	1
6303	375	1
8379	11141	1
847	3176	1
2484	8357	1
16009	1648	1
3994	328	1
15745	18621	1
14478	18621	1
8280	14715	1
493	3091	1
18647	7395	1
3568	3569	1
5684	2455	1
6927	1103	1
10112	1370	1
4685	4685	1
10522	11160	1
6483	6484	1
10139	11321	1
13407	8280	1
9299	15724	1
16522	17320	1
14715	8280	1
11426	18459	1
15985	10330	1
14522	14522	1
4135	4431	1
4135	5374	1
13593	6473	1
7215	8928	1
2879	241	1
5440	18648	1
1855	2870	1
10420	7558	1
5500	5501	1
2870	1855	1
16160	16160	1
9270	9272	1
6783	5875	1
15874	1055	1
4150	4151	1
8357	2484	1
4747	9276	1
9141	14597	1
1727	1055	1
531	1103	1
4171	1055	1
12230	8029	1
13958	6346	1
8306	5674	1
1103	531	1
18033	13982	1
6157	11372	1
8843	14277	1
18276	16031	1
1509	2109	1
16031	18276	1
518	3202	1
8293	2855	1
18666	18667	1
4697	4698	1
15599	10620	1
6742	1737	1
7120	18668	1
4135	6142	1
18594	9550	1
4362	6447	1
6006	6184	1
9330	6236	1
5382	16241	1
6371	16062	1
17622	15773	1
13875	72	1
8335	564	1
18027	10047	1
1787	11500	1
5316	9122	1
2518	2519	1
16241	5382	1
2940	16062	1
10938	1809	1
18643	1114	1
7120	9361	1
18669	18669	1
54	4913	1
12134	8763	1
6127	3542	1
1423	868	1
10199	12345	1
626	7941	1
14919	13032	1
5400	3828	1
10248	15263	1
2	18086	1
12626	8007	1
8681	17289	1
15474	15473	1
5119	16468	1
3668	3026	1
16330	14195	1
8077	15724	1
8293	2446	1
8404	9287	1
1582	3932	1
5709	10410	1
2132	15988	1
5904	5374	1
16009	15320	1
221	294	1
872	18086	1
14597	9141	1
10140	8050	1
3780	7944	1
8050	10140	1
294	221	1
12367	7514	1
7083	5531	1
4198	7024	1
4135	3510	1
10814	8903	1
3595	585	1
5928	3451	1
233	18505	1
6930	8903	1
18006	17995	1
3274	13148	1
10568	10620	1
7031	5800	1
1582	5087	1
3745	12999	1
10200	8431	1
15663	3246	1
7264	16078	1
18086	872	1
220	422	1
6213	1599	1
2941	3912	1
10383	1599	1
7395	18647	1
7764	5823	1
5523	5522	1
7120	11513	1
1599	6213	1
3912	2941	1
7927	12176	1
611	5295	1
12345	10199	1
9550	18594	1
16009	11521	1
6107	4021	1
976	819	1
15456	7832	1
4525	2802	1
6157	6158	1
10348	18086	1
3438	11521	1
9270	1372	1
425	17755	1
6781	18642	1
4135	4720	1
8450	5146	1
6331	12390	1
18670	12899	1
6447	4362	1
16344	16222	1
5351	896	1
10255	10255	1
8336	7631	1
387	2571	1
18380	14868	1
10304	3274	1
11249	5807	1
17499	3544	1
276	1795	1
5807	11249	1
1876	6716	1
251	252	1
12872	12855	1
4107	13741	1
4029	1900	1
3315	2914	1
18461	16842	1
7164	18583	1
2578	13493	1
270	2797	1
17948	2331	1
18598	18598	1
7266	11445	1
9936	13493	1
4346	4602	1
8050	15840	1
5417	1052	1
8051	4418	1
18591	13638	1
11476	3980	1
16009	9404	1
17633	16842	1
15470	12345	1
14178	254	1
3738	5128	1
14115	2248	1
18570	18571	1
4571	4488	1
884	18671	1
2331	6419	1
2446	8293	1
11714	13386	1
8716	4268	1
12724	3009	1
4593	6380	1
8763	12134	1
7643	4219	1
123	16343	1
7308	3009	1
4593	5745	1
8137	5710	1
3812	3009	1
13880	1884	1
7086	7223	1
9736	3009	1
13493	9936	1
18621	11059	1
3196	7555	1
15021	14532	1
18672	5982	1
15382	17915	1
38	39	1
4135	3190	1
3009	8421	1
18673	1013	1
18674	3919	1
3088	5355	1
9287	8404	1
16978	3304	1
7267	18238	1
768	2232	1
14868	18380	1
14895	5920	1
1553	18675	1
4102	9388	1
13958	1134	1
6419	2331	1
16622	16622	1
10620	10568	1
15401	14239	1
2050	7562	1
9031	4692	1
6193	7090	1
14016	7138	1
5745	4593	1
8450	8450	1
11852	5977	1
6380	4593	1
1055	4171	1
4120	15727	1
3447	4233	1
9062	1338	1
1055	1727	1
6303	4496	1
18642	7868	1
4294	4295	1
12924	11883	1
8137	3568	1
16172	17499	1
18564	3929	1
2559	5773	1
10724	2550	1
1711	10754	1
7868	18642	1
5715	4983	1
3794	3912	1
663	15151	1
18650	14563	1
4763	4983	1
8903	10814	1
3233	13955	1
1523	1338	1
6562	9718	1
7138	12400	1
12274	12175	1
17235	5642	1
8659	7160	1
10756	1929	1
6748	663	1
8163	8163	1
435	2611	1
3919	18674	1
3996	1338	1
16009	3330	1
18676	3330	1
12176	7927	1
1740	3674	1
12344	5789	1
7228	5642	1
12895	2611	1
7120	6649	1
13851	1987	1
4233	3447	1
7082	6613	1
18086	2	1
5393	70	1
4692	9031	1
4538	10132	1
5335	385	1
16343	123	1
7558	10420	1
4418	8051	1
13196	385	1
12345	15470	1
14019	12365	1
16477	2611	1
11728	2611	1
13581	14531	1
7602	3258	1
4657	3404	1
6157	4741	1
14341	14340	1
385	13196	1
18514	6136	1
12400	7138	1
3405	3404	1
7120	9626	1
5988	5084	1
8258	4652	1
6783	4726	1
4664	4662	1
11044	8614	1
8681	11344	1
7086	13751	1
15320	8614	1
8137	8519	1
4726	6783	1
3151	3410	1
11059	14117	1
6540	9770	1
11908	15162	1
15461	15474	1
16601	12104	1
18664	18663	1
15030	13196	1
14173	13751	1
16718	15474	1
11511	8071	1
6157	7416	1
13741	8854	1
15985	12861	1
4983	5715	1
2611	18583	1
1338	3996	1
4295	4294	1
574	6441	1
1599	1517	1
15586	15013	1
8137	8209	1
3151	16959	1
3151	3150	1
2611	435	1
5890	9790	1
3545	7108	1
1058	6844	1
4593	3234	1
7643	5722	1
7108	2914	1
16373	17087	1
13386	11714	1
4850	1558	1
11714	1155	1
15586	13884	1
2933	3595	1
5722	7643	1
14715	13884	1
12180	4657	1
5351	7049	1
17087	16373	1
16541	2698	1
12544	7868	1
1499	8244	1
13132	16751	1
16288	2914	1
18321	5497	1
8854	13741	1
7622	5824	1
1840	6270	1
6157	16780	1
14016	13965	1
5247	16506	1
5366	12779	1
1582	2399	1
13884	15586	1
12779	5366	1
3404	3405	1
3669	6783	1
9584	680	1
16009	2745	1
541	194	1
6363	6346	1
878	879	1
16009	3108	1
6783	3669	1
1763	2584	1
12554	16561	1
12840	4408	1
11121	4029	1
5546	10158	1
14563	18650	1
395	3996	1
7345	4439	1
7670	7042	1
18677	2665	1
18678	6093	1
11908	12535	1
4777	1710	1
10561	12111	1
8137	8222	1
13117	6394	1
12936	16722	1
7031	7741	1
1208	5377	1
1582	4029	1
5789	12344	1
1674	12239	1
3233	4432	1
8903	6930	1
6346	6363	1
18647	5764	1
6157	15438	1
1900	4029	1
3073	18111	1
13350	14754	1
3392	3492	1
1582	4655	1
7074	11758	1
4135	5742	1
17163	18435	1
5904	6055	1
18679	12570	1
8200	7735	1
1582	5185	1
1497	3706	1
18111	3073	1
3595	2933	1
5773	2559	1
12111	10561	1
5084	5988	1
9910	10561	1
11141	8379	1
7761	15397	1
11779	14082	1
5628	6854	1
12516	7558	1
6236	12635	1
13751	4555	1
7086	4555	1
7620	4839	1
2102	18660	1
7495	7622	1
1582	1481	1
2611	14665	1
6034	5021	1
9287	4883	1
17946	6952	1
17860	14091	1
12587	13390	1
18621	4555	1
6157	3826	1
17659	16941	1
18496	9437	1
6160	6952	1
2611	8668	1
3912	3794	1
17948	5343	1
2331	17948	1
13390	12587	1
5343	17948	1
4735	3166	1
385	5335	1
2308	14066	1
1338	5660	1
3233	3577	1
5764	18647	1
4505	7989	1
12598	14069	1
5944	6490	1
70	5393	1
14066	2308	1
6952	17946	1
4668	5622	1
13977	15581	1
1727	4171	1
3019	2820	1
16477	2546	1
17101	14946	1
1929	10756	1
5166	1411	1
14665	2611	1
18086	11102	1
2546	16477	1
6316	4084	1
12217	3835	1
4462	2473	1
5660	1338	1
15581	13977	1
1599	10383	1
17711	16883	1
17499	16172	1
1987	13851	1
387	1184	1
4217	12489	1
9102	9102	1
5122	4946	1
3397	229	1
17738	7884	1
12168	12169	1
5823	7764	1
4657	7023	1
2646	7857	1
18680	18680	1
1936	3623	1
5026	5027	1
16009	2478	1
2894	1338	1
5612	12861	1
930	9207	1
7644	9207	1
6757	6591	1
18188	15438	1
5598	6648	1
11916	11830	1
11661	16535	1
16009	6424	1
7622	7495	1
12571	16535	1
2942	5257	1
5205	5204	1
15649	1869	1
7450	5170	1
6414	10807	1
5522	5523	1
3190	8676	1
4652	8258	1
70	16426	1
6441	3510	1
1582	4988	1
1662	16397	1
1582	4626	1
5278	16397	1
6107	5170	1
8222	18661	1
11830	11916	1
8214	14066	1
18681	14182	1
13196	15030	1
14016	18682	1
9388	9527	1
5257	2942	1
9105	14844	1
8073	14913	1
13860	18400	1
14461	7049	1
15284	18177	1
8938	8974	1
8335	2169	1
18238	7267	1
8658	15836	1
8974	8938	1
4988	5185	1
194	541	1
861	437	1
6135	5009	1
3323	16062	1
2084	42	1
5376	42	1
9527	9388	1
18683	18611	1
18642	6781	1
10158	5546	1
9042	16062	1
3149	7345	1
8836	8886	1
4950	8967	1
10522	14844	1
11377	14803	1
5581	11943	1
14066	8214	1
16009	12420	1
10807	6414	1
8909	12096	1
13493	2578	1
14388	17845	1
8172	13528	1
9207	930	1
2808	3736	1
11943	5581	1
1711	3736	1
18646	735	1
11893	9108	1
16009	7469	1
15639	9690	1
4974	205	1
801	15878	1
15773	17622	1
15548	5156	1
7060	6193	1
9207	7644	1
4868	205	1
9690	15639	1
8820	6193	1
7568	562	1
1599	1009	1
9527	14653	1
7004	10082	1
2480	3333	1
17031	17772	1
4204	18662	1
1469	3723	1
15471	13573	1
5351	14461	1
5027	5026	1
13404	9022	1
15748	9492	1
6612	2914	1
715	1973	1
10561	9910	1
1884	13880	1
437	861	1
1599	14851	1
9411	12308	1
5894	8330	1
18684	17012	1
14066	5191	1
3736	1711	1
4218	13273	1
15836	8658	1
12803	9174	1
18685	17035	1
13590	6419	1
482	332	1
13573	15471	1
13123	13123	1
2997	3561	1
17743	937	1
10522	3840	1
10374	10230	1
16397	5278	1
6281	18261	1
3233	4032	1
7050	410	1
11564	6419	1
9114	1339	1
13660	13754	1
16274	1898	1
3822	3824	1
1701	9426	1
4293	5581	1
5204	5205	1
8962	6820	1
7138	6860	1
3009	3812	1
243	4370	1
18435	17163	1
5164	11555	1
16062	9042	1
10230	10374	1
13323	10285	1
1069	1031	1
8676	3190	1
12532	4400	1
4593	4241	1
3297	7042	1
12771	8141	1
14108	663	1
3233	2673	1
11702	490	1
4383	4370	1
7930	16205	1
6860	7138	1
10285	13323	1
9593	10116	1
1973	715	1
7120	9147	1
17079	11406	1
10473	2484	1
13851	3315	1
4624	5622	1
3315	13851	1
14182	14095	1
2484	10473	1
14066	7083	1
4662	13476	1
3333	8616	1
9492	15748	1
12399	312	1
5624	4313	1
1114	14951	1
11730	9717	1
14182	14182	1
6428	18201	1
979	2441	1
3170	8707	1
10633	5482	1
18400	14951	1
18686	4844	1
10345	12666	1
4370	4383	1
10459	11676	1
17916	10611	1
6419	13590	1
2454	3824	1
2106	14382	1
3723	1469	1
16274	15745	1
6441	6930	1
18621	15745	1
6109	5585	1
12775	6901	1
4084	6316	1
11779	13580	1
18622	4034	1
4135	5367	1
8141	12771	1
13580	11779	1
5191	14066	1
3547	2457	1
18683	18683	1
7083	14066	1
7596	16078	1
17581	7525	1
6207	8033	1
4207	5670	1
10424	835	1
8086	11191	1
10082	7004	1
6930	6441	1
8364	11192	1
11017	13423	1
14816	8420	1
3274	4524	1
8330	5894	1
18687	15414	1
18688	18689	1
2793	1383	1
4748	17898	1
18505	233	1
4034	18622	1
1356	2737	1
