6637	6987	1
6624	9147	1
9436	16802	1
8404	5411	1
16055	8548	1
6898	9147	1
18341	5791	1
5845	18172	1
7114	5791	1
18342	13187	1
18172	5845	1
16009	5188	1
4167	1092	1
14956	9936	1
6783	2785	1
3534	11649	1
17246	13445	1
16703	12572	1
6122	6017	1
10765	2885	1
4157	7193	1
6898	9331	1
6158	11485	1
1422	6017	1
2420	3520	1
11536	8261	1
8092	16486	1
8521	6270	1
11517	1254	1
7767	5993	1
1406	1294	1
11485	6158	1
18343	18166	1
3520	2420	1
17830	10384	1
18344	16890	1
5993	5850	1
8499	9018	1
425	370	1
370	425	1
5773	3160	1
4346	7810	1
7012	3160	1
1714	3408	1
4778	13477	1
8152	5790	1
17706	17233	1
12472	4295	1
6869	9790	1
5258	3160	1
6865	3160	1
3178	6104	1
1619	5266	1
5411	8404	1
1376	5019	1
16485	11836	1
4036	12369	1
6181	6355	1
14317	7863	1
18345	14932	1
12472	16516	1
12472	16742	1
13284	15401	1
18346	11369	1
4801	5041	1
5642	16864	1
4144	5991	1
16289	11640	1
16055	5991	1
4157	6700	1
4463	16958	1
15706	18310	1
8846	18347	1
18127	18127	1
6270	8521	1
16985	8222	1
14636	8205	1
2852	895	1
397	7174	1
6375	722	1
10741	13023	1
7215	7625	1
8222	4747	1
4747	8222	1
18348	2155	1
4939	12400	1
5642	3561	1
8818	3561	1
7569	3561	1
12535	4416	1
4715	10937	1
972	46	1
16387	12308	1
3304	3068	1
14180	12308	1
9138	6035	1
3453	3068	1
6729	12328	1
4157	3068	1
5641	3100	1
10663	2941	1
2116	3068	1
7569	4810	1
16209	12580	1
6303	11051	1
18292	13927	1
4751	16355	1
3100	5641	1
13145	18333	1
18242	106	1
12324	3826	1
7560	238	1
3737	14248	1
6079	7109	1
18349	5278	1
2455	5684	1
221	222	1
482	3697	1
8812	12324	1
2885	11800	1
6952	10096	1
16212	16390	1
3899	2042	1
10020	3480	1
6987	7258	1
18333	13145	1
4144	1674	1
16909	3795	1
10937	4715	1
11817	8213	1
238	7560	1
5688	8213	1
3480	10020	1
4863	1148	1
16819	18230	1
4490	5288	1
1071	210	1
5154	4408	1
2518	2519	1
4769	12562	1
11339	14248	1
6952	17946	1
12006	18293	1
16355	4751	1
17934	1585	1
8452	8453	1
4167	4933	1
5278	18349	1
4028	4489	1
8152	14792	1
4346	17203	1
13557	15628	1
17930	6819	1
14792	8152	1
7519	8140	1
6357	12488	1
8681	8592	1
9897	10783	1
10523	5259	1
9431	4980	1
4408	5154	1
16055	9426	1
3304	16978	1
12757	5587	1
7810	4346	1
17203	4346	1
4983	4561	1
12861	5613	1
6183	8035	1
18310	15706	1
6994	9880	1
7129	5461	1
7556	16298	1
4345	4346	1
6294	1656	1
5687	2749	1
15413	6015	1
3304	5006	1
5288	4490	1
428	1175	1
3061	6562	1
737	1081	1
371	515	1
397	13955	1
15247	8030	1
9936	14956	1
7569	5777	1
101	3581	1
3642	1997	1
14781	2544	1
16055	16414	1
4144	9669	1
17320	16522	1
8429	13767	1
9141	14597	1
2657	12006	1
18293	12006	1
10309	7042	1
8818	9391	1
16985	9391	1
9330	2480	1
5613	12861	1
3453	8192	1
4157	4873	1
16742	12472	1
16516	12472	1
4295	12472	1
3113	9619	1
3623	2902	1
11451	14198	1
6479	15194	1
6015	15413	1
6309	3177	1
5642	3563	1
2900	8228	1
1517	1599	1
15223	18350	1
1081	737	1
16909	5301	1
2546	16360	1
210	1071	1
10353	8616	1
9165	8228	1
9431	12717	1
16113	8562	1
13677	9717	1
9717	13677	1
16298	7556	1
3453	14849	1
7556	858	1
7029	986	1
13723	12591	1
16522	17320	1
17203	16515	1
3085	6289	1
9669	7501	1
8228	9165	1
11369	18346	1
5234	5482	1
7800	5882	1
12324	15179	1
7560	375	1
13165	2255	1
1996	3547	1
15418	7204	1
15194	6479	1
7258	6987	1
7569	6716	1
2572	3089	1
345	625	1
3304	6716	1
3899	1897	1
624	625	1
3304	16847	1
3453	5374	1
9066	5419	1
4489	4028	1
4270	16301	1
5755	625	1
8404	15550	1
4778	5482	1
1069	14870	1
9880	6994	1
13023	10741	1
7595	16932	1
4778	5888	1
3453	6373	1
832	12217	1
10609	12172	1
2259	4903	1
12562	4769	1
7108	3315	1
4801	4020	1
5445	4408	1
3072	5229	1
8735	14612	1
3304	2585	1
3795	1910	1
2346	7831	1
3899	4007	1
18351	10531	1
5482	5234	1
7413	5096	1
18197	18197	1
6624	9798	1
10330	7204	1
7831	2346	1
5055	1824	1
4144	7484	1
3516	3690	1
7345	3149	1
17720	17197	1
15661	13713	1
4954	15717	1
4408	5445	1
625	5755	1
17773	884	1
5602	15416	1
7179	9378	1
397	3534	1
10450	5139	1
15416	5602	1
10791	1941	1
16486	8092	1
18239	447	1
16113	16112	1
8562	16113	1
16112	16113	1
3453	9940	1
3304	3401	1
5642	6779	1
3113	710	1
18230	16819	1
447	18239	1
1585	17934	1
14423	13315	1
3453	921	1
523	16237	1
4157	8491	1
4751	9058	1
3037	7191	1
625	624	1
12008	15716	1
9789	18297	1
6369	10282	1
17734	184	1
3304	3450	1
5445	5774	1
13315	14423	1
9058	4751	1
13920	2316	1
6428	13599	1
17181	18352	1
3899	12728	1
5327	1503	1
12779	5366	1
17061	8821	1
4778	4779	1
808	1503	1
3453	4333	1
13851	3315	1
4294	3985	1
8803	3190	1
5791	7114	1
5642	3558	1
6303	4496	1
3826	12324	1
4144	2116	1
18353	18354	1
4157	2116	1
16985	4589	1
8222	2297	1
4334	7695	1
10003	7535	1
13737	10620	1
9031	4692	1
7556	6938	1
3688	8510	1
15179	12324	1
12540	6901	1
4647	4133	1
11437	4942	1
3453	5845	1
3113	2942	1
12472	8799	1
7556	10581	1
1411	5166	1
15401	13284	1
1208	40	1
16250	10275	1
15413	10754	1
18070	9820	1
11815	16273	1
8032	3688	1
5354	4215	1
7560	427	1
4755	15915	1
5684	2455	1
4215	5354	1
9739	14151	1
14151	9739	1
7178	3822	1
7167	6017	1
18287	2774	1
8867	8867	1
15614	8867	1
4903	2259	1
7560	9207	1
3817	8214	1
18355	10208	1
4778	7688	1
3079	7481	1
5642	5783	1
7916	7624	1
2911	7481	1
3304	5845	1
4133	4647	1
14042	9706	1
10251	3541	1
12664	12650	1
986	7029	1
5923	1700	1
16360	2546	1
18356	526	1
1574	7213	1
4469	3010	1
7560	9300	1
7624	7916	1
3304	11120	1
6901	15339	1
8986	14904	1
16769	17197	1
5259	10523	1
16113	2610	1
18357	3865	1
18238	17785	1
15339	6901	1
12314	2408	1
5993	7767	1
4489	7317	1
8412	7852	1
5166	1411	1
11407	6394	1
8575	14877	1
11451	6189	1
17295	16881	1
16985	16851	1
6474	3673	1
8854	15520	1
12217	3835	1
6070	17840	1
16715	17686	1
12742	17840	1
18358	10461	1
2559	5773	1
2297	8222	1
17197	16769	1
17946	3673	1
3899	2185	1
15520	8854	1
2657	4886	1
3899	3851	1
3541	10251	1
13392	12899	1
16909	8854	1
14612	8735	1
12790	269	1
16965	7671	1
10494	10332	1
10309	7142	1
9706	14042	1
6444	9960	1
18359	17880	1
5000	16209	1
3113	3720	1
2657	3720	1
2317	4840	1
16239	17892	1
9279	6303	1
17014	10410	1
12172	10609	1
8243	5650	1
3112	6524	1
14610	14492	1
7863	14317	1
17851	14492	1
16985	6513	1
16525	6321	1
5054	4523	1
6153	6154	1
1656	6294	1
1711	10754	1
8140	7519	1
12753	12657	1
12324	3546	1
17543	9388	1
5188	1064	1
1410	8799	1
12899	13392	1
9388	17543	1
15793	7232	1
6840	11321	1
10139	11321	1
2831	13466	1
6104	3178	1
6187	7518	1
7518	6187	1
2858	4670	1
10920	2343	1
16273	11815	1
18360	18360	1
8611	5096	1
17410	4287	1
18361	2487	1
5893	2284	1
5047	2284	1
4144	4431	1
3899	3685	1
3304	1612	1
7767	5588	1
6237	12819	1
10163	6370	1
156	155	1
16345	5305	1
16250	5305	1
11436	11883	1
17066	18362	1
3304	1232	1
18350	7074	1
13851	1987	1
9516	5113	1
9820	18070	1
7074	18350	1
8208	10759	1
10759	8208	1
12472	8815	1
4193	17163	1
5176	5977	1
16390	16212	1
18349	7402	1
12958	12258	1
9539	2245	1
3183	2199	1
14969	14117	1
17163	4193	1
7868	4632	1
17771	17810	1
17477	17477	1
3985	4294	1
6788	2343	1
6351	6743	1
12579	515	1
10807	6414	1
4346	1793	1
17427	10336	1
10332	10494	1
14263	4613	1
5755	5431	1
6127	7308	1
3170	8707	1
668	9917	1
5553	5553	1
3651	2916	1
923	2862	1
7402	18349	1
12572	16703	1
2657	14844	1
5893	5047	1
5047	5893	1
6375	3898	1
5546	16663	1
6419	13590	1
18363	16994	1
8214	3817	1
12870	7336	1
3079	9735	1
18349	5748	1
