5566	3795	1
7512	8728	1
5598	10478	1
5864	16757	1
18514	14326	1
10266	14814	1
18545	15195	1
9300	10531	1
10531	9300	1
14814	10266	1
6930	8903	1
5353	8609	1
16131	14308	1
13599	16742	1
224	4595	1
6966	2973	1
11470	5562	1
6816	6171	1
7508	9777	1
18551	12953	1
12932	12932	1
16452	5292	1
2753	3795	1
3512	4577	1
12779	5366	1
9270	1372	1
8646	5706	1
6171	6816	1
16904	14779	1
12664	12650	1
7596	10118	1
7622	10351	1
6270	1840	1
14654	549	1
1840	6270	1
10118	7596	1
15433	15433	1
8564	8743	1
5307	6765	1
18552	18552	1
14326	18514	1
2546	2354	1
271	272	1
10457	11416	1
10537	4857	1
1289	426	1
2392	3972	1
472	473	1
5122	4374	1
4162	4025	1
18281	18346	1
3568	2532	1
18553	10717	1
2532	3568	1
1865	1865	1
14779	16904	1
5822	2532	1
921	1817	1
2569	7673	1
15889	17449	1
6564	16387	1
7899	4385	1
12498	7967	1
14929	15691	1
11125	11125	1
5988	6141	1
3013	14791	1
13417	8162	1
1567	4577	1
13739	6203	1
10351	7622	1
3041	4320	1
1523	541	1
2252	8201	1
15038	12457	1
541	1523	1
12457	9798	1
7138	12400	1
12019	4135	1
6624	6721	1
7594	5693	1
6055	4135	1
4029	1900	1
7622	7495	1
15171	951	1
7158	5849	1
4163	1009	1
1946	13895	1
7137	13751	1
7466	9100	1
3288	6436	1
11403	6930	1
261	11702	1
10022	9100	1
11387	6930	1
7311	7563	1
5563	12109	1
921	1556	1
10808	6930	1
8903	6930	1
9100	7466	1
2255	15642	1
6245	7332	1
3149	7345	1
14046	6068	1
16911	6649	1
12400	7138	1
2737	1356	1
6730	7345	1
8194	9100	1
14210	14844	1
15642	2255	1
7495	7622	1
5650	8243	1
110	5110	1
8071	11511	1
14166	3084	1
6850	7804	1
6334	6562	1
2169	564	1
14428	6492	1
8814	15320	1
15334	8547	1
426	5359	1
12830	5691	1
7223	2297	1
3575	10095	1
8243	5650	1
5039	7543	1
2297	5691	1
15460	18444	1
7258	6987	1
5806	18554	1
16358	15985	1
18444	18444	1
6771	7543	1
7442	7443	1
7622	9276	1
4870	4870	1
9480	6118	1
5047	7543	1
8671	8444	1
1695	13564	1
8160	9031	1
5359	426	1
8646	9105	1
2368	3918	1
18408	5889	1
1504	4657	1
3088	3450	1
6334	8280	1
7207	7206	1
5047	6246	1
12734	14510	1
4657	1504	1
23	424	1
4135	12019	1
8743	8564	1
9276	7622	1
7086	7223	1
2691	3240	1
4396	14277	1
4328	13554	1
16097	9488	1
18508	8774	1
12990	6110	1
627	628	1
3623	2902	1
3950	6171	1
18555	14434	1
13726	8728	1
4816	12300	1
655	68	1
13426	18556	1
5604	2108	1
14428	1238	1
10061	6560	1
18557	18558	1
6334	15988	1
9582	9583	1
4396	8843	1
13477	5821	1
7215	7366	1
10437	7366	1
7315	7366	1
5936	7547	1
1947	1947	1
8450	5146	1
2578	13493	1
1569	1573	1
7207	985	1
16107	7705	1
6721	6624	1
4170	2758	1
7719	3543	1
10494	2758	1
6918	1361	1
14046	7024	1
921	2808	1
1946	2440	1
2758	2194	1
3736	2808	1
7550	2260	1
15145	7932	1
651	14302	1
18290	18290	1
1693	222	1
6114	3068	1
12024	14693	1
18559	5827	1
1567	5717	1
17203	16515	1
6236	9330	1
6560	10061	1
17449	15889	1
1237	13476	1
10280	5150	1
11415	11563	1
2484	8357	1
7111	18532	1
6948	7242	1
3022	2248	1
13687	12650	1
3717	5020	1
8999	12650	1
6114	18560	1
18561	16662	1
18562	680	1
13692	8506	1
18319	7204	1
13493	2578	1
5533	1039	1
5067	10340	1
4822	589	1
14046	4239	1
6334	5352	1
4406	1039	1
7344	4048	1
370	7853	1
385	13196	1
2376	11563	1
15413	6015	1
18514	6061	1
18261	6281	1
11036	10051	1
6478	3797	1
2051	4868	1
7366	10437	1
1701	13220	1
13196	385	1
1757	932	1
16289	11640	1
8533	6963	1
8671	6256	1
8533	6962	1
3139	4061	1
7207	2331	1
3534	4061	1
18207	16522	1
10130	18087	1
4107	8854	1
12773	12397	1
8854	4107	1
2304	84	1
14886	3295	1
891	17261	1
13884	15586	1
10522	14747	1
3736	1711	1
12990	18563	1
1569	416	1
10332	9846	1
5897	5898	1
17948	2331	1
5020	3717	1
1081	9409	1
2483	13962	1
1305	9409	1
1698	8726	1
1996	5262	1
17861	18524	1
13875	72	1
512	16368	1
10340	5067	1
18331	18331	1
4061	3534	1
12936	9409	1
2903	5067	1
12397	12773	1
17389	17390	1
1768	11231	1
16605	9200	1
11231	1768	1
1069	11433	1
8611	5096	1
9100	8194	1
12598	14069	1
8671	5096	1
4724	8492	1
6027	705	1
2260	7550	1
927	1686	1
5033	5017	1
6061	18514	1
8646	8668	1
2950	6430	1
8533	9404	1
11874	11874	1
4047	8967	1
7033	5305	1
9851	8150	1
4950	8967	1
9707	623	1
4029	8975	1
3433	2863	1
18526	1599	1
6700	6100	1
8671	9639	1
5970	623	1
1619	5266	1
5705	623	1
17945	1238	1
370	3383	1
12079	623	1
5117	16710	1
6027	10401	1
6127	6100	1
18064	1375	1
1573	10801	1
6334	13378	1
13477	6334	1
17861	16817	1
5110	110	1
6027	5671	1
6490	4320	1
18564	3929	1
6015	15413	1
2027	2028	1
240	438	1
18524	17861	1
6286	16645	1
18565	18565	1
1567	6394	1
6802	12129	1
1567	296	1
1356	2737	1
7345	10893	1
1645	6801	1
1579	414	1
2186	5624	1
7449	8699	1
2620	18350	1
14728	8876	1
15773	10784	1
6171	3950	1
11858	906	1
10609	18086	1
9330	6236	1
8810	6562	1
14031	10478	1
6721	17861	1
12024	12870	1
6157	18179	1
18566	18567	1
16605	16694	1
4895	5629	1
2803	2555	1
573	526	1
14764	11538	1
6260	8544	1
17390	17389	1
14392	2517	1
6957	5402	1
8774	18508	1
7804	6850	1
4396	12540	1
17499	3544	1
16710	4554	1
18568	604	1
7436	7020	1
11781	14082	1
860	860	1
4064	8255	1
10801	1573	1
1567	1034	1
8726	1698	1
2916	3651	1
17733	16205	1
18350	2620	1
1567	4883	1
4396	4883	1
7311	4592	1
10179	7020	1
12129	6802	1
14732	14733	1
5402	6562	1
1567	11751	1
6100	6127	1
1338	5660	1
18569	3946	1
12109	5563	1
16605	18263	1
482	257	1
18086	10609	1
730	1452	1
16550	2639	1
4362	6447	1
12021	16339	1
7709	4377	1
604	18568	1
1579	4377	1
14172	11031	1
7031	7741	1
5800	7741	1
3801	1126	1
5268	9472	1
1567	11160	1
6894	11060	1
7741	5800	1
11060	6894	1
1452	730	1
9992	14573	1
1200	2270	1
6110	12990	1
3613	762	1
12870	12024	1
4346	1697	1
7853	370	1
13477	15110	1
4965	3240	1
9849	7159	1
18570	18571	1
2252	7089	1
3364	370	1
16705	16706	1
5497	18321	1
204	1656	1
17946	18333	1
13477	2303	1
2073	2074	1
7215	7625	1
18203	383	1
11031	14172	1
1822	3944	1
1701	11650	1
14535	10623	1
4251	3944	1
11661	16456	1
8856	604	1
18572	18573	1
1567	6132	1
3383	370	1
1579	1580	1
13554	15162	1
5936	3299	1
17261	891	1
1701	9204	1
623	5705	1
11511	8071	1
16387	16585	1
18574	518	1
11702	261	1
7367	4777	1
1872	2546	1
518	18574	1
6981	1828	1
5868	7553	1
1674	1009	1
1039	4406	1
2692	14019	1
13843	14721	1
13675	7944	1
18575	18576	1
17754	17755	1
2803	10811	1
10067	15314	1
6454	6934	1
6419	11564	1
4791	9526	1
3437	17367	1
16541	2698	1
13962	2483	1
13851	3315	1
10735	13343	1
7449	14597	1
1539	1539	1
1926	9645	1
9141	14597	1
18128	4797	1
17553	5096	1
1701	3457	1
1641	1173	1
604	8856	1
15339	7639	1
18241	5499	1
12771	8141	1
18577	18577	1
18578	18578	1
18512	9712	1
6908	17826	1
4025	4920	1
7836	3651	1
4346	2541	1
4624	6869	1
13187	13187	1
6027	5419	1
5312	16013	1
18579	18579	1
1853	7372	1
18580	9001	1
7868	6621	1
1828	6981	1
10623	14535	1
9378	7179	1
11339	15478	1
6193	9369	1
14667	6340	1
4660	3545	1
12832	12400	1
4464	140	1
14197	3545	1
1567	14239	1
18574	1913	1
12709	1207	1
2331	7207	1
2541	4346	1
5690	4563	1
13741	1884	1
16062	9042	1
7206	7207	1
16355	4751	1
2282	2611	1
18568	17327	1
6334	8347	1
3274	9375	1
12773	10754	1
11003	10674	1
9369	6193	1
1711	10754	1
2270	1200	1
16710	5117	1
13183	2647	1
3797	6478	1
18581	12314	1
2106	6997	1
21	1512	1
10865	15663	1
4777	896	1
1579	12537	1
13477	2537	1
8699	7449	1
18582	5150	1
14597	7449	1
8609	5353	1
3545	14197	1
10089	7580	1
9375	3274	1
1938	1009	1
16985	4589	1
8084	9777	1
14754	13350	1
8533	9669	1
18487	9669	1
3945	18583	1
7662	7916	1
5939	5783	1
16774	8934	1
14166	5307	1
7868	12544	1
5902	10491	1
6334	15079	1
13350	14754	1
9851	164	1
15586	15013	1
9492	15748	1
13580	14082	1
8280	4037	1
8876	14728	1
972	46	1
9611	11037	1
46	972	1
11789	5920	1
10674	11003	1
16397	478	1
7266	11445	1
5712	12470	1
18584	18585	1
15162	13554	1
14197	14728	1
2420	1009	1
12990	7082	1
12584	2134	1
3073	9085	1
3741	1009	1
12246	5096	1
7215	11194	1
2993	2989	1
11164	5096	1
8671	9214	1
10330	15985	1
8141	12771	1
6414	10807	1
16645	6286	1
7556	4940	1
9700	12746	1
10807	6414	1
2808	921	1
9468	1348	1
16091	16092	1
5631	5632	1
7179	9378	1
1567	8864	1
8533	8864	1
496	7204	1
18586	18587	1
2771	7792	1
1569	11360	1
18207	10410	1
14370	11644	1
941	4741	1
14434	18555	1
14827	4217	1
1016	7204	1
5898	5897	1
9136	8004	1
12489	4217	1
1625	17361	1
294	5434	1
9582	13275	1
5259	7177	1
3801	2934	1
17433	18588	1
18585	18584	1
14197	3315	1
6314	15067	1
12481	12481	1
15411	5000	1
4141	8681	1
7276	14807	1
18589	299	1
2803	13766	1
18590	17361	1
6027	4978	1
4396	17951	1
1567	6251	1
12746	9700	1
3855	5027	1
18591	13638	1
3136	11132	1
18592	10859	1
14155	14156	1
14857	5357	1
18593	7558	1
12580	7481	1
12861	5613	1
14522	14426	1
10623	14426	1
18428	4781	1
10494	5343	1
14461	14426	1
3824	3822	1
10124	10064	1
3801	2441	1
1188	5547	1
