13381	14041	1
13711	14041	1
4144	14239	1
5843	5691	1
2916	3651	1
6904	5388	1
7767	5588	1
3479	5691	1
7556	4940	1
4906	5622	1
2255	15642	1
18287	6322	1
5893	5047	1
5388	6904	1
6303	3563	1
5047	5893	1
1411	5166	1
5000	9069	1
2120	4755	1
15106	7334	1
5388	3170	1
3899	5185	1
11781	14082	1
10424	2935	1
3170	5388	1
3391	2935	1
16209	5000	1
9069	5000	1
10741	13023	1
18364	18364	1
5845	18172	1
18365	9501	1
18186	11205	1
8818	7179	1
2471	11511	1
13723	12591	1
986	7029	1
3190	8803	1
4475	2706	1
4724	7108	1
13795	6699	1
18056	17308	1
4167	6372	1
8728	7606	1
5431	5755	1
4188	5755	1
9451	4102	1
18172	5845	1
16250	16345	1
15408	15408	1
13710	13710	1
271	272	1
15717	4954	1
2483	5382	1
3383	1985	1
15466	15534	1
13424	10478	1
6414	5782	1
4751	16355	1
4133	6783	1
7511	5750	1
18366	18367	1
3177	6309	1
6897	4020	1
1926	1926	1
9410	9790	1
1441	9245	1
6530	4755	1
6718	5510	1
17194	6621	1
3794	8609	1
6414	10807	1
13580	16755	1
4020	6897	1
7308	6127	1
3563	6303	1
18368	17536	1
17521	18128	1
12787	18263	1
18341	5803	1
7370	15792	1
2743	15385	1
7764	3298	1
8609	3794	1
16308	15938	1
7465	664	1
524	13165	1
18369	11848	1
18370	18371	1
18349	5278	1
3085	6289	1
7193	6670	1
2984	4230	1
16881	17295	1
16397	478	1
1441	788	1
18372	700	1
16113	16112	1
15251	12322	1
4753	28	1
14382	14554	1
1441	1094	1
2984	15617	1
5278	18349	1
13538	8842	1
18330	10102	1
8842	13538	1
4989	6270	1
9735	3079	1
12271	12953	1
4942	11437	1
11972	7945	1
13466	2831	1
9276	4747	1
4251	3944	1
13851	1987	1
17946	6952	1
14554	14382	1
1987	13851	1
5803	18341	1
16033	16033	1
794	4939	1
18373	18373	1
16481	1405	1
12152	3752	1
15390	3752	1
3723	3949	1
18219	18118	1
4755	6530	1
7668	6117	1
18349	5748	1
4589	98	1
13628	13117	1
16167	16804	1
15106	1069	1
12060	6862	1
4939	794	1
10570	4182	1
4144	8018	1
1142	205	1
2102	1379	1
3315	7108	1
1441	11527	1
16804	16167	1
2831	13466	1
3666	1745	1
15701	18374	1
2102	10273	1
9402	10704	1
16355	4751	1
3623	12748	1
11437	4942	1
3480	18296	1
15428	16037	1
15467	8030	1
12748	2902	1
8702	9614	1
15552	7152	1
7556	858	1
6783	2785	1
7108	4724	1
10609	12172	1
5755	625	1
10704	6499	1
6743	6351	1
5843	625	1
12488	6357	1
15999	12848	1
13794	15000	1
15534	15466	1
4780	8452	1
13574	15226	1
7085	8051	1
4747	9276	1
12446	8948	1
17947	11567	1
4777	6294	1
12324	15179	1
18327	18327	1
1142	71	1
18296	3480	1
3315	13851	1
6783	4133	1
6357	12488	1
6321	16525	1
16529	14369	1
4777	896	1
5653	5653	1
2936	2662	1
2984	4351	1
4477	12664	1
17375	18375	1
11436	8570	1
8007	5419	1
11031	4726	1
13084	11121	1
1142	4816	1
705	1209	1
12400	4939	1
10807	6414	1
12685	12685	1
6370	10163	1
4925	1537	1
17553	11121	1
1069	15106	1
1599	1517	1
16932	7595	1
12953	12271	1
14083	2164	1
7622	9276	1
1441	4865	1
18128	18376	1
2455	5684	1
12172	10609	1
13794	1787	1
6994	9880	1
13501	3307	1
5047	2284	1
8377	2383	1
12369	4036	1
2383	8377	1
16840	2979	1
905	564	1
1142	1504	1
1507	5081	1
5977	5176	1
478	12128	1
8676	1134	1
6104	6059	1
14741	14740	1
6294	7367	1
6045	10839	1
1142	3380	1
18377	18377	1
2855	1081	1
28	4753	1
8164	2056	1
11998	10465	1
16755	13580	1
7595	16932	1
4662	13476	1
12344	5789	1
5684	2455	1
4751	9058	1
12159	15988	1
11121	13084	1
14503	3297	1
7824	17951	1
7945	7688	1
9385	11767	1
13476	4662	1
2725	5881	1
10687	8932	1
14886	8680	1
10523	5259	1
4806	5408	1
17163	16790	1
18378	15721	1
8710	18379	1
14868	18380	1
334	229	1
9276	7622	1
2164	14083	1
2662	2936	1
6069	13663	1
18381	4852	1
16842	16522	1
18382	16235	1
2102	207	1
221	3091	1
2984	1022	1
4299	3674	1
2519	2518	1
7594	5693	1
4852	18381	1
18374	15701	1
7668	6156	1
13273	4218	1
10304	7267	1
813	7158	1
213	1119	1
8592	8681	1
5745	9568	1
5213	5724	1
8750	8575	1
16099	16100	1
13794	14079	1
10326	10458	1
2984	677	1
7158	813	1
16541	5598	1
15079	14025	1
14180	12308	1
16387	12308	1
3212	7912	1
4651	714	1
4256	2735	1
564	2169	1
17744	17820	1
12258	12958	1
9076	11610	1
17237	17237	1
6612	5217	1
10916	7677	1
18275	18275	1
4389	4856	1
16804	5806	1
5318	4111	1
3964	17772	1
12570	15062	1
1163	2914	1
1142	5147	1
17380	17503	1
689	3862	1
11445	7266	1
5986	5986	1
13687	12650	1
5806	16804	1
16166	11552	1
979	2441	1
16486	1181	1
6419	9202	1
12472	12321	1
8453	8452	1
3730	3730	1
12312	875	1
10569	12650	1
12019	14277	1
9880	6994	1
17647	9026	1
9391	7516	1
7688	7945	1
6006	6184	1
18383	11943	1
3547	3561	1
16842	10410	1
2480	9330	1
8856	604	1
14317	7863	1
5305	4111	1
5329	4980	1
18384	17845	1
6775	8656	1
5051	8197	1
8962	6820	1
6316	4084	1
4334	1238	1
1030	4332	1
15942	18067	1
6781	7074	1
15471	13573	1
8280	14265	1
6184	6006	1
14321	9488	1
15967	12479	1
16486	8092	1
14983	4219	1
14428	1534	1
4715	3747	1
9997	13237	1
625	5843	1
4951	4955	1
8562	2610	1
5142	3626	1
255	207	1
5270	4741	1
10464	4939	1
2532	3568	1
14394	8962	1
3614	2362	1
8082	18385	1
12322	15251	1
3568	2532	1
2462	6394	1
18386	6898	1
16703	12572	1
2361	2362	1
3967	1709	1
15878	801	1
3216	9776	1
11596	13772	1
16525	6321	1
7074	11758	1
4218	13273	1
6127	7308	1
14968	3679	1
13772	11596	1
7668	9926	1
14428	8333	1
18387	18388	1
4245	13111	1
18118	18219	1
6820	8962	1
9612	5735	1
15967	2555	1
10473	2484	1
18389	18388	1
9234	12429	1
5717	1420	1
229	334	1
18388	18389	1
11731	6930	1
2362	2361	1
15673	422	1
16804	16804	1
6104	8609	1
6117	8682	1
10248	15263	1
8867	8451	1
5750	7511	1
7780	8435	1
7654	8451	1
8562	16113	1
18376	18128	1
16520	16055	1
15447	3194	1
9350	3862	1
7656	3862	1
3201	3200	1
3695	5712	1
16360	1176	1
2595	4598	1
9141	14597	1
12970	7986	1
4341	10449	1
18390	17609	1
4245	17818	1
2169	564	1
1387	3194	1
2984	4181	1
3679	14968	1
6901	4689	1
11416	15120	1
17308	18056	1
10857	10857	1
5217	6612	1
18380	14868	1
5051	2399	1
5485	14522	1
797	5987	1
16953	12932	1
7404	18141	1
8609	6059	1
950	4066	1
12932	16953	1
7074	6781	1
16789	16790	1
4163	1009	1
9193	3577	1
10389	9251	1
7223	226	1
18391	13029	1
8562	8844	1
14597	9141	1
3413	5920	1
8600	14944	1
2858	4670	1
5084	5931	1
18392	18392	1
3200	3201	1
9669	3391	1
1209	705	1
18393	5444	1
4066	950	1
2399	5051	1
9251	10389	1
4032	5786	1
12572	16703	1
1723	2520	1
5076	800	1
5351	7049	1
9168	8681	1
12717	9431	1
9431	12717	1
5325	8280	1
14944	8600	1
4111	5305	1
4245	2868	1
13573	15471	1
9239	3202	1
14672	447	1
9614	8702	1
2518	2519	1
13373	18394	1
9362	5406	1
5406	9362	1
1556	2420	1
897	1696	1
7501	3202	1
14248	3737	1
7069	7070	1
8386	4287	1
12429	9234	1
5922	5	1
15581	13977	1
11608	18385	1
7862	5009	1
11824	2571	1
425	3015	1
2163	2855	1
12580	9250	1
3041	9117	1
14101	478	1
2420	1556	1
4741	5270	1
12622	6287	1
18395	1168	1
478	16397	1
5222	9273	1
5009	7862	1
2758	15193	1
4408	5445	1
9753	594	1
3098	4102	1
18393	8195	1
6817	3160	1
12776	5392	1
2511	2294	1
13083	18291	1
5546	10158	1
8195	18393	1
8609	6104	1
23	2914	1
18291	13083	1
8402	5392	1
323	4613	1
3202	9239	1
11734	10938	1
5445	4408	1
6294	4777	1
2520	1462	1
10938	11734	1
15422	10158	1
5419	9066	1
18396	16503	1
9466	12777	1
13061	10384	1
15467	12777	1
17636	10158	1
9568	5920	1
800	5076	1
10000	16399	1
6080	5161	1
16399	16399	1
13711	17061	1
17761	8899	1
6492	4668	1
8889	8889	1
5443	18393	1
10158	17636	1
11820	5892	1
801	15878	1
11035	10938	1
8911	6769	1
12806	13367	1
5719	4317	1
9330	2480	1
7367	6294	1
18397	14492	1
10162	10938	1
4133	5892	1
17090	9837	1
12238	13621	1
