8011	2017	1
8327	18241	1
664	8543	1
18623	18623	1
4037	8280	1
2484	7308	1
1847	17658	1
9253	11632	1
3996	395	1
8082	18197	1
9620	3101	1
2234	696	1
5019	3101	1
635	3383	1
4668	6492	1
1135	3101	1
9368	9368	1
7622	7495	1
17773	884	1
10654	10410	1
9527	9388	1
10859	18592	1
18245	18245	1
6473	13593	1
13951	13628	1
9122	5316	1
18582	5150	1
6748	5988	1
6578	7654	1
12682	14837	1
2620	18350	1
18428	8490	1
17417	16666	1
5009	6135	1
7750	3411	1
3149	7345	1
6768	3092	1
17101	18612	1
2713	870	1
14599	201	1
15762	5382	1
14827	4217	1
18598	13272	1
10537	12096	1
13962	2483	1
16274	3820	1
13868	15550	1
15552	6428	1
4217	14827	1
1567	9287	1
478	16397	1
13868	4335	1
2134	15878	1
11773	11773	1
18624	9518	1
8490	2647	1
9666	13378	1
10811	9518	1
1490	822	1
976	4335	1
7258	5096	1
5110	5818	1
8544	6260	1
18612	17101	1
10943	5630	1
6287	3094	1
16082	13564	1
4954	15717	1
1706	18362	1
3723	3949	1
7308	4781	1
18625	16457	1
4120	12626	1
3153	4781	1
891	17558	1
2063	5145	1
14217	13582	1
4607	1847	1
16059	18626	1
3575	10095	1
5262	1996	1
1390	1746	1
18434	5568	1
16397	478	1
18612	14946	1
9666	15079	1
4408	12840	1
6483	6484	1
14876	7784	1
12297	5114	1
15162	12535	1
5114	12297	1
18627	18444	1
7175	18444	1
4751	16355	1
18444	18444	1
16812	9363	1
2975	2976	1
11194	7215	1
6820	8962	1
9959	5247	1
5754	10904	1
13573	8836	1
6436	8176	1
15401	15401	1
18628	18628	1
6115	8650	1
932	1757	1
18497	16699	1
5457	11910	1
5248	16504	1
18629	18629	1
1826	4721	1
14312	14376	1
14868	18380	1
12096	10537	1
15717	4954	1
16522	17014	1
4174	12520	1
8650	6115	1
1674	12239	1
3717	5020	1
12239	1674	1
7514	15153	1
16056	16491	1
334	1962	1
12840	4408	1
5278	5748	1
18185	11417	1
7553	5868	1
6244	12535	1
156	155	1
8199	473	1
7288	7568	1
12540	6901	1
5020	3717	1
12568	6901	1
9248	8150	1
6901	12568	1
16355	4751	1
2234	3383	1
13851	1987	1
1987	13851	1
5754	4981	1
18622	4034	1
11390	5581	1
7852	7844	1
9924	9924	1
11445	7266	1
8141	2873	1
7288	1771	1
15878	2134	1
18355	7266	1
2873	8141	1
4034	18622	1
7868	7868	1
14634	16400	1
3297	11455	1
6901	12775	1
1642	5083	1
14825	13574	1
7288	3343	1
18630	18631	1
5818	5110	1
7215	11194	1
6591	6757	1
5278	16397	1
1105	6113	1
15944	15945	1
18086	11102	1
18632	4460	1
10112	9404	1
18633	7796	1
4288	139	1
17532	18567	1
4751	5683	1
16082	2116	1
12775	6901	1
18434	16581	1
12134	17415	1
3623	1936	1
1642	17129	1
2894	186	1
8835	12990	1
16929	18634	1
18615	18616	1
5823	7764	1
1642	2085	1
7153	8680	1
3855	5026	1
2743	7435	1
2480	3333	1
4868	2051	1
3333	2480	1
12664	12650	1
9069	10737	1
7602	9085	1
11702	12819	1
54	53	1
8333	5678	1
16517	4522	1
7153	6646	1
8688	2873	1
5678	8333	1
6901	12540	1
4522	16517	1
10112	4374	1
9240	9388	1
14944	11650	1
6110	7032	1
10248	15263	1
257	482	1
12819	11702	1
11650	14944	1
5381	3153	1
18635	11301	1
16568	18636	1
7153	9389	1
2051	4868	1
5683	4751	1
10829	3456	1
8200	7735	1
8932	8522	1
435	531	1
54	4913	1
6787	3535	1
5026	5027	1
8261	18223	1
12630	18223	1
5642	5485	1
11702	490	1
8490	13474	1
8492	4724	1
11504	16234	1
3930	860	1
12520	4174	1
14419	12537	1
663	13018	1
3535	6787	1
6748	13018	1
14837	12682	1
18223	8261	1
490	11702	1
5970	18223	1
10383	1599	1
11455	3297	1
1674	15745	1
14503	3297	1
14388	17845	1
8985	3248	1
18542	864	1
10304	10938	1
860	3930	1
4777	6294	1
4135	14277	1
16031	10938	1
5027	5026	1
8222	14886	1
6490	5944	1
540	6113	1
40	1661	1
8699	9436	1
9503	9503	1
7153	4977	1
6414	10807	1
9436	8699	1
10061	9250	1
15474	15473	1
15745	1674	1
11826	4092	1
9901	17366	1
12003	12003	1
14938	3673	1
11851	17244	1
16397	5278	1
10082	7004	1
3568	3569	1
18637	18637	1
10829	3535	1
4981	5754	1
680	5014	1
18141	16088	1
16288	13744	1
3196	7555	1
16183	1293	1
7223	2297	1
1108	424	1
10112	3177	1
12010	8844	1
12773	10754	1
6414	6414	1
7644	2927	1
4389	4856	1
10807	6414	1
5341	9797	1
4141	8681	1
12861	10765	1
8141	8404	1
16062	3323	1
8451	10765	1
13255	1134	1
7639	15339	1
9666	6562	1
6110	7079	1
7844	7852	1
853	2927	1
7868	10765	1
18223	8668	1
18238	7267	1
6052	5722	1
14672	447	1
6171	6816	1
8375	5489	1
15561	4246	1
15365	10713	1
8681	4141	1
7167	4212	1
5014	680	1
3089	2572	1
6055	5904	1
16799	8062	1
13744	16288	1
10765	12861	1
17061	18599	1
3487	4025	1
4652	4537	1
16344	17054	1
14031	10478	1
2194	4170	1
18638	17203	1
18639	3037	1
17646	1987	1
17203	18638	1
13474	8490	1
10943	4861	1
1828	6981	1
13829	13829	1
1605	14728	1
447	6749	1
15421	16844	1
1106	9254	1
13884	10649	1
18638	18157	1
9861	8129	1
8150	9248	1
13534	13535	1
7082	6613	1
2907	1523	1
10061	13989	1
6927	6161	1
5026	3855	1
9978	9978	1
5463	6113	1
12228	7102	1
13989	10061	1
4107	8854	1
4007	9133	1
14027	14628	1
16745	10506	1
6110	5706	1
14376	14312	1
8854	4107	1
5904	6055	1
3186	9113	1
18640	18641	1
8365	14836	1
5598	16541	1
3855	5027	1
14715	13884	1
18380	14868	1
15586	13884	1
1566	10935	1
16062	2940	1
14836	8365	1
10935	1566	1
15628	14653	1
3923	6394	1
15586	15013	1
184	184	1
15745	18621	1
14653	15628	1
9335	5778	1
2308	14066	1
524	816	1
14066	2308	1
16212	16390	1
10943	4720	1
12340	1897	1
12541	816	1
5778	9335	1
11943	14779	1
2455	5684	1
1996	5262	1
9719	4632	1
3315	13851	1
14779	11943	1
6934	6454	1
12400	7138	1
10112	7796	1
16522	10410	1
1416	2568	1
17087	16373	1
2927	7644	1
1996	2456	1
14938	9819	1
1642	13041	1
7654	6578	1
8989	8443	1
13754	13660	1
9141	7449	1
3708	3709	1
1148	2568	1
8700	7449	1
16453	2568	1
4250	3775	1
11957	12124	1
12601	12124	1
17431	6530	1
8062	16799	1
8280	13407	1
13851	3315	1
14715	13407	1
3171	2855	1
4100	17452	1
10531	2855	1
16657	2855	1
10943	4171	1
8172	7465	1
4980	2855	1
518	2855	1
10943	16502	1
10437	7276	1
8293	2855	1
8330	5894	1
11538	2855	1
7789	2855	1
2163	2855	1
14968	7767	1
9207	930	1
1599	10383	1
1081	2855	1
1687	17104	1
6967	18642	1
14946	18612	1
7179	9378	1
16082	7308	1
14938	9113	1
18643	18643	1
8451	8867	1
17888	17889	1
18621	11059	1
1373	1372	1
13018	15151	1
16389	11885	1
12970	7986	1
54	62	1
425	2446	1
8330	1238	1
3014	2537	1
5722	6052	1
9582	9583	1
5660	1338	1
9133	4007	1
18332	18454	1
18505	7211	1
3797	6478	1
9062	1338	1
14340	14341	1
14765	1642	1
14197	7108	1
8443	8989	1
14502	14502	1
6183	8035	1
835	5977	1
3353	7645	1
4981	4981	1
18644	11602	1
1642	604	1
18645	8924	1
16486	1181	1
11502	13187	1
6319	14820	1
819	976	1
9324	11179	1
11602	18644	1
4107	13741	1
8854	13741	1
7108	14197	1
18599	17061	1
1839	1987	1
10713	7831	1
7288	5335	1
15748	9492	1
7831	10713	1
13272	18598	1
5868	7553	1
9492	15748	1
6581	11124	1
6478	3797	1
1031	18646	1
53	54	1
3153	5381	1
3366	3855	1
3166	15889	1
7810	4346	1
10506	16745	1
18647	12661	1
8619	10738	1
13187	11502	1
5440	18648	1
3009	717	1
8909	12096	1
13884	15586	1
17787	7012	1
4346	7810	1
5166	1411	1
12661	18647	1
18649	7895	1
3739	1656	1
627	14428	1
18642	12544	1
12982	14361	1
16426	3420	1
2331	17948	1
7012	17787	1
13187	13187	1
9977	3420	1
11059	18621	1
828	3274	1
4524	3274	1
2935	908	1
6532	7535	1
12671	11121	1
3274	828	1
18649	9695	1
5840	3561	1
13574	14825	1
1795	276	1
12878	3401	1
12544	18642	1
13737	10620	1
16062	6371	1
17289	8681	1
11564	6419	1
14844	9105	1
18650	14563	1
3855	3366	1
4602	4346	1
8592	8681	1
10938	10304	1
17452	4100	1
7153	18651	1
13266	7049	1
16855	5294	1
7004	10082	1
1740	3674	1
5351	7049	1
14150	17632	1
7288	8959	1
2885	12861	1
14535	14754	1
13829	5593	1
197	17632	1
16390	16212	1
7501	11346	1
9807	9695	1
8141	12771	1
13407	14715	1
12336	5444	1
13350	14754	1
13884	14715	1
5485	5642	1
18652	18652	1
9479	7556	1
11346	7501	1
18241	8327	1
7288	2894	1
16139	18653	1
11121	12671	1
17163	18435	1
6860	16892	1
18653	18653	1
16397	1662	1
12626	4120	1
18435	17163	1
18621	15745	1
5013	4970	1
7868	16282	1
16563	6627	1
3405	5294	1
8541	11191	1
10829	4409	1
13436	13927	1
3420	16426	1
4970	5013	1
5773	14461	1
1181	16486	1
18654	17996	1
584	1433	1
4170	2194	1
15874	1055	1
8140	11157	1
779	3264	1
6061	18514	1
13960	7452	1
14326	18514	1
7645	3353	1
3311	18155	1
14969	13392	1
14563	18650	1
2795	1433	1
1055	15874	1
1134	13255	1
2134	12584	1
16956	6344	1
14144	13270	1
879	878	1
18181	1028	1
139	4288	1
18655	7804	1
6749	447	1
6100	6127	1
10713	18604	1
1681	4092	1
18635	10528	1
2364	8619	1
6540	9770	1
18656	18657	1
6348	10759	1
5217	7452	1
2422	3855	1
13590	6419	1
17079	15028	1
5402	2	1
18658	8232	1
16541	5598	1
6419	13590	1
18394	13373	1
