7766	1188	1
7665	1188	1
3723	3949	1
1469	3723	1
17452	4100	1
18515	3250	1
7986	12970	1
10713	14082	1
13851	3315	1
8965	447	1
11812	17617	1
2646	7857	1
7756	14370	1
9479	3946	1
12596	9378	1
6564	16387	1
16595	6564	1
16387	6564	1
6436	3288	1
14370	7756	1
14929	18510	1
16178	16178	1
8247	8935	1
640	5690	1
3723	1469	1
5232	5233	1
10537	4857	1
7665	1086	1
12336	9639	1
1305	5690	1
13404	9639	1
3041	4320	1
12580	9250	1
710	5690	1
7916	7662	1
3121	3102	1
13903	6806	1
1833	3010	1
15628	17526	1
17926	8386	1
12544	7868	1
13572	6919	1
7662	7916	1
4315	6264	1
12336	14643	1
15428	16037	1
4226	15558	1
426	5359	1
18516	2876	1
6843	8815	1
16985	5690	1
2204	2813	1
2455	2455	1
5547	2936	1
13538	6363	1
12664	12650	1
6530	4755	1
13552	9837	1
10140	8886	1
10084	16269	1
11233	1903	1
13679	4187	1
12472	15147	1
18514	12840	1
5485	5642	1
14107	6552	1
13590	6419	1
7175	3098	1
3190	1584	1
1176	1677	1
14715	8280	1
12913	9754	1
9992	10461	1
3621	9577	1
3098	7175	1
7811	10435	1
16131	8492	1
17984	8451	1
3545	4660	1
6864	7328	1
6270	5237	1
6441	5434	1
7666	4417	1
14688	6713	1
21	1441	1
9172	9290	1
7974	9290	1
10325	6786	1
14536	2096	1
6713	14688	1
11564	6419	1
10139	9290	1
5706	9290	1
4862	6786	1
14016	10165	1
18295	6786	1
8646	8490	1
6270	7690	1
15203	8490	1
7974	6786	1
7508	18517	1
14275	14275	1
16399	10000	1
8490	15203	1
2560	2559	1
3450	6646	1
6806	13903	1
17649	6786	1
8820	4107	1
7367	6294	1
18518	11077	1
15203	15203	1
4945	5426	1
4487	9239	1
8935	16372	1
9239	4487	1
3964	3310	1
8164	7223	1
16074	17031	1
18428	17031	1
18212	2902	1
6901	14165	1
159	2712	1
2699	14165	1
7258	6987	1
6637	6987	1
3437	7815	1
10000	16399	1
13621	16802	1
6901	12540	1
655	68	1
1872	2546	1
11751	13595	1
5047	7543	1
8688	7543	1
18519	6410	1
7083	5374	1
11121	12671	1
17582	11916	1
9849	7159	1
7121	10142	1
13436	13927	1
9862	1064	1
1064	9862	1
4370	243	1
11916	17582	1
10609	12172	1
526	573	1
13404	159	1
11916	11830	1
6930	11403	1
12540	6901	1
7622	7495	1
14165	6901	1
2825	1965	1
12568	6901	1
17375	18375	1
3822	2454	1
18520	18521	1
15106	16507	1
74	2845	1
10857	2085	1
5237	6270	1
7690	6270	1
8976	4730	1
8702	15014	1
9331	6898	1
5368	2979	1
6213	12010	1
18460	17086	1
5226	5223	1
5732	18180	1
8593	11267	1
7224	11267	1
3899	12728	1
12036	18522	1
2362	16249	1
14876	272	1
18203	383	1
328	272	1
74	610	1
5635	16249	1
5634	16249	1
14483	15617	1
3450	3088	1
17310	17310	1
383	18203	1
7845	1371	1
12832	15933	1
18523	2359	1
16304	17896	1
1584	3190	1
72	16249	1
6435	6436	1
12019	4135	1
6303	6436	1
3153	6436	1
6449	6436	1
6436	3153	1
580	6436	1
10461	9992	1
5316	9122	1
4660	3545	1
8386	17926	1
13574	14825	1
15334	10023	1
375	10199	1
15329	15329	1
5270	9626	1
6930	11387	1
9213	6786	1
18524	9470	1
1913	1425	1
6436	6303	1
13737	10620	1
5348	5349	1
18471	18471	1
18264	1974	1
2740	4755	1
13185	13185	1
5678	9409	1
5547	7089	1
4755	2740	1
6987	5503	1
1599	5489	1
18525	1072	1
14654	2749	1
1599	6213	1
9837	13552	1
2876	18516	1
3722	4346	1
2252	7089	1
18522	12036	1
7810	4346	1
18526	1599	1
5489	1599	1
1094	737	1
8451	17984	1
6436	6435	1
16	974	1
12990	18527	1
835	3316	1
12073	5221	1
1641	18528	1
3310	1599	1
2832	2843	1
287	3989	1
4718	9104	1
13196	385	1
6270	1840	1
16520	16520	1
18515	1379	1
887	5775	1
16657	9409	1
15148	18477	1
17236	16786	1
10842	10620	1
6030	7624	1
16886	5613	1
8681	8592	1
10199	375	1
6419	9200	1
3177	6309	1
5316	2142	1
7680	7680	1
6346	8666	1
11473	8133	1
17389	15788	1
11249	6382	1
10232	3487	1
18423	4335	1
921	3453	1
9754	9474	1
3899	2842	1
18408	16072	1
9075	12450	1
4335	18423	1
4346	3722	1
14616	12450	1
8443	469	1
3451	5928	1
17024	17289	1
469	8443	1
10080	17419	1
5081	3620	1
1640	1641	1
4025	4162	1
6816	6171	1
16797	6181	1
6436	6449	1
2611	5459	1
3780	7944	1
4755	6530	1
11649	3912	1
14494	9409	1
832	12217	1
8222	14886	1
2252	9669	1
18529	18137	1
3538	241	1
5459	3041	1
2161	3673	1
5928	3451	1
14536	5096	1
11631	10742	1
18155	3673	1
2252	10940	1
14536	2199	1
12450	9075	1
2578	9936	1
10089	10090	1
9669	18487	1
8133	11473	1
9517	3673	1
9669	9409	1
5459	2611	1
13652	9409	1
7305	16962	1
14536	15153	1
2161	17147	1
16388	12899	1
3043	4578	1
5359	426	1
17896	16304	1
17419	10080	1
5613	16886	1
14248	3737	1
921	2616	1
18524	16911	1
3817	8967	1
9584	283	1
6649	16911	1
3912	5608	1
1573	10801	1
18530	5966	1
9470	16911	1
5447	294	1
16240	12217	1
1425	1913	1
4833	3938	1
12172	10609	1
14760	14761	1
2646	3502	1
10620	13737	1
1557	16561	1
11734	7813	1
3088	3450	1
3797	6478	1
8181	2616	1
74	5767	1
3938	6998	1
6068	6230	1
18514	6061	1
15788	17389	1
8177	7666	1
4047	5180	1
9616	7666	1
6213	1517	1
6230	14095	1
14394	2396	1
16092	16091	1
14895	14895	1
4417	7666	1
18155	3311	1
1517	6213	1
12010	6213	1
12904	1700	1
3801	2441	1
10836	12312	1
8646	8421	1
8646	1869	1
10023	15334	1
5593	13829	1
4578	10933	1
13550	17660	1
18350	8386	1
10384	10384	1
8646	6243	1
10829	3239	1
5180	4047	1
18459	11426	1
10376	3527	1
1557	5241	1
8676	8666	1
14916	13503	1
2329	1517	1
10801	1573	1
11044	8614	1
1567	6757	1
7624	6030	1
2855	1517	1
1175	2209	1
1884	17951	1
8533	6757	1
2480	9330	1
7813	11734	1
1700	12904	1
7223	2297	1
2252	2935	1
4162	4025	1
6718	5510	1
5880	6155	1
7666	9616	1
10346	10345	1
5602	3640	1
8797	9725	1
10765	7654	1
7644	5066	1
1659	15145	1
1690	3390	1
3965	14904	1
11151	18355	1
9270	7358	1
18473	922	1
9078	18531	1
15171	8008	1
7266	18355	1
10609	18086	1
9853	6883	1
3650	692	1
3316	835	1
13063	18511	1
11485	13531	1
4657	1504	1
8785	18086	1
1557	8173	1
18086	10609	1
12840	18514	1
6061	18514	1
9270	1372	1
3467	651	1
17785	1238	1
15416	3640	1
1051	12579	1
7929	3078	1
16911	9470	1
15586	13884	1
1372	9270	1
8646	3520	1
16031	10304	1
3200	3201	1
7487	7488	1
5197	6344	1
3512	4577	1
18532	15218	1
4047	8967	1
18533	11982	1
17431	6530	1
3736	9071	1
6311	17837	1
10437	18513	1
8377	2383	1
2715	12660	1
13477	4726	1
1517	2855	1
6987	7258	1
6213	1599	1
4346	7810	1
17986	17985	1
4578	3043	1
10379	12674	1
1974	18264	1
3914	13777	1
18534	9821	1
8089	14677	1
14904	3965	1
16265	4328	1
9273	5222	1
2354	2546	1
6264	4315	1
4334	7695	1
8280	14715	1
2678	4032	1
12217	16240	1
2855	1081	1
18535	18350	1
1599	18526	1
74	10380	1
453	6530	1
10319	8975	1
12022	18536	1
4868	2051	1
11830	11916	1
9872	375	1
5628	6854	1
6530	17431	1
4755	12899	1
1051	2969	1
2383	8377	1
18276	18312	1
18312	18276	1
1155	2109	1
3721	133	1
15664	4726	1
65	4884	1
10248	15263	1
11426	18459	1
18256	1279	1
3640	15416	1
13554	12535	1
402	6733	1
2559	2560	1
15911	14546	1
9031	8160	1
6037	10363	1
133	3721	1
6150	32	1
1504	4657	1
12899	4755	1
13554	15162	1
204	1656	1
6673	1714	1
2480	226	1
17244	11851	1
2721	4876	1
140	4464	1
5203	6312	1
15320	11851	1
12420	1913	1
5681	9895	1
11797	16485	1
10660	10661	1
17951	1884	1
68	655	1
11082	10754	1
12312	10836	1
2852	2979	1
11992	5335	1
7581	18537	1
16507	15106	1
6436	8176	1
4958	3917	1
5922	5	1
18321	5497	1
6339	18179	1
6262	5150	1
16209	5817	1
6118	9480	1
1884	5463	1
15153	4816	1
12300	4816	1
4816	15153	1
8244	1499	1
6382	11249	1
5631	5632	1
6230	6068	1
18538	15865	1
18459	7532	1
11851	17244	1
18357	14132	1
11556	10464	1
7495	7622	1
389	906	1
6257	2863	1
3433	2863	1
1677	1022	1
11943	14069	1
8903	10814	1
7736	11700	1
2847	4025	1
12598	14069	1
2614	2615	1
3909	6574	1
13962	2483	1
18505	7211	1
4726	15664	1
13884	15586	1
16235	18382	1
2252	4579	1
15388	4580	1
10280	5150	1
7666	8177	1
14573	9992	1
14916	2423	1
8681	4141	1
18469	1270	1
14825	13574	1
14667	6340	1
5681	5043	1
6475	12175	1
2817	2297	1
10466	86	1
2903	5067	1
5221	12073	1
16131	7668	1
13595	11751	1
6155	5880	1
10340	5067	1
17768	18539	1
14303	10308	1
9431	11160	1
16258	16282	1
18540	18539	1
5366	12779	1
18541	8066	1
2354	3330	1
7532	18459	1
18127	18127	1
18042	15466	1
3353	7645	1
16978	16847	1
10582	13803	1
18087	10130	1
10308	14303	1
8976	8763	1
2758	10494	1
4007	8932	1
2051	4868	1
5146	8450	1
12726	16249	1
15716	6782	1
5598	10478	1
10510	10510	1
5404	11103	1
8328	12580	1
18350	18535	1
12945	15094	1
737	1081	1
16706	16705	1
14791	3013	1
2311	9943	1
3576	6783	1
7228	13289	1
15147	12472	1
2282	2611	1
18542	1087	1
7370	15792	1
15792	7370	1
1081	737	1
14688	6604	1
16911	18524	1
15466	18042	1
14197	7108	1
3137	9007	1
4294	9456	1
3240	2691	1
11932	18543	1
9470	18524	1
10464	11556	1
11702	261	1
3121	635	1
5227	4270	1
5653	5653	1
5386	9240	1
5681	4084	1
1605	2138	1
7138	12052	1
7783	3744	1
3710	2869	1
5176	5977	1
11876	15440	1
5502	16249	1
3201	3200	1
1840	6270	1
5717	1420	1
4983	8354	1
3822	7178	1
1420	6765	1
2941	10663	1
7442	7443	1
14765	7155	1
6294	7367	1
7622	10351	1
6765	1420	1
7412	13145	1
12109	5563	1
4577	3512	1
5502	4967	1
10330	15985	1
4958	1022	1
4728	2769	1
8757	10713	1
2234	696	1
4816	12300	1
7266	4946	1
1392	14900	1
2080	18063	1
1557	8011	1
8891	3964	1
15171	375	1
5426	4945	1
2396	14394	1
7736	8330	1
13621	11161	1
6419	16333	1
2	18086	1
9936	2578	1
5860	4898	1
7767	14968	1
5789	5774	1
7331	4797	1
2046	13122	1
3138	13938	1
6770	6769	1
2935	2252	1
4579	2252	1
14654	2607	1
12344	5789	1
7736	3892	1
4251	3944	1
17031	16074	1
7089	2252	1
1643	16249	1
15334	8547	1
9669	2252	1
2511	16249	1
10940	2252	1
2297	7223	1
11687	8247	1
13356	12734	1
1656	204	1
5566	3795	1
7086	7223	1
7178	3822	1
11031	14172	1
16298	3822	1
6779	2349	1
7155	14765	1
4032	2678	1
6852	17016	1
7639	15339	1
18544	17031	1
1051	2446	1
14091	18429	1
17358	17733	1
15985	10330	1
12671	11121	1
10332	9846	1
3315	13851	1
28	874	1
4144	17363	1
6141	5988	1
10755	5353	1
14546	15911	1
3149	7345	1
18545	15195	1
4439	7345	1
5257	12535	1
11161	13621	1
16932	7595	1
13976	7345	1
13554	4328	1
7595	16932	1
7815	3437	1
2297	5691	1
17016	6852	1
1181	16486	1
14678	12342	1
11992	4329	1
81	80	1
14916	5625	1
1445	1446	1
2633	1759	1
4317	5719	1
6564	16595	1
4135	12019	1
18524	15038	1
3855	7901	1
7901	3855	1
3545	14197	1
14019	2692	1
10767	10427	1
10051	11036	1
2017	5711	1
15745	10783	1
18179	6157	1
7345	13976	1
7345	3149	1
17449	15889	1
18546	12777	1
4884	65	1
3744	7783	1
922	18473	1
2392	3972	1
10464	10415	1
8261	17840	1
2252	9188	1
18547	14849	1
12457	15038	1
18547	6034	1
9064	9064	1
17840	8261	1
3240	4965	1
12472	8815	1
8934	6883	1
9378	7179	1
17774	1897	1
6782	15716	1
15038	9470	1
11451	1031	1
5849	7158	1
5681	5482	1
4328	13554	1
15162	13554	1
16904	14779	1
6444	9960	1
12535	13554	1
18527	12990	1
1087	18542	1
10304	16031	1
10531	9300	1
10427	10767	1
12340	1897	1
906	389	1
6771	9117	1
5067	2903	1
10351	7622	1
8547	15334	1
1556	11550	1
15691	14929	1
10537	12096	1
6930	10808	1
9300	10531	1
14779	16904	1
4270	5227	1
18141	16088	1
10663	2941	1
3909	3909	1
9204	16210	1
5000	15411	1
1420	5717	1
3855	5027	1
5027	3855	1
2138	1605	1
6419	13590	1
11550	1556	1
18548	16035	1
3972	2392	1
14913	8073	1
8533	12006	1
12397	12773	1
18549	18550	1
2611	2282	1
6472	4969	1
7179	9378	1
5520	14931	1
7852	7844	1
8544	6260	1
14677	8089	1
13895	1946	1
18532	7111	1
760	1946	1
1283	1946	1
5813	5185	1
835	1946	1
5544	5522	1
8968	1946	1
2793	10025	1
4801	17701	1
1900	4029	1
8975	4029	1
18086	2	1
17701	4801	1
8243	5650	1
6265	1946	1
17289	17024	1
8451	8867	1
15411	5000	1
3795	5566	1
7736	3153	1
5885	10266	1
6171	6816	1
14814	10266	1
1081	9409	1
