2106	1341	1
3723	1469	1
3723	3949	1
1469	3723	1
229	845	1
1031	1069	1
17366	9901	1
2742	2730	1
12180	6094	1
10308	5490	1
4230	3401	1
1582	5043	1
9300	18438	1
2512	15741	1
7525	17581	1
13386	12282	1
3041	5240	1
7308	18438	1
10924	8934	1
16570	10374	1
562	7568	1
1493	1687	1
9240	4577	1
12134	11369	1
1268	2017	1
11369	12134	1
17501	8699	1
4824	3361	1
16808	8699	1
16486	2252	1
4577	9240	1
5783	5939	1
4662	13476	1
9212	9211	1
7868	18642	1
6781	18642	1
12010	8844	1
16345	1059	1
9388	9240	1
4370	243	1
10473	2484	1
11555	5164	1
1341	2106	1
18690	2284	1
15386	10758	1
14263	4613	1
14382	2106	1
6591	4704	1
13595	13367	1
9211	9212	1
3567	18438	1
7596	16078	1
4049	11950	1
13390	11406	1
6901	12540	1
15194	6479	1
5282	5347	1
12771	8141	1
12540	6901	1
16541	5598	1
905	564	1
15272	15077	1
4599	2457	1
4723	3005	1
6479	15194	1
17289	15436	1
1898	16274	1
4034	4851	1
7273	9100	1
4417	11037	1
1069	1031	1
3897	10531	1
8975	7452	1
680	6384	1
14009	6384	1
283	6384	1
11017	6384	1
9584	6384	1
6384	6384	1
4102	2643	1
7622	7495	1
4418	8051	1
16387	6564	1
2743	15385	1
6316	4084	1
15586	15013	1
735	18646	1
5021	6034	1
13270	14144	1
6613	7082	1
1900	11121	1
3333	2480	1
10205	18642	1
8950	9314	1
15466	18042	1
16842	10410	1
9754	12913	1
18691	7079	1
17	18	1
18692	7215	1
5366	12779	1
12500	2725	1
11714	1155	1
14394	2396	1
1727	4725	1
5642	7228	1
1055	4725	1
2480	7223	1
4171	4725	1
4062	7308	1
18693	17441	1
9910	10561	1
12111	10561	1
6181	5513	1
7452	8975	1
15717	10209	1
13958	6363	1
6540	7597	1
18429	18429	1
13147	13810	1
14461	5351	1
5995	18694	1
3009	7308	1
4408	12840	1
8932	8522	1
1077	7271	1
14173	7516	1
1092	4167	1
4824	11767	1
2646	6507	1
3797	6478	1
5347	5282	1
3745	12999	1
17101	14946	1
5354	4074	1
363	512	1
2596	9300	1
5490	6397	1
9984	11916	1
9120	12353	1
4102	15203	1
3799	5203	1
17787	8172	1
4751	9058	1
8033	6207	1
2555	6771	1
14951	18400	1
2	5875	1
6820	8962	1
13220	10108	1
9718	6562	1
5377	1208	1
6562	9718	1
4226	15558	1
1255	4092	1
3958	3977	1
5890	9790	1
14180	10247	1
7308	11883	1
5598	6648	1
18695	4384	1
4824	592	1
3492	3392	1
3745	6903	1
14699	14277	1
232	5774	1
2252	2935	1
5972	8962	1
11161	9436	1
18690	2935	1
7308	4781	1
2965	16714	1
2873	8688	1
7831	2346	1
7776	15561	1
18696	18697	1
18670	11878	1
9240	9388	1
1819	8020	1
9992	14573	1
4668	5622	1
5772	5783	1
10982	9388	1
9388	10982	1
2935	18690	1
8774	7291	1
9709	10982	1
10831	7465	1
10982	9709	1
10495	10662	1
7645	3353	1
15865	18662	1
6591	6757	1
3037	7191	1
18698	5378	1
7228	5642	1
16250	16345	1
1059	16345	1
8315	866	1
9332	21	1
11161	10255	1
866	8315	1
6045	10839	1
7012	10839	1
5939	5783	1
8262	2973	1
8950	6298	1
2973	8262	1
6084	1238	1
13543	6332	1
9426	6202	1
8950	13275	1
184	184	1
5546	10158	1
1184	387	1
9503	1041	1
8141	1740	1
17389	17390	1
12913	9754	1
8534	9874	1
10209	15717	1
4613	14263	1
2743	1094	1
12840	4408	1
10831	10743	1
18141	16088	1
18699	18700	1
7820	847	1
952	9488	1
4800	4431	1
10796	1624	1
5164	11555	1
5497	18321	1
564	8335	1
17948	5343	1
5343	17948	1
395	1338	1
12646	16301	1
5374	5582	1
18701	910	1
7465	10831	1
10743	10831	1
4824	2450	1
18177	15284	1
18682	14016	1
680	680	1
10276	6499	1
5381	3153	1
3835	12217	1
16172	17499	1
233	18505	1
16205	7930	1
12666	10345	1
10116	9593	1
8699	16949	1
18702	5307	1
70	95	1
11555	5503	1
12217	3835	1
7108	3545	1
2255	17499	1
8315	7317	1
17014	16842	1
512	363	1
2297	7223	1
11157	8140	1
18703	13033	1
14559	14560	1
3233	6256	1
8534	7932	1
16310	16309	1
7644	9207	1
15017	1928	1
11876	15440	1
17244	11851	1
3852	18150	1
15436	17289	1
2048	1357	1
2346	7831	1
18704	18705	1
5136	9707	1
744	15067	1
7239	1921	1
5386	5280	1
10831	6439	1
16929	974	1
10095	3575	1
12535	6244	1
737	1081	1
18150	3852	1
832	12217	1
1081	737	1
5522	5523	1
2095	7227	1
11563	4424	1
17543	13500	1
8935	16372	1
1155	11714	1
18706	9422	1
18707	18663	1
623	9707	1
9725	12364	1
18457	18458	1
4102	12585	1
990	3610	1
10067	10217	1
44	4534	1
4741	13985	1
2484	8357	1
18660	2102	1
10503	4755	1
15561	7776	1
12532	18708	1
8534	6963	1
10220	10152	1
15925	9717	1
16107	7705	1
13808	1622	1
3248	8985	1
18709	12316	1
11734	15997	1
12803	10203	1
12679	12679	1
12861	2885	1
1622	13808	1
12008	9570	1
6771	2611	1
7223	2297	1
16714	2965	1
5041	10856	1
5897	9518	1
4534	44	1
5085	9612	1
3738	5128	1
15985	16358	1
8258	4652	1
2884	11197	1
17840	11987	1
910	18701	1
17375	7336	1
7776	4246	1
10811	9518	1
15976	6475	1
7050	410	1
2095	2651	1
14315	6853	1
12316	13634	1
7820	3574	1
5490	10308	1
8341	4499	1
12719	278	1
4589	6513	1
5628	294	1
18710	11134	1
9436	16802	1
18585	18584	1
9518	5897	1
12646	1622	1
14081	7674	1
16751	13132	1
527	10203	1
8004	9136	1
3545	7108	1
11161	14117	1
2900	8228	1
16301	17040	1
17040	16301	1
1884	1237	1
2095	4040	1
1938	2259	1
6236	9330	1
8247	11687	1
13634	12316	1
2832	16958	1
4813	1321	1
18177	3274	1
13830	12802	1
11911	8499	1
8915	17310	1
4445	6040	1
4434	4434	1
10203	527	1
321	13671	1
4977	6022	1
18642	10205	1
1280	13671	1
9517	3673	1
4950	8967	1
4652	8258	1
9707	5136	1
18711	17367	1
8896	10685	1
6055	4135	1
17697	10685	1
4385	16523	1
6562	10685	1
3137	9769	1
11687	8247	1
2259	1938	1
8534	7974	1
294	6854	1
3404	4657	1
16373	17087	1
8950	11406	1
13572	6525	1
5773	3160	1
7223	2480	1
11916	11830	1
2842	2042	1
2546	16477	1
13775	6458	1
3274	10304	1
12172	10609	1
583	11538	1
1005	6458	1
205	4868	1
490	11702	1
6874	4681	1
5402	10410	1
9797	5341	1
10662	10495	1
241	242	1
414	4204	1
3274	18177	1
16031	10938	1
1338	9062	1
7147	1114	1
3745	5630	1
14573	10620	1
2743	7308	1
8534	12006	1
13754	13660	1
15642	2255	1
7416	14876	1
4741	3753	1
2095	1034	1
8141	4755	1
12872	12855	1
10831	14896	1
17581	17581	1
18223	5970	1
14653	9527	1
16541	16541	1
8534	7308	1
182	2411	1
17390	17389	1
14302	651	1
18712	18712	1
7643	5722	1
3753	4741	1
14896	10831	1
12340	7223	1
15788	17389	1
1711	10754	1
651	14302	1
18713	9005	1
18643	1114	1
8210	15749	1
18714	17415	1
1031	3103	1
4204	414	1
1013	18673	1
16729	9797	1
8985	3248	1
10067	15749	1
18715	4426	1
2743	7290	1
18716	18062	1
10132	4538	1
11734	5693	1
8534	5717	1
8676	8333	1
5693	11734	1
2095	2942	1
1617	788	1
84	18042	1
7086	13751	1
4828	855	1
3149	7345	1
18463	2353	1
5628	1114	1
4102	7484	1
6458	13775	1
5170	1842	1
14046	7024	1
2832	1654	1
2255	46	1
5719	6294	1
10831	5972	1
5972	10831	1
9141	14597	1
16801	16801	1
13132	13219	1
1853	7372	1
2588	3844	1
15620	14886	1
11059	18621	1
8950	3878	1
11161	10376	1
10158	5546	1
3512	4034	1
1041	9503	1
10304	3274	1
17090	14715	1
4102	14113	1
2975	4585	1
2743	2735	1
14478	18621	1
15745	18621	1
18717	18717	1
16372	8935	1
4365	4364	1
7502	4788	1
2483	5382	1
18662	15865	1
3844	2588	1
11161	13548	1
4204	15865	1
18718	10139	1
13165	46	1
1344	4341	1
1599	6530	1
13424	10478	1
7291	8774	1
11161	3170	1
16810	7965	1
7223	12340	1
1622	12646	1
17002	11361	1
16301	12646	1
18508	8774	1
5570	6142	1
18459	11426	1
6294	5719	1
13165	524	1
46	13165	1
5382	2483	1
12353	9120	1
524	13165	1
2353	18463	1
1112	651	1
7446	2224	1
11426	18459	1
17214	9022	1
11382	4335	1
7267	18238	1
18621	4555	1
13751	4555	1
6142	5570	1
651	3467	1
3082	5282	1
9707	2901	1
5608	3794	1
18444	7175	1
6564	16387	1
453	515	1
5170	6107	1
16585	16387	1
3166	4735	1
11851	15320	1
4571	4570	1
626	721	1
15320	11851	1
17086	13816	1
10611	17916	1
8490	18606	1
663	14108	1
3575	10095	1
6244	12535	1
16345	16250	1
4741	941	1
5923	1700	1
14173	14197	1
7516	14197	1
18514	14326	1
11465	18694	1
1388	13903	1
1361	14414	1
244	244	1
12610	5920	1
11830	11916	1
3088	5355	1
13903	1388	1
1338	1523	1
3822	858	1
11715	9418	1
18514	6136	1
17324	17324	1
8534	2420	1
18719	14211	1
18703	2080	1
10609	12172	1
8228	2900	1
11851	17244	1
5922	5	1
245	18720	1
39	38	1
11161	11751	1
7597	6540	1
5581	4293	1
18721	18721	1
4983	4763	1
17774	1897	1
9717	15925	1
9533	2425	1
2139	16343	1
14760	14761	1
17441	18693	1
12483	15925	1
3753	13985	1
6262	5150	1
11121	1900	1
16621	14218	1
12271	12271	1
1523	1338	1
9165	6986	1
18058	7671	1
16965	7671	1
6986	9165	1
1700	5923	1
10856	5041	1
11911	12252	1
14144	13270	1
12568	6901	1
1625	4167	1
10620	10568	1
7302	3183	1
8333	8676	1
15748	9492	1
506	868	1
1134	8676	1
642	13772	1
3304	1232	1
8141	12771	1
1854	1232	1
3100	3101	1
5495	12539	1
5894	8330	1
3453	13219	1
549	2607	1
2017	1268	1
2095	2869	1
13165	8199	1
6952	17946	1
16477	2546	1
5188	5227	1
5268	5280	1
17163	18435	1
1237	8367	1
6843	16516	1
2607	3611	1
5026	5027	1
6107	5170	1
6650	5893	1
18612	18112	1
18621	11059	1
14398	5694	1
2077	2083	1
7452	6057	1
10243	5932	1
5172	976	1
2607	549	1
2224	7446	1
18180	3835	1
8950	5625	1
18649	7895	1
11987	17840	1
1237	7949	1
14672	18610	1
2095	1166	1
14054	14054	1
9330	6236	1
18722	4194	1
3405	3404	1
8199	13165	1
8950	6135	1
11730	9992	1
4422	3211	1
7452	15067	1
2417	5069	1
8962	6820	1
46	2255	1
1897	17774	1
12570	18679	1
6513	4589	1
15067	7452	1
12664	12650	1
8086	11191	1
8534	3744	1
9165	8228	1
6441	6930	1
8950	5563	1
3183	7302	1
10765	8451	1
15397	7761	1
3315	5683	1
11361	17002	1
4343	3105	1
6930	6441	1
8876	4589	1
2768	5957	1
5227	5188	1
3085	6289	1
2878	2877	1
5169	13273	1
10651	9281	1
6268	5683	1
8950	8435	1
8315	2077	1
4335	11382	1
3745	3746	1
7544	16090	1
9492	15748	1
5041	5351	1
18723	18663	1
14482	15110	1
2792	1556	1
8451	10765	1
18724	6156	1
6758	6844	1
10561	9910	1
72	1059	1
11534	7004	1
17926	18014	1
7302	5598	1
16545	16545	1
3852	5633	1
4824	6479	1
13772	642	1
7302	9894	1
3855	14849	1
1939	4943	1
18700	18699	1
10832	7763	1
7820	1071	1
14315	14844	1
10737	8237	1
2095	1188	1
6289	3085	1
14361	12982	1
4626	2185	1
2415	6927	1
7302	4084	1
2420	2611	1
10436	12330	1
1727	3274	1
4707	4706	1
2611	2420	1
10620	14573	1
9080	6963	1
16900	8545	1
8545	16900	1
10749	5354	1
8774	7801	1
15077	15272	1
6135	8950	1
1710	4777	1
5625	8950	1
14728	6051	1
6937	15272	1
2758	2757	1
10330	15985	1
3356	13449	1
6936	15272	1
8950	12736	1
18721	12275	1
12861	15985	1
3878	8950	1
4364	4365	1
18725	18726	1
13273	4218	1
604	13042	1
7223	8164	1
9314	8950	1
4748	14646	1
6298	8950	1
13275	8950	1
15985	10330	1
2237	2517	1
5615	18727	1
12736	8950	1
5563	8950	1
6303	6436	1
14197	14173	1
4218	13273	1
8172	17787	1
18728	18728	1
7302	6282	1
9375	15874	1
5772	6282	1
15878	801	1
18713	17334	1
7302	8331	1
1661	40	1
8950	8331	1
11161	13515	1
9777	15539	1
18458	18457	1
5093	4901	1
1098	1104	1
10938	16031	1
11724	4036	1
4346	3722	1
10831	6947	1
14563	18650	1
5282	3082	1
14201	15162	1
1114	7147	1
13543	10716	1
18610	14672	1
4939	5537	1
3725	1414	1
6017	18729	1
8164	7223	1
5381	10387	1
12776	5392	1
3745	4007	1
18279	11287	1
10374	7901	1
6070	8860	1
15320	1622	1
7868	4632	1
16523	4385	1
2496	5240	1
18663	18707	1
4133	5892	1
8451	15547	1
6267	1231	1
5351	5041	1
4102	1232	1
18642	7868	1
18238	7267	1
18332	18454	1
1642	604	1
8331	7302	1
5409	46	1
6282	7302	1
8688	7543	1
6771	7543	1
4084	7302	1
663	13018	1
1338	395	1
7267	13455	1
3996	395	1
8237	10737	1
5893	7543	1
10765	7868	1
13455	7267	1
922	10626	1
18730	4528	1
7267	16031	1
15547	8451	1
13580	7004	1
9104	3344	1
845	229	1
14066	8214	1
16842	17014	1
5523	5522	1
16056	16491	1
16031	7267	1
526	573	1
12565	2646	1
18454	18332	1
12117	8499	1
6646	7153	1
5526	4221	1
9936	2578	1
7801	8774	1
14066	3344	1
2578	9936	1
7302	5041	1
5393	70	1
95	70	1
3610	16463	1
7078	7079	1
15110	14482	1
16426	70	1
12580	3853	1
7179	9378	1
7153	8680	1
7004	13580	1
8815	6843	1
18731	6843	1
400	4180	1
10993	2199	1
8137	5622	1
5843	9554	1
15874	10993	1
12626	4120	1
5041	7302	1
10002	18128	1
12344	5789	1
9554	5843	1
18643	14951	1
7079	7078	1
18732	13138	1
6843	8815	1
8534	15120	1
11220	13455	1
7033	5305	1
14436	14436	1
824	2017	1
278	16005	1
23	2109	1
4257	1504	1
1280	1368	1
5789	12344	1
573	526	1
4726	2017	1
18731	8815	1
4167	2673	1
4777	1710	1
13751	7086	1
11287	18279	1
4901	5093	1
3722	4346	1
8140	7519	1
13273	5169	1
13534	13535	1
14715	17090	1
12871	6113	1
10993	15874	1
18733	18734	1
2904	1366	1
2017	4726	1
10788	490	1
1366	2904	1
4950	4836	1
4802	11943	1
6843	18731	1
7820	7820	1
15925	12483	1
8499	12117	1
18735	10335	1
18610	14559	1
6947	10831	1
5577	6298	1
6136	18514	1
14326	18514	1
2743	2616	1
5423	4810	1
10255	10255	1
11911	2616	1
9325	12117	1
2710	4348	1
7302	4726	1
5683	3315	1
6298	5577	1
6765	8739	1
17214	6079	1
3695	14330	1
18650	14563	1
18663	18664	1
8739	6765	1
10384	6127	1
14197	3315	1
8950	3951	1
9388	17224	1
6127	10384	1
8728	7512	1
3211	4422	1
18736	3471	1
6813	1605	1
14559	18610	1
18291	10319	1
12787	5150	1
4400	3521	1
18046	17224	1
2725	7126	1
5100	4070	1
4726	7302	1
4034	17224	1
5378	16035	1
3344	14066	1
13543	15401	1
10537	4409	1
4824	5499	1
9270	6200	1
17389	15788	1
9735	6891	1
2743	5706	1
6891	9735	1
3745	5566	1
2532	5822	1
4409	10537	1
15720	13455	1
4312	2145	1
5213	768	1
10108	6287	1
8619	7452	1
18737	16638	1
18181	17425	1
18738	7849	1
987	706	1
7126	2725	1
5841	4673	1
14831	16389	1
5239	2725	1
6043	6044	1
16638	18737	1
4033	12899	1
5650	8243	1
15620	8257	1
