5485	3561	1
2420	1009	1
8167	540	1
18955	4217	1
5840	3561	1
4406	304	1
4954	11789	1
2046	6810	1
14326	18514	1
10776	1378	1
10984	5407	1
9556	6112	1
10537	12096	1
5100	2308	1
9503	1041	1
7764	3768	1
8938	8974	1
6901	7639	1
10713	15365	1
1740	1188	1
15550	8404	1
5546	6475	1
17948	18927	1
1188	1740	1
15436	17024	1
2658	3821	1
4954	5542	1
15586	9966	1
5406	5407	1
9270	1372	1
3794	18358	1
3020	3088	1
10968	12674	1
17528	16584	1
15106	9966	1
3821	1781	1
9503	1781	1
3768	7764	1
18478	8724	1
9966	15106	1
9518	18956	1
3985	10755	1
14644	18957	1
1781	3821	1
16061	7404	1
11705	4092	1
6734	9331	1
3966	14095	1
12096	10537	1
11411	10537	1
10283	8788	1
3088	3020	1
7484	2891	1
15148	5577	1
7723	6417	1
6236	9897	1
5773	3160	1
18927	17948	1
4092	10363	1
3014	2537	1
6037	10363	1
5509	5729	1
10363	4092	1
4144	7090	1
6898	15579	1
16387	12308	1
9897	6236	1
8086	1641	1
4358	9015	1
15579	6898	1
16074	16075	1
5546	16663	1
1299	1173	1
12630	16802	1
3274	5499	1
3723	3949	1
17024	15436	1
16358	496	1
14814	6424	1
18958	9378	1
6321	13267	1
7977	8868	1
8619	3767	1
8619	10738	1
15461	15474	1
3027	3028	1
10738	8619	1
15550	6858	1
17660	13903	1
3274	18238	1
14573	10620	1
1897	2480	1
18141	18959	1
54	62	1
11465	18694	1
10003	4797	1
6987	10896	1
9470	6721	1
10896	6987	1
5979	905	1
10968	12965	1
6619	1731	1
6165	8962	1
12381	9863	1
4906	17162	1
9728	216	1
14078	11707	1
17404	8452	1
18544	9671	1
1731	6619	1
15762	5382	1
1176	2636	1
1045	2501	1
4780	371	1
16612	13590	1
7345	10893	1
14803	4218	1
4060	2379	1
8242	5455	1
1075	4920	1
7404	16061	1
3450	2284	1
5120	8452	1
11379	13548	1
6573	16210	1
12915	11584	1
7654	5613	1
1740	3674	1
8089	18960	1
10857	9250	1
8962	6165	1
5382	2483	1
6259	8222	1
2483	5382	1
4060	8222	1
9863	5875	1
11268	5875	1
3985	9400	1
2994	5119	1
3648	8725	1
14876	9546	1
518	1241	1
5086	5087	1
16698	16699	1
6858	15550	1
16526	16526	1
636	4301	1
5581	3138	1
5871	5487	1
8609	6059	1
9671	18544	1
12238	13621	1
18957	14644	1
18961	18961	1
8975	5217	1
8451	8867	1
8903	10988	1
9695	9807	1
9248	4939	1
13538	13900	1
5744	540	1
4370	708	1
1718	5977	1
68	655	1
6134	6846	1
655	68	1
15664	4241	1
13677	4241	1
9190	5355	1
9000	18908	1
4060	3361	1
18600	18600	1
1045	4295	1
5043	4797	1
8499	13187	1
8499	11683	1
15869	9324	1
15911	12312	1
8007	5419	1
1257	9874	1
1720	1373	1
6325	9874	1
1299	1373	1
12953	5073	1
9248	2866	1
14414	1361	1
13187	13187	1
1045	4666	1
140	145	1
14993	16519	1
12777	17334	1
15904	18600	1
1224	222	1
2636	1176	1
1299	5216	1
496	16358	1
3596	13513	1
13513	3596	1
140	4464	1
6213	1599	1
1599	6213	1
5890	7309	1
17885	18600	1
625	5062	1
1372	9270	1
355	15878	1
4408	15878	1
623	6427	1
10051	9945	1
2134	15878	1
932	1757	1
10383	1599	1
16570	13063	1
4442	2260	1
6054	692	1
371	5189	1
1045	29	1
13984	12938	1
2813	7490	1
1348	9468	1
11194	7624	1
7345	3149	1
3908	3907	1
4241	13677	1
4376	2641	1
9373	7624	1
6504	2620	1
8599	11330	1
12582	5042	1
8599	4657	1
11707	14078	1
16663	3153	1
3153	16663	1
2181	1708	1
3243	18962	1
5890	8931	1
14174	2335	1
13215	4195	1
18923	18923	1
15789	16343	1
6418	5773	1
4780	18963	1
2420	2611	1
5594	2611	1
9583	10248	1
5386	4384	1
18870	12657	1
1853	7372	1
1512	21	1
540	8167	1
6216	2611	1
7624	11194	1
18870	8664	1
12899	15886	1
1220	985	1
14197	3315	1
3315	14197	1
7205	2873	1
13590	16612	1
1718	16009	1
4755	16341	1
13593	145	1
14676	16745	1
3347	2873	1
2255	46	1
14264	8361	1
540	5744	1
1838	8361	1
2873	7205	1
7416	14876	1
1045	23	1
13432	13432	1
295	7205	1
13687	12650	1
1797	3920	1
6810	2046	1
4014	7104	1
18458	18457	1
16343	15789	1
18964	10893	1
9546	14876	1
10389	6564	1
12664	12650	1
8525	8525	1
295	10200	1
1451	14078	1
17449	15889	1
18852	18853	1
2866	9248	1
5820	5821	1
2181	9689	1
14078	16460	1
4939	9248	1
1599	10383	1
5972	18	1
2163	1517	1
3514	9945	1
914	16166	1
4170	2194	1
6562	15782	1
216	2797	1
18238	3274	1
5485	5817	1
7260	515	1
13187	8499	1
295	6243	1
5761	2611	1
2784	11890	1
4568	12383	1
17488	2875	1
7205	295	1
6539	10593	1
7108	3545	1
28	874	1
10200	295	1
6243	295	1
8974	8938	1
3493	1586	1
18238	17785	1
18223	9436	1
5191	7801	1
573	526	1
4345	4346	1
10476	9418	1
8429	8032	1
9945	10051	1
18454	6947	1
18908	9000	1
8429	13767	1
7838	3568	1
18965	4010	1
3824	12217	1
17	18	1
7071	11736	1
1718	1854	1
874	28	1
18457	18458	1
14573	9992	1
2601	2602	1
1523	1338	1
17785	18238	1
12861	14889	1
18966	16322	1
7625	7624	1
8358	17966	1
18155	3673	1
14844	14315	1
8599	9997	1
17488	9436	1
11415	14580	1
5227	4270	1
9910	10427	1
3920	1797	1
4270	5227	1
17014	18207	1
18128	10002	1
8269	3992	1
11584	12915	1
17334	12777	1
6867	17356	1
9031	4692	1
17356	6867	1
4464	16764	1
2832	2843	1
8150	15229	1
14889	12861	1
10622	9736	1
3301	579	1
18967	14232	1
7086	4555	1
14040	14098	1
12785	18822	1
12174	17356	1
12516	18822	1
1664	2962	1
17356	12174	1
4657	8599	1
3149	7345	1
16178	2963	1
8499	7181	1
5922	5	1
13132	13219	1
11080	14400	1
5191	8774	1
11855	18439	1
2546	6161	1
4838	422	1
5676	150	1
200	870	1
12172	10609	1
9997	8599	1
2797	216	1
793	793	1
9736	10622	1
4788	7502	1
5270	4741	1
18852	18852	1
1045	7104	1
1045	4933	1
6936	9718	1
7502	4788	1
13821	16606	1
7181	8499	1
18524	17861	1
12580	9250	1
16911	17861	1
3166	15226	1
16864	3561	1
4047	3810	1
9718	6936	1
3092	4087	1
8008	15491	1
3568	7838	1
10002	18128	1
10620	14573	1
9992	10461	1
6952	17946	1
7624	9373	1
1854	1718	1
4886	1170	1
5893	5047	1
2051	1558	1
8599	11539	1
4780	9479	1
1517	2855	1
8599	11128	1
371	4780	1
18968	18969	1
2721	896	1
9807	9695	1
18970	8658	1
12568	6901	1
2017	426	1
14494	1829	1
18774	18763	1
5222	9273	1
1045	8354	1
4250	3216	1
8658	18970	1
15886	12899	1
1305	3527	1
4293	2699	1
14383	8261	1
6339	15034	1
1720	5744	1
15157	8261	1
4260	3294	1
13741	1091	1
18342	13187	1
4692	9031	1
3084	3294	1
8092	7940	1
15878	4408	1
3162	2109	1
4344	4760	1
10461	9992	1
1718	3629	1
6994	5444	1
6931	11812	1
2677	6052	1
18514	14326	1
6922	5861	1
11135	10674	1
576	9621	1
16490	5753	1
9479	4780	1
1143	8443	1
1828	8443	1
5047	5893	1
7596	8522	1
13985	18179	1
18938	4019	1
4346	4345	1
5374	3109	1
5577	15148	1
2122	5203	1
1038	95	1
3775	12371	1
3109	5374	1
243	6161	1
16708	16715	1
4579	3618	1
18430	18431	1
6079	13481	1
10759	2349	1
10988	8903	1
2096	9357	1
11539	8599	1
8185	15567	1
15039	18970	1
1756	5812	1
11128	8599	1
12312	15911	1
16745	14676	1
295	6904	1
6503	6508	1
7308	16082	1
13580	11779	1
8244	8244	1
1045	5742	1
16764	4464	1
9771	18643	1
5203	2122	1
2594	7764	1
18238	8040	1
3091	756	1
7394	9790	1
2883	13032	1
7771	246	1
5285	5285	1
10609	12172	1
2916	4670	1
95	1038	1
3088	7543	1
10769	4581	1
12297	3901	1
14869	7276	1
14165	6901	1
150	5676	1
18971	5164	1
1805	1804	1
2578	13493	1
6901	12568	1
2594	1469	1
9270	1361	1
18179	13985	1
5164	18971	1
6157	13985	1
18948	17744	1
5086	6258	1
17861	18524	1
1361	9270	1
4940	7556	1
1718	3177	1
9432	1371	1
13737	6015	1
1045	3947	1
11555	5164	1
1720	2544	1
4624	5622	1
3120	5156	1
17556	12082	1
18659	12580	1
12580	18659	1
7969	5164	1
18970	18970	1
1599	2562	1
16801	16801	1
2699	4293	1
9661	7874	1
4171	2741	1
3258	7602	1
15283	15283	1
12217	832	1
7602	3258	1
14804	9735	1
5586	5585	1
11455	5318	1
7367	5536	1
7370	6438	1
1045	6135	1
11726	17577	1
3216	4250	1
6693	4362	1
12775	6901	1
2855	1517	1
7639	6901	1
6275	5932	1
8903	10814	1
1091	13741	1
6015	13737	1
5248	5670	1
4133	4241	1
1718	835	1
9435	4720	1
15259	15258	1
2496	2646	1
1096	18972	1
2480	15866	1
18358	3794	1
3680	11342	1
18973	18973	1
13553	11909	1
295	11160	1
18974	9474	1
14105	15847	1
13393	6424	1
18921	16001	1
15153	4816	1
4816	15153	1
11401	14676	1
6459	3380	1
13493	2578	1
11781	14082	1
17309	13445	1
18971	18975	1
3055	10602	1
15642	2255	1
17448	17447	1
18976	18976	1
3736	9071	1
18975	18971	1
6904	295	1
14066	4816	1
150	4464	1
4525	4390	1
10066	8966	1
4343	3105	1
14843	1438	1
2976	1533	1
5217	8975	1
3826	3066	1
12540	3066	1
5156	3120	1
4084	12173	1
12173	4084	1
295	3528	1
16715	16708	1
632	7053	1
12073	7519	1
3066	12540	1
7622	7495	1
16982	16708	1
18977	15401	1
5086	5857	1
10304	7375	1
14837	10774	1
18768	18978	1
14831	18857	1
6888	13392	1
4610	4484	1
18979	7452	1
17916	15664	1
18980	18980	1
5085	9612	1
16163	2610	1
17947	18039	1
9612	5085	1
16581	8522	1
11779	13580	1
8962	1097	1
1045	1569	1
4492	6545	1
1014	15466	1
18981	5037	1
294	221	1
14554	9234	1
4720	9435	1
18429	18429	1
12861	2886	1
18261	5197	1
10674	11135	1
3528	295	1
221	294	1
17835	12802	1
17946	6952	1
4901	5093	1
5093	4901	1
11564	6419	1
8243	5650	1
18451	18451	1
18450	18451	1
8929	18928	1
2594	2496	1
1517	2163	1
11339	15478	1
905	5979	1
17488	16062	1
18928	8929	1
6262	5150	1
1045	3238	1
2646	2496	1
6419	11564	1
5386	8317	1
10761	1829	1
12371	3775	1
5351	877	1
16663	5546	1
12579	515	1
7193	6670	1
5932	6275	1
2855	1081	1
16000	444	1
1081	2855	1
4116	1009	1
16986	16986	1
14461	14426	1
1096	6670	1
9480	4047	1
16345	941	1
13614	9193	1
941	16345	1
7144	11885	1
11342	3680	1
18982	11044	1
10774	14837	1
2883	425	1
2543	2345	1
1556	11550	1
6367	7024	1
2586	2345	1
7223	7086	1
3591	18983	1
5058	3971	1
3497	15196	1
8499	14837	1
1739	3202	1
5744	4814	1
2345	154	1
14426	14461	1
2275	2273	1
15382	17915	1
9522	2273	1
11401	14461	1
7804	9915	1
16485	13113	1
805	10027	1
3971	5058	1
2169	1479	1
15639	9690	1
9690	15639	1
7162	5255	1
12640	12274	1
16784	13020	1
1123	16055	1
13829	5907	1
14448	13620	1
18984	18984	1
13020	16784	1
12540	6901	1
4217	18955	1
8270	16	1
9300	206	1
4742	18807	1
2345	2543	1
12180	6197	1
1439	6070	1
18960	8089	1
14232	4672	1
1876	740	1
1971	6187	1
10865	8698	1
3240	740	1
9279	8545	1
18985	17565	1
6197	12180	1
13687	8670	1
11455	3297	1
27	5	1
18086	10609	1
8950	18986	1
2275	8712	1
5086	155	1
15447	3194	1
1720	4023	1
11331	10081	1
17744	17744	1
2275	753	1
6024	6025	1
18987	5470	1
13900	13538	1
18988	9488	1
