3153	16663	1
344	9335	1
10081	11331	1
16663	3153	1
7502	4788	1
11331	10081	1
9374	11223	1
10774	14837	1
344	1097	1
3324	3976	1
3706	1497	1
13868	4335	1
18989	8086	1
8086	18989	1
2243	4673	1
8901	6819	1
15466	1014	1
4816	14066	1
18245	18245	1
11726	13723	1
14837	10774	1
16619	17504	1
4788	7502	1
10571	1407	1
905	564	1
4571	8698	1
3149	7345	1
7821	6703	1
9234	14554	1
9966	1996	1
12383	4568	1
2345	5850	1
18990	5944	1
10303	10632	1
2411	17767	1
18991	18991	1
4025	9846	1
9001	7891	1
10609	18086	1
7891	9897	1
18086	10609	1
1996	9966	1
12172	10609	1
13665	510	1
5944	18990	1
9897	7891	1
12096	10537	1
6504	4682	1
5164	11555	1
7179	9378	1
6771	8386	1
9248	4939	1
7891	9001	1
5107	6460	1
6874	4681	1
6562	16389	1
16335	12274	1
2610	16163	1
5932	5798	1
4653	4477	1
387	2571	1
426	2017	1
12654	6564	1
4442	8022	1
6994	5444	1
5843	5691	1
15878	2134	1
3068	1294	1
14653	3924	1
18016	12274	1
285	6806	1
6932	6564	1
6806	285	1
1718	1723	1
13663	10838	1
17131	1532	1
7452	18979	1
9690	7596	1
12274	18016	1
18992	10646	1
18881	6700	1
10276	9250	1
8676	8333	1
4669	4670	1
12336	12400	1
8386	18350	1
16406	17081	1
7106	7143	1
16485	11836	1
10755	3985	1
18993	15547	1
9400	3985	1
12134	18742	1
425	13149	1
18994	17658	1
13149	425	1
2085	9250	1
4653	12650	1
7162	5791	1
10721	9250	1
18742	12134	1
6564	6932	1
655	68	1
18350	8386	1
10427	9910	1
4002	5850	1
8976	4730	1
7398	1608	1
12344	5789	1
8788	10283	1
9669	17924	1
16612	13590	1
11564	13590	1
17866	17867	1
5519	13898	1
4810	13590	1
3901	12297	1
4037	14095	1
3240	2691	1
10368	4037	1
17867	17866	1
4810	4355	1
14969	13840	1
8975	5217	1
6351	6039	1
12970	7986	1
7556	4940	1
7162	6033	1
5729	5509	1
16389	11885	1
2707	1009	1
5582	3245	1
16550	2639	1
4328	6119	1
2924	5408	1
2308	5100	1
16355	4751	1
18889	10192	1
2151	655	1
5047	5893	1
8034	1858	1
2924	1858	1
7162	7501	1
1224	1859	1
7106	5684	1
8040	5684	1
16409	16410	1
6819	8901	1
14326	18514	1
1360	1361	1
514	3785	1
18995	18996	1
10368	7014	1
14362	15869	1
4613	14263	1
2480	14263	1
4672	14232	1
1361	1360	1
16581	8522	1
10368	3480	1
7162	5255	1
11564	9200	1
14232	4672	1
4810	9200	1
1693	222	1
18366	18367	1
14637	17313	1
5316	2142	1
3598	2007	1
5684	7106	1
1473	2349	1
7143	7106	1
3723	1229	1
15996	14215	1
11860	2194	1
6901	14165	1
3812	3812	1
11860	777	1
832	12217	1
13492	12551	1
18461	17014	1
4708	6185	1
1731	18997	1
12990	12990	1
10003	4797	1
1229	3723	1
3623	2902	1
17081	16406	1
846	18998	1
8676	1134	1
4810	13764	1
13350	4883	1
3785	514	1
18742	18742	1
12400	12336	1
8551	8552	1
14743	14743	1
8633	8552	1
14867	1407	1
2725	13481	1
8552	8633	1
4346	3722	1
17855	17855	1
8552	8551	1
7162	8026	1
4946	4946	1
2562	1599	1
3027	11934	1
4687	2235	1
1305	3527	1
3027	1769	1
1224	4084	1
18999	8443	1
11187	11048	1
737	14051	1
4975	7849	1
4120	16194	1
4477	4653	1
14051	737	1
4810	6385	1
15416	3640	1
7504	7681	1
15520	16194	1
8938	8974	1
3623	12748	1
7106	6985	1
16008	1795	1
6985	7106	1
3794	16067	1
13590	16612	1
3557	1795	1
6119	4328	1
19000	7206	1
13390	18642	1
8676	9477	1
8386	9863	1
3640	15416	1
4034	3512	1
5176	5977	1
10461	9992	1
2209	2210	1
1224	13479	1
10988	15362	1
8702	15014	1
3512	4034	1
1727	4171	1
15030	6790	1
11564	6419	1
15181	162	1
1055	4171	1
17261	7367	1
2550	3028	1
4409	3950	1
12313	2115	1
8172	14825	1
7940	8092	1
3950	4409	1
15422	375	1
2576	4397	1
11773	8738	1
4362	6693	1
4780	9389	1
14867	14373	1
10192	18889	1
18042	15466	1
5812	1756	1
11948	12756	1
5883	3566	1
7014	10368	1
4409	7452	1
7106	2343	1
4037	10368	1
3480	10368	1
13481	2725	1
2839	2840	1
878	879	1
15362	10988	1
2924	11822	1
8386	14217	1
1361	9270	1
18862	3186	1
1756	5812	1
14263	4613	1
6952	17946	1
16387	12308	1
10368	4029	1
4983	4561	1
9001	4438	1
10517	10517	1
4029	9402	1
4810	5314	1
13829	5593	1
4438	9001	1
1795	16008	1
7361	10620	1
12304	12936	1
10368	14193	1
1224	2596	1
4777	896	1
7106	705	1
7106	10713	1
705	7106	1
10713	7106	1
4370	5354	1
1224	222	1
1899	12918	1
2194	11860	1
4810	9223	1
7602	3258	1
183	9757	1
13687	12650	1
3258	7602	1
5231	4070	1
5581	3138	1
7209	5354	1
3138	18853	1
3027	3028	1
3723	3949	1
4810	12929	1
7276	14869	1
17345	7452	1
11711	9997	1
1224	896	1
19001	19001	1
2630	515	1
1859	896	1
3102	3121	1
8903	10988	1
4810	2383	1
1571	974	1
16082	7308	1
6321	15818	1
5756	10879	1
7162	1378	1
19002	17251	1
7162	7428	1
19003	7595	1
18279	18806	1
944	4474	1
16163	2610	1
510	13665	1
4867	7929	1
17882	16199	1
10879	5756	1
6612	13851	1
6613	7082	1
12010	6265	1
12336	5444	1
15067	957	1
482	3697	1
5221	1686	1
5590	18826	1
8676	3190	1
19004	19004	1
5217	8975	1
5860	12180	1
1285	4265	1
19005	19005	1
15002	84	1
10103	7188	1
7739	13538	1
8280	4037	1
3020	3088	1
957	15067	1
95	15686	1
18408	4794	1
7106	11556	1
2081	2080	1
9769	3137	1
1996	940	1
17520	17979	1
7106	12413	1
7199	1086	1
6351	6743	1
6483	9959	1
17251	19002	1
12413	7106	1
13851	1987	1
1086	7199	1
540	8167	1
11812	6931	1
10368	6783	1
17816	3138	1
14340	14341	1
13826	13694	1
10027	805	1
1723	1718	1
8676	4445	1
15686	95	1
84	15002	1
835	1718	1
6430	18918	1
17521	18128	1
3629	1718	1
968	6953	1
14341	14340	1
3138	5581	1
19006	188	1
18496	9437	1
12336	6977	1
19007	408	1
3014	2537	1
3073	18111	1
3138	17816	1
3121	3102	1
15663	10865	1
4657	19008	1
8803	4237	1
8089	18960	1
17162	4906	1
17	385	1
8333	9477	1
7602	9085	1
387	1184	1
9733	6901	1
4810	9723	1
14457	5170	1
13985	6157	1
19009	6532	1
4810	7986	1
11711	13237	1
10368	13237	1
18132	10182	1
3718	1259	1
14840	8540	1
3088	6017	1
1224	8618	1
184	184	1
3499	17193	1
19009	11191	1
17193	3499	1
2924	4806	1
760	2962	1
14457	7730	1
15665	8216	1
700	9926	1
7680	616	1
14478	14058	1
7452	4409	1
4526	5345	1
5656	17772	1
8676	2390	1
10531	18351	1
1184	387	1
16387	16585	1
5037	18981	1
18321	9133	1
18981	5037	1
295	8173	1
16581	7345	1
18857	14831	1
7817	7040	1
5536	5537	1
10609	12172	1
2065	1108	1
2289	2290	1
3985	10755	1
13279	14556	1
15798	7944	1
5843	7341	1
17366	6268	1
12336	8967	1
8040	7672	1
18964	6813	1
14840	8359	1
7345	16581	1
2080	2081	1
13192	17687	1
13538	7739	1
7206	19000	1
10814	8903	1
13739	6203	1
11781	14082	1
19010	19010	1
8903	10814	1
2855	1517	1
11387	8903	1
7106	1269	1
19000	1269	1
5296	1517	1
10988	8903	1
6760	8359	1
13808	1622	1
496	16358	1
1622	13808	1
5701	4368	1
3186	18862	1
10778	8903	1
3004	11517	1
3480	10020	1
2924	2478	1
8903	10778	1
6552	18807	1
11224	868	1
4950	4836	1
6908	1814	1
1839	1987	1
8859	11964	1
8386	9100	1
12134	17415	1
7575	16820	1
11455	3297	1
5701	5188	1
8667	5188	1
5093	4901	1
2572	9237	1
7106	9022	1
9451	6506	1
4901	5093	1
5934	6506	1
15349	15349	1
5100	2308	1
19011	9368	1
4047	3810	1
7495	7622	1
15176	4001	1
19012	11873	1
10368	8522	1
9364	16703	1
4237	8803	1
16209	5819	1
8676	10250	1
2319	18178	1
10248	9583	1
15831	4555	1
16053	4555	1
183	4879	1
6795	3776	1
4810	9202	1
4810	8788	1
6039	6351	1
18414	18415	1
16358	496	1
663	13018	1
14494	9472	1
17659	9612	1
16031	6932	1
19013	3843	1
7553	5868	1
13744	3568	1
9586	6625	1
13350	9085	1
5773	3160	1
9237	2572	1
216	11576	1
7144	11885	1
2347	16204	1
8643	4616	1
17404	9528	1
18955	4217	1
2046	6810	1
8676	11767	1
19014	9752	1
2591	11517	1
6625	9586	1
5248	16504	1
3568	6270	1
1987	13851	1
8443	8989	1
9669	15194	1
15410	13083	1
18349	7402	1
1814	6908	1
9263	6552	1
14843	8989	1
6343	18963	1
14494	1829	1
9069	13716	1
13716	9069	1
10396	9811	1
15435	16856	1
13393	13393	1
8479	8968	1
10645	2960	1
9612	5085	1
16840	15617	1
6268	17366	1
6157	13985	1
5922	5	1
10713	7831	1
11135	10674	1
19015	19015	1
3950	6171	1
9009	18918	1
18506	18143	1
16485	14335	1
4368	5701	1
5188	5701	1
6552	9263	1
8903	11387	1
4810	16441	1
16703	10593	1
3297	11455	1
8676	10387	1
9733	11069	1
10537	12096	1
19016	10047	1
4708	8222	1
7367	17261	1
7106	8903	1
6077	6076	1
10047	19016	1
7595	19003	1
4869	6424	1
9412	10615	1
19017	4757	1
13794	15184	1
8750	8575	1
11860	18107	1
12313	2116	1
8288	8289	1
18737	15491	1
4511	13	1
10366	8289	1
6017	6122	1
88	13	1
8889	19018	1
18462	18462	1
9120	8903	1
17878	14018	1
17647	9026	1
11873	19012	1
5723	5374	1
10891	1028	1
8654	11727	1
10761	1829	1
15466	18042	1
14232	18967	1
5000	16209	1
