6314	15067	1
4577	5039	1
7179	9378	1
19046	19046	1
17946	6952	1
17797	6693	1
3901	12297	1
2852	3952	1
5893	5047	1
3723	3949	1
12172	10609	1
1469	3723	1
6611	4029	1
5546	10158	1
3723	1469	1
2997	2346	1
17193	14001	1
9378	18958	1
18642	19047	1
7452	17345	1
17345	7452	1
5047	5893	1
9251	10389	1
8222	4708	1
6781	19047	1
10609	12172	1
17193	1711	1
4810	5314	1
12096	10537	1
11382	4137	1
5119	16468	1
3334	5637	1
18742	17415	1
14078	16460	1
11320	8237	1
14535	13829	1
19048	6894	1
9141	14597	1
13273	4218	1
1840	8721	1
18297	9789	1
15750	19049	1
16763	7568	1
19050	19050	1
7309	9790	1
6146	6649	1
6721	6649	1
8162	18918	1
5868	7553	1
9067	3404	1
18963	6343	1
6343	18963	1
9735	9250	1
10507	3404	1
3405	3404	1
16387	12308	1
9411	12308	1
8078	10749	1
2696	12285	1
13392	12899	1
8985	3248	1
12861	5689	1
13023	5862	1
17363	17363	1
4227	19044	1
14728	16067	1
8811	18963	1
18965	4010	1
19044	4227	1
9959	6483	1
18987	1491	1
10870	16692	1
16956	6344	1
8237	10737	1
13979	13864	1
5862	13023	1
1504	3449	1
4037	8280	1
7088	8280	1
6127	12899	1
12919	8836	1
15642	2255	1
4620	13758	1
10667	5300	1
13165	2255	1
7795	2885	1
4144	7804	1
5253	3741	1
1064	12899	1
13550	17660	1
12881	16339	1
7518	6187	1
2997	12272	1
10857	9250	1
17872	13564	1
15491	8008	1
4708	8222	1
13474	3897	1
12899	6127	1
4226	15558	1
7276	14807	1
7570	9550	1
18864	5121	1
4580	9550	1
12763	9550	1
3404	10507	1
6069	7514	1
95	15686	1
15272	15077	1
8039	6981	1
3002	1572	1
19051	19051	1
2477	163	1
5347	6930	1
15686	95	1
70	95	1
1491	18987	1
15229	18158	1
11467	11631	1
9718	181	1
1641	18987	1
4945	2786	1
2101	2194	1
5027	5026	1
7988	6622	1
6930	5347	1
3066	3826	1
10461	9992	1
18932	18932	1
5039	4577	1
3404	9067	1
17998	19052	1
10571	14172	1
10002	18128	1
8899	6649	1
2866	9248	1
3287	7079	1
11690	2863	1
5093	4901	1
683	1733	1
11467	5317	1
7988	6887	1
16774	6340	1
5026	5027	1
12643	12643	1
16787	11701	1
19044	10353	1
10353	19044	1
9735	6891	1
2101	6684	1
13912	13912	1
4312	2145	1
6171	6615	1
14361	12982	1
9842	11537	1
13829	5593	1
5689	12861	1
17616	17616	1
19053	9154	1
6379	9126	1
4409	3950	1
8725	3153	1
6693	17797	1
4653	12650	1
181	9718	1
8702	15014	1
12664	12650	1
8935	6380	1
5825	6185	1
8008	15491	1
4869	6424	1
4534	44	1
15022	6986	1
5177	2084	1
11313	3480	1
11851	13032	1
3950	4409	1
19054	19054	1
3741	5253	1
19055	10779	1
18731	18731	1
7079	3287	1
14494	1829	1
9735	6625	1
5773	3160	1
9391	5553	1
408	19007	1
3952	2852	1
3951	8082	1
16787	9031	1
5176	5977	1
5943	6056	1
6076	8210	1
7518	3673	1
13300	13299	1
9735	3079	1
4852	13973	1
6460	4341	1
19054	19056	1
14238	17599	1
17410	11170	1
8210	6076	1
9202	13590	1
13257	5824	1
44	4534	1
11967	8587	1
6055	5430	1
18086	11102	1
9789	18297	1
9992	10461	1
8587	11967	1
6379	7308	1
18866	18866	1
2665	9769	1
2576	4397	1
3794	3912	1
4653	6769	1
18428	18428	1
3897	4341	1
11797	10427	1
19057	17543	1
10509	19058	1
10537	12096	1
12435	5862	1
800	5076	1
19059	1514	1
10080	14699	1
7334	15106	1
13474	5475	1
6379	6700	1
16464	6580	1
14807	7276	1
13590	9202	1
17410	4287	1
14699	10080	1
874	3194	1
9876	9389	1
3951	8591	1
874	6667	1
14814	6424	1
4901	5093	1
2772	16830	1
11556	7000	1
6894	19048	1
7407	13500	1
12899	1064	1
10464	7000	1
18509	16947	1
1514	2199	1
5121	5120	1
18826	9719	1
10820	14369	1
5120	5121	1
5041	9618	1
19032	19032	1
18928	2616	1
6143	207	1
6021	1493	1
13032	2883	1
8280	14715	1
18736	18736	1
7370	6438	1
2997	4195	1
6934	19044	1
19060	19060	1
16388	1207	1
68	655	1
19047	18642	1
9786	18642	1
10274	10274	1
5657	6539	1
6193	4107	1
18987	1135	1
9330	18621	1
4939	9248	1
1371	9432	1
2101	5499	1
11664	1828	1
5051	8197	1
16581	4940	1
13851	1987	1
14124	9110	1
6171	3950	1
6552	14107	1
6483	6484	1
15365	12456	1
10755	3985	1
10220	10152	1
4940	16581	1
3085	6289	1
7082	6613	1
874	4753	1
15938	6495	1
15911	12312	1
18158	15229	1
4780	371	1
19061	19061	1
9735	13193	1
15228	6446	1
7804	6127	1
19062	17447	1
18642	9786	1
19063	9015	1
6127	7804	1
4666	3849	1
3153	8725	1
11723	3998	1
7988	9066	1
12488	12472	1
19053	8347	1
17416	6643	1
1791	4611	1
16355	4751	1
4143	1897	1
13275	1897	1
5374	5723	1
3230	6643	1
17729	10405	1
17447	19062	1
5564	11258	1
9735	10737	1
16787	4832	1
7861	5600	1
6193	3366	1
6193	10713	1
5678	11767	1
8451	10252	1
13973	4852	1
14443	4346	1
7121	643	1
8880	6113	1
6319	14194	1
3950	6171	1
9735	14804	1
19021	19021	1
12982	14361	1
7518	4217	1
8803	4237	1
11007	9364	1
8285	5642	1
15401	18977	1
3248	8985	1
9359	4487	1
5827	3334	1
1641	1491	1
2555	3334	1
8133	6113	1
5642	8285	1
6494	6113	1
12274	12175	1
9583	10248	1
14294	16606	1
4946	9144	1
19064	6619	1
371	4780	1
11102	18086	1
19065	16606	1
10180	6113	1
1207	16388	1
19066	16606	1
4726	2017	1
5871	2341	1
5657	6183	1
7134	7158	1
4726	6783	1
16169	6171	1
11455	5318	1
2786	4945	1
8521	5181	1
4390	4525	1
19067	10360	1
2997	5840	1
7106	5684	1
8938	7006	1
18779	9058	1
11467	9705	1
2017	4726	1
6783	4726	1
11193	2335	1
11773	8738	1
13547	10531	1
6490	5944	1
10351	9276	1
6143	8775	1
2843	1338	1
15583	6851	1
4237	8803	1
15349	15349	1
793	14695	1
10570	8222	1
9493	4257	1
3951	5132	1
7085	4257	1
11467	375	1
5318	11455	1
19003	7592	1
19068	19068	1
15422	375	1
7595	7592	1
8938	6730	1
2916	628	1
16067	3794	1
15554	5509	1
3912	3794	1
9716	7102	1
455	816	1
3849	4666	1
5943	4666	1
7988	4666	1
6490	19069	1
17221	10567	1
4457	564	1
10266	16055	1
628	2916	1
4796	4983	1
15984	19034	1
5670	11724	1
540	8167	1
10023	2916	1
19070	19071	1
