6236	9330	1
15365	10713	1
8194	7267	1
18779	18109	1
10374	10230	1
6901	12540	1
4808	4807	1
3723	3949	1
13503	7104	1
9330	4613	1
2345	2586	1
941	7033	1
17743	936	1
18767	14132	1
3061	16855	1
12540	6901	1
18780	16849	1
5789	12344	1
12400	12400	1
6207	8033	1
2894	186	1
8141	12771	1
11641	2086	1
12340	1897	1
12344	5789	1
1280	2276	1
5650	8243	1
8137	1897	1
5694	14398	1
1605	6813	1
8976	7106	1
8499	12117	1
4120	12626	1
12952	16731	1
16387	6564	1
15456	16731	1
7085	17130	1
5205	5204	1
17115	10864	1
18514	14326	1
15718	8824	1
1229	3723	1
8150	16731	1
18659	17162	1
17872	13564	1
17162	18659	1
941	4741	1
1055	10304	1
11483	5378	1
5047	5893	1
3756	7143	1
11730	11788	1
17926	9863	1
7989	4505	1
5164	11555	1
502	17788	1
11655	18695	1
3323	18512	1
18358	5461	1
18469	5219	1
15228	6446	1
3723	1229	1
10920	4726	1
15533	1885	1
8973	5612	1
5000	4901	1
905	352	1
13564	17872	1
10230	10374	1
2345	5850	1
1556	17938	1
3730	16992	1
12164	12164	1
18781	18782	1
10927	10927	1
11779	3361	1
16005	278	1
5365	5365	1
18509	16947	1
5612	8973	1
11571	9089	1
7730	7662	1
4977	4431	1
8700	5343	1
17130	7085	1
3021	635	1
553	4531	1
7606	7606	1
18742	17415	1
2893	1958	1
14955	12861	1
8243	5650	1
9100	18659	1
9042	16062	1
4485	5877	1
4613	9330	1
4485	8976	1
2297	14117	1
13	88	1
9897	16722	1
11074	13659	1
18018	10839	1
17115	649	1
18647	10563	1
7622	9276	1
5862	1077	1
13219	3453	1
13553	11909	1
14132	6372	1
15362	10988	1
9452	5640	1
8177	6039	1
10940	18653	1
7752	835	1
9276	7622	1
17787	6739	1
5280	5268	1
8774	5191	1
6844	6758	1
18058	7042	1
18358	8609	1
3547	3559	1
8404	5229	1
5278	5748	1
9997	5748	1
6596	564	1
15300	1188	1
6084	1238	1
5893	5047	1
18783	18783	1
4664	9897	1
905	5979	1
1912	1238	1
18780	15773	1
12159	15988	1
11074	15153	1
4810	5423	1
5084	5931	1
3559	3547	1
9570	12008	1
10080	14277	1
14955	7495	1
18592	18784	1
18785	18569	1
296	1985	1
3383	1985	1
18775	10685	1
9388	17224	1
14087	12483	1
16671	15749	1
15745	15618	1
5581	17816	1
13284	15401	1
15401	13284	1
4806	5408	1
15788	17389	1
3707	2108	1
13474	3897	1
9089	11571	1
3849	17816	1
7160	9849	1
18643	18643	1
5641	3100	1
15401	15401	1
13504	10646	1
68	655	1
9488	1058	1
12429	1058	1
6844	1058	1
2872	1360	1
655	68	1
10535	11345	1
3722	4346	1
8137	14895	1
8886	5984	1
8330	1238	1
1985	3383	1
1163	1229	1
11534	7004	1
4769	4691	1
16809	3173	1
16387	12308	1
5541	10743	1
4102	1232	1
18769	9942	1
18786	18786	1
1605	116	1
16947	18509	1
18784	18592	1
10743	5541	1
11344	941	1
18512	3323	1
4741	941	1
17835	12802	1
16083	4093	1
9597	13926	1
18787	18787	1
12159	6811	1
18040	16962	1
18788	18789	1
7875	2103	1
16112	16113	1
18612	18112	1
4521	1408	1
1105	17129	1
5541	5542	1
2820	3019	1
9276	4747	1
10	1359	1
1285	4265	1
13538	5678	1
3017	6213	1
4901	5000	1
8177	5678	1
10623	14522	1
16962	18040	1
1120	6854	1
13903	1388	1
3958	8790	1
1985	296	1
1063	1388	1
1396	8536	1
12552	2616	1
11074	12029	1
18790	2107	1
15773	9613	1
18791	976	1
957	15067	1
3738	4209	1
18792	3575	1
12626	4120	1
4485	4444	1
1388	13903	1
11074	4120	1
13985	4741	1
4485	5890	1
6658	1214	1
18793	3076	1
3366	16694	1
9330	6513	1
3068	2686	1
18794	3609	1
3091	644	1
187	3609	1
14343	6558	1
2541	2544	1
12008	9570	1
11416	14069	1
4444	6637	1
5136	9707	1
18457	18458	1
2901	9707	1
867	6439	1
1272	2453	1
6637	4444	1
166	167	1
4485	2343	1
18795	18796	1
13	72	1
4409	10829	1
3835	805	1
14876	272	1
14886	15620	1
14923	13826	1
5541	12342	1
17499	3544	1
468	3544	1
18736	18736	1
10716	13011	1
18758	15225	1
8774	14904	1
3535	10829	1
3456	10829	1
15620	14886	1
14398	2774	1
18700	15211	1
11074	8364	1
1619	5266	1
12832	6860	1
12058	14794	1
5288	4490	1
6936	4218	1
9273	5222	1
3794	3912	1
3824	2454	1
1756	5812	1
3088	7543	1
16189	12650	1
6562	3061	1
1062	1059	1
3061	6562	1
3897	13474	1
13926	9597	1
10025	6458	1
10415	5234	1
6123	13985	1
912	1599	1
3177	18797	1
8213	5688	1
9369	4107	1
4662	15746	1
855	4828	1
3609	187	1
15836	627	1
2797	216	1
11074	12300	1
17129	1105	1
4485	4457	1
16840	2979	1
15835	2369	1
2578	488	1
12172	10609	1
6562	8700	1
4495	1408	1
5984	8886	1
15548	16298	1
5637	8914	1
5593	13829	1
11916	11830	1
8925	8924	1
7558	12516	1
9863	17926	1
4218	6936	1
14535	243	1
10435	11830	1
5406	18203	1
12584	2134	1
17985	17986	1
604	8856	1
13187	1612	1
3839	4558	1
18188	6898	1
5812	1756	1
13985	6898	1
14398	15579	1
18797	3177	1
755	2126	1
6267	1064	1
2541	70	1
488	2578	1
17867	17866	1
4301	1756	1
8498	10845	1
4485	10982	1
4856	6227	1
10531	9300	1
7082	2198	1
5688	8213	1
16954	11874	1
8364	11074	1
11792	9550	1
8700	6562	1
7409	8213	1
5222	9273	1
10845	8498	1
18798	11630	1
14326	18514	1
10759	2096	1
12664	12650	1
6758	6844	1
16113	16112	1
1058	6844	1
4801	13023	1
6366	6366	1
18799	746	1
11074	4363	1
10199	12345	1
16112	6429	1
2652	13267	1
1039	5533	1
18276	13267	1
9669	13267	1
13367	13267	1
17250	9821	1
18458	18457	1
6513	9330	1
15762	2483	1
936	1266	1
216	2797	1
4836	4950	1
17234	8451	1
2576	4397	1
14039	13989	1
12174	6936	1
12861	8451	1
194	541	1
1506	3669	1
1220	985	1
2009	1810	1
84	18042	1
16592	1694	1
17448	17447	1
18800	9301	1
11220	13455	1
2541	203	1
15745	18621	1
1967	13405	1
15746	4662	1
4528	18730	1
13671	1692	1
2710	5233	1
322	7336	1
11874	16954	1
3166	2721	1
13350	14754	1
4344	4760	1
18042	84	1
18801	18279	1
4355	2383	1
14904	8774	1
4485	5783	1
14715	17090	1
7595	7592	1
6371	9042	1
4485	4830	1
541	194	1
4838	422	1
18774	18763	1
7889	6142	1
10814	8903	1
11465	18694	1
12345	10199	1
4562	3563	1
3100	5641	1
3043	4578	1
17184	16715	1
6163	19	1
11192	8364	1
4485	5553	1
5533	304	1
6127	12899	1
8924	8925	1
6039	5635	1
3366	13747	1
18802	18802	1
16715	18398	1
4034	4780	1
6171	6615	1
3849	5859	1
8140	278	1
18803	10820	1
5641	3101	1
6220	9731	1
7592	7595	1
3669	1506	1
13477	7020	1
4760	4344	1
18238	17785	1
7291	11196	1
18659	18659	1
14343	17162	1
4260	718	1
5119	2994	1
10820	18803	1
16849	18780	1
18606	13951	1
15773	18780	1
18774	15833	1
1139	1503	1
11341	6607	1
49	50	1
371	1305	1
4431	4977	1
9248	4939	1
18056	17308	1
17816	4977	1
18804	17308	1
15471	8886	1
11372	15579	1
4939	9248	1
18775	6562	1
6429	16112	1
278	8140	1
7625	11676	1
6898	15579	1
10924	8934	1
536	6375	1
8739	10163	1
18741	5782	1
11854	2224	1
5581	4293	1
11137	18765	1
5635	6039	1
8177	4940	1
13	12365	1
7624	11676	1
14398	16342	1
2541	1508	1
322	12108	1
1832	46	1
6835	1650	1
4334	7695	1
17833	12365	1
5859	3849	1
9575	15579	1
1796	46	1
9150	9150	1
7615	16645	1
17492	17459	1
18058	10742	1
527	3558	1
11062	11062	1
17326	17324	1
4977	17816	1
11113	6951	1
2541	3722	1
9300	6637	1
17566	18376	1
12134	8763	1
2234	2227	1
5026	5027	1
7674	14081	1
8213	7409	1
4780	4034	1
10823	10823	1
9560	16627	1
2462	6394	1
8525	8526	1
8903	10814	1
14081	11243	1
13196	7294	1
3976	4061	1
2541	4346	1
8540	14840	1
9550	11792	1
5009	16627	1
11243	14081	1
12899	6127	1
9239	6845	1
18805	9220	1
1599	912	1
8247	11687	1
6146	6721	1
9897	4664	1
4061	3976	1
4384	4424	1
6845	9239	1
5065	6269	1
1356	6024	1
18806	18279	1
322	7083	1
6127	6951	1
6789	6445	1
18358	8820	1
2383	4355	1
5066	5514	1
2873	4930	1
1605	87	1
10609	12172	1
2776	18807	1
7117	5888	1
11074	5888	1
4524	3274	1
23	424	1
4485	9790	1
17324	17326	1
11074	14066	1
2747	3544	1
400	4180	1
10154	6445	1
7752	692	1
9165	18594	1
11676	7625	1
5541	2517	1
17824	18060	1
10363	579	1
13826	14923	1
2086	11641	1
18621	4555	1
3855	5027	1
17014	10410	1
11687	8247	1
17162	14343	1
7004	13580	1
912	4211	1
692	6054	1
414	4204	1
835	7752	1
16627	9560	1
11220	10938	1
805	3835	1
692	7752	1
18058	7671	1
5541	4955	1
6013	6012	1
12400	11135	1
3800	7626	1
10330	15985	1
11552	16166	1
11074	2428	1
4777	896	1
6208	6119	1
5761	3360	1
18808	6424	1
5922	5	1
4747	9276	1
5756	3440	1
16545	16545	1
1514	2083	1
16229	18535	1
8247	8935	1
18582	5150	1
3121	8669	1
17014	17014	1
14951	18643	1
18408	16072	1
6936	12174	1
17389	17390	1
18358	10713	1
16456	11661	1
8935	8247	1
18809	18809	1
1114	18643	1
15030	13196	1
334	334	1
7928	14917	1
11196	7291	1
15639	9690	1
11902	12059	1
13196	15030	1
11676	7624	1
3021	1051	1
13508	15151	1
6123	16236	1
3606	18643	1
10335	18735	1
14676	11258	1
6393	4371	1
6804	7302	1
9690	15639	1
6637	9300	1
10829	3456	1
12516	7558	1
14714	11758	1
10988	15362	1
16166	11552	1
13810	13147	1
441	17600	1
17835	18112	1
17365	11537	1
290	562	1
12552	2203	1
9369	6193	1
17995	17995	1
18649	9695	1
16236	6123	1
6860	12832	1
8336	9897	1
546	922	1
1504	5380	1
4485	6895	1
12134	17415	1
17459	17492	1
5380	1504	1
11830	11916	1
18810	18810	1
9383	11243	1
18811	18811	1
1173	2018	1
7179	9378	1
8050	18183	1
1268	2017	1
3092	18769	1
10568	10567	1
18812	18813	1
6473	126	1
18203	5406	1
18643	1114	1
3177	11113	1
18621	15745	1
527	3492	1
2043	1827	1
1605	2138	1
18358	6270	1
5597	8160	1
17365	17365	1
6294	7367	1
2541	2712	1
627	15836	1
322	2712	1
4485	801	1
1721	709	1
1987	13851	1
7260	515	1
5495	5360	1
9248	12600	1
6458	10025	1
5642	5817	1
11220	14816	1
5817	5642	1
10713	15365	1
18814	18814	1
2611	2420	1
3912	7102	1
6779	5642	1
12591	14041	1
14032	14032	1
10839	18018	1
8774	7151	1
18358	12774	1
6564	16387	1
16241	10080	1
18358	11235	1
2541	1185	1
18815	12282	1
17785	18238	1
1081	9409	1
46	5409	1
11074	5684	1
17023	14837	1
14837	17023	1
5773	3160	1
10463	12746	1
527	10203	1
13138	15272	1
13138	13138	1
7889	7862	1
1721	2544	1
18594	18594	1
16570	8499	1
13851	1987	1
14263	2480	1
15579	6898	1
15579	6158	1
4704	1709	1
10163	10163	1
1039	304	1
14494	1829	1
15526	3897	1
10374	16319	1
18730	4528	1
14101	7968	1
16715	5806	1
11094	7983	1
3493	8056	1
1605	4648	1
7158	4762	1
4485	4930	1
2018	1173	1
5514	5066	1
709	7098	1
3021	7411	1
6165	4241	1
16319	10374	1
18594	3975	1
12096	8909	1
12096	10537	1
3975	18594	1
4107	9369	1
4704	6591	1
16475	4238	1
18321	5497	1
11779	16920	1
11186	5875	1
7098	709	1
16627	5009	1
8333	10387	1
5558	5281	1
7427	6068	1
4562	2973	1
11074	4816	1
1237	13476	1
4577	3697	1
8330	7736	1
18358	10930	1
15283	15283	1
4569	5281	1
10043	15988	1
6765	3370	1
16581	8522	1
18650	14563	1
18535	16229	1
1933	1266	1
7117	8520	1
7151	8774	1
6545	12340	1
1897	12340	1
18816	18817	1
4287	7213	1
7868	4632	1
9281	10651	1
18818	18818	1
3021	8224	1
12129	6613	1
2409	3157	1
7331	4797	1
16920	11779	1
3021	2646	1
10030	18653	1
1051	2646	1
14563	18650	1
3540	3540	1
2496	2646	1
6739	17787	1
1064	6267	1
3912	3794	1
2096	10759	1
5482	4113	1
7337	6837	1
7889	12324	1
10345	12666	1
11113	3177	1
7260	4280	1
18819	18820	1
4762	7158	1
3662	5526	1
5659	1097	1
17866	17867	1
1229	1163	1
4755	15915	1
17916	15664	1
18821	9599	1
10611	15664	1
15664	10611	1
18643	14951	1
14041	12591	1
18699	18700	1
5979	6977	1
12336	18822	1
12022	5987	1
6562	8896	1
12340	6545	1
18653	10030	1
3996	1338	1
8247	6771	1
13223	13223	1
8443	8989	1
11854	13248	1
10740	10713	1
4691	4769	1
18358	7831	1
7601	7601	1
11600	7563	1
3440	5756	1
13023	4801	1
6303	869	1
5258	3160	1
18823	1827	1
1756	4301	1
18158	15229	1
15554	3404	1
1996	3547	1
6460	5107	1
10537	12096	1
10266	5885	1
18700	18699	1
8909	12096	1
18643	3606	1
9958	18824	1
1827	18823	1
8206	7002	1
12472	8695	1
4593	3430	1
18825	18824	1
18824	18824	1
18826	9719	1
18827	18827	1
7831	10713	1
8695	12472	1
18828	8620	1
18829	6187	1
7930	16205	1
15985	10330	1
2646	2496	1
8007	5419	1
18653	18653	1
11455	3297	1
14201	12535	1
11407	6394	1
16855	12175	1
18715	4426	1
6043	6044	1
4485	770	1
13409	13409	1
11031	14172	1
12223	13833	1
12821	11815	1
5555	6258	1
3021	1823	1
8622	9054	1
3535	13982	1
