7106	7452	1
14837	10774	1
8903	9120	1
15617	16840	1
13562	18545	1
9626	12666	1
3153	16663	1
11387	8903	1
1666	3723	1
8611	5096	1
10774	14837	1
17946	6952	1
14831	16389	1
8210	6076	1
16389	6562	1
18128	4797	1
16663	3153	1
11540	3383	1
6562	16389	1
2707	1009	1
18545	13562	1
21	1441	1
2572	9237	1
3088	7543	1
4730	7452	1
8676	4027	1
6937	9009	1
10609	18086	1
8386	14239	1
16703	9364	1
18086	10609	1
7655	13354	1
7019	6621	1
872	18086	1
15925	7968	1
624	1372	1
6849	16321	1
12936	12304	1
18642	13390	1
9733	2397	1
11102	18086	1
755	6564	1
5598	10478	1
8785	18086	1
2242	3668	1
3668	2242	1
4218	13273	1
4906	17162	1
7519	12073	1
4999	3668	1
11372	15579	1
12196	10567	1
3356	15169	1
18550	2230	1
2572	3401	1
13851	6612	1
1269	7106	1
9022	7106	1
8903	7106	1
7452	7106	1
13	30	1
16450	9015	1
8237	11125	1
16485	13113	1
13744	1229	1
3723	3949	1
7908	11807	1
7452	4409	1
6957	17658	1
12336	5444	1
4409	7452	1
1830	1009	1
17657	17658	1
12096	10537	1
15176	15176	1
4816	11074	1
18642	9786	1
18987	1641	1
1224	12758	1
9992	10461	1
1739	7501	1
14238	7501	1
3186	18862	1
10609	12172	1
16289	11640	1
10368	14182	1
6122	6017	1
5451	8929	1
18366	18367	1
7375	10304	1
9451	15203	1
14946	18612	1
3002	1572	1
17193	3499	1
906	8531	1
1514	2199	1
17564	17565	1
13538	17098	1
7739	17098	1
16107	16107	1
6135	3196	1
5641	3100	1
2751	2751	1
19019	19019	1
16067	14728	1
2842	4726	1
14238	9389	1
8063	9389	1
15203	9451	1
3924	9389	1
6506	9451	1
13023	5862	1
1523	1338	1
19020	19020	1
15349	6700	1
3998	11723	1
1517	2855	1
2885	7795	1
13080	13079	1
15416	3640	1
17251	17630	1
1742	7386	1
15456	16731	1
1615	6183	1
4175	3785	1
387	2571	1
15466	18042	1
11874	11873	1
11125	8237	1
4572	4757	1
1987	13851	1
18802	18802	1
7622	9276	1
11807	7908	1
16550	2639	1
18621	9330	1
9246	8176	1
19021	19022	1
4534	44	1
906	3978	1
3843	19013	1
7452	4730	1
11873	11874	1
18086	11102	1
9575	6649	1
11223	9374	1
5	27	1
5041	9618	1
14807	7276	1
14869	7276	1
5263	1889	1
44	4534	1
11258	5564	1
5898	5897	1
3022	2248	1
6932	16031	1
19023	19024	1
9330	18621	1
6625	9586	1
2617	9335	1
344	9335	1
994	1075	1
222	1693	1
9586	6625	1
10020	3480	1
9776	3073	1
7709	1075	1
375	8269	1
18731	8815	1
4047	6052	1
3924	6394	1
2677	6052	1
9575	6624	1
5564	11258	1
261	5947	1
13390	18642	1
14494	1829	1
9786	18642	1
3196	6135	1
5581	3138	1
18186	11205	1
10278	9190	1
10839	18018	1
906	1254	1
13851	1987	1
2505	11868	1
6017	5601	1
2420	1009	1
12336	8967	1
14238	16062	1
6080	19019	1
10537	12096	1
3245	5582	1
11537	2875	1
828	3274	1
18649	7895	1
18099	18112	1
17081	18112	1
4613	14263	1
11074	4816	1
1641	1491	1
635	4780	1
10778	8903	1
2080	13033	1
2292	1612	1
7622	7495	1
18086	872	1
3668	4999	1
8063	9897	1
5241	8257	1
3177	2875	1
10567	12196	1
4888	12917	1
17938	7597	1
7276	14869	1
14807	14869	1
15744	2875	1
2804	1135	1
3302	2875	1
6612	13851	1
14728	13751	1
1987	17378	1
8045	2875	1
11661	16456	1
3138	5581	1
4747	9276	1
19025	12321	1
13665	510	1
9897	8063	1
19026	13166	1
4073	2852	1
8058	8203	1
11564	6419	1
3952	2852	1
6419	11564	1
9009	18918	1
10820	14369	1
13744	3568	1
2630	2260	1
9374	11223	1
8063	8336	1
9718	6562	1
8336	8063	1
4534	7308	1
17098	13538	1
10473	2484	1
10645	2960	1
1987	1839	1
2852	4073	1
19027	19027	1
334	229	1
3973	493	1
845	229	1
18756	9613	1
3910	229	1
8269	375	1
5509	5729	1
228	229	1
7451	7821	1
229	228	1
19028	15270	1
18042	15466	1
13522	13525	1
5883	143	1
18963	6343	1
18963	18963	1
6343	18963	1
6052	4047	1
3334	2555	1
1250	5241	1
13538	13900	1
6193	14577	1
13744	11943	1
5729	5509	1
5352	14933	1
12902	15818	1
11905	15818	1
6522	708	1
5843	5691	1
18715	4426	1
6046	5787	1
7179	9378	1
4140	4426	1
13018	663	1
4485	5877	1
16692	10870	1
1739	3202	1
4757	4572	1
9966	11514	1
9546	4741	1
16923	18046	1
6236	4426	1
1631	2185	1
12172	10609	1
455	4426	1
6642	4426	1
16456	11661	1
2308	5100	1
9391	8222	1
238	3666	1
510	13665	1
3965	9817	1
4397	2576	1
3666	238	1
3262	356	1
19029	5566	1
2455	9817	1
16923	15194	1
17997	18029	1
12485	10195	1
9138	7000	1
11556	7000	1
10427	11797	1
11893	8668	1
10464	7000	1
2576	4397	1
902	706	1
14238	8668	1
4577	5039	1
9369	4107	1
5241	8173	1
17959	12417	1
9411	9303	1
19030	2555	1
4741	9546	1
1687	1680	1
9368	16708	1
17022	9100	1
16092	16091	1
6345	2484	1
13763	8618	1
16031	6932	1
11781	14082	1
7000	9138	1
7674	14075	1
3137	11479	1
879	878	1
12312	7654	1
8903	10778	1
16708	9368	1
12983	12983	1
19031	18953	1
2353	1661	1
14728	16067	1
5862	13023	1
6562	9718	1
18086	8785	1
2630	4260	1
3073	9776	1
906	7514	1
4241	4133	1
11514	9966	1
5868	7553	1
19032	19032	1
5286	14214	1
5285	14214	1
8111	4532	1
16194	4120	1
9067	3404	1
15554	3404	1
3924	6781	1
7000	10464	1
9335	344	1
9435	4720	1
6582	6583	1
2939	3471	1
1815	1910	1
5563	1910	1
1839	1987	1
17237	17237	1
18358	17987	1
18643	18643	1
16923	13474	1
4107	9369	1
16923	9436	1
6438	7370	1
2855	1081	1
3137	9769	1
10273	7370	1
19000	19033	1
10857	9250	1
1081	2855	1
9249	8587	1
18128	10002	1
13289	19033	1
13744	2914	1
19033	13289	1
8492	4445	1
5611	3309	1
6167	17132	1
3623	3307	1
9451	7089	1
14825	8172	1
3404	9067	1
15194	9669	1
9451	9669	1
4522	985	1
13192	6240	1
9335	2617	1
5692	6643	1
906	4525	1
6045	6643	1
5537	5536	1
17866	17867	1
3950	4409	1
54	53	1
906	11858	1
14238	8452	1
19034	15984	1
14806	2876	1
2996	9689	1
18006	17995	1
13744	5813	1
9575	5694	1
7341	5843	1
229	3910	1
2855	1517	1
6345	1897	1
14699	2109	1
13744	1897	1
8111	4533	1
5296	1517	1
2297	10893	1
5475	13474	1
9669	13474	1
19035	9727	1
3897	13474	1
8237	10737	1
5536	5537	1
4175	9300	1
13474	9669	1
17086	7079	1
7079	17086	1
1615	1556	1
9248	2866	1
17938	1556	1
4445	8492	1
3824	3822	1
8162	18918	1
10084	9369	1
11920	6190	1
2997	7257	1
229	845	1
8165	7764	1
3910	845	1
19036	8162	1
8058	8059	1
4597	3826	1
1469	3723	1
2630	18574	1
7079	3287	1
16166	11313	1
9669	15194	1
6357	12488	1
19037	6610	1
11346	13538	1
3480	11313	1
12472	12488	1
7389	11313	1
3924	13628	1
19038	6678	1
6140	11313	1
1050	1175	1
7390	11313	1
19039	19039	1
8243	5650	1
1493	6021	1
13744	2480	1
6556	1175	1
3002	387	1
906	10743	1
242	241	1
14263	2480	1
18989	18989	1
19040	19040	1
8172	14825	1
4580	16062	1
11313	2914	1
14937	3340	1
7553	5868	1
442	10038	1
6693	17797	1
7167	6017	1
18974	9754	1
10737	8237	1
19041	16062	1
7257	2997	1
11313	16166	1
13843	18143	1
8084	19042	1
19043	5195	1
8333	8676	1
19044	4227	1
7000	11556	1
5051	8197	1
8867	8451	1
7953	8451	1
18908	9300	1
10464	11556	1
3706	1497	1
5636	10620	1
9300	18908	1
12861	8451	1
241	242	1
8451	8867	1
10041	10042	1
6380	8935	1
2995	15818	1
8007	5419	1
14714	3948	1
10252	8451	1
17234	8451	1
7504	7681	1
6842	2142	1
10765	8451	1
16916	17592	1
10507	3404	1
8280	7088	1
10457	11773	1
8451	7953	1
13751	14728	1
9735	13973	1
5977	5176	1
10066	8966	1
9719	18826	1
6345	3332	1
18947	17080	1
8451	12861	1
1615	3716	1
1572	3002	1
9402	4029	1
6611	4029	1
387	3002	1
5039	4577	1
11313	7389	1
11313	6140	1
8676	7695	1
17193	1711	1
3569	8125	1
3344	17375	1
3334	5827	1
6649	16911	1
4175	7204	1
1372	624	1
19045	9991	1
4029	6611	1
692	3650	1
11766	11766	1
12788	2863	1
1739	1740	1
12073	7519	1
11690	2863	1
3433	2863	1
13973	9735	1
9114	4620	1
4806	5408	1
4346	3722	1
14777	14777	1
3404	10507	1
6540	791	1
16923	8228	1
2101	1771	1
12383	4568	1
5026	5027	1
13350	9085	1
1897	13275	1
14794	9156	1
12625	1742	1
5027	5026	1
7386	1742	1
8410	6424	1
9991	19045	1
6070	1439	1
