3950	4409	1
6811	7056	1
13598	18918	1
10569	10737	1
4409	3950	1
13405	1967	1
5099	2019	1
205	2019	1
11137	11137	1
13851	3315	1
4868	29	1
884	17773	1
1364	7681	1
9314	5427	1
3865	7681	1
4666	7109	1
10009	2465	1
14066	4816	1
5142	7681	1
6083	7308	1
7739	13538	1
4801	9554	1
4384	8452	1
4346	7810	1
3479	6985	1
1213	7681	1
18919	1913	1
12828	12829	1
2769	2010	1
1979	4627	1
12240	16461	1
18514	14326	1
8027	7532	1
12174	13273	1
29	4868	1
11704	7983	1
18920	17252	1
2555	18747	1
10574	6346	1
12274	16855	1
7532	8027	1
3009	717	1
10738	8619	1
11048	11187	1
7056	6811	1
9817	7624	1
849	3651	1
7983	11704	1
17946	6952	1
8562	18921	1
4287	10687	1
13273	12174	1
9556	8680	1
424	7746	1
2843	16958	1
10147	5779	1
2651	3108	1
9402	9452	1
11346	7501	1
16956	6344	1
18223	16898	1
5932	10560	1
17334	12777	1
5582	3245	1
6562	9718	1
1490	822	1
16663	5546	1
5357	15436	1
3651	849	1
12758	4008	1
824	2017	1
17930	6819	1
17024	15436	1
1207	16388	1
18238	7711	1
4662	13476	1
11943	14820	1
9480	8192	1
10139	11321	1
11411	10537	1
14807	14869	1
3821	2190	1
16075	16074	1
9880	4857	1
13232	4385	1
3245	5582	1
2019	3232	1
17773	884	1
18922	12281	1
12973	6577	1
16627	11296	1
12483	15925	1
8644	9600	1
10736	8333	1
6321	6299	1
1335	13925	1
13538	8333	1
17376	4936	1
8676	8333	1
9718	11078	1
10615	5169	1
6321	13515	1
8603	13515	1
18223	13515	1
2985	11144	1
15229	8150	1
3826	328	1
15798	7944	1
18454	6947	1
4024	7944	1
6660	9323	1
13548	11379	1
4810	8788	1
8609	3965	1
18223	14117	1
2776	4742	1
14326	18514	1
232	5774	1
9084	1105	1
4977	13350	1
8788	4810	1
3794	2941	1
14123	17926	1
3965	8609	1
10663	2941	1
1641	1491	1
18428	8490	1
18923	18923	1
10737	10569	1
1347	768	1
8150	15229	1
9695	9807	1
4668	5691	1
7223	226	1
10820	10820	1
11347	3187	1
2874	18076	1
6474	11783	1
7209	5354	1
3821	2658	1
5729	5509	1
18924	17964	1
10243	5932	1
5798	5932	1
4940	8522	1
1740	4299	1
4700	10095	1
4700	3575	1
9722	9723	1
13976	10080	1
18223	13621	1
3767	5217	1
17767	2411	1
10484	3048	1
10484	10485	1
17193	14001	1
13105	9731	1
18223	8723	1
14869	14807	1
7625	11676	1
8498	8499	1
8007	5419	1
5717	1420	1
4687	9627	1
3430	3234	1
11574	15572	1
16855	5294	1
3065	1342	1
15067	10023	1
15382	17915	1
9165	6986	1
13925	1335	1
1107	13593	1
10023	15067	1
11536	1854	1
5041	9618	1
10024	18062	1
6321	8018	1
5169	10615	1
10323	6452	1
9718	6562	1
5660	1338	1
3483	6384	1
15878	4408	1
3919	18674	1
3367	747	1
7002	747	1
6321	8603	1
11817	4632	1
1712	1713	1
12230	8029	1
17002	1885	1
8279	10262	1
17744	18925	1
1473	2349	1
13476	4662	1
18907	16650	1
6952	17946	1
1756	5812	1
6985	6930	1
6321	6686	1
3710	13187	1
5488	10620	1
10984	9615	1
3835	12217	1
10735	13343	1
15642	2255	1
5778	3868	1
18141	16088	1
18925	17744	1
5200	5549	1
8094	2786	1
95	15686	1
914	16166	1
3908	3907	1
8650	7024	1
7978	16830	1
4287	7336	1
7484	12095	1
5719	1620	1
15023	6977	1
15579	6898	1
3391	14190	1
18926	1829	1
1086	14190	1
14825	13574	1
2651	14190	1
11707	14078	1
6321	2260	1
11779	13574	1
9273	5222	1
18927	17948	1
1854	11536	1
18928	8929	1
15770	16830	1
14494	1829	1
2941	10663	1
4954	5541	1
16830	15770	1
14870	14749	1
6986	18594	1
10038	10038	1
8243	5650	1
1786	1756	1
8603	11905	1
1420	5717	1
9503	1891	1
4603	6765	1
5812	1756	1
6321	7038	1
216	2797	1
814	7104	1
17354	6337	1
12540	6901	1
5222	9273	1
2169	564	1
5650	8243	1
2547	391	1
232	6122	1
13574	11779	1
11946	5548	1
18223	8699	1
1299	6138	1
4954	4955	1
2797	216	1
4801	8361	1
18223	16802	1
12785	8354	1
18929	12709	1
6017	6122	1
1514	2083	1
2019	935	1
16166	914	1
14177	8078	1
6530	3396	1
18930	9518	1
18931	8443	1
1338	5660	1
9807	9695	1
3245	5362	1
3065	1897	1
2601	2602	1
6769	5337	1
4226	11681	1
2172	3250	1
747	2606	1
6796	16686	1
8650	3237	1
3065	3237	1
8361	4801	1
7673	2343	1
18932	6069	1
2913	14886	1
4193	4937	1
3821	14794	1
4092	4092	1
6321	12124	1
6321	10576	1
6127	4980	1
11731	6930	1
8606	14753	1
2590	4270	1
4592	3237	1
3138	5581	1
4270	2590	1
14749	14870	1
18933	1893	1
3237	4592	1
8451	8867	1
12773	12397	1
18119	793	1
10611	15664	1
4589	6513	1
16348	10396	1
6513	4589	1
8260	15664	1
2833	2832	1
912	1599	1
1583	1584	1
15664	8260	1
7382	8934	1
17840	8235	1
10984	6080	1
8269	13088	1
1599	912	1
15552	2962	1
15686	95	1
692	2962	1
14073	14901	1
10968	6485	1
10964	7082	1
8235	17840	1
12472	16516	1
8544	13361	1
850	95	1
2713	2059	1
12881	13829	1
8330	3817	1
17926	13736	1
18524	17861	1
6930	11731	1
10562	477	1
6321	7205	1
3970	5586	1
9342	7020	1
803	2607	1
6213	1599	1
18656	18657	1
4037	8280	1
14753	8606	1
7673	11538	1
543	616	1
5419	8007	1
5796	6467	1
10383	1599	1
14653	3924	1
6321	4905	1
8735	5857	1
6409	7552	1
13829	12881	1
4741	3753	1
14542	16592	1
6321	7089	1
13973	9735	1
14177	3932	1
4102	5240	1
3065	3380	1
6947	18454	1
3237	8650	1
13623	13624	1
13061	13491	1
4258	15763	1
7711	18238	1
13491	13061	1
294	6854	1
6321	7126	1
5773	3160	1
1388	7387	1
3753	4741	1
1289	1254	1
5628	6854	1
540	8167	1
6122	6017	1
3583	6424	1
7673	10920	1
1584	4789	1
2891	7484	1
7673	2569	1
531	1103	1
8929	18928	1
1299	8173	1
13710	4020	1
7673	6874	1
10968	12200	1
4940	8177	1
6319	14820	1
4810	2879	1
17193	3499	1
10014	10014	1
6039	8177	1
6321	9389	1
5678	8177	1
18223	11161	1
10737	12650	1
1220	985	1
5136	623	1
13580	7713	1
5758	12650	1
371	623	1
623	5136	1
3451	5928	1
5241	8173	1
12791	17541	1
2879	4810	1
2051	1558	1
17541	12791	1
16627	15229	1
10593	16703	1
3396	3786	1
2781	718	1
13196	385	1
2962	897	1
11683	15583	1
1497	3706	1
342	3380	1
2916	16067	1
16509	18934	1
15583	11683	1
897	2962	1
18935	15583	1
8603	6321	1
5719	4119	1
11970	7084	1
8603	3177	1
18936	18936	1
4763	4561	1
7084	11970	1
6056	6037	1
2308	16694	1
4006	7359	1
623	371	1
8676	10736	1
17236	539	1
16194	4120	1
3738	3690	1
2874	11244	1
10003	4797	1
3821	901	1
6757	11244	1
17878	17878	1
8228	3946	1
15628	16657	1
12626	4120	1
10188	13215	1
9718	13215	1
8386	6771	1
4768	4397	1
6777	6052	1
6321	9669	1
15965	6221	1
140	145	1
15365	10713	1
18937	8347	1
6898	11372	1
17861	16911	1
6006	6184	1
13736	17926	1
10713	15365	1
13392	12899	1
1586	3493	1
793	18119	1
9556	4360	1
11530	15469	1
18763	18774	1
14190	1086	1
793	17055	1
5684	6085	1
1176	10340	1
6321	5307	1
4954	2242	1
10769	4581	1
6321	6479	1
12397	12773	1
4047	8967	1
4120	12626	1
18223	6708	1
8000	8011	1
12899	13392	1
4360	9556	1
6468	10226	1
16301	16301	1
10199	12345	1
1599	10383	1
12345	10199	1
13215	9718	1
18929	4206	1
15586	9966	1
12777	17334	1
8000	10922	1
12344	5789	1
12217	3835	1
5928	3451	1
11912	2543	1
16001	18921	1
385	13196	1
6874	4681	1
13361	8544	1
2420	2611	1
8619	3767	1
6901	12540	1
1727	4171	1
7554	2863	1
15381	17257	1
4939	9248	1
7382	6815	1
7673	6783	1
6334	8280	1
6985	12340	1
8280	6334	1
14016	7138	1
9470	17856	1
16061	16061	1
15839	15802	1
12160	15988	1
9966	15586	1
7622	7495	1
18764	6638	1
3234	3430	1
13525	13522	1
11874	11873	1
15664	10611	1
3297	14503	1
2607	803	1
2779	2371	1
13884	15586	1
4019	18938	1
18860	15038	1
1903	18212	1
15839	7416	1
15911	16626	1
14876	7416	1
6638	5812	1
11873	11874	1
3483	2471	1
2962	1664	1
10389	16387	1
4550	3218	1
2203	11521	1
644	3091	1
17660	13903	1
11072	13550	1
7450	319	1
13550	11072	1
10611	8260	1
6052	2677	1
760	8452	1
2017	824	1
9992	10461	1
3297	11455	1
1844	5097	1
1583	3190	1
1375	18064	1
10461	9992	1
1299	3166	1
3817	8330	1
18214	1238	1
16694	2308	1
10674	11135	1
18455	18455	1
16657	15628	1
5894	8330	1
16627	9560	1
1338	4537	1
18939	3302	1
16456	11661	1
3109	5374	1
4936	17376	1
16626	15911	1
18321	9133	1
12519	13060	1
13851	1987	1
2611	2420	1
16627	8938	1
8603	2940	1
6738	2113	1
13932	7004	1
18223	16150	1
9075	14672	1
16801	16801	1
4983	4561	1
16581	8522	1
10620	5488	1
5789	12344	1
6419	11564	1
1987	13851	1
7004	13932	1
14081	7674	1
8330	5894	1
7919	18066	1
10968	2646	1
14075	7674	1
18940	18941	1
426	2017	1
15258	15259	1
7976	9903	1
3020	3088	1
6037	6056	1
6985	13275	1
12571	18035	1
5683	3213	1
4189	2067	1
6052	6777	1
18942	9234	1
3483	10797	1
8177	5678	1
4794	18408	1
3088	3020	1
15673	15054	1
7674	14075	1
8603	15818	1
2786	8094	1
6977	15023	1
18889	10192	1
4682	3742	1
18943	10774	1
10774	18943	1
3301	579	1
18534	8261	1
5546	16663	1
863	864	1
6321	6453	1
17238	579	1
3924	14653	1
9735	4852	1
10192	18889	1
7624	9817	1
8603	12902	1
407	407	1
9493	8666	1
18937	15555	1
5019	18506	1
2017	426	1
4581	10769	1
16387	10389	1
692	692	1
1069	15520	1
9777	6441	1
18944	9005	1
18945	3788	1
6508	6503	1
8650	6115	1
16627	17080	1
7495	7622	1
9248	4939	1
18946	18946	1
3680	15988	1
4516	4517	1
2209	2210	1
7673	4975	1
1897	12340	1
13424	5598	1
14129	14129	1
1712	2264	1
8040	18238	1
458	459	1
2067	4189	1
11767	3306	1
3545	7108	1
10102	5666	1
3315	13851	1
11564	6419	1
1103	531	1
14001	17193	1
516	14467	1
4860	15892	1
11661	6869	1
9945	10051	1
9248	2866	1
5097	1844	1
3855	13889	1
6869	11661	1
18223	8668	1
9503	3176	1
16627	5009	1
16389	6562	1
7552	6409	1
4829	16533	1
2452	16958	1
6104	8609	1
17080	18947	1
9966	15106	1
16389	11885	1
6730	7345	1
2616	2016	1
7144	11885	1
371	4780	1
3483	7608	1
879	878	1
18350	7074	1
2632	17090	1
2016	2616	1
18458	18457	1
13393	6424	1
5840	3561	1
12371	3775	1
18948	17659	1
11912	12535	1
17861	18524	1
13925	15516	1
5821	5820	1
14105	15847	1
13590	16612	1
7360	2105	1
14843	512	1
3065	2270	1
10002	18128	1
9378	7179	1
7074	18350	1
8489	3361	1
7382	3361	1
5817	5485	1
11553	11777	1
14769	18528	1
10984	12830	1
12587	13390	1
18860	18524	1
16985	15594	1
5548	11946	1
8867	8451	1
7953	8451	1
7179	9378	1
3433	2863	1
4047	9480	1
4780	371	1
1075	1074	1
12096	10537	1
6806	285	1
10363	4092	1
285	6806	1
18949	18949	1
10713	7831	1
7673	12456	1
5042	12582	1
747	4574	1
17898	9365	1
11777	11553	1
15381	13826	1
4171	1727	1
11751	6445	1
18950	7267	1
6115	8650	1
11166	1650	1
17321	15435	1
12568	6901	1
8650	4133	1
7639	6901	1
11455	3297	1
15925	12483	1
18951	2098	1
4546	16826	1
8681	4141	1
3583	5227	1
5227	3583	1
4133	8650	1
16533	4829	1
10593	6539	1
6128	10741	1
6901	12568	1
13903	17660	1
2503	4200	1
14147	14147	1
16612	13590	1
14377	6772	1
1583	837	1
2308	5100	1
18545	13562	1
3812	9736	1
6107	5170	1
12918	1899	1
12210	83	1
18457	18458	1
16023	16023	1
5767	71	1
4442	18952	1
1074	1075	1
3768	7764	1
1224	222	1
7980	8820	1
15847	14105	1
222	1224	1
7401	18953	1
10968	3975	1
14807	7276	1
18592	18784	1
8333	10387	1
12779	5366	1
17856	9470	1
6441	9777	1
2550	3028	1
7976	7512	1
11748	11748	1
12758	14505	1
4954	6779	1
10158	5546	1
9331	6734	1
6810	2046	1
6475	5546	1
477	10562	1
16585	17792	1
13538	11346	1
9357	2096	1
7999	8045	1
7309	5890	1
7000	14031	1
7090	4144	1
10968	6845	1
222	901	1
8451	7953	1
5447	5434	1
10537	11411	1
14031	7000	1
3736	9071	1
3767	8619	1
6985	14326	1
2420	1009	1
5345	4526	1
18784	18592	1
5366	12779	1
8590	18954	1
16745	14676	1
