12584	2134	1
14132	6372	1
18739	4595	1
12540	6901	1
7126	2725	1
16189	16189	1
5577	6298	1
5893	6650	1
13851	1987	1
16031	10938	1
2134	12584	1
8909	5365	1
8137	5825	1
2725	7126	1
6650	5893	1
6441	6930	1
46	5409	1
2877	2878	1
8260	10611	1
5683	6268	1
12340	1897	1
14388	17845	1
2646	7857	1
7512	8728	1
7040	6139	1
5419	8007	1
13273	16088	1
10611	8260	1
4485	5877	1
6264	6142	1
8728	7512	1
7012	17787	1
10537	4857	1
18642	7868	1
4788	7502	1
2017	4726	1
16399	8466	1
10374	10230	1
3723	3949	1
3824	3822	1
4824	13519	1
7452	8619	1
13392	12899	1
877	5382	1
5258	13626	1
7083	4726	1
5280	9389	1
12779	5366	1
8619	7452	1
2725	5239	1
13889	3855	1
14831	16389	1
5239	2725	1
8501	14676	1
2095	5547	1
4360	3855	1
8575	8750	1
5908	428	1
4595	18739	1
12748	2902	1
6345	3332	1
11465	1459	1
3248	8985	1
2422	3855	1
3366	3855	1
5170	2096	1
14030	14029	1
8950	14029	1
1774	3855	1
10436	15840	1
18207	16522	1
8243	5650	1
10230	10374	1
10620	14573	1
8860	6070	1
5278	16397	1
12861	5612	1
18740	893	1
18741	3689	1
3722	2712	1
12771	8141	1
2743	7435	1
4735	3166	1
10685	6562	1
1838	4171	1
9613	15773	1
6157	18179	1
18714	17415	1
12172	10609	1
3689	18741	1
5650	8243	1
3315	14197	1
14676	8501	1
15773	11078	1
7302	6804	1
4120	12626	1
18742	17415	1
5354	10749	1
2264	5562	1
5893	7543	1
9388	18743	1
3988	238	1
15062	14101	1
10687	4287	1
18742	18742	1
1025	2616	1
18606	8490	1
16343	2139	1
9718	6562	1
1985	296	1
14728	6051	1
3166	4735	1
18744	6700	1
6444	9960	1
18745	10609	1
17592	17592	1
8451	17234	1
4300	6122	1
8194	5948	1
1459	2712	1
10749	5354	1
4171	1838	1
17555	17555	1
7868	18642	1
5382	2483	1
15762	2483	1
8052	8247	1
1298	2176	1
12117	9325	1
5632	5631	1
4502	850	1
386	13453	1
14851	2722	1
4408	12840	1
16581	6730	1
868	506	1
855	6543	1
12024	12274	1
18722	4194	1
3569	10623	1
12274	12024	1
874	3194	1
2345	4422	1
12840	4408	1
17115	7597	1
4034	9184	1
905	12161	1
15586	13884	1
13350	4883	1
4939	9248	1
13350	13350	1
6122	4300	1
8889	18642	1
905	564	1
15067	744	1
2722	14851	1
18746	18746	1
7148	12364	1
905	861	1
17592	14163	1
13453	386	1
4204	18662	1
5463	3077	1
17592	11331	1
9570	12008	1
5533	304	1
17816	3849	1
8213	7409	1
9897	10982	1
2612	3082	1
8247	8052	1
3626	11307	1
6245	7332	1
12274	12175	1
14535	243	1
3082	2612	1
5170	7450	1
16497	8336	1
3849	17816	1
1077	5862	1
15578	6945	1
6193	7060	1
4777	6294	1
7367	6294	1
14573	10620	1
655	68	1
7450	5170	1
6901	12540	1
17816	5282	1
15997	12367	1
546	13188	1
3912	3794	1
8052	3284	1
11382	4335	1
9426	6202	1
8455	13479	1
7626	3800	1
9276	4747	1
16355	4751	1
9503	1041	1
5378	18698	1
14197	3315	1
10716	6183	1
5683	3315	1
4747	9276	1
18662	4204	1
15110	14482	1
15874	10993	1
1368	1280	1
68	655	1
17203	16515	1
6213	3370	1
7519	8140	1
10716	6952	1
2520	7651	1
9717	11730	1
9992	11730	1
12899	13392	1
2139	16343	1
14491	11815	1
16560	18747	1
12821	11815	1
11916	11830	1
2555	18747	1
2950	6430	1
6454	5446	1
6183	10716	1
801	15878	1
6952	10716	1
6658	10126	1
17788	502	1
11730	9992	1
7645	3353	1
905	3353	1
6213	18021	1
1280	1368	1
18734	18733	1
3343	1072	1
18366	18367	1
12008	9570	1
642	13772	1
1280	1625	1
3370	6213	1
18021	6213	1
6562	9718	1
7605	3818	1
1420	5717	1
18748	18749	1
18750	15896	1
18751	18751	1
13165	8199	1
4194	18722	1
17102	16368	1
8833	3867	1
5628	6854	1
11344	15777	1
18752	18753	1
6236	9330	1
387	1184	1
10095	3575	1
13117	13911	1
18754	408	1
4838	11189	1
4968	2560	1
11690	2863	1
3835	12217	1
1220	985	1
2143	4920	1
13884	10649	1
651	14302	1
11830	11916	1
2677	13879	1
14302	651	1
9300	6637	1
541	194	1
8052	7668	1
3375	16368	1
18727	4119	1
14340	14341	1
18030	7125	1
5485	14522	1
1556	2792	1
11212	12217	1
6638	5812	1
89	1731	1
9517	7125	1
12535	6244	1
18698	5378	1
3982	1891	1
2264	573	1
9392	5628	1
17090	14715	1
5923	1700	1
17390	15788	1
8867	8867	1
9897	10783	1
3315	5683	1
18755	342	1
4030	8330	1
441	11800	1
15788	17390	1
5495	1958	1
3826	328	1
1232	4102	1
5366	12779	1
18756	6703	1
5812	6638	1
10623	14522	1
7484	4102	1
9273	5222	1
7978	15770	1
12585	4102	1
2677	6783	1
5745	9568	1
7167	6017	1
14754	13350	1
9612	5735	1
15203	4102	1
408	18754	1
2643	4102	1
8257	15620	1
5490	6397	1
14494	1829	1
7613	1829	1
18690	3088	1
16832	12881	1
8684	10955	1
10304	1055	1
15896	18750	1
1727	1055	1
2904	1366	1
5628	9392	1
5188	5227	1
10760	16265	1
18757	18757	1
5406	18203	1
6436	3288	1
10716	7308	1
3286	3123	1
2506	14382	1
3517	3520	1
15067	957	1
15788	17389	1
10199	12345	1
18105	6421	1
4755	15915	1
18758	15225	1
12345	10199	1
18490	3591	1
3778	2491	1
11231	12932	1
10274	2493	1
17816	4890	1
4801	13023	1
9042	16062	1
15225	18758	1
1055	1727	1
905	4576	1
16250	2425	1
4170	2758	1
4030	1504	1
905	9872	1
905	5684	1
11341	9945	1
2546	6161	1
10716	9649	1
2997	3561	1
2345	6266	1
2832	3278	1
12483	14087	1
5	4879	1
1985	3383	1
1476	616	1
2757	2758	1
16522	10410	1
11730	8880	1
18621	11059	1
13772	642	1
979	2441	1
3438	5227	1
12217	3835	1
5227	3438	1
1967	13405	1
6017	6122	1
6113	540	1
6730	16581	1
6122	6017	1
4755	10503	1
11483	18162	1
10503	4755	1
872	10609	1
10085	2091	1
2425	9533	1
905	628	1
854	1645	1
2224	6127	1
11730	12397	1
12233	6127	1
12840	12840	1
14016	13965	1
1740	8141	1
205	4974	1
14715	17090	1
957	15067	1
9184	4034	1
6543	855	1
8856	604	1
2873	8141	1
17210	16137	1
3077	5463	1
2483	5382	1
9248	4939	1
18744	8273	1
14482	15110	1
9477	12572	1
243	14535	1
17115	1734	1
2201	2202	1
7178	18759	1
11730	4007	1
370	9580	1
3343	6718	1
4030	4514	1
16388	12899	1
4030	7556	1
11730	2836	1
9649	10716	1
7308	10716	1
10503	12899	1
1623	689	1
15886	12899	1
1900	4386	1
18647	10563	1
7949	1237	1
8367	1237	1
18715	4426	1
12899	15886	1
13638	18591	1
18759	7178	1
16005	278	1
5735	14576	1
4353	5501	1
1996	2456	1
12207	10563	1
16645	12899	1
5735	9612	1
15323	15324	1
1280	1514	1
1366	2904	1
16522	18207	1
4755	12899	1
16491	16056	1
18674	3919	1
6054	692	1
4680	4680	1
2677	4664	1
12932	11231	1
905	1373	1
18327	18327	1
6213	3843	1
15077	6508	1
5715	5711	1
17816	12787	1
16309	16310	1
13018	663	1
17115	11800	1
2677	6052	1
905	6136	1
2143	2219	1
6508	15077	1
4457	232	1
7151	8774	1
3737	14248	1
4047	6052	1
4138	2516	1
9050	11103	1
5222	9273	1
6613	12129	1
12760	12853	1
2143	56	1
504	492	1
11516	13989	1
4763	4830	1
6213	1599	1
10764	1599	1
12249	1935	1
1579	1580	1
15324	15323	1
11815	12821	1
18760	17129	1
2483	15762	1
3082	5282	1
10563	18647	1
15746	4662	1
4762	7158	1
3843	6213	1
5142	7158	1
18042	84	1
5612	12861	1
1599	6213	1
2677	11307	1
2831	13466	1
2247	3007	1
3343	2894	1
4141	2022	1
8928	7215	1
1781	16036	1
15153	12274	1
14248	3737	1
3343	7288	1
3912	11649	1
12274	15153	1
6637	9300	1
16062	9042	1
17234	8451	1
1058	12429	1
3930	12532	1
232	4457	1
12610	5920	1
17389	15788	1
3591	18490	1
4030	4020	1
12795	1064	1
4386	1900	1
504	860	1
3410	187	1
3497	1891	1
2518	2519	1
6142	6264	1
12532	4400	1
14576	5735	1
10718	869	1
1064	12899	1
187	3410	1
18514	14326	1
6490	4320	1
1064	12795	1
4102	5799	1
2677	7810	1
5907	13829	1
8052	3162	1
12982	14361	1
6757	6591	1
4704	6591	1
13911	13117	1
2677	1506	1
12899	4755	1
2264	10831	1
4030	293	1
18181	17425	1
5041	10856	1
11483	10363	1
18606	13951	1
7810	4346	1
906	11858	1
18761	18761	1
6446	15228	1
4346	7810	1
14197	3545	1
7004	13580	1
14197	14173	1
18655	9915	1
11243	9383	1
15099	18758	1
13951	18606	1
10363	579	1
5541	10743	1
10743	10831	1
10743	5541	1
12664	12650	1
7402	5748	1
7874	1467	1
4287	10687	1
18762	18762	1
15911	16668	1
10831	10743	1
3021	635	1
2546	2611	1
3545	7108	1
14326	18514	1
5170	1842	1
638	637	1
4144	17363	1
7082	10964	1
10609	12172	1
12861	10765	1
7223	226	1
3545	14197	1
17002	11361	1
12117	8499	1
4803	4804	1
7108	3545	1
8545	16900	1
18763	18763	1
11510	943	1
6183	4755	1
905	9895	1
2425	16250	1
7291	11196	1
28	4753	1
637	638	1
16855	12175	1
7645	905	1
5856	4668	1
6940	11655	1
2912	4668	1
16900	8545	1
5532	4668	1
5981	5880	1
4107	8774	1
3818	7605	1
2264	1712	1
4753	4668	1
2745	8886	1
2543	4668	1
6492	4668	1
6564	16387	1
2677	5026	1
11455	3581	1
9600	10449	1
2362	2361	1
15952	17498	1
18764	709	1
9100	18659	1
4662	15746	1
17519	6193	1
6591	4704	1
1280	4537	1
5711	5715	1
9456	4294	1
10330	7204	1
139	4288	1
12439	12709	1
12439	9389	1
3878	8950	1
8331	8950	1
18553	6112	1
8950	3878	1
6298	8950	1
18535	16229	1
5822	2532	1
4265	1285	1
2	5402	1
13599	16742	1
3233	966	1
16397	5278	1
5402	2	1
5282	3082	1
14029	8950	1
10765	12861	1
16742	13599	1
11331	17592	1
5880	5981	1
18061	13392	1
2677	2544	1
5257	3068	1
5656	5678	1
10466	10821	1
10955	8684	1
4662	18765	1
5495	7465	1
3521	8919	1
12439	2478	1
6197	9524	1
6198	9524	1
8320	12664	1
11361	17002	1
14361	12982	1
6372	14132	1
278	16005	1
4755	6183	1
4691	4769	1
10449	9600	1
1987	13851	1
15162	14201	1
6197	5860	1
8919	3521	1
8836	5860	1
16745	2422	1
18203	5406	1
12532	3930	1
14851	1517	1
3954	2227	1
3343	3590	1
3709	4783	1
11113	6951	1
6052	4047	1
1517	5697	1
18766	13609	1
2677	4047	1
3092	1517	1
4030	6849	1
4763	4561	1
56	2143	1
2219	2143	1
17835	5368	1
17498	15952	1
12054	801	1
2234	2227	1
18642	8889	1
3353	7645	1
2677	4120	1
905	7645	1
10716	13543	1
9830	12415	1
4921	2654	1
6213	3017	1
12439	2645	1
6483	6484	1
7670	7671	1
3517	9017	1
14132	18767	1
14066	3344	1
12664	8320	1
3517	1674	1
11779	13580	1
16668	15911	1
13829	5907	1
5365	8909	1
3382	11296	1
12096	8909	1
17592	16137	1
941	11344	1
10626	922	1
10654	11344	1
190	65	1
14085	14085	1
4257	4332	1
1280	1541	1
3343	1930	1
18768	12801	1
14837	17023	1
9276	7622	1
10313	11551	1
7622	9276	1
2482	14488	1
12881	16832	1
1661	2353	1
11551	10313	1
18534	10154	1
4753	28	1
14201	15162	1
635	3021	1
5343	8700	1
2091	10085	1
6270	1840	1
18769	4087	1
11973	4755	1
18770	3943	1
8141	12771	1
2227	2234	1
1517	3092	1
18769	3092	1
5773	3160	1
11296	3382	1
18771	16337	1
7143	3756	1
16992	3730	1
7012	3160	1
17787	8172	1
16265	10760	1
13528	8172	1
3730	16992	1
7465	8172	1
8172	13528	1
8172	17787	1
905	437	1
17882	18035	1
8950	8331	1
5631	5632	1
8140	7519	1
16978	16847	1
16855	3061	1
18621	15745	1
6637	4444	1
540	8167	1
16090	16090	1
11676	7625	1
623	3059	1
8909	12096	1
4360	2422	1
7071	11736	1
6113	5758	1
13795	6699	1
8774	4107	1
3366	2422	1
7354	1792	1
15520	16194	1
1390	1746	1
7859	2422	1
1746	1390	1
13503	7104	1
3343	2182	1
1674	15745	1
7138	12400	1
2422	3366	1
5495	7428	1
12591	14041	1
663	13018	1
14263	4555	1
2361	2362	1
15021	6103	1
3366	2308	1
4113	5482	1
18679	12570	1
2814	4555	1
12570	18679	1
15720	13455	1
14041	12591	1
6727	6040	1
549	1851	1
5660	4537	1
1280	2673	1
4030	859	1
1523	1338	1
17946	6952	1
15745	18621	1
5086	6258	1
540	6113	1
7104	13503	1
18772	15120	1
10074	1746	1
11137	18765	1
3897	13474	1
2607	1851	1
8734	4332	1
17589	18773	1
3190	1584	1
4409	3950	1
2308	3366	1
1058	9488	1
10716	3069	1
5758	6113	1
11779	14082	1
6874	4681	1
3950	4409	1
18699	18700	1
18763	18774	1
15211	18700	1
4810	5423	1
18186	16369	1
2264	12271	1
2345	2543	1
6127	12899	1
6513	3041	1
17257	1624	1
15181	162	1
12899	6127	1
13543	10716	1
4034	16719	1
5423	4810	1
4034	17224	1
16719	4034	1
3041	6513	1
16137	17592	1
4030	4257	1
5617	6127	1
9388	17224	1
6183	7308	1
9411	12691	1
18773	17589	1
2422	7859	1
6513	9330	1
2478	12439	1
2677	15069	1
12709	12439	1
14691	8695	1
18765	11137	1
2182	9846	1
1064	6267	1
8763	12134	1
5678	13538	1
12340	6545	1
8619	8763	1
10620	15599	1
12134	8763	1
18775	8896	1
9411	9303	1
9330	6236	1
13023	4801	1
2422	16745	1
18737	16638	1
2086	11641	1
5860	8836	1
11781	14082	1
18143	18506	1
1390	10074	1
1746	10074	1
1840	6270	1
18776	7856	1
14612	8492	1
8492	14612	1
4293	5581	1
17916	8260	1
11135	12400	1
3829	1469	1
4136	4137	1
18777	10410	1
9042	6371	1
1469	3829	1
18777	18207	1
12568	6901	1
5447	10829	1
7308	4781	1
1305	371	1
5870	5735	1
6721	6146	1
5072	2725	1
4436	18778	1
6900	7821	1
17499	16172	1
6649	6146	1
3343	797	1
9334	9610	1
6146	6649	1
18698	18698	1
18690	835	1
11483	11484	1
18467	272	1
2345	154	1
