6936	4218	1
4776	4574	1
10080	16241	1
15023	10285	1
5860	6197	1
6977	5444	1
16826	12220	1
1605	6813	1
7596	10118	1
18679	12570	1
8402	5444	1
12172	10609	1
1577	1577	1
16387	12308	1
9570	12008	1
14840	8540	1
11268	7971	1
14455	17473	1
10118	7596	1
13884	5325	1
11948	12756	1
4355	2383	1
12821	12570	1
6267	1064	1
11074	12308	1
2383	4355	1
6248	15555	1
928	929	1
5230	6233	1
13392	12899	1
3723	3949	1
7622	9276	1
205	204	1
12116	936	1
16189	12650	1
10759	2096	1
12259	15528	1
17120	17030	1
3988	238	1
7810	4602	1
8750	8575	1
12413	11164	1
11164	12413	1
5382	2483	1
13032	17434	1
18830	18830	1
7971	11268	1
11074	8354	1
12159	6734	1
5541	6779	1
5642	6779	1
16606	13821	1
9330	4613	1
8451	7953	1
9223	4810	1
10330	16358	1
8492	3853	1
10252	7953	1
4485	7604	1
4120	12626	1
1039	304	1
1584	3190	1
3853	8492	1
7223	4555	1
14101	7968	1
15589	4013	1
11074	9100	1
8451	17234	1
2950	6430	1
7427	8932	1
9067	3404	1
6197	12180	1
2483	5382	1
9600	10449	1
4956	7532	1
4334	1238	1
5066	5090	1
3139	18225	1
18141	16088	1
5773	2559	1
3190	1584	1
7138	12400	1
12500	88	1
15362	10988	1
4578	10933	1
5406	18203	1
11562	18478	1
207	7953	1
13911	13117	1
7993	5043	1
11902	13378	1
5799	4102	1
17410	4287	1
18817	18816	1
16358	10330	1
6649	6146	1
6122	6017	1
4287	17410	1
5628	6854	1
6977	5979	1
15407	3380	1
2555	4260	1
11341	10541	1
18831	9058	1
3066	4597	1
3742	3742	1
4260	2555	1
342	3380	1
3068	5090	1
296	649	1
2555	18747	1
59	4011	1
7772	3236	1
3662	675	1
4204	414	1
1721	1720	1
2541	1720	1
5538	5539	1
11910	7543	1
4260	718	1
3088	7543	1
8896	6562	1
18832	10080	1
14343	14343	1
15589	441	1
4218	6936	1
6901	12540	1
12540	6901	1
7088	8280	1
5659	1097	1
8328	6119	1
4666	3849	1
6582	6583	1
732	425	1
3068	2116	1
7223	8222	1
4801	13023	1
3822	858	1
801	15878	1
10461	1238	1
10206	12584	1
649	296	1
10	1359	1
8451	8867	1
8021	10900	1
4541	7932	1
6475	12175	1
18833	2051	1
18819	4093	1
17385	6984	1
16485	14335	1
6513	9330	1
1865	6736	1
8056	3493	1
4613	9330	1
15589	15668	1
18824	18825	1
16346	16057	1
1368	1280	1
10274	3076	1
4549	9656	1
7602	5699	1
11432	18834	1
1473	2349	1
2950	2460	1
1280	1368	1
14330	3695	1
16614	18835	1
6513	3041	1
6119	8328	1
3908	3907	1
16719	10205	1
12552	8369	1
3041	6513	1
18824	9958	1
1865	3795	1
1436	437	1
1388	13903	1
9958	18824	1
18825	18824	1
12666	10345	1
15836	627	1
18826	6307	1
46	1795	1
12345	10199	1
11243	9383	1
15579	11372	1
16210	6573	1
5759	7086	1
7223	1897	1
2559	5773	1
18836	3250	1
3378	6058	1
626	1266	1
18833	257	1
10792	3250	1
2376	16301	1
3852	18150	1
3370	6765	1
14264	8361	1
9239	6845	1
2139	16343	1
6765	3370	1
2493	10274	1
9240	9388	1
3068	4157	1
1883	9550	1
12626	4120	1
6227	4856	1
9369	4107	1
3689	1897	1
5979	5979	1
8924	18645	1
11459	16301	1
7223	14117	1
4603	4384	1
7993	2379	1
11807	12470	1
8925	8924	1
5107	4384	1
7000	14031	1
1883	1241	1
1930	139	1
5280	4384	1
17816	14728	1
7061	6609	1
13710	9248	1
9695	18649	1
3144	16418	1
13851	3315	1
14031	7000	1
18649	9695	1
4293	2699	1
2096	10759	1
4950	8967	1
1848	655	1
3849	4666	1
2067	4189	1
12870	7336	1
8248	15881	1
123	15789	1
2981	13473	1
11562	7466	1
2962	692	1
1865	692	1
1865	2768	1
18837	6129	1
912	1599	1
3068	6646	1
17061	10815	1
14494	1829	1
18565	7204	1
6690	15583	1
8174	2138	1
16369	18186	1
7495	14955	1
15781	5366	1
7223	1900	1
12861	14955	1
4171	1055	1
2985	11144	1
14761	14760	1
13476	1237	1
10815	17061	1
3022	2248	1
2721	3166	1
2138	8174	1
18838	18838	1
4602	7810	1
4384	5280	1
16166	11552	1
16962	7305	1
7626	6396	1
7478	13879	1
7907	1740	1
12400	7138	1
3066	3067	1
3894	216	1
4751	8522	1
13877	12773	1
10988	15362	1
16581	8522	1
4810	9223	1
13289	12773	1
12773	13877	1
18839	2916	1
7729	10449	1
3855	13889	1
3068	697	1
8280	7088	1
1237	13476	1
10023	15067	1
5522	5523	1
10567	10568	1
15444	8216	1
7484	8235	1
10154	18534	1
4918	7002	1
3068	3450	1
6247	5717	1
15789	123	1
2808	18840	1
1883	18841	1
5164	11555	1
7223	5857	1
655	1848	1
1436	9846	1
508	5350	1
3068	5047	1
16801	16801	1
7223	12340	1
453	515	1
4293	12108	1
7993	4060	1
645	1848	1
5047	3068	1
16301	2376	1
9617	11164	1
1996	2457	1
1883	1232	1
17816	1667	1
781	782	1
12010	18842	1
1848	645	1
10611	15664	1
5717	6247	1
14019	12365	1
4541	4873	1
3450	3068	1
14197	3315	1
10346	10345	1
1865	2265	1
3068	1612	1
3315	14197	1
18842	12010	1
13350	4883	1
2023	14655	1
5597	5075	1
872	18086	1
6646	3068	1
14754	13350	1
4287	10687	1
6321	10327	1
14321	6997	1
960	82	1
4260	4634	1
7086	2297	1
14375	82	1
7625	11676	1
4157	3068	1
7624	11676	1
4668	5691	1
16418	3144	1
16205	7930	1
2420	1674	1
16389	11885	1
1674	2420	1
1229	1163	1
9202	5472	1
18826	5590	1
18843	4208	1
2420	1556	1
18844	18844	1
6997	14321	1
10327	6321	1
1556	2420	1
3066	12540	1
5472	9202	1
3068	1294	1
9815	3500	1
9270	9272	1
5981	6155	1
7427	6883	1
3068	7484	1
12746	10463	1
18845	18845	1
8670	10737	1
1198	1322	1
13744	2914	1
18741	5782	1
756	3091	1
14715	13407	1
12124	12937	1
11676	7625	1
8525	8526	1
11902	6562	1
1883	1858	1
10463	12746	1
3534	11649	1
7178	3822	1
16343	2139	1
12540	11562	1
7484	10435	1
3775	5622	1
17867	17866	1
2548	13593	1
1064	6267	1
1865	344	1
18643	18643	1
2913	14197	1
1827	2043	1
17326	17324	1
13011	10716	1
7532	4956	1
9479	8228	1
5979	6977	1
18846	18847	1
18774	18763	1
1865	12313	1
2962	1692	1
13593	2548	1
14728	17816	1
14886	8222	1
13833	12223	1
3229	395	1
4064	8255	1
134	796	1
11649	3534	1
13350	14754	1
5114	18636	1
13014	12466	1
18725	18726	1
4159	3852	1
10735	13343	1
15429	10869	1
12532	3930	1
5979	4695	1
6638	5812	1
2420	2611	1
15774	18623	1
14326	18514	1
12400	2018	1
540	6069	1
2209	2210	1
9165	8228	1
10869	15429	1
2962	718	1
10220	10152	1
17517	17518	1
3404	9067	1
496	10152	1
18086	872	1
18833	1504	1
18848	18849	1
1504	858	1
17835	18112	1
5893	5047	1
5281	4569	1
3545	4660	1
11552	16166	1
13687	12650	1
5366	15781	1
14335	16485	1
18514	18721	1
2962	15552	1
7033	5305	1
14718	14718	1
6650	5047	1
14600	10174	1
8824	15718	1
12664	13687	1
13407	14715	1
800	5076	1
3983	3037	1
11902	299	1
5247	16506	1
7305	16962	1
15774	15774	1
5305	7033	1
10537	12096	1
12115	4525	1
16090	16090	1
14655	2023	1
7907	1567	1
8136	7893	1
18850	18850	1
9754	9474	1
13989	14039	1
18821	9599	1
8228	9479	1
12472	8695	1
18514	14326	1
18128	10002	1
2364	6443	1
7083	5374	1
18851	17676	1
5402	18807	1
14453	14453	1
782	781	1
8695	12472	1
1853	7372	1
9662	4742	1
4660	3545	1
15044	2773	1
9560	16627	1
4107	9369	1
3360	1313	1
2941	10663	1
7993	14849	1
7484	8452	1
6193	9369	1
7626	3800	1
15833	15724	1
12570	18679	1
1163	1229	1
6107	4320	1
3695	14330	1
2428	4320	1
15724	15833	1
4692	9031	1
2611	2420	1
4742	9662	1
10461	9992	1
6901	12568	1
6981	2863	1
5760	10615	1
5878	5878	1
3680	11342	1
10285	15023	1
18852	18853	1
4034	8668	1
12096	8909	1
12096	10537	1
7107	5607	1
1757	932	1
4801	9554	1
12466	13014	1
11723	3998	1
1645	854	1
11562	7213	1
2699	4293	1
7107	5009	1
7993	5009	1
16229	18535	1
18854	12657	1
8924	16742	1
15225	18758	1
7107	6048	1
932	1757	1
6006	6184	1
7520	7520	1
2617	9335	1
3066	3826	1
14556	13279	1
7223	6481	1
9992	10461	1
13884	14715	1
7223	4613	1
3539	2873	1
3149	7345	1
10736	8333	1
7907	7082	1
15589	17597	1
3297	11455	1
6860	16892	1
7626	3581	1
16412	12919	1
11781	15094	1
6443	2364	1
4093	18819	1
13851	1987	1
328	3826	1
2238	1022	1
9069	5000	1
13479	8455	1
4335	13868	1
12591	14041	1
1872	2546	1
17816	14114	1
18852	11943	1
7993	12562	1
5351	877	1
18855	11158	1
1992	4217	1
13977	15581	1
9275	9671	1
7078	7079	1
11943	18852	1
3930	12532	1
9857	6269	1
4541	2610	1
5922	5	1
3609	18794	1
6441	10537	1
5047	5893	1
10204	16947	1
3453	9940	1
1936	9842	1
9335	2617	1
18355	7266	1
7903	1935	1
12742	17409	1
18856	12240	1
15810	8977	1
1987	13851	1
4037	15792	1
16205	7204	1
14762	14763	1
14556	2087	1
18857	14831	1
15792	4037	1
3240	2754	1
12691	9411	1
9303	9411	1
18597	6730	1
11902	8347	1
10585	13105	1
14955	7495	1
18858	7484	1
12304	3944	1
10832	7763	1
18455	18455	1
15589	11817	1
18758	15225	1
21	1512	1
8909	12096	1
3893	6898	1
11817	4632	1
877	5351	1
10687	4287	1
6780	14277	1
13676	3098	1
3501	13807	1
6760	8359	1
16626	15911	1
10220	3664	1
7595	7592	1
18461	17014	1
1326	12375	1
10345	10346	1
5072	5896	1
10483	14105	1
564	4576	1
6429	16326	1
3361	7122	1
3921	1517	1
7907	6309	1
8333	8676	1
8345	8345	1
13982	3535	1
18859	6190	1
13778	11793	1
18860	16911	1
17719	17718	1
14039	4092	1
4523	5054	1
18861	4092	1
3809	15216	1
7345	3149	1
17676	18851	1
18621	4250	1
4569	5281	1
5221	7519	1
14535	6347	1
15954	6452	1
4541	5637	1
11455	3297	1
7907	1556	1
4464	140	1
12773	13289	1
10374	10230	1
4525	12115	1
1865	1865	1
8723	11675	1
