1490	822	1
2205	11414	1
7032	7597	1
2651	2647	1
1512	21	1
10663	2941	1
490	11702	1
1069	15106	1
2941	10663	1
3794	2941	1
5000	15411	1
16657	15628	1
15411	5000	1
12861	5613	1
18886	1570	1
1897	8222	1
3162	2109	1
976	5172	1
3921	2616	1
2139	16343	1
2646	7857	1
13455	4816	1
1992	1708	1
4726	4816	1
13275	8860	1
11144	2985	1
4664	10982	1
10319	10173	1
8036	10893	1
12176	7927	1
630	2019	1
13515	16282	1
6932	12777	1
18887	18887	1
18860	14302	1
5613	12861	1
271	272	1
18888	18888	1
18730	4907	1
2016	2616	1
623	5136	1
16677	8815	1
892	16819	1
4751	16355	1
2243	4673	1
14946	16282	1
4757	3017	1
16355	4751	1
7628	13593	1
2873	10067	1
914	16166	1
16282	13515	1
7764	3768	1
2883	3623	1
535	10838	1
5564	11258	1
10192	18889	1
14182	14095	1
3768	7764	1
18890	2877	1
2308	5100	1
12274	16209	1
2651	1188	1
8333	13538	1
16209	12274	1
18643	8447	1
10938	18862	1
5693	18862	1
4300	12082	1
8222	1897	1
3677	4459	1
5351	877	1
5382	877	1
1774	4605	1
17966	1854	1
16537	4605	1
9330	4613	1
16464	10129	1
4287	12870	1
16298	3581	1
12777	6932	1
9248	13710	1
5862	13023	1
5732	18180	1
13023	5862	1
17	98	1
7138	6860	1
7179	9378	1
4623	4187	1
222	2190	1
16985	11527	1
322	287	1
2941	3794	1
9872	375	1
16830	18891	1
3677	8783	1
9817	2455	1
2383	4355	1
4355	2383	1
1926	3616	1
4258	446	1
2651	3716	1
14190	3716	1
6869	7309	1
3677	1698	1
9265	4196	1
2651	6488	1
11689	7916	1
14277	7944	1
15798	7944	1
5134	7944	1
12011	1089	1
3616	1926	1
4907	18730	1
7556	4940	1
13022	12025	1
2019	2051	1
5243	4532	1
18892	12444	1
5191	8774	1
11731	6930	1
1698	8726	1
4613	14263	1
2671	3462	1
2480	14263	1
5660	1338	1
2019	3176	1
18826	9719	1
17797	6303	1
18893	8441	1
9583	10248	1
9487	7997	1
18149	18149	1
4187	18480	1
2019	395	1
2651	10154	1
8399	9136	1
3452	3037	1
14326	18514	1
5200	5549	1
3741	16708	1
12746	10463	1
4287	4007	1
11596	13772	1
14807	14869	1
1006	3102	1
2877	18890	1
2400	3723	1
7859	13889	1
14714	4946	1
3297	11455	1
6183	4755	1
4120	12626	1
98	17	1
168	18894	1
9554	4801	1
8452	7484	1
10435	7484	1
2019	186	1
7361	10620	1
8235	7484	1
1514	2083	1
6485	7484	1
12095	7484	1
14690	6997	1
14305	12937	1
2011	9483	1
16169	11899	1
11957	12937	1
3073	9776	1
2691	518	1
7602	9085	1
4755	6183	1
9817	5562	1
747	6377	1
627	15836	1
3716	14190	1
4682	5479	1
3202	518	1
10389	9251	1
9378	7179	1
10009	9506	1
13710	9248	1
4107	9542	1
14263	2480	1
1645	854	1
18895	12274	1
1746	4838	1
2651	2934	1
18896	5280	1
18524	16911	1
7309	5890	1
6319	14820	1
4007	4287	1
14263	4613	1
2400	1504	1
5250	7318	1
10118	11696	1
10248	9583	1
14041	12591	1
12870	4287	1
2651	8181	1
18345	14932	1
7641	8815	1
18514	14326	1
4287	11143	1
5890	7309	1
12861	14889	1
3723	17061	1
5981	6155	1
5880	6155	1
5076	800	1
9730	9730	1
4763	12052	1
9542	4107	1
8451	7953	1
7054	12333	1
11690	2863	1
5561	1897	1
2400	1897	1
6163	19	1
10620	7361	1
17592	14163	1
16179	9786	1
18897	18898	1
9786	16179	1
14699	2109	1
4852	9735	1
9556	4981	1
13912	10865	1
5709	7033	1
14313	3051	1
4287	8331	1
8903	11387	1
322	4092	1
8331	4287	1
10248	15263	1
2932	862	1
9299	511	1
8167	540	1
1572	13453	1
2019	2785	1
6297	8017	1
15153	7801	1
6083	4873	1
9299	8216	1
7403	7404	1
14190	4873	1
11702	490	1
6083	4781	1
13987	12463	1
7484	6485	1
2169	564	1
4287	7006	1
18899	18899	1
5088	2347	1
18900	18900	1
18875	18875	1
2400	1469	1
6874	4681	1
437	861	1
7006	4287	1
18901	17199	1
14807	7276	1
18902	16742	1
6083	6700	1
8183	6700	1
2019	4346	1
16686	6796	1
4741	4742	1
564	2169	1
14190	2651	1
2019	3232	1
7309	10363	1
7801	15153	1
17966	6853	1
2651	8533	1
14263	4555	1
10363	7309	1
8843	7944	1
8297	860	1
7466	7944	1
9817	12774	1
4024	7944	1
2754	3240	1
4801	7944	1
13453	1572	1
18903	16495	1
1943	1943	1
17691	17014	1
4158	13428	1
18777	16522	1
8836	5860	1
16166	914	1
12174	13273	1
913	797	1
1925	2616	1
5	27	1
18076	2874	1
18904	18904	1
6717	6717	1
11292	16495	1
13273	12174	1
6607	11341	1
7789	17031	1
18905	17031	1
2017	5349	1
5561	4534	1
2651	2427	1
16537	10434	1
1661	2353	1
997	1081	1
10749	3315	1
7495	7622	1
13593	1107	1
95	15686	1
4409	7452	1
5897	4293	1
9141	14597	1
8721	1840	1
7452	4409	1
17061	3723	1
5546	16663	1
5773	3160	1
13900	1134	1
4816	14066	1
4778	4779	1
18429	18429	1
2400	4070	1
9612	6883	1
7020	13477	1
5231	4070	1
6508	15077	1
5170	1842	1
16541	5598	1
17489	13689	1
16537	4724	1
14831	18857	1
4293	5897	1
1081	997	1
4136	4137	1
8359	8962	1
18857	14831	1
18906	7596	1
623	371	1
4597	3826	1
6134	6709	1
387	2571	1
802	15875	1
17966	3177	1
1698	7480	1
8111	4532	1
6860	2428	1
11118	650	1
2019	1558	1
10219	7204	1
540	8167	1
1469	3723	1
9556	4114	1
2893	2109	1
5561	4362	1
6443	2364	1
7831	10713	1
11947	11175	1
18907	6931	1
2364	6443	1
4092	322	1
6316	7334	1
2048	1558	1
9369	6193	1
4741	10450	1
1786	1756	1
13851	1987	1
15077	6508	1
12591	14041	1
4836	8967	1
8017	6297	1
15663	10865	1
1884	8666	1
15925	12483	1
6909	7158	1
6303	17797	1
17966	8358	1
1074	1075	1
3677	2647	1
2651	8490	1
3396	6530	1
3568	7838	1
18908	10464	1
9251	10389	1
11704	7983	1
4287	7213	1
3547	2457	1
3450	2284	1
10865	13912	1
4037	8280	1
9817	3965	1
6141	4950	1
6420	3183	1
3343	5130	1
4940	8522	1
13889	7859	1
4446	4660	1
800	5076	1
16789	16790	1
5860	8836	1
6233	5230	1
5026	5027	1
5110	5818	1
16039	10353	1
4984	10808	1
8499	8498	1
2651	2478	1
3723	1469	1
17966	5977	1
2019	5099	1
1188	15300	1
2607	803	1
5130	3343	1
9817	15687	1
18909	2592	1
13232	12479	1
2019	205	1
13132	16751	1
8280	4037	1
13215	4195	1
10348	5875	1
8364	8214	1
4226	11681	1
7622	7495	1
1756	1786	1
14889	12861	1
5041	6441	1
4287	12108	1
4829	5691	1
27	5	1
1134	13900	1
18742	17415	1
6772	14377	1
13232	4757	1
9335	2617	1
4977	4977	1
18910	10843	1
4431	4977	1
15300	1188	1
8183	1556	1
14377	6772	1
17816	4977	1
6155	5880	1
12096	10537	1
13702	9069	1
3547	5485	1
5000	9069	1
7413	5096	1
2651	9669	1
18911	18911	1
3396	3786	1
4613	9330	1
2617	9335	1
13175	3118	1
12861	8867	1
2651	9368	1
14593	9776	1
7884	5427	1
3677	3384	1
9069	5000	1
2019	2712	1
8333	10736	1
7801	5191	1
129	4064	1
1338	1523	1
18912	12670	1
4942	18913	1
5427	7884	1
18736	18736	1
14190	1086	1
18831	9058	1
12108	4287	1
18913	4942	1
10537	12096	1
8867	12861	1
10920	2343	1
8810	5343	1
18854	12657	1
12937	12124	1
6420	7014	1
17773	884	1
15067	6314	1
14597	9141	1
13580	11779	1
4675	1987	1
2893	5360	1
5485	3547	1
14825	11779	1
707	707	1
14277	10080	1
229	334	1
18430	18431	1
334	229	1
4287	10687	1
4950	6141	1
11387	8903	1
861	437	1
1987	13851	1
6352	7761	1
2651	3391	1
14190	3391	1
9276	7622	1
1774	4692	1
7622	9276	1
17966	5107	1
8183	5107	1
16830	7978	1
18158	15229	1
5230	6233	1
18889	10192	1
11779	14825	1
8150	15229	1
2400	2646	1
1987	4675	1
4300	6122	1
4287	2390	1
12610	5920	1
10687	4287	1
7761	6352	1
2390	4287	1
18061	13392	1
3121	3102	1
18914	13270	1
18431	18430	1
16911	17861	1
9028	11258	1
11779	13580	1
11661	16456	1
2651	3583	1
16414	16055	1
11258	9028	1
13580	7713	1
2109	14699	1
6314	15067	1
3037	3452	1
13442	15283	1
4763	4561	1
2651	7089	1
15283	13442	1
7532	8027	1
11982	18533	1
9934	6060	1
18650	14563	1
9817	6059	1
18895	7122	1
8214	8364	1
6730	7345	1
11414	2205	1
375	8269	1
8330	5894	1
5719	4317	1
8269	375	1
5549	5200	1
13689	17489	1
4317	5719	1
8280	7088	1
13095	384	1
17861	18524	1
13390	12587	1
15079	7056	1
12587	13390	1
7487	5897	1
15038	18524	1
12743	12587	1
7056	15079	1
9470	18524	1
3722	4346	1
18629	18524	1
7625	11676	1
14563	18650	1
2400	12340	1
18915	10153	1
6545	18358	1
789	2829	1
15686	95	1
5217	3767	1
18268	5196	1
322	3828	1
7595	7592	1
16387	6564	1
6069	540	1
12587	12743	1
12927	12927	1
17210	16137	1
11048	15470	1
5378	16035	1
8183	3210	1
18099	18112	1
4741	7033	1
11007	7944	1
7056	6811	1
1149	14540	1
6420	4266	1
6811	7056	1
9817	5691	1
16074	16075	1
8398	7519	1
4938	3309	1
6709	10540	1
6930	11731	1
2428	4320	1
1774	4910	1
13951	18606	1
13392	18061	1
3294	4260	1
9299	540	1
7501	11346	1
16399	8466	1
8756	18916	1
8183	11043	1
18207	17014	1
6420	3353	1
5204	5205	1
6247	4374	1
747	7002	1
13270	18914	1
5351	896	1
747	3367	1
4983	5287	1
5689	12861	1
7711	18238	1
5898	7487	1
2051	2019	1
3176	2019	1
395	2019	1
877	5351	1
3026	7152	1
186	2019	1
10620	5488	1
9600	8644	1
17416	16137	1
11676	7625	1
5897	7487	1
11344	8681	1
4346	2019	1
4064	129	1
8330	1238	1
7810	4346	1
18917	9378	1
6693	6447	1
4409	3950	1
11346	13538	1
11817	4632	1
3950	4409	1
16537	6513	1
4371	6393	1
4983	4561	1
