10405	17729	1
8328	6119	1
18989	18989	1
14656	5217	1
8903	9120	1
19056	19056	1
11537	9842	1
12516	18822	1
2808	752	1
12785	18822	1
15157	6382	1
11905	7141	1
1996	2457	1
2573	2571	1
12500	88	1
9769	2665	1
1631	5857	1
13139	13139	1
8702	15014	1
8308	5468	1
9817	2455	1
18027	9182	1
1373	1372	1
7592	19003	1
7595	19003	1
9754	9474	1
11894	17210	1
19091	19091	1
17162	4906	1
19091	10205	1
19003	7595	1
18679	15062	1
11168	18953	1
861	37	1
16947	18509	1
2876	19087	1
990	3210	1
6234	4431	1
5943	4948	1
16093	5050	1
14817	4332	1
12274	9132	1
3657	5580	1
5318	7786	1
6113	8880	1
2091	2616	1
17193	1711	1
1622	12420	1
18509	16947	1
941	14876	1
2997	14535	1
4036	5670	1
11724	5670	1
13083	15410	1
7804	9300	1
9842	11537	1
5366	12779	1
6934	19044	1
695	5896	1
6952	17946	1
4064	129	1
6352	3723	1
14132	4167	1
16161	7654	1
11661	16456	1
10266	6962	1
5696	5696	1
19092	1030	1
6352	2496	1
8725	3648	1
13325	5773	1
990	616	1
4241	13677	1
990	6716	1
3762	7901	1
7901	3762	1
5720	5742	1
3020	11058	1
11564	6419	1
9202	6419	1
16980	2496	1
990	1441	1
16274	2496	1
17486	9375	1
11058	3020	1
4250	2912	1
6441	16174	1
2912	4250	1
16891	1113	1
4408	12840	1
4668	5622	1
8880	6113	1
2480	14263	1
17729	10405	1
18644	19073	1
17084	17322	1
12899	13601	1
15362	10988	1
5041	9618	1
16456	11661	1
8903	10988	1
16918	15488	1
1074	1075	1
15560	2260	1
13149	2260	1
18002	18002	1
6352	7764	1
6172	540	1
14032	14032	1
18876	16171	1
835	2533	1
2077	2083	1
16405	14172	1
17946	6952	1
13599	16003	1
3431	2115	1
19003	7592	1
11030	12330	1
6352	5555	1
17787	5164	1
15560	6429	1
12840	4408	1
12023	19093	1
998	2865	1
3050	15053	1
1622	15320	1
990	3211	1
18700	18700	1
11044	9368	1
3088	5355	1
941	7033	1
18699	18700	1
16387	6564	1
1641	1491	1
11556	7000	1
4983	5715	1
5047	5893	1
8745	7967	1
15062	18679	1
16891	8803	1
5565	5630	1
5773	13325	1
8443	8989	1
13279	11410	1
2813	5990	1
14448	13620	1
3723	3949	1
9031	4692	1
10988	15362	1
6352	3949	1
6419	13590	1
3648	8725	1
15560	13149	1
11311	596	1
5756	1584	1
1429	2087	1
3676	4769	1
3738	3690	1
3035	5006	1
8059	8058	1
5027	5691	1
16389	11885	1
2611	12239	1
6564	16387	1
10531	9300	1
12239	2611	1
8141	5826	1
2292	1612	1
5826	8141	1
5847	15476	1
5443	7535	1
12771	8141	1
17729	478	1
16174	6441	1
6097	6095	1
13083	10347	1
4741	9546	1
4487	9359	1
15996	12096	1
3086	17978	1
5443	9736	1
5943	7180	1
9215	7742	1
14343	6893	1
6730	16581	1
14016	7138	1
6097	4822	1
9375	17486	1
6294	896	1
990	15744	1
16405	9025	1
12596	9378	1
1813	1642	1
4431	6234	1
16161	12312	1
12540	6901	1
12580	16209	1
13869	6611	1
7654	16161	1
18876	18877	1
12813	17609	1
13663	10838	1
14263	2480	1
6483	6484	1
6097	5624	1
4453	2420	1
19094	19094	1
13366	13366	1
5541	7564	1
14107	6552	1
14370	13528	1
8374	7804	1
6799	7705	1
13187	13187	1
10193	8777	1
2646	7857	1
17455	19077	1
19095	19095	1
14450	15110	1
8192	9480	1
18876	17671	1
16891	10713	1
1305	9483	1
1900	4029	1
6172	7292	1
4800	14733	1
17098	8336	1
17851	14492	1
11479	3137	1
5671	1339	1
5773	3160	1
5893	5047	1
16891	15153	1
5742	5720	1
8336	17098	1
19009	7884	1
13851	1987	1
18989	14131	1
7120	9361	1
5164	17787	1
1987	13851	1
7884	19009	1
1439	6070	1
7134	13807	1
4724	7108	1
15996	10478	1
18380	14868	1
12709	13305	1
19096	8244	1
15774	14314	1
16873	1081	1
6352	3943	1
3943	6352	1
3512	2496	1
19097	12540	1
14197	7108	1
5443	7213	1
14131	18989	1
13528	14370	1
11044	9389	1
14343	9389	1
5756	5191	1
4047	2677	1
3545	14197	1
18981	6997	1
755	2126	1
2699	4293	1
5443	9381	1
16891	7215	1
9361	7120	1
14540	1149	1
3723	3768	1
3768	3723	1
3503	5742	1
8237	8237	1
8683	9342	1
19098	15001	1
16751	11977	1
12598	11416	1
13088	447	1
14951	18643	1
1933	386	1
10248	15263	1
5486	2534	1
14343	2588	1
6475	10157	1
11044	2588	1
3912	11649	1
18793	3076	1
9342	8683	1
5381	10387	1
5443	5444	1
10158	10157	1
7085	10623	1
4370	5354	1
5486	9331	1
8903	13555	1
5894	4662	1
5756	4662	1
8272	370	1
3742	3742	1
14837	10374	1
70	95	1
11434	15535	1
11767	3306	1
2985	11144	1
9359	4487	1
12936	11844	1
9248	4939	1
229	845	1
15471	13573	1
4453	9576	1
10479	7409	1
2885	9300	1
11812	6931	1
17926	4029	1
6352	1469	1
1996	3547	1
6380	6234	1
11044	15194	1
9110	14124	1
6127	12899	1
5204	5205	1
5485	3547	1
12466	7592	1
10282	2427	1
4107	9369	1
9369	4107	1
655	68	1
19099	19100	1
5894	10910	1
1469	3723	1
18829	7940	1
9703	19092	1
2043	2863	1
18679	12570	1
12383	1295	1
17210	1819	1
8903	15691	1
8490	13951	1
11916	11830	1
16581	6730	1
1924	9661	1
5756	8774	1
4747	7409	1
7071	19101	1
4757	3438	1
6348	7267	1
10205	18642	1
2397	14461	1
1723	1461	1
11714	1155	1
13083	5849	1
11044	9669	1
990	4422	1
12570	18679	1
14343	5849	1
2678	4032	1
7604	9410	1
16376	11040	1
4197	9410	1
95	70	1
5857	1631	1
8260	10611	1
1819	17210	1
5894	8330	1
3853	1631	1
3438	4757	1
5778	3868	1
6234	6380	1
6869	7309	1
14461	2397	1
4970	1631	1
10611	8260	1
12630	3383	1
5581	1631	1
14343	2532	1
990	323	1
4939	9248	1
6496	17592	1
207	7953	1
14841	14461	1
10562	95	1
13724	4034	1
3366	2422	1
2308	2422	1
7370	10273	1
2185	1631	1
5821	5820	1
6356	17080	1
6374	936	1
19089	19088	1
6080	10984	1
3539	2873	1
10296	14115	1
19102	19102	1
9287	8404	1
3950	4027	1
9615	10984	1
941	5847	1
4856	1601	1
1280	1368	1
3458	9944	1
490	1565	1
5636	7361	1
19103	19104	1
16780	16780	1
5176	5977	1
11844	12936	1
7086	5759	1
6321	9669	1
7402	8320	1
1565	490	1
14343	12936	1
10984	6080	1
14831	18857	1
5435	4032	1
6352	2646	1
1898	15745	1
18857	14831	1
2422	2308	1
10086	8079	1
15148	15745	1
14343	634	1
6352	5111	1
3680	11342	1
19105	1622	1
11650	9944	1
15320	1622	1
9470	6649	1
10273	7370	1
14461	14841	1
6931	11812	1
6441	3149	1
19087	2876	1
18414	18415	1
4652	4537	1
6352	1863	1
19106	19106	1
16729	13361	1
5756	13747	1
3376	4006	1
1687	1493	1
990	1777	1
6069	8038	1
6409	7552	1
12174	13273	1
14050	9078	1
17592	6496	1
9621	2138	1
7031	7741	1
18211	8280	1
5759	7086	1
5258	7012	1
10374	14837	1
5377	12483	1
19107	7434	1
14151	3345	1
4095	5537	1
13723	12591	1
7409	4747	1
3345	14151	1
4409	3950	1
11943	14069	1
11340	2616	1
6799	6224	1
10582	13803	1
11346	13538	1
12021	13851	1
18643	14951	1
2496	16274	1
18642	13390	1
17375	3344	1
6352	4227	1
17758	6424	1
3149	4857	1
8998	314	1
10368	8522	1
5678	13538	1
10623	7085	1
13741	1884	1
2043	5778	1
15936	14354	1
14382	14321	1
5820	5821	1
5736	14461	1
6942	914	1
2916	10023	1
3950	4409	1
12932	6562	1
14535	14754	1
12160	15988	1
6172	12011	1
9066	7988	1
14868	18380	1
3149	6441	1
4962	9669	1
4569	5897	1
12779	5366	1
19100	11778	1
11516	10427	1
11455	3581	1
3723	1469	1
11044	15223	1
15976	4174	1
707	4883	1
11403	7988	1
13390	18642	1
11220	7267	1
4666	5943	1
14816	8420	1
914	6942	1
8404	9287	1
1431	13925	1
6056	5943	1
15106	7334	1
5172	12010	1
6730	7345	1
7334	15106	1
16664	2445	1
11102	5875	1
4806	5408	1
9015	15698	1
12899	6127	1
6039	7345	1
8322	7326	1
7404	7403	1
5443	7345	1
707	7193	1
14321	14382	1
17680	11967	1
10109	4922	1
4167	14132	1
19108	19108	1
19019	6080	1
6097	5777	1
10729	6622	1
19109	1084	1
11836	13113	1
1810	1179	1
9201	14055	1
14450	1548	1
10282	8092	1
9150	16035	1
6441	4857	1
4029	1900	1
17427	15988	1
5868	7553	1
7671	9488	1
6496	7143	1
7988	11403	1
15067	10023	1
1182	11598	1
1622	12299	1
11273	3234	1
1740	3674	1
2422	3366	1
3073	9085	1
8320	7402	1
12756	11948	1
5490	6397	1
