16517	4522	1
3826	4597	1
10003	12336	1
564	4457	1
1168	9300	1
5305	7033	1
19072	14277	1
13372	14093	1
9120	8903	1
18862	3186	1
10531	13547	1
4328	8903	1
9992	10461	1
10720	7852	1
18644	19073	1
13042	5083	1
10475	9069	1
16787	4692	1
7783	3744	1
4616	8643	1
15691	8903	1
4522	16517	1
1064	12899	1
7020	5821	1
6925	8903	1
7179	9378	1
1101	11509	1
2855	1081	1
683	71	1
535	10838	1
18621	9330	1
1599	1009	1
4777	896	1
7988	13582	1
3274	828	1
17744	17744	1
19074	12848	1
6203	6203	1
6446	15228	1
8985	3248	1
1081	2855	1
5258	3160	1
10724	2550	1
16874	17044	1
12990	14584	1
9769	2665	1
18714	10437	1
11767	5678	1
2576	4397	1
5181	8521	1
8199	2109	1
19058	10509	1
5773	3160	1
6769	4653	1
9058	18779	1
15925	7968	1
19069	6490	1
5944	6490	1
18621	11059	1
6490	5944	1
5443	11007	1
14328	14816	1
4431	1620	1
12902	4704	1
11905	4704	1
11059	18621	1
492	7042	1
6171	16169	1
4760	4344	1
1620	4431	1
14194	6319	1
786	589	1
2808	6966	1
4431	5374	1
13688	8162	1
6013	14605	1
4726	2017	1
10330	15985	1
14817	753	1
13392	12899	1
16388	12899	1
6113	8880	1
15886	12899	1
6611	13869	1
5642	9087	1
12902	13248	1
11905	13248	1
16091	16092	1
4624	5622	1
15985	10330	1
6490	19069	1
15478	11339	1
1935	15004	1
7276	14807	1
2734	2734	1
455	3602	1
15525	11414	1
11680	11680	1
2985	11144	1
6070	5355	1
9735	10582	1
13803	10582	1
8880	6113	1
10266	11650	1
11455	3581	1
12848	19074	1
1827	1828	1
15650	15964	1
4846	15091	1
10080	14699	1
4869	6424	1
10567	17221	1
987	1008	1
19075	7317	1
4344	4760	1
1661	2353	1
956	379	1
4341	3897	1
18089	18090	1
4431	8724	1
2808	2604	1
15014	8702	1
4653	6769	1
10347	8702	1
4751	16355	1
10266	1977	1
4346	14443	1
9410	4197	1
16037	16892	1
16956	8235	1
11187	13985	1
3897	4341	1
2077	2083	1
987	642	1
18736	3471	1
9381	8719	1
10940	8092	1
19076	7666	1
3383	11540	1
5374	4431	1
8724	4431	1
2051	1558	1
8938	6977	1
3928	12242	1
2101	4031	1
16509	18601	1
8347	19053	1
9154	19053	1
10405	478	1
18178	2319	1
4346	4345	1
4451	4450	1
12580	7481	1
478	10405	1
1372	9270	1
8587	11967	1
14328	6883	1
5564	5482	1
13548	16009	1
4597	3826	1
19077	17455	1
3166	15226	1
12779	5366	1
6879	9992	1
5564	15106	1
19078	19079	1
12286	12287	1
5076	800	1
5464	5464	1
12902	18653	1
19032	11607	1
6865	5773	1
19080	8974	1
5564	7334	1
7309	579	1
5509	15554	1
375	15422	1
5513	4658	1
7033	5305	1
9817	3058	1
15554	5509	1
5723	5374	1
4431	5877	1
5133	6441	1
19073	18644	1
19080	14131	1
12336	10003	1
17326	17324	1
10008	6113	1
4611	1791	1
16387	12308	1
11905	14930	1
6013	482	1
19081	19081	1
9410	7604	1
5026	5027	1
15535	11434	1
14050	9078	1
4034	19082	1
19016	10047	1
4431	1254	1
9270	1372	1
5564	14676	1
4431	4525	1
143	257	1
4810	9223	1
11649	3912	1
95	70	1
8336	7631	1
16009	13548	1
6441	4857	1
8451	7953	1
3706	1497	1
2941	3912	1
10179	12111	1
8702	15014	1
16174	6441	1
3308	15013	1
18815	12282	1
1749	8757	1
19075	8128	1
5773	6865	1
4047	8967	1
1749	10713	1
16892	16037	1
18142	19082	1
4335	13868	1
12899	16388	1
9078	14050	1
11517	3004	1
11773	11416	1
11416	11773	1
5564	5882	1
2456	2457	1
143	2712	1
15153	4816	1
1749	2017	1
10266	2446	1
1749	1750	1
1051	2446	1
9378	7179	1
7592	19003	1
5715	4983	1
4451	2673	1
9369	6193	1
16388	1207	1
5564	12096	1
10266	16009	1
16169	6171	1
10096	17105	1
4451	8232	1
6428	13599	1
5564	11258	1
11855	6220	1
6840	3307	1
10266	8293	1
6193	8820	1
2075	2076	1
4409	3950	1
15745	15618	1
3950	4409	1
19079	19082	1
19046	19046	1
19078	19082	1
19083	19084	1
11905	8603	1
4816	15153	1
987	706	1
12902	8603	1
5670	11724	1
800	5076	1
3286	3286	1
5120	19082	1
7514	6069	1
5564	16745	1
10248	15263	1
1631	5581	1
5553	6069	1
12902	8490	1
4801	9554	1
6193	9369	1
5443	8541	1
11905	8490	1
7631	8336	1
14017	14017	1
6851	11683	1
6619	2260	1
11766	11766	1
4985	2260	1
5481	4980	1
16742	16330	1
9087	5642	1
1338	2843	1
11223	13807	1
9718	6562	1
9369	6386	1
5331	8105	1
4111	5318	1
1898	15745	1
6315	7922	1
4431	5733	1
3149	6441	1
6380	8935	1
16110	12565	1
1439	5355	1
16330	16742	1
15415	16330	1
1631	4970	1
4801	7922	1
12315	9069	1
18212	2902	1
5564	12776	1
8108	3462	1
2911	7481	1
10266	3462	1
16194	15520	1
12233	16330	1
6562	9718	1
1749	1769	1
17098	7922	1
10938	7922	1
1631	3685	1
1656	3999	1
5733	4431	1
3999	1656	1
10179	9069	1
956	11530	1
8208	2428	1
16330	14195	1
7000	10464	1
37	8070	1
2665	9769	1
5400	3828	1
6857	12383	1
5497	5498	1
9069	10179	1
12312	15911	1
5630	5565	1
8820	6193	1
7922	17098	1
379	956	1
6931	11812	1
10266	10200	1
4431	6234	1
3493	3491	1
4832	16787	1
1181	1181	1
16485	14335	1
369	12781	1
10868	4300	1
6122	4300	1
10778	252	1
3985	10755	1
8895	79	1
18643	18643	1
11012	13149	1
4300	8665	1
13808	9731	1
14869	14807	1
7967	8745	1
17926	9863	1
16581	6730	1
18779	9058	1
10266	12982	1
9132	12274	1
6441	16174	1
15774	14314	1
6146	6649	1
8541	5443	1
5227	11521	1
9927	447	1
12439	11521	1
1631	2812	1
6171	3950	1
6977	8938	1
11007	5443	1
6730	8938	1
7006	8938	1
7255	19085	1
3950	6171	1
9375	7066	1
5564	9639	1
1631	3853	1
9992	6879	1
14081	14075	1
11256	6113	1
6013	3671	1
14114	4090	1
16000	444	1
14597	9141	1
19086	9015	1
14825	8172	1
4431	5560	1
19044	6934	1
3366	2308	1
369	4241	1
2308	3366	1
19085	7255	1
2398	12494	1
18027	9182	1
17324	17326	1
12172	10609	1
15216	3809	1
13677	4241	1
8498	10715	1
10609	12172	1
3830	131	1
9311	5778	1
3170	13140	1
4931	2234	1
1996	2457	1
11540	3383	1
12274	9132	1
7000	11556	1
15745	1898	1
7564	5541	1
387	2571	1
19062	17447	1
9204	16210	1
8308	7053	1
3547	2457	1
9410	9207	1
112	131	1
10266	2478	1
6386	9369	1
143	2343	1
11812	6931	1
19056	19054	1
9590	5821	1
19084	19083	1
18419	18419	1
9000	9300	1
18928	9126	1
16372	7060	1
6193	7060	1
5893	5047	1
1917	6161	1
7066	9375	1
19087	2876	1
16003	13599	1
8308	4842	1
3722	4346	1
10266	467	1
6997	18981	1
252	10778	1
98	14448	1
447	9927	1
8619	2364	1
88	12500	1
7988	9066	1
10266	11521	1
13556	9223	1
835	2533	1
18046	17224	1
10266	1086	1
44	4534	1
6069	5553	1
11058	3020	1
369	15937	1
9786	13140	1
12565	16110	1
369	7519	1
18297	9789	1
13501	518	1
18128	4797	1
5717	1420	1
15974	5876	1
19088	19089	1
11243	9223	1
13140	9786	1
16787	4832	1
7371	5345	1
2935	8261	1
9359	4487	1
13336	5347	1
17657	17657	1
14197	4708	1
7988	11403	1
18793	3076	1
19080	19090	1
3079	2911	1
