5613	12861	1
13273	16088	1
5000	9069	1
10002	18128	1
9628	4883	1
18657	18656	1
7370	15453	1
4950	4836	1
12937	12124	1
8924	13599	1
9069	5000	1
13694	10330	1
534	12616	1
3068	1428	1
12336	18822	1
4726	4816	1
6901	12540	1
5541	9863	1
3723	17061	1
18862	10938	1
14066	4816	1
9065	4852	1
12540	6901	1
12580	9250	1
10792	3250	1
13455	4816	1
7993	7318	1
18836	3250	1
17061	3723	1
3085	6289	1
16196	16196	1
4250	18621	1
18621	4250	1
17324	17326	1
5146	8450	1
7907	3177	1
4102	5240	1
540	8167	1
9695	9807	1
10938	18862	1
9031	4692	1
6860	16892	1
7940	6479	1
6428	6428	1
1436	6987	1
11314	6479	1
7606	7606	1
7596	10118	1
15589	15006	1
14326	18514	1
18721	18514	1
11645	1188	1
16799	8062	1
16320	16319	1
10163	7045	1
7821	6900	1
2997	3561	1
10609	12172	1
8167	540	1
5200	5549	1
9087	3999	1
2	3306	1
11468	6733	1
17787	6739	1
5709	5402	1
9707	623	1
13687	12650	1
371	623	1
18831	18831	1
5756	5924	1
4751	16355	1
8935	8247	1
10158	5546	1
15023	6614	1
5402	18807	1
5709	10737	1
6552	18807	1
1859	7568	1
5170	1842	1
1512	21	1
3216	4250	1
3089	3089	1
18863	9250	1
6693	6447	1
10330	13694	1
7940	8026	1
4757	4357	1
7946	6848	1
3098	2596	1
4528	18730	1
10687	7336	1
12108	7336	1
1641	18528	1
18156	12018	1
18864	11537	1
518	1556	1
16581	8522	1
3756	418	1
1712	1713	1
18678	2346	1
8328	6490	1
13	1058	1
6844	1058	1
3294	4260	1
3568	2532	1
18758	15099	1
3616	1926	1
18863	12472	1
8799	12472	1
4755	6424	1
9807	9695	1
7642	7597	1
7276	14807	1
7423	7597	1
3021	635	1
18865	18866	1
10788	490	1
1188	11645	1
5893	5047	1
4368	5701	1
5709	5357	1
19	6163	1
18156	8073	1
8062	16799	1
5156	15548	1
16298	15548	1
15300	16341	1
12518	4295	1
4208	445	1
2215	6232	1
418	3756	1
2593	5917	1
4346	3722	1
9874	1257	1
7040	11223	1
9065	12498	1
14741	14740	1
10585	5253	1
1678	2863	1
1859	5088	1
14807	7276	1
2617	9335	1
1681	602	1
869	6303	1
11702	261	1
5250	4857	1
15099	18758	1
15225	18758	1
8489	1997	1
1466	3786	1
7423	9365	1
1774	6861	1
18867	18868	1
1436	2457	1
4757	4548	1
14277	6780	1
15539	9777	1
6183	8035	1
16355	4751	1
18815	18815	1
5047	5893	1
18869	1599	1
625	5843	1
6458	1005	1
5378	11483	1
3623	2902	1
13826	15381	1
12748	2902	1
17257	15381	1
1450	13318	1
4287	6901	1
4757	1674	1
10346	10345	1
18870	18870	1
1859	3335	1
8723	11675	1
18866	6562	1
2671	7932	1
1791	1930	1
5250	2052	1
5715	4983	1
3744	7783	1
18437	18436	1
7423	9113	1
14522	10617	1
7602	9085	1
3433	2863	1
6152	974	1
8399	9136	1
12582	5042	1
7782	514	1
5709	13599	1
15898	5042	1
12472	18863	1
12124	12937	1
1774	3855	1
18514	14326	1
13407	14715	1
1774	4812	1
6901	4287	1
2364	6443	1
6447	6693	1
12861	5613	1
14715	13407	1
6562	18866	1
9388	17224	1
17856	5332	1
854	1645	1
10262	8279	1
13146	1535	1
5773	7012	1
18758	15225	1
8650	6115	1
5042	12582	1
9731	6220	1
18871	18871	1
1992	4765	1
15205	7735	1
4757	4765	1
6163	19	1
630	4735	1
5711	5445	1
4890	11414	1
2205	11414	1
18872	673	1
2725	12500	1
7945	7052	1
9874	6325	1
88	12500	1
5719	6294	1
13289	12773	1
18600	15904	1
11414	8522	1
2713	2059	1
14955	7495	1
4765	1992	1
8976	4730	1
15746	4662	1
4664	4816	1
4217	1992	1
176	543	1
261	11702	1
9718	11078	1
4664	4662	1
6844	6758	1
10437	12472	1
2532	3568	1
5549	5200	1
6758	6844	1
12518	490	1
1992	4873	1
5678	13538	1
17787	8172	1
18156	1056	1
1930	1791	1
16715	16708	1
15283	13442	1
5445	5711	1
1848	655	1
4422	2345	1
9106	6758	1
4983	5715	1
7761	6352	1
261	490	1
10547	9596	1
18715	4426	1
11468	1016	1
6758	9106	1
13538	5678	1
3068	12479	1
6266	2345	1
2207	2207	1
514	7782	1
11414	2205	1
18350	9863	1
9863	18350	1
11468	569	1
9880	4857	1
7940	7115	1
3609	18794	1
2671	2478	1
5497	18321	1
2345	6266	1
140	4464	1
81	80	1
16546	3207	1
630	71	1
4321	123	1
9596	10547	1
543	616	1
7782	9761	1
11562	6039	1
2516	4138	1
9876	9389	1
18873	18873	1
1774	3545	1
13851	1987	1
4603	10208	1
5250	8959	1
10463	12746	1
7704	7705	1
11689	7916	1
3294	3084	1
1711	10754	1
2651	6962	1
4664	5783	1
6115	8650	1
15542	15488	1
3999	9087	1
6220	9731	1
6897	13710	1
4020	13710	1
1859	17577	1
9065	4853	1
15583	6690	1
4852	4853	1
469	8443	1
17816	13990	1
8447	18643	1
11342	3680	1
2671	3741	1
8860	13275	1
6668	13111	1
12500	2725	1
4980	6127	1
9335	2617	1
630	10920	1
4664	10920	1
4757	3016	1
18158	8150	1
5880	6155	1
6936	4218	1
15229	8150	1
16137	17210	1
18874	11819	1
1840	8721	1
18874	4039	1
510	13665	1
4141	8681	1
17856	427	1
11414	4890	1
12333	7054	1
13665	510	1
11468	10363	1
9402	4029	1
5634	7885	1
8247	8935	1
6690	15583	1
5617	5197	1
7423	5956	1
6127	5197	1
12483	15925	1
5402	9705	1
2425	16250	1
5468	5783	1
4047	8967	1
16192	16192	1
13710	4020	1
8935	16372	1
5243	4532	1
10838	535	1
5896	5072	1
4664	3576	1
3301	14268	1
3404	15554	1
4218	6936	1
7361	10620	1
737	1081	1
9690	7596	1
15234	16941	1
13710	6897	1
10537	6441	1
5683	3315	1
5119	16468	1
3315	5683	1
16842	16941	1
7602	3258	1
6396	7626	1
3258	7602	1
11468	7560	1
5281	4569	1
18875	18875	1
16250	2425	1
1504	8781	1
11858	906	1
17714	17714	1
6307	18826	1
18358	4195	1
5590	18826	1
9719	18826	1
18428	8490	1
16194	15520	1
13146	4626	1
4321	2138	1
6441	10537	1
8854	15520	1
7487	5898	1
15411	5000	1
1134	13900	1
3768	7764	1
12664	12650	1
5000	15411	1
12463	13987	1
12698	12699	1
13900	1134	1
9253	11632	1
18829	16319	1
18428	13097	1
797	913	1
15229	18158	1
2717	1628	1
8490	2647	1
7916	11689	1
7552	2248	1
9165	13474	1
6155	5880	1
788	1617	1
7230	8216	1
18863	16537	1
7230	2380	1
2076	15890	1
18690	2228	1
1859	2534	1
3921	835	1
3190	1584	1
12304	3944	1
635	3021	1
17816	8020	1
4664	1584	1
12930	9051	1
2228	18690	1
2671	1127	1
5287	4983	1
18156	11847	1
12217	11212	1
12472	10437	1
2671	3458	1
6780	14277	1
18876	18877	1
18772	3458	1
4532	5243	1
8069	13620	1
18878	6728	1
6851	15583	1
6728	18878	1
2691	1428	1
518	2691	1
18879	18879	1
906	11858	1
5100	2308	1
3921	1428	1
16320	16323	1
1859	645	1
2308	5100	1
7622	9276	1
1390	1746	1
427	17856	1
5332	17856	1
15185	14604	1
781	782	1
271	272	1
18862	5693	1
6739	17787	1
5250	5693	1
17090	2632	1
3723	3949	1
14740	14741	1
2671	11650	1
2874	18076	1
18880	18880	1
9915	7804	1
7423	12481	1
4422	425	1
13139	13139	1
18881	2607	1
1851	2607	1
7552	6409	1
16733	16733	1
4664	4836	1
5488	10620	1
7088	8280	1
18826	5590	1
4640	6859	1
18612	14946	1
4816	13455	1
3545	7108	1
4816	4726	1
15205	8331	1
18882	18883	1
8033	13163	1
15520	1069	1
2479	1221	1
15106	1069	1
9136	8399	1
9276	7622	1
15435	17321	1
12626	4120	1
5715	4561	1
1221	2479	1
4569	5281	1
10620	7361	1
7108	3545	1
3102	1006	1
18884	16883	1
6842	2142	1
17031	7789	1
14886	3295	1
1943	2616	1
18885	15560	1
