2516	3153	1
4015	8420	1
2663	6649	1
19292	9467	1
4422	8420	1
11416	11773	1
1969	1708	1
6117	12255	1
6127	12899	1
16645	6539	1
427	11228	1
13272	5694	1
13398	10449	1
18714	17415	1
6898	15579	1
11773	11416	1
11883	7308	1
9735	9735	1
186	2019	1
9165	4206	1
8320	16397	1
4346	3722	1
2034	12677	1
7012	17787	1
1792	11159	1
15911	16668	1
17787	7012	1
3170	8707	1
5110	5818	1
19303	6531	1
5154	4408	1
5929	5951	1
8750	8575	1
5683	3315	1
8707	3170	1
3545	3315	1
12340	1897	1
4408	5154	1
2922	2482	1
2480	1897	1
12841	2441	1
7698	9669	1
6925	4762	1
15356	4317	1
375	3005	1
4942	18913	1
18913	4942	1
1967	3005	1
3635	3635	1
19306	19306	1
3100	2087	1
4905	8314	1
18609	18806	1
18710	11134	1
5313	3550	1
13508	8825	1
6563	7104	1
7413	5096	1
6925	7104	1
3214	3284	1
7012	11687	1
11072	13550	1
12664	12650	1
3284	3214	1
9613	15773	1
2380	3728	1
6241	2047	1
6241	6059	1
16406	6059	1
1878	3739	1
3999	3739	1
11687	7012	1
9467	19292	1
15401	15401	1
6122	6017	1
10	10749	1
6515	6424	1
3605	6424	1
4362	15400	1
6867	15410	1
5084	5931	1
15410	6867	1
11817	13246	1
884	2126	1
11511	11511	1
10052	5064	1
2646	6507	1
5424	5691	1
3100	5641	1
9477	5678	1
23	22	1
14944	8600	1
2436	8600	1
6171	5932	1
2137	5355	1
19324	19325	1
15750	14559	1
5581	858	1
1074	1075	1
1388	16322	1
16406	17081	1
19308	13772	1
7784	14876	1
1897	12340	1
7715	5357	1
1870	1871	1
4123	2260	1
12172	10609	1
7800	5882	1
16169	17233	1
1987	3315	1
6513	3315	1
2480	3333	1
19326	16171	1
8824	15718	1
1878	1950	1
7687	978	1
1255	8815	1
1882	1226	1
2044	2045	1
19327	11221	1
13772	19308	1
19328	3641	1
5318	11455	1
9080	12439	1
15660	10788	1
13289	12773	1
5983	15724	1
19323	10153	1
210	13778	1
10609	12172	1
6730	7345	1
1868	6524	1
2017	5349	1
2276	2673	1
6241	6524	1
6563	8803	1
4890	7309	1
12053	14131	1
5581	18852	1
17	385	1
7309	4890	1
1660	4293	1
6922	5861	1
1832	1796	1
10807	7714	1
10735	15925	1
4346	4345	1
4602	4345	1
13041	13042	1
715	4651	1
9369	6193	1
15003	9791	1
4748	4632	1
4345	4346	1
5870	9612	1
518	16982	1
4034	4780	1
14032	11553	1
2383	6385	1
5723	5374	1
9719	4632	1
7622	9276	1
9276	7622	1
5893	18621	1
19329	19329	1
3100	9620	1
1878	19330	1
16525	18010	1
10224	10374	1
8261	17059	1
635	4780	1
15925	10735	1
11455	5318	1
9080	9730	1
4059	19123	1
3071	13623	1
1243	705	1
6613	7082	1
3315	7108	1
5821	15110	1
15718	8824	1
10003	11270	1
19315	7090	1
3887	4404	1
98	13620	1
9898	19331	1
8335	1268	1
7090	19315	1
5426	9072	1
13042	13041	1
3315	3545	1
5357	7715	1
7784	9546	1
8401	12776	1
13145	2294	1
3852	129	1
4918	8206	1
9375	7066	1
11818	12104	1
13246	11817	1
16112	16112	1
11058	3088	1
10035	4902	1
3668	15552	1
18963	6343	1
11270	10003	1
8451	7953	1
8891	9816	1
12841	3360	1
6297	8017	1
3153	6475	1
13101	17061	1
8141	4755	1
15501	4526	1
17951	14277	1
16397	8320	1
17061	13101	1
12107	19088	1
13018	663	1
19137	3745	1
4696	388	1
16322	1388	1
6274	3657	1
6343	18963	1
6270	7012	1
7012	6270	1
9388	17224	1
6563	16561	1
6925	16561	1
7006	4287	1
8450	5146	1
19332	9554	1
14264	14699	1
15320	5188	1
19333	1662	1
5047	11751	1
7605	3380	1
4724	8492	1
5932	6171	1
5366	5921	1
16009	4268	1
8492	4724	1
782	781	1
10186	4873	1
5821	9342	1
7756	14370	1
705	1243	1
5481	3088	1
16668	15911	1
9076	11610	1
8825	13508	1
8017	6297	1
18621	5893	1
4946	16525	1
18010	16525	1
4445	8492	1
6728	10914	1
9041	8216	1
9072	5426	1
16113	18921	1
10029	9940	1
4293	1660	1
19334	19334	1
6267	1064	1
7108	3315	1
19325	19324	1
3005	375	1
8492	4445	1
14716	5188	1
15773	9613	1
6093	7662	1
5357	17321	1
12776	8401	1
10328	9260	1
12313	1650	1
5318	3826	1
6563	10713	1
6925	10713	1
16523	4034	1
10153	19323	1
4780	4034	1
16525	4946	1
7236	6977	1
7662	6093	1
13042	10052	1
1868	6150	1
3547	1996	1
1897	2480	1
10052	13042	1
3333	2480	1
11610	9076	1
3723	17061	1
6223	6450	1
385	17	1
17061	3723	1
19335	12403	1
19336	19336	1
4490	5288	1
12565	8978	1
291	2202	1
11807	4090	1
5424	5742	1
4902	10035	1
1064	6267	1
15552	3668	1
19337	12403	1
16288	2914	1
19182	16055	1
14431	19198	1
1268	8335	1
5586	5585	1
13492	6860	1
14478	17348	1
3086	17978	1
8880	6139	1
12661	1203	1
14825	13574	1
13851	1987	1
1987	13851	1
4832	16787	1
5742	5424	1
19043	8443	1
19337	15911	1
2913	8222	1
1872	4577	1
6404	4760	1
6850	7115	1
13550	11072	1
5374	5723	1
19338	12834	1
5561	4393	1
15750	14560	1
8880	11730	1
6860	13492	1
5611	3309	1
129	3852	1
2907	1523	1
1619	5266	1
12559	12562	1
5266	1619	1
15911	19337	1
635	1401	1
260	1884	1
13574	14825	1
3288	3287	1
12899	6127	1
16787	4832	1
14391	13961	1
3515	14222	1
1523	1338	1
7223	226	1
5611	2270	1
5285	5285	1
16714	7079	1
5611	4655	1
2308	5190	1
9096	7158	1
11044	8614	1
1022	1176	1
7308	4781	1
12488	6357	1
12798	3287	1
6925	625	1
7784	7033	1
3077	5463	1
11789	414	1
3450	2284	1
8599	10639	1
1338	1523	1
6030	7624	1
13623	3071	1
5146	8450	1
18244	4884	1
16192	16192	1
9369	4107	1
17956	7624	1
3487	5092	1
13258	13258	1
6845	6485	1
10353	3079	1
2484	10473	1
11403	7988	1
4950	8967	1
6485	6845	1
13431	6385	1
8297	860	1
2873	6382	1
15110	14482	1
6241	3965	1
17163	17163	1
8079	10086	1
7698	6321	1
10662	10495	1
16215	5879	1
15842	5354	1
7624	17956	1
5176	835	1
4516	3119	1
7009	1675	1
15698	9015	1
19313	19313	1
6925	5068	1
19339	11815	1
7624	6030	1
10374	12252	1
9442	4351	1
6127	12252	1
8756	10374	1
663	13018	1
14715	3015	1
8600	14944	1
1072	3590	1
2364	4257	1
10930	1822	1
4708	14197	1
4760	6404	1
14197	7108	1
13083	15410	1
8795	8794	1
19187	13573	1
1791	861	1
7337	13960	1
13535	17232	1
13586	4051	1
17773	884	1
12252	6127	1
16406	5752	1
4755	8141	1
8297	495	1
16137	16137	1
6987	5789	1
10639	8599	1
6357	12488	1
7916	7624	1
5600	3185	1
1506	2126	1
11815	19339	1
13573	11014	1
6563	5164	1
6925	5164	1
17090	11271	1
814	5164	1
3082	2612	1
832	12217	1
238	3239	1
17404	14747	1
5220	5022	1
3739	3239	1
5022	5220	1
22	23	1
10743	10550	1
14482	15110	1
10299	11773	1
2834	670	1
3723	3943	1
19340	523	1
3817	8666	1
855	670	1
3943	3723	1
7784	8899	1
13960	7337	1
5896	5217	1
16174	6966	1
1043	1043	1
625	6925	1
13851	3315	1
14585	6270	1
6563	7143	1
6925	7143	1
3315	13851	1
3096	3768	1
9496	7404	1
1232	19341	1
1868	1022	1
1878	1022	1
16163	1437	1
7404	9496	1
6727	6040	1
15410	13083	1
6363	6346	1
3259	1871	1
3260	1871	1
5951	5929	1
13494	13951	1
1401	635	1
8443	19043	1
13737	10620	1
17866	8670	1
1871	3259	1
15400	4362	1
11730	8880	1
5244	901	1
15397	7761	1
3842	19342	1
7020	9342	1
5354	15842	1
1884	9824	1
5922	901	1
19343	3174	1
6475	3153	1
7698	18695	1
16397	7425	1
3185	5600	1
15744	2127	1
2784	11890	1
11751	8358	1
1523	2907	1
13723	12591	1
19344	3238	1
10495	10662	1
12591	13723	1
17946	6952	1
18268	5196	1
5047	5797	1
2496	16980	1
1987	17378	1
5844	5843	1
5177	833	1
1190	14154	1
7079	16714	1
2912	4250	1
1741	4021	1
3073	9776	1
9193	14154	1
4250	2912	1
12335	12335	1
5843	5844	1
9837	7078	1
13061	2722	1
19080	14131	1
7078	9837	1
19345	13091	1
19346	19347	1
9776	3073	1
9612	5870	1
7988	11403	1
13489	14131	1
6346	6363	1
1868	158	1
1005	16291	1
10037	19348	1
19349	19350	1
7784	4533	1
19351	11818	1
5921	5366	1
3450	3088	1
2242	4179	1
16169	6171	1
5353	3965	1
13573	19187	1
19352	7486	1
3088	3450	1
4257	2364	1
15283	19187	1
12779	5366	1
19353	19352	1
12562	12559	1
12798	5657	1
543	613	1
19352	19353	1
6117	8682	1
