15579	6158	1
18428	18428	1
9195	8321	1
6628	623	1
17257	7204	1
16288	6816	1
19379	2724	1
14197	4708	1
10179	9069	1
15422	12345	1
3073	18111	1
7179	9378	1
13573	845	1
12397	7442	1
10374	9009	1
19380	3047	1
10778	19378	1
260	16535	1
16980	19274	1
845	13573	1
7831	17241	1
18428	17031	1
14505	12758	1
18852	5581	1
875	18111	1
5929	5951	1
11641	2086	1
4230	2984	1
10003	5444	1
15789	123	1
8501	16745	1
71	683	1
18798	18763	1
8243	5650	1
7179	18958	1
7442	12397	1
5378	16035	1
8086	8086	1
3512	5122	1
328	272	1
4950	4836	1
3354	7419	1
10924	8934	1
1733	683	1
9009	10374	1
17031	18428	1
5773	3160	1
5650	8243	1
3443	1184	1
13960	7452	1
425	2446	1
19381	10838	1
1184	3443	1
4668	5691	1
15628	3924	1
19289	7291	1
7078	9837	1
3113	2942	1
6507	2646	1
4836	4950	1
1119	1120	1
117	5	1
10886	8724	1
13023	5862	1
45	2077	1
16288	18853	1
737	2021	1
7940	15401	1
7625	7215	1
9022	13404	1
15386	4747	1
2446	425	1
5406	5407	1
13687	12650	1
2408	12314	1
13598	18918	1
2646	6507	1
2678	4032	1
16387	12308	1
159	13404	1
344	683	1
1305	4883	1
2997	14535	1
10457	11773	1
19225	18635	1
5374	1483	1
16404	7053	1
5862	13023	1
16077	13754	1
7215	7625	1
19274	15314	1
18753	18752	1
6158	15579	1
12197	7995	1
13404	9022	1
19382	6340	1
2040	2677	1
19383	5247	1
11083	2550	1
19378	10778	1
12595	17165	1
4258	446	1
15574	1711	1
14290	11566	1
7514	4506	1
16265	11972	1
15552	7152	1
232	4457	1
401	19305	1
7081	13869	1
437	861	1
10968	6485	1
13492	12551	1
12771	8141	1
906	11858	1
3372	19305	1
4457	4506	1
17944	4506	1
13982	3535	1
6611	13869	1
5374	1620	1
5871	4506	1
14058	10083	1
18958	18958	1
19346	19347	1
6337	19384	1
15320	6424	1
6628	7543	1
1656	3999	1
1727	3274	1
8774	7291	1
6322	4506	1
4069	7291	1
2422	3855	1
13642	11194	1
1711	15574	1
14447	8499	1
5791	15574	1
1338	4537	1
15302	2132	1
16160	5199	1
11194	13642	1
6045	10839	1
2646	7857	1
13884	10649	1
7114	15574	1
5309	4506	1
1105	15574	1
9436	6424	1
2864	6908	1
6073	10296	1
9620	3100	1
8896	10685	1
17173	19384	1
10685	8896	1
7792	2771	1
2911	9250	1
8891	4282	1
10379	2801	1
13215	4195	1
18225	7465	1
3787	10685	1
8167	540	1
16807	16807	1
10537	4857	1
7291	4069	1
4506	5972	1
5017	5033	1
5598	10478	1
6099	4037	1
16376	11040	1
2801	5240	1
8682	6117	1
5381	10387	1
15918	16713	1
11339	15478	1
10869	5944	1
1674	2611	1
16009	6424	1
6183	5690	1
710	5690	1
3397	3738	1
2019	9444	1
1618	5690	1
17787	7012	1
18752	18753	1
11130	9105	1
6942	11553	1
5374	2270	1
13246	13212	1
1813	427	1
18700	18700	1
10083	14058	1
8891	8241	1
19187	15283	1
6961	2386	1
4034	4780	1
9444	2019	1
2386	6961	1
18114	3708	1
8644	9592	1
5490	6397	1
11130	11130	1
10590	10590	1
11405	11130	1
5199	16160	1
5642	5485	1
11130	12095	1
5972	4506	1
15386	9276	1
7442	7443	1
5634	8680	1
737	8281	1
5374	4431	1
7465	18225	1
832	3194	1
1526	19219	1
7081	8962	1
10285	13323	1
16355	16355	1
1436	3194	1
164	3194	1
874	3194	1
15447	3194	1
14978	4061	1
1338	4061	1
5374	6022	1
19385	8687	1
4580	9550	1
275	11476	1
12754	17766	1
1523	3194	1
336	62	1
8998	314	1
2297	3082	1
17766	12754	1
2984	4230	1
5470	497	1
17277	12444	1
14016	13965	1
9928	4444	1
7069	7070	1
683	344	1
1781	3176	1
3082	2297	1
15035	18923	1
11405	11092	1
564	2169	1
19149	19386	1
1727	4171	1
11231	1768	1
1360	1361	1
11552	16166	1
1040	1361	1
4457	4119	1
14197	3545	1
4498	17766	1
17766	4498	1
15789	16343	1
10310	12659	1
6118	3576	1
3950	6171	1
4890	7309	1
3252	2877	1
6901	12540	1
2864	4079	1
5994	10096	1
7781	8328	1
11346	13538	1
4708	14197	1
8461	1086	1
5374	13323	1
1069	15139	1
5634	10687	1
4079	17766	1
9204	11650	1
14814	6424	1
8681	7033	1
3738	4209	1
4400	4399	1
4087	5800	1
872	10609	1
4400	6031	1
4907	18730	1
3535	13982	1
9356	5047	1
9718	6562	1
1179	1408	1
5047	9356	1
18780	6496	1
9404	6424	1
5905	2127	1
861	437	1
3982	1891	1
11355	8140	1
19387	19387	1
5800	4087	1
7792	437	1
872	18086	1
14291	11774	1
1852	4824	1
19388	6649	1
564	4119	1
6118	1316	1
8911	19389	1
10179	15110	1
19213	16708	1
7020	15110	1
11553	6942	1
7309	4890	1
2691	1428	1
5847	15476	1
8656	11434	1
6649	19388	1
9928	8173	1
6212	5924	1
10199	12345	1
2757	2758	1
4742	7715	1
19389	8911	1
1120	1119	1
9067	9069	1
5357	7715	1
6450	6223	1
3088	464	1
15168	2411	1
15789	15789	1
6562	9718	1
1201	13875	1
3308	5752	1
14268	7178	1
6118	5671	1
8891	4341	1
800	5076	1
3274	1727	1
2864	2865	1
5076	800	1
7804	9300	1
5176	5977	1
3138	5581	1
75	1161	1
3286	3123	1
1410	3547	1
13404	159	1
4171	1727	1
1996	3547	1
465	2440	1
6193	7980	1
10607	6472	1
414	4204	1
15386	16717	1
15515	13536	1
1987	17378	1
18086	872	1
10609	872	1
13685	11414	1
2691	4278	1
4278	2984	1
9300	7804	1
7966	16224	1
2313	9554	1
1852	1853	1
2882	12709	1
7321	777	1
5485	5642	1
14590	19390	1
334	13429	1
1852	5220	1
19391	19390	1
9388	9389	1
5548	184	1
3563	11051	1
11096	11096	1
2864	12709	1
6118	9554	1
912	2873	1
7416	7491	1
17851	14492	1
11051	3563	1
5894	8330	1
1142	16	1
7792	861	1
8721	1840	1
17014	10410	1
10626	6100	1
15401	14239	1
1042	5562	1
5307	7025	1
11130	11043	1
4780	4034	1
5690	1618	1
9167	1615	1
4950	8967	1
6669	2508	1
3088	11058	1
2559	3547	1
15628	13557	1
10183	10754	1
936	937	1
2588	13557	1
7211	5524	1
1735	1735	1
10457	13557	1
2508	6669	1
8459	2779	1
432	4952	1
12805	16226	1
17031	782	1
1661	2353	1
10626	18791	1
8687	19385	1
2698	5365	1
604	1642	1
1832	46	1
3077	1921	1
106	6726	1
5365	2698	1
737	1081	1
8545	10986	1
15773	17622	1
1852	1101	1
2094	1891	1
19375	14388	1
2611	1674	1
8972	10465	1
7974	5893	1
11434	8656	1
19392	17689	1
6284	10465	1
5597	8160	1
6611	8160	1
8886	5984	1
19384	6337	1
5893	7974	1
5600	3185	1
18857	11707	1
12172	10609	1
9258	8790	1
1282	788	1
1781	1891	1
2758	2757	1
9069	9067	1
3605	6424	1
3738	5128	1
13255	1134	1
12546	11631	1
113	131	1
2698	5888	1
12024	12870	1
5972	18	1
10599	7716	1
400	4180	1
12870	12024	1
2864	3843	1
14549	12670	1
16	1142	1
13453	13453	1
19393	16958	1
1081	9409	1
4400	2571	1
3166	896	1
361	364	1
7486	8330	1
11405	11445	1
7995	12197	1
4204	414	1
2864	1650	1
861	3652	1
3817	8330	1
2443	7579	1
16931	7579	1
7579	16931	1
2179	342	1
371	8526	1
8676	8666	1
19394	16606	1
6063	6081	1
17326	17324	1
15036	7247	1
19395	19396	1
6813	14728	1
5382	2483	1
11040	16376	1
19337	8210	1
5374	5733	1
19091	19397	1
18223	15314	1
5374	3453	1
9204	697	1
6952	17946	1
14876	18179	1
17165	3248	1
6118	6361	1
18179	14876	1
12785	8354	1
2181	11786	1
4037	8280	1
1674	1674	1
1155	2109	1
14715	8280	1
2913	15737	1
13573	15471	1
7308	4781	1
10774	15195	1
19031	18953	1
13528	13528	1
3855	2422	1
11130	1674	1
11414	13685	1
13014	12798	1
12970	7986	1
6873	3010	1
15471	13573	1
9365	5259	1
2713	2059	1
12960	10779	1
2964	6298	1
6264	5570	1
9378	7179	1
2203	6424	1
18880	18880	1
427	1813	1
3178	314	1
10609	12172	1
11631	12546	1
6266	4806	1
5634	16249	1
12307	16807	1
1884	260	1
4257	2364	1
4806	6266	1
3503	5742	1
10461	6270	1
8891	9600	1
3068	2116	1
10157	10157	1
3258	5129	1
3924	11758	1
1781	3561	1
1985	3383	1
6530	997	1
15454	15454	1
3248	17165	1
10759	6348	1
8194	4857	1
15386	17733	1
15552	6475	1
10183	9718	1
15401	13515	1
3433	6493	1
8280	14715	1
19314	19313	1
6118	9480	1
3185	5600	1
1853	7372	1
14876	6649	1
11130	6940	1
2555	18747	1
13687	14712	1
4362	15400	1
5678	6804	1
7800	15639	1
9695	9807	1
10537	14676	1
15579	14398	1
28	874	1
5917	18408	1
447	11500	1
5634	4419	1
371	623	1
13875	1201	1
11138	11500	1
14712	12650	1
10537	5888	1
3723	3949	1
18612	10350	1
10296	6073	1
14503	3297	1
14375	82	1
8172	5392	1
912	1009	1
13429	334	1
832	8544	1
6118	6985	1
2420	1009	1
3383	1009	1
6348	10759	1
5870	5735	1
13775	11779	1
13580	11779	1
11779	13580	1
17142	1853	1
19398	6284	1
11483	11484	1
15539	9777	1
6284	19398	1
260	1884	1
19399	19341	1
4626	6270	1
1134	13255	1
18643	18643	1
5374	5742	1
10537	5482	1
1781	6783	1
15552	3026	1
19193	19193	1
18111	3073	1
16998	5335	1
1338	3184	1
6475	15552	1
5634	9683	1
19397	17226	1
5227	6424	1
6171	3950	1
2616	17226	1
9470	15581	1
8330	3817	1
12536	16729	1
5482	10537	1
4868	1558	1
1042	15091	1
14676	10537	1
2968	14105	1
5570	6264	1
16209	12580	1
5267	5540	1
2255	46	1
7704	7705	1
4355	2383	1
2864	4137	1
7813	12481	1
2779	8459	1
11223	573	1
18341	14001	1
12481	7813	1
4589	2865	1
7345	3149	1
14849	7901	1
832	831	1
11741	11741	1
7373	15632	1
7901	14849	1
464	3088	1
1727	1055	1
4061	14978	1
715	4651	1
4171	1055	1
5374	523	1
15639	7800	1
9415	6533	1
8441	4886	1
2813	5990	1
6127	12899	1
3088	5355	1
5990	2813	1
3679	1535	1
133	10380	1
10537	12096	1
19400	7561	1
8441	18885	1
13660	13754	1
7821	8911	1
12340	1897	1
13083	15410	1
19228	19228	1
9415	6879	1
19384	13201	1
13139	17700	1
6113	11256	1
18339	18340	1
17226	2616	1
19384	2230	1
15410	13083	1
13201	19384	1
5878	6036	1
8280	12882	1
12664	12650	1
4571	4488	1
10313	5924	1
6613	6286	1
7561	19400	1
7594	11734	1
913	797	1
11405	5617	1
8141	12771	1
14413	11416	1
6270	10461	1
2882	5855	1
4250	2912	1
11472	12009	1
1661	40	1
11416	14413	1
10346	10345	1
2247	4898	1
13393	6424	1
1504	8781	1
5729	6135	1
11401	12364	1
5634	5921	1
6938	8781	1
3151	1558	1
8911	7821	1
9898	19331	1
10537	4730	1
11256	6113	1
17715	15865	1
541	1365	1
12096	10537	1
16492	6307	1
5634	6017	1
13255	6367	1
10345	6552	1
5374	2390	1
19401	11161	1
19331	9898	1
11502	1612	1
12580	16209	1
11966	762	1
9539	2245	1
13851	1987	1
526	573	1
6982	6844	1
15773	10784	1
10537	13960	1
11812	6931	1
18491	9700	1
6367	13255	1
1987	13851	1
14728	12541	1
9786	9409	1
16199	5789	1
5231	4070	1
9527	16523	1
19402	19402	1
16055	9483	1
7602	9085	1
3334	16597	1
3088	5481	1
6492	7223	1
11571	13455	1
16523	9527	1
1774	3855	1
6812	6931	1
654	16597	1
16710	16597	1
8382	5195	1
19265	12881	1
7223	226	1
5637	16597	1
14478	17348	1
14914	14914	1
10685	3787	1
19403	11830	1
242	241	1
1390	1746	1
15005	4013	1
7412	13145	1
2116	3068	1
6804	5678	1
19404	19404	1
5678	8177	1
3965	5353	1
3010	6873	1
8609	5353	1
5932	6171	1
8177	5678	1
9550	4580	1
12344	5789	1
19397	10205	1
11517	1254	1
2611	1009	1
15283	19187	1
19405	19405	1
18958	7179	1
5789	12344	1
8459	8473	1
241	242	1
8492	4724	1
15966	16474	1
15520	16194	1
13573	19187	1
17053	12533	1
5353	3965	1
11111	11440	1
12533	17053	1
8498	9018	1
5581	3138	1
17946	6952	1
10537	4409	1
11130	14844	1
13685	13479	1
4409	10537	1
13479	13685	1
867	15151	1
11858	906	1
6171	5932	1
3950	4409	1
2483	5382	1
19009	18989	1
17047	7243	1
1584	3190	1
4724	8492	1
5087	5086	1
6270	4626	1
18989	19009	1
16807	12307	1
5086	5087	1
3451	5928	1
6938	5009	1
5747	19406	1
7236	5482	1
13590	636	1
4295	18643	1
5009	6938	1
4400	5211	1
1852	4001	1
8891	11444	1
6486	4577	1
8860	10582	1
11967	8587	1
636	13590	1
11405	7193	1
11440	11111	1
19407	8520	1
2137	11675	1
10677	10003	1
8891	710	1
6788	10415	1
10651	9281	1
13536	15515	1
2950	2460	1
4400	3930	1
2399	5750	1
3190	1584	1
17583	17583	1
9600	10449	1
6630	5439	1
9837	13840	1
8891	10449	1
3216	9085	1
11053	10968	1
6142	6264	1
10183	8705	1
755	2126	1
10968	9085	1
15996	8645	1
10465	6284	1
374	718	1
16585	16387	1
3738	3690	1
15534	4240	1
1781	71	1
