9470	17861	1
2559	3160	1
9300	10531	1
3534	11649	1
9208	3016	1
18046	19197	1
16892	16037	1
5862	4613	1
5813	3568	1
11151	14431	1
5217	6259	1
11059	18621	1
19198	14431	1
6346	6363	1
16274	1898	1
16418	1537	1
7175	10715	1
6804	7831	1
5565	5630	1
4905	4267	1
3723	3949	1
11767	3306	1
4812	4832	1
5266	4561	1
2715	12660	1
3999	9640	1
3109	16045	1
12779	5366	1
7714	7753	1
8084	9777	1
11296	13101	1
6080	19019	1
4832	4812	1
8899	6649	1
19059	1514	1
14883	4037	1
15471	13573	1
16520	16055	1
18647	16332	1
16376	11040	1
5085	5735	1
4910	4812	1
4615	5064	1
15401	12544	1
10531	9300	1
11855	12544	1
17417	16666	1
2832	2843	1
10735	15925	1
6167	9786	1
12804	1030	1
15106	7334	1
8213	5688	1
10896	5096	1
5400	3828	1
7032	2167	1
2873	8141	1
12771	8141	1
7309	10363	1
4346	3722	1
6356	17080	1
4612	5523	1
18410	11072	1
5735	14144	1
10457	12544	1
18484	6198	1
7812	8172	1
12544	10457	1
1567	1740	1
2894	5211	1
18350	7074	1
19199	5253	1
16037	16892	1
18042	15466	1
17987	19112	1
7086	4555	1
4025	9846	1
17948	9223	1
19200	10350	1
5598	6648	1
18225	19201	1
4406	9480	1
6577	1504	1
4724	8492	1
19202	13354	1
3568	5813	1
13538	12544	1
6443	8781	1
17556	12082	1
9837	13840	1
8451	10252	1
3689	4555	1
6086	8724	1
18764	3487	1
9436	15203	1
7345	6351	1
8490	15203	1
17851	14492	1
8172	14825	1
13200	5459	1
4780	11445	1
2488	15203	1
19203	19203	1
10620	13354	1
14182	12544	1
15334	8547	1
18635	8822	1
5556	8547	1
6648	5598	1
12105	12082	1
12082	9300	1
8202	4483	1
15203	8490	1
9300	12082	1
16677	9713	1
16832	12881	1
13737	12732	1
7596	10118	1
8822	18635	1
10118	7596	1
5589	13776	1
6351	7345	1
13573	845	1
7175	6700	1
8724	6086	1
12775	12540	1
13557	15628	1
7345	10893	1
8975	9966	1
4029	17926	1
845	13573	1
1356	6025	1
5894	7085	1
11414	13685	1
7980	6906	1
3741	1009	1
12540	6901	1
12544	14182	1
2420	1009	1
4392	5630	1
5932	4748	1
13840	9837	1
2572	3089	1
18908	14886	1
7138	12400	1
13851	12021	1
14747	18223	1
5678	4883	1
9367	9436	1
5085	9612	1
5715	5711	1
19180	19179	1
3016	9208	1
3177	9208	1
9248	4939	1
14016	10404	1
7196	7885	1
2611	9208	1
18653	9208	1
11113	9208	1
3689	5862	1
912	1009	1
7138	1245	1
435	1009	1
9208	5991	1
16992	8572	1
15925	12483	1
7501	9239	1
4856	1601	1
5142	4930	1
2630	4943	1
1051	635	1
496	15547	1
13063	13064	1
9966	8975	1
4299	3674	1
19204	19204	1
9239	7501	1
11212	8962	1
634	3674	1
1155	19205	1
8208	5907	1
2501	3947	1
29	4666	1
9771	18643	1
13097	19206	1
1512	21	1
8180	3035	1
1432	886	1
4182	5622	1
1884	5678	1
113	131	1
5678	1884	1
987	706	1
19205	1155	1
5003	6618	1
1884	5463	1
5463	1884	1
5366	12779	1
5862	8290	1
4748	5932	1
19207	19208	1
10609	12172	1
7175	2873	1
4250	2873	1
1361	1360	1
9966	8435	1
68	655	1
17261	891	1
16482	16482	1
1900	3525	1
7783	5357	1
1666	3525	1
12421	9730	1
3666	1745	1
4228	3059	1
5660	1338	1
2040	1338	1
6203	15617	1
18214	4989	1
5155	6801	1
16055	16520	1
2884	6927	1
5523	4612	1
9718	6562	1
10123	4439	1
4293	1660	1
5957	6183	1
1022	4422	1
19177	12720	1
19209	16000	1
9834	7028	1
3666	238	1
11610	9076	1
7128	8763	1
3315	7108	1
19210	1265	1
2713	2059	1
10123	9863	1
3666	1761	1
9471	12429	1
10934	11859	1
8092	16486	1
6810	3449	1
8547	5556	1
16000	19209	1
9270	1361	1
5489	12868	1
6757	12868	1
13737	10434	1
4864	4863	1
1361	9270	1
3982	1891	1
5335	385	1
4087	2715	1
12660	2715	1
13911	13117	1
4260	4474	1
4172	1897	1
18921	16001	1
10484	8838	1
15435	17289	1
7175	7932	1
11639	6281	1
15110	14482	1
3689	4747	1
15527	3637	1
3117	3972	1
16029	12992	1
15428	15428	1
4816	3637	1
4662	3637	1
2884	1869	1
12129	6613	1
1504	6577	1
4943	2630	1
204	1656	1
15093	16830	1
6530	11973	1
8472	12396	1
6613	12129	1
5711	5715	1
16668	15911	1
5357	7783	1
11973	6530	1
9669	15194	1
8492	4724	1
6024	2571	1
6101	4863	1
5990	2813	1
12881	16832	1
1106	8032	1
15878	801	1
6203	13739	1
5907	13829	1
7108	3315	1
2075	14301	1
19211	19211	1
3138	5581	1
2230	18550	1
4399	387	1
4317	2109	1
4399	3997	1
7108	14197	1
12816	3287	1
4422	1022	1
13573	8545	1
3433	2863	1
16029	10861	1
7812	10348	1
4863	4864	1
16522	18807	1
3722	4346	1
13101	11296	1
7175	9409	1
4629	4630	1
4275	375	1
1465	123	1
9897	10783	1
5205	5204	1
13550	11072	1
13311	5693	1
9443	19212	1
12868	6757	1
2758	10494	1
2334	1009	1
6562	9718	1
1996	3547	1
18921	16113	1
13311	585	1
1642	1813	1
16029	16021	1
6927	2884	1
19163	19163	1
2982	2982	1
11072	13550	1
13354	10620	1
9580	370	1
13808	9731	1
3274	1727	1
16122	9000	1
912	1599	1
17701	5782	1
4597	11660	1
19213	19213	1
6158	13985	1
15911	15911	1
5164	11555	1
5488	10620	1
3689	2480	1
11555	5164	1
18860	19165	1
16830	15093	1
644	3091	1
4868	1558	1
1338	4537	1
4120	12626	1
11300	475	1
3091	644	1
15664	6883	1
11649	3534	1
5180	6783	1
7061	6268	1
604	8856	1
475	11300	1
13311	16657	1
2588	14580	1
6467	5796	1
3975	14653	1
6024	387	1
4061	1338	1
5893	5047	1
13573	19214	1
8651	7012	1
3654	14818	1
8651	15153	1
1372	6200	1
1818	2441	1
9270	6200	1
3449	6810	1
1338	4061	1
7175	16110	1
11212	12217	1
19215	16873	1
10363	7309	1
7108	3545	1
4107	3440	1
9369	4107	1
13547	18583	1
3975	9550	1
3440	4107	1
19216	18522	1
11212	6165	1
4532	12345	1
13573	14443	1
13311	10938	1
16832	16832	1
16965	7671	1
7570	9550	1
9644	12732	1
801	12584	1
14093	1444	1
7892	19188	1
3975	9165	1
8243	5650	1
1601	4856	1
6163	1545	1
15911	16668	1
15106	9966	1
1031	3103	1
13311	10457	1
1348	9468	1
16029	15840	1
13023	5862	1
10266	1099	1
18522	19216	1
18386	18386	1
1711	10754	1
19123	12466	1
18317	18239	1
19217	19217	1
4755	12899	1
6268	7061	1
8774	12300	1
12899	4755	1
5650	8243	1
15789	7042	1
6530	4755	1
2501	6959	1
15153	12300	1
4398	4404	1
11649	2084	1
573	526	1
3051	1279	1
11074	12300	1
16541	13361	1
16486	8092	1
3004	3547	1
514	3785	1
2265	3785	1
12344	5789	1
1727	3274	1
11183	4137	1
1487	1612	1
8883	4755	1
13311	3330	1
6203	1446	1
15194	9669	1
386	13453	1
2813	5990	1
10106	4177	1
5047	5893	1
4755	6530	1
5862	13023	1
4439	3331	1
526	573	1
18042	84	1
2148	9525	1
11166	3153	1
14144	5735	1
1356	3047	1
13832	9170	1
12345	272	1
19218	15631	1
1818	4633	1
11183	4280	1
7260	515	1
11564	13590	1
6852	14119	1
13476	4662	1
8856	604	1
6748	13508	1
1660	4293	1
1406	12899	1
5725	12899	1
6638	5812	1
5134	7944	1
19219	1526	1
13508	6748	1
8545	13573	1
13573	15471	1
1599	6213	1
17403	3912	1
3689	7223	1
6901	12540	1
3331	4439	1
14443	13573	1
3689	75	1
9170	13832	1
1818	3914	1
19220	2315	1
4696	8848	1
7175	7032	1
16291	1005	1
8763	7128	1
4386	1900	1
14180	13350	1
241	242	1
2818	3547	1
8699	7449	1
8228	8579	1
7449	8699	1
5581	14728	1
12300	15153	1
7789	9765	1
3568	3569	1
14494	1829	1
7083	6924	1
9000	16122	1
8978	12565	1
6652	8609	1
3689	2297	1
1526	19219	1
242	241	1
5642	5485	1
5409	6161	1
1081	9409	1
9527	15784	1
7175	11166	1
7029	986	1
11166	7175	1
14056	6143	1
9214	11991	1
11278	3955	1
6270	7695	1
5688	8213	1
8005	11946	1
1022	15818	1
17129	1105	1
15664	7695	1
10620	5488	1
19221	19222	1
13573	8836	1
16189	8320	1
13734	5485	1
5263	6646	1
8676	7695	1
12664	8320	1
1120	221	1
7831	6804	1
19191	19190	1
472	473	1
1718	2935	1
4713	2611	1
5142	6294	1
10123	12381	1
3923	2611	1
9966	15106	1
13311	6804	1
3068	2935	1
3689	5710	1
12516	10427	1
5485	3561	1
10123	14947	1
5678	6804	1
5840	3561	1
3606	1741	1
2501	4346	1
5678	8333	1
13598	10347	1
9950	1680	1
4747	5782	1
6367	6071	1
3689	11059	1
8320	12664	1
8333	10387	1
15631	19218	1
1741	3606	1
3082	5150	1
4321	14364	1
10002	3637	1
9208	11113	1
9208	2611	1
8745	15925	1
13311	15420	1
8404	4883	1
56	2797	1
7175	13390	1
1718	1718	1
13311	17031	1
7175	13208	1
14131	10508	1
2855	1517	1
3975	8176	1
1388	16322	1
680	283	1
9280	4549	1
1096	1517	1
11212	648	1
419	9267	1
3547	2818	1
4364	4365	1
5217	3767	1
15422	6475	1
12197	7178	1
7175	11758	1
12732	3405	1
3569	3568	1
10304	10909	1
15306	18852	1
3767	5217	1
2297	10893	1
6112	15023	1
12732	13737	1
10434	13737	1
8707	3170	1
435	1022	1
6661	1854	1
10518	10904	1
11166	1650	1
3689	2086	1
19223	18631	1
3203	13032	1
11212	6985	1
7175	4781	1
8609	6652	1
7492	8630	1
3824	2454	1
3839	166	1
13737	10620	1
19224	19225	1
19226	16959	1
7624	7625	1
1579	13473	1
5142	4135	1
3027	3028	1
627	4135	1
12596	9378	1
3785	2265	1
10427	12516	1
13573	8639	1
1030	12804	1
19227	19227	1
19228	19228	1
11571	6771	1
6450	6223	1
986	7029	1
5459	13200	1
8141	12771	1
13453	386	1
1791	4288	1
9593	10116	1
2985	9825	1
19225	19224	1
16541	5598	1
4399	1541	1
3506	5645	1
3547	3004	1
156	155	1
10123	4294	1
2797	216	1
17701	12623	1
5142	1213	1
14968	7602	1
9411	12308	1
9105	11565	1
1497	3706	1
15194	11565	1
13985	18179	1
2985	2446	1
1087	864	1
4406	3824	1
7175	14804	1
19009	6273	1
18852	15306	1
3975	18594	1
10386	10123	1
1996	2457	1
1958	5360	1
11502	1612	1
15446	18543	1
10934	1212	1
13311	12981	1
1900	4386	1
3975	3073	1
1356	2142	1
17520	17979	1
1356	3793	1
6273	19009	1
123	1465	1
5226	13677	1
19112	17987	1
13772	642	1
8836	13573	1
13677	5226	1
4662	13476	1
16848	14886	1
8651	6107	1
18223	17062	1
7602	14968	1
12300	11074	1
5224	5226	1
10096	5994	1
10386	14090	1
6258	5086	1
15388	16062	1
8195	19229	1
8651	12271	1
2927	4606	1
9388	17224	1
8639	13573	1
9214	4692	1
1897	4172	1
10404	14016	1
19229	8195	1
13538	11346	1
7086	7223	1
990	908	1
2793	19230	1
9031	4692	1
15784	9527	1
6893	7158	1
4762	7158	1
3606	7158	1
5849	7158	1
7032	12376	1
4174	740	1
5813	2914	1
19019	6080	1
2390	7158	1
3689	14117	1
813	7158	1
435	13032	1
15039	15911	1
3279	1089	1
1370	1381	1
5142	7158	1
16581	7345	1
17944	16927	1
3689	8780	1
6382	7533	1
14728	5581	1
6071	6367	1
7223	226	1
18631	19223	1
15599	10620	1
11598	11598	1
19231	15293	1
15428	16892	1
328	2776	1
11249	5807	1
3629	1740	1
8737	14443	1
19232	10066	1
1190	3577	1
3689	3332	1
7267	11220	1
1987	13851	1
10386	17409	1
1022	435	1
13032	435	1
19212	9443	1
15293	19231	1
13851	3315	1
17787	7012	1
11445	7266	1
5351	14461	1
707	5459	1
3760	4313	1
10909	10304	1
13573	11014	1
8651	5684	1
11220	7267	1
14886	16848	1
6539	3944	1
14502	6928	1
19233	1659	1
10116	9593	1
13851	1987	1
17729	478	1
7908	7509	1
5086	6258	1
13973	6625	1
936	6374	1
2693	7239	1
15365	10713	1
10620	5075	1
2485	13616	1
14489	1539	1
19234	18408	1
4534	5622	1
8763	12134	1
18509	16947	1
18852	3138	1
2738	7764	1
4724	5941	1
11014	13573	1
3689	8222	1
3975	10968	1
18179	3826	1
1503	882	1
19235	15153	1
5142	5783	1
15745	13751	1
19236	13929	1
12134	8763	1
1818	710	1
8976	8763	1
5075	10620	1
11339	14248	1
6007	6008	1
1680	9950	1
3717	5020	1
19155	19156	1
2397	14461	1
7158	4762	1
19237	13356	1
6458	13775	1
1465	586	1
497	5470	1
5111	7764	1
1356	1292	1
2693	7519	1
10224	10374	1
7158	813	1
5465	5466	1
19238	15491	1
13354	19202	1
8339	3998	1
7175	12670	1
15446	16502	1
12337	12337	1
4052	1814	1
9488	9234	1
478	17729	1
9138	11556	1
2322	9234	1
6127	4935	1
2941	10663	1
13311	7407	1
16831	14695	1
2570	2573	1
16947	18509	1
797	2135	1
7916	11689	1
11183	4260	1
9765	7789	1
15470	5694	1
7625	7215	1
15911	15039	1
3302	515	1
4399	5779	1
11183	1537	1
14300	7119	1
10374	10224	1
14197	7108	1
7452	4409	1
4409	7452	1
2555	4260	1
13273	4218	1
12082	17556	1
16849	8049	1
7452	15067	1
8404	5411	1
16494	16494	1
3545	7108	1
11414	15706	1
5411	8404	1
3849	6361	1
5893	18621	1
3315	3545	1
19229	2422	1
18640	18641	1
11485	3306	1
11689	7916	1
11144	10645	1
15067	7452	1
6101	5758	1
4935	6127	1
4400	2571	1
19239	2459	1
15491	19238	1
5009	6135	1
12400	7138	1
3153	11166	1
9546	7784	1
1469	3723	1
4294	10123	1
4218	13273	1
14947	10123	1
7784	9546	1
8547	15334	1
3723	1469	1
13273	16088	1
12381	10123	1
14678	2544	1
9863	10123	1
4439	10123	1
8867	8451	1
7215	7625	1
10252	8451	1
1973	715	1
9267	419	1
19183	14314	1
13025	2294	1
19225	5041	1
14762	19240	1
3545	3315	1
