5382	13962	1
1958	2255	1
12096	10537	1
13095	384	1
3010	2192	1
17846	12919	1
6319	14754	1
384	13095	1
12779	5366	1
968	2017	1
4265	447	1
5378	16035	1
3631	2017	1
8130	13113	1
3530	2067	1
18458	18457	1
6765	3370	1
19031	11168	1
4504	12161	1
8204	1188	1
3950	6171	1
7622	9276	1
1030	6869	1
3633	6453	1
37	861	1
16387	12308	1
5872	16055	1
15748	8824	1
2066	5116	1
19397	2616	1
5321	19438	1
11468	19437	1
8671	7071	1
6994	15229	1
6869	1030	1
11086	5970	1
1897	12340	1
11734	12061	1
9718	6562	1
4864	4863	1
12161	4504	1
11242	18953	1
11111	11440	1
861	37	1
12491	5385	1
5374	523	1
10130	8975	1
5970	11086	1
8320	8512	1
15664	6883	1
8506	13692	1
17916	8903	1
6734	9331	1
240	438	1
11967	11691	1
4801	15702	1
13095	8512	1
10857	6843	1
15702	4801	1
11121	4029	1
19412	19439	1
11759	9389	1
19440	19440	1
17614	1009	1
3855	14849	1
4557	677	1
12773	12397	1
14849	3855	1
8143	8698	1
4769	6454	1
5636	4863	1
7448	6059	1
2406	9015	1
106	4837	1
9240	9527	1
5231	5191	1
2017	3631	1
7723	7389	1
7083	5301	1
4346	4345	1
4345	4346	1
8411	1444	1
1828	19441	1
9477	10736	1
5678	10736	1
10736	9477	1
6489	14849	1
3512	19210	1
3722	4346	1
14849	6489	1
3998	2712	1
3855	6489	1
6073	10296	1
16388	12899	1
9977	5393	1
11759	3068	1
7776	17130	1
11459	16301	1
1077	7271	1
13962	5382	1
184	184	1
2255	5360	1
11231	19442	1
1681	4657	1
19443	11246	1
1016	19437	1
16358	6539	1
5602	15013	1
6539	16358	1
3214	425	1
2017	968	1
11759	18653	1
16371	6372	1
3225	2672	1
9479	14180	1
3849	6361	1
19237	13246	1
11751	5797	1
8975	10130	1
19442	10296	1
1108	2065	1
1768	13764	1
10296	19442	1
5386	10982	1
9466	8608	1
1077	1086	1
9992	10461	1
871	3384	1
15517	11909	1
17717	9436	1
6843	10857	1
523	5374	1
4457	5774	1
8608	9466	1
2801	5240	1
9466	9466	1
4460	2979	1
2725	5774	1
6781	12587	1
6495	266	1
17131	8490	1
7643	5488	1
15119	10737	1
10570	8222	1
15642	5944	1
4325	4325	1
8243	5650	1
17632	14150	1
4577	6486	1
19289	16848	1
14929	11414	1
19444	19445	1
3360	19425	1
6111	664	1
7345	6730	1
7866	3240	1
11320	7072	1
4266	6987	1
8185	3235	1
5932	4748	1
1476	5540	1
6730	7345	1
4747	8222	1
13494	1096	1
11161	13140	1
4748	5932	1
16229	7469	1
1016	7204	1
2713	2059	1
7253	4634	1
4033	6424	1
18331	18331	1
18192	13246	1
3427	3423	1
7469	16229	1
5922	19426	1
14612	8735	1
1361	1360	1
13393	6424	1
6919	4454	1
17131	8864	1
13246	18192	1
3138	858	1
3881	858	1
3738	5128	1
19446	7561	1
4084	4797	1
8378	2973	1
994	1075	1
3855	5691	1
439	384	1
871	3062	1
12364	7148	1
5934	12464	1
439	4888	1
2646	7710	1
3605	6424	1
3487	1433	1
1051	2446	1
425	2446	1
5889	18408	1
2832	2843	1
17916	6883	1
5812	777	1
8160	5597	1
13713	15661	1
14752	4300	1
8913	11677	1
7028	9834	1
2546	6161	1
2799	4112	1
651	14302	1
1119	869	1
777	5812	1
5277	1573	1
14302	651	1
19447	19448	1
8913	6682	1
12596	874	1
1615	9167	1
5257	16341	1
11767	9814	1
12312	875	1
19438	5321	1
15686	95	1
7138	14016	1
11893	19301	1
1360	1361	1
2017	3934	1
3998	8339	1
13175	13456	1
3493	3491	1
14494	1829	1
16729	12536	1
1830	1829	1
16210	6573	1
2194	115	1
296	1829	1
4629	4630	1
13455	4816	1
8735	14612	1
8903	17916	1
12763	9550	1
9550	12763	1
5222	9273	1
7038	7303	1
2478	19390	1
19424	19424	1
3934	5011	1
14714	4946	1
5670	5248	1
1140	3658	1
12340	15745	1
6987	4266	1
3423	3427	1
2172	5977	1
6337	408	1
16274	15745	1
2255	1958	1
6367	13255	1
18040	16962	1
3153	19413	1
13985	11187	1
5893	5047	1
9356	5047	1
11029	1976	1
7909	8839	1
13331	13021	1
4777	896	1
3982	1891	1
12172	10609	1
11187	13985	1
19445	19444	1
1512	21	1
19449	4218	1
7309	579	1
15745	12340	1
6486	4577	1
16166	11552	1
12500	88	1
408	6337	1
5705	5259	1
3788	2853	1
19450	19451	1
14016	13965	1
19452	19413	1
16848	19289	1
1914	4768	1
18685	17035	1
11689	10859	1
3934	2017	1
11814	8092	1
5160	4489	1
439	2715	1
4950	6141	1
380	3340	1
16055	9483	1
4836	6141	1
2820	5221	1
13140	11161	1
13665	510	1
2941	3912	1
15892	15566	1
7469	12439	1
3138	13938	1
14016	7138	1
15614	8867	1
10461	9992	1
523	19340	1
5662	750	1
6006	6184	1
2700	3739	1
5356	5562	1
9477	8333	1
8096	2611	1
5277	1569	1
12587	6781	1
769	2984	1
4108	4108	1
2127	8526	1
2364	4257	1
15642	16805	1
10035	9375	1
11598	7739	1
8336	6781	1
5248	5670	1
1723	3532	1
16387	16585	1
9230	6121	1
18086	2	1
13869	6611	1
8160	6611	1
7333	14818	1
12439	7469	1
5597	6611	1
439	1714	1
2480	3545	1
17916	10611	1
729	5502	1
5047	5893	1
6489	1997	1
15642	2255	1
5164	8354	1
7104	8354	1
6213	1599	1
15745	16274	1
12687	12687	1
9585	7967	1
19453	19453	1
7967	9585	1
8656	6775	1
16112	6429	1
15694	15695	1
1077	1858	1
13692	8506	1
8222	4747	1
1287	19193	1
16112	2304	1
17327	604	1
14612	8492	1
8492	14612	1
3170	10435	1
7178	940	1
690	6127	1
5485	5642	1
5628	294	1
769	925	1
16585	16387	1
7104	5164	1
9825	9825	1
3166	2721	1
861	379	1
2721	3166	1
3788	3671	1
17087	13692	1
15119	7823	1
5164	5503	1
14805	8527	1
15234	16941	1
14876	11485	1
7104	5503	1
7866	2873	1
1077	15401	1
3930	12532	1
13580	13574	1
12945	18016	1
16962	18040	1
5579	2979	1
1996	3547	1
19413	19413	1
6489	1514	1
1161	75	1
11759	18583	1
8451	15547	1
19454	15547	1
10435	3170	1
3170	8707	1
19455	11315	1
3835	12217	1
18087	4037	1
9834	7028	1
3547	5485	1
395	1338	1
869	1119	1
9204	16210	1
5642	5485	1
8280	4037	1
3240	7866	1
6810	5894	1
17916	8260	1
2873	7866	1
8330	5894	1
12217	3835	1
15421	16844	1
17326	17324	1
646	14657	1
15470	5243	1
9612	5085	1
12941	7965	1
5870	5085	1
447	4265	1
5735	5085	1
1077	449	1
604	17327	1
19133	17252	1
4863	4864	1
1077	5862	1
11751	11445	1
14724	7853	1
14180	12308	1
7072	11320	1
5566	3795	1
8839	7909	1
18929	15576	1
5134	7944	1
19456	2199	1
12919	17846	1
19457	16751	1
6804	5678	1
17014	10410	1
10736	5678	1
2	18086	1
5021	5678	1
5085	9612	1
17130	7776	1
11883	7543	1
4445	8492	1
12536	16729	1
16371	12217	1
7651	2520	1
817	4362	1
3017	2611	1
6141	4836	1
17431	6530	1
845	13573	1
5361	8967	1
18358	4195	1
2611	2282	1
12945	12180	1
664	6111	1
3825	1062	1
18086	10609	1
19458	10242	1
11440	11111	1
2282	2611	1
3005	12375	1
6111	1686	1
2855	1081	1
1077	5330	1
6562	9718	1
1599	6213	1
11759	14166	1
2611	3017	1
5894	6810	1
1081	2855	1
2799	1800	1
4036	11724	1
2611	1009	1
1565	19459	1
8860	4205	1
3799	4760	1
5164	9480	1
3788	2114	1
13331	12672	1
2714	13927	1
8177	6039	1
19459	1565	1
13255	6367	1
2065	2066	1
2604	2066	1
6611	5597	1
11390	13938	1
13573	845	1
6171	3950	1
9063	2066	1
2973	2066	1
5116	2066	1
755	6564	1
10329	10329	1
13687	12664	1
8361	14264	1
5843	7042	1
2336	2337	1
6775	8656	1
16112	2470	1
16358	2885	1
15661	13713	1
8210	15749	1
15106	7334	1
7086	4555	1
869	1120	1
19246	19245	1
17131	6962	1
6171	5932	1
16751	19457	1
13590	16612	1
19432	19432	1
3041	19460	1
2611	2420	1
18211	11960	1
7993	5051	1
769	768	1
2700	2701	1
2420	2611	1
7334	15106	1
6489	1690	1
5650	8243	1
8932	8522	1
5180	6783	1
16997	4879	1
10313	6499	1
6489	3855	1
12664	13687	1
6489	5482	1
2362	1878	1
7108	3545	1
19461	19461	1
19091	10205	1
3855	5026	1
16612	13590	1
6630	5439	1
3545	2480	1
5021	717	1
439	2745	1
18714	10437	1
371	14900	1
1597	11472	1
19462	438	1
19340	523	1
2600	9945	1
7801	4816	1
7739	11598	1
5678	6804	1
10609	18086	1
3855	1750	1
5485	3547	1
14565	12217	1
9945	2600	1
5085	5735	1
11476	275	1
2066	2604	1
14437	11166	1
4830	1193	1
18747	16560	1
7267	953	1
16372	6193	1
14754	6319	1
4362	817	1
3658	1140	1
4946	14714	1
275	11476	1
4816	7801	1
1077	2998	1
3237	5901	1
8911	7821	1
17741	17741	1
19441	1828	1
17916	6783	1
1077	752	1
3855	5191	1
1987	6057	1
12059	15988	1
10774	15195	1
4409	3950	1
18161	12600	1
15717	15865	1
3048	10484	1
424	7746	1
5277	6280	1
13420	10537	1
5118	4517	1
1878	2362	1
18408	5917	1
797	2135	1
3998	10173	1
9281	10651	1
3855	16790	1
19463	5009	1
19464	18948	1
1853	17142	1
13642	2085	1
13331	9551	1
18242	8020	1
6837	11191	1
16844	15421	1
6141	4950	1
6564	755	1
3739	2700	1
5354	10749	1
4464	140	1
15547	19454	1
2701	2700	1
2894	3796	1
2209	1996	1
15631	18631	1
3945	3945	1
6270	10461	1
8860	13275	1
2051	1558	1
1958	5360	1
1193	4830	1
8972	17948	1
6489	5043	1
3855	5043	1
10749	5354	1
5360	1958	1
5381	10387	1
11421	11865	1
3487	9846	1
16091	16092	1
9495	9715	1
1996	2209	1
8049	8365	1
5497	5908	1
1077	8176	1
5519	4294	1
808	1503	1
8365	8049	1
3855	5027	1
6934	2594	1
3855	4070	1
6620	1731	1
5726	2284	1
10461	6270	1
19465	19465	1
11539	13237	1
16288	2914	1
7179	9378	1
19466	19016	1
8361	17951	1
17632	4887	1
6127	690	1
8860	17132	1
1077	14239	1
4966	15878	1
383	382	1
13407	14715	1
11166	14437	1
14657	646	1
4250	2912	1
19467	19007	1
14715	13407	1
1108	3645	1
12180	12945	1
5443	5444	1
16541	5598	1
8144	10611	1
1326	12375	1
13840	9837	1
6648	5598	1
7254	2416	1
13580	509	1
12787	18263	1
3503	5742	1
3370	6765	1
14612	785	1
19468	19468	1
1361	8080	1
4216	8212	1
13284	15401	1
68	655	1
10859	11689	1
1727	1055	1
15079	7056	1
6210	9527	1
7056	15079	1
27	27	1
3788	19469	1
5742	3503	1
17131	1532	1
10968	5240	1
19470	19470	1
6183	8035	1
10313	4857	1
5637	1203	1
2594	6934	1
9212	9211	1
11405	5411	1
3855	4857	1
6475	15552	1
5021	9736	1
13807	7158	1
5027	3855	1
9620	3101	1
11414	14929	1
8369	3744	1
10759	2096	1
7561	19446	1
17030	10080	1
953	7267	1
5043	3855	1
17510	9816	1
15878	4966	1
10313	10767	1
4816	13455	1
4294	5519	1
16456	12496	1
7780	12496	1
14849	12496	1
5191	3855	1
19471	19471	1
19045	6541	1
10639	4031	1
4031	10639	1
11759	7484	1
19472	19472	1
875	12312	1
2067	3530	1
5026	3855	1
9894	12496	1
11126	6625	1
10313	9100	1
13113	8130	1
5277	19473	1
3950	4409	1
4037	8280	1
3950	3767	1
5598	16541	1
19400	19446	1
655	68	1
3446	11512	1
4029	11121	1
19474	19016	1
8378	3084	1
12379	5354	1
4198	4814	1
11964	12285	1
3788	2202	1
11815	9026	1
7813	7866	1
13476	1238	1
7645	3353	1
6787	9477	1
3855	2423	1
13851	1987	1
3998	4279	1
3767	3950	1
11552	16166	1
2799	4279	1
6258	5086	1
8541	7535	1
10374	8498	1
785	14612	1
10609	12172	1
2997	14849	1
18747	18747	1
19475	16273	1
4341	7182	1
4830	4763	1
17729	478	1
15727	7804	1
19476	17934	1
14849	2997	1
8498	10374	1
12500	9735	1
13747	8975	1
4763	4830	1
6489	75	1
15941	19477	1
5463	1921	1
88	12500	1
13198	11010	1
95	1038	1
1556	7804	1
9438	10390	1
19009	14849	1
17951	8361	1
1120	869	1
4025	2666	1
459	458	1
11799	2829	1
9735	12500	1
10759	1314	1
6017	18729	1
10537	12096	1
14264	8361	1
1370	1370	1
15642	46	1
5277	11880	1
19478	19479	1
1987	13851	1
8975	10319	1
12209	2331	1
9269	4595	1
3315	13851	1
89	12121	1
7731	7179	1
564	4457	1
1884	8666	1
19480	5362	1
5076	800	1
7158	13807	1
14400	1985	1
5513	432	1
1142	1996	1
14849	19009	1
4780	7804	1
17324	17326	1
16	1254	1
8824	15748	1
13884	10649	1
3723	3949	1
5366	12779	1
12666	10345	1
18692	7213	1
8092	6246	1
1958	3825	1
7821	8911	1
5904	4135	1
15547	8451	1
19052	19481	1
15077	2179	1
7148	12364	1
6513	8876	1
7953	8451	1
14653	3102	1
8867	8451	1
11220	16031	1
2480	7223	1
