4578	10933	1
3073	9085	1
6294	7367	1
5357	9705	1
12837	4174	1
6952	17946	1
6080	19019	1
8676	7695	1
5642	3561	1
18314	15757	1
2997	3561	1
7421	4451	1
19110	19111	1
755	2126	1
12899	6127	1
928	929	1
322	11865	1
8568	6713	1
8420	14816	1
1756	1786	1
15178	4980	1
2234	4548	1
17946	6952	1
1711	10754	1
3954	4548	1
6496	14163	1
11044	5806	1
6562	6713	1
1900	4029	1
6713	6562	1
10330	4632	1
4174	12837	1
1884	17951	1
8935	6380	1
13687	12650	1
14370	13528	1
4485	3561	1
5485	3561	1
2132	15988	1
914	6942	1
6270	10461	1
17951	1884	1
10461	6270	1
5843	5844	1
3059	4228	1
5894	7085	1
6097	1523	1
15184	16182	1
5894	4514	1
19112	7291	1
12439	6424	1
5753	16490	1
3723	3949	1
5943	6056	1
7179	9378	1
1444	14093	1
8280	18211	1
16509	359	1
5699	4250	1
18223	14747	1
5813	5175	1
19113	15144	1
11830	11916	1
8681	4141	1
10003	4084	1
4084	10003	1
7988	11403	1
5282	2109	1
17080	18947	1
6562	12932	1
2138	4074	1
3234	11273	1
19111	1031	1
11631	9705	1
7291	19112	1
10282	17966	1
5598	6648	1
5894	6648	1
4451	7421	1
16886	5613	1
4906	17162	1
5894	6783	1
5844	5843	1
12330	11030	1
4611	1791	1
6352	11465	1
4029	17926	1
6352	2379	1
3344	17375	1
5352	5352	1
11571	6771	1
8282	6274	1
11040	16376	1
1504	602	1
9669	6321	1
17622	15773	1
10801	2108	1
17755	1126	1
18947	17080	1
15911	12312	1
9899	1810	1
3248	2096	1
8141	12771	1
2598	6560	1
4726	2842	1
12771	8141	1
1750	13574	1
7267	11280	1
6172	7292	1
3008	2725	1
707	6700	1
6562	8810	1
9468	1348	1
12544	8026	1
2842	4726	1
9117	6771	1
13538	5678	1
8700	8810	1
707	4422	1
7038	518	1
7801	4027	1
7074	18350	1
6648	5598	1
1686	5221	1
9369	4107	1
11916	11830	1
5286	4008	1
6700	4422	1
19099	19099	1
4422	6700	1
518	7038	1
18350	7074	1
23	424	1
7801	4816	1
11044	6343	1
384	12919	1
4747	7409	1
3035	1100	1
2646	7857	1
9511	15748	1
10157	6475	1
11912	11912	1
13882	14151	1
15748	9511	1
6770	636	1
3870	896	1
19112	18358	1
1741	3606	1
37	861	1
2043	1828	1
17872	13564	1
13705	1935	1
7801	8774	1
10038	7480	1
18358	19112	1
3870	6294	1
19112	7690	1
5533	304	1
4171	11568	1
1039	304	1
7158	9577	1
7215	8928	1
10330	11509	1
10206	12584	1
19114	13251	1
10183	8705	1
13289	7228	1
435	425	1
13361	16729	1
9105	2284	1
3462	8108	1
19115	8241	1
425	435	1
12919	384	1
359	16509	1
5366	12779	1
253	264	1
6700	3240	1
7801	8247	1
6713	8568	1
19116	19116	1
18358	14577	1
13139	10228	1
18366	18367	1
14321	14321	1
3138	13938	1
5613	16886	1
19117	19118	1
6832	13868	1
1791	4611	1
2480	14263	1
13882	15106	1
12463	13987	1
19119	18859	1
14559	14560	1
12899	13601	1
2957	9010	1
5286	5354	1
9835	14321	1
2108	10801	1
7715	5357	1
835	2533	1
4914	19120	1
6771	9117	1
9470	4532	1
2725	3008	1
12080	12080	1
3488	19121	1
6700	6279	1
2402	3671	1
19122	19122	1
9391	8680	1
16074	16075	1
1100	3035	1
18642	10205	1
3912	2941	1
17851	14492	1
6220	11855	1
5286	14214	1
213	1416	1
16355	4751	1
18021	6213	1
204	205	1
2319	18178	1
8810	8700	1
4549	9656	1
15557	19123	1
707	3068	1
10533	3068	1
9105	6370	1
19124	6213	1
12197	2818	1
3491	3493	1
9105	6904	1
15381	13826	1
7158	813	1
295	107	1
15106	9966	1
400	4180	1
12970	7986	1
13737	10620	1
14535	8174	1
7521	11344	1
11773	11416	1
7801	12300	1
16291	12300	1
777	7321	1
4180	400	1
5399	2574	1
2138	9621	1
756	3091	1
12970	8788	1
3091	756	1
7284	5335	1
3248	7442	1
9936	13493	1
14921	2962	1
4293	2699	1
18582	5150	1
9470	9262	1
14343	14700	1
1372	9270	1
19111	19110	1
8899	6649	1
19125	2239	1
6076	6077	1
4171	1838	1
2698	2699	1
19126	19127	1
19128	19128	1
323	4613	1
8026	12544	1
13528	14370	1
7362	1935	1
2451	4755	1
7421	5663	1
7989	12259	1
5589	13776	1
3248	8985	1
425	2446	1
5047	5893	1
15067	6314	1
6530	4755	1
17787	5164	1
11555	5164	1
4755	6530	1
19129	8174	1
11249	5807	1
9105	2440	1
2446	425	1
7801	8364	1
7143	6496	1
7345	6039	1
2699	4293	1
17767	2411	1
10032	10032	1
11709	7893	1
5164	11555	1
1531	2800	1
707	7974	1
1865	3393	1
3606	1741	1
12992	10861	1
7321	777	1
16552	16729	1
1043	5084	1
3744	7783	1
19130	18046	1
19131	10240	1
924	7819	1
17080	6356	1
3068	2935	1
4171	1055	1
13215	4195	1
5489	12868	1
11344	7521	1
1718	2935	1
10654	10410	1
4057	1378	1
3237	422	1
13564	17872	1
4171	7810	1
4029	1900	1
2924	2935	1
15110	14482	1
14482	15110	1
8280	15792	1
7801	6270	1
19132	15110	1
15792	8280	1
707	2935	1
19133	17252	1
19134	9662	1
4342	17252	1
6700	4781	1
2935	3068	1
19135	9977	1
9731	13808	1
8261	2935	1
16923	12795	1
1810	3380	1
6314	15067	1
18331	18331	1
5893	5047	1
10609	18086	1
7000	11556	1
7783	3744	1
204	3380	1
95	15686	1
12300	16291	1
12344	5789	1
11556	7000	1
7363	13596	1
8214	8364	1
9470	6624	1
9105	4992	1
6363	6346	1
6700	10531	1
8810	6562	1
6564	16387	1
8243	5650	1
8700	6562	1
7568	19136	1
11943	14069	1
414	11789	1
9644	10620	1
2699	2698	1
19137	3746	1
9662	19134	1
11390	4195	1
10620	9644	1
9105	4873	1
12126	50	1
9105	6453	1
7158	2390	1
19138	6396	1
2935	1718	1
2511	2294	1
10569	10737	1
19139	18807	1
1641	16128	1
18838	18838	1
3248	4864	1
6380	6234	1
19134	18807	1
13215	3810	1
9031	8160	1
13882	8815	1
4863	4864	1
12336	15933	1
6496	7143	1
5597	8160	1
11639	6281	1
3607	8173	1
8670	10737	1
15933	15933	1
4171	8154	1
12544	14182	1
7801	7085	1
5307	7025	1
668	9917	1
2339	84	1
2043	2541	1
6562	8700	1
8975	9966	1
17153	10831	1
12795	16923	1
4171	4720	1
10205	18642	1
4171	5630	1
4922	10109	1
2600	9945	1
924	490	1
6109	9159	1
3063	6502	1
6380	8935	1
15334	8547	1
19140	6716	1
12544	9671	1
4755	2451	1
13390	1482	1
5522	5544	1
6879	9992	1
17890	18445	1
7801	4363	1
11416	12598	1
18462	13032	1
7940	18829	1
1635	4474	1
17324	17326	1
14921	718	1
17404	9528	1
15110	19132	1
5042	431	1
11059	18621	1
10031	16504	1
5711	2052	1
9105	5725	1
17926	4029	1
7071	12308	1
17983	17755	1
17754	17755	1
14478	6307	1
50	12126	1
6957	16504	1
1126	17755	1
344	9335	1
7801	15153	1
5660	1338	1
5922	901	1
9807	9695	1
6515	6424	1
14197	3545	1
5812	1756	1
6700	6635	1
19088	3263	1
1786	1756	1
10722	4216	1
19132	19132	1
7801	4007	1
7228	13289	1
4107	9369	1
17867	17866	1
10412	16729	1
12598	11416	1
4171	2154	1
9335	344	1
17926	13736	1
6281	11639	1
17718	17719	1
4140	4426	1
4174	15976	1
707	9568	1
12536	9671	1
10988	15362	1
7801	12271	1
9754	9474	1
6700	4250	1
19141	19141	1
5773	3160	1
4890	11414	1
4751	16355	1
10427	11516	1
17065	8262	1
17	385	1
5585	3970	1
10330	8031	1
3738	3690	1
14461	5736	1
3835	12217	1
2855	1081	1
1338	5660	1
10483	14105	1
4032	2678	1
5715	4983	1
11455	3581	1
1081	2855	1
9488	7671	1
6017	6122	1
6321	9669	1
14831	2677	1
19142	19142	1
16387	6564	1
11048	7416	1
5789	12344	1
1567	1740	1
4112	14540	1
6122	6017	1
924	7853	1
12544	9723	1
12544	13515	1
10695	10226	1
4260	4474	1
4171	1727	1
72	13875	1
17404	8452	1
16209	12274	1
5266	1619	1
15933	12336	1
19143	8443	1
8928	7215	1
924	13925	1
4487	4780	1
13689	385	1
8443	19143	1
9704	18556	1
1155	11714	1
6577	19144	1
3149	6441	1
7801	8214	1
17926	1900	1
4780	4487	1
13572	6525	1
385	17	1
4439	3331	1
6346	6363	1
16128	1641	1
7178	940	1
12274	16209	1
12266	4603	1
701	385	1
5553	12414	1
6039	7345	1
6441	3149	1
13574	1750	1
9120	8903	1
10988	8903	1
16729	10412	1
19145	19146	1
15691	8903	1
15766	4320	1
19147	385	1
12546	7323	1
12239	2611	1
10737	10569	1
19111	10273	1
1667	5414	1
12494	2398	1
14540	4112	1
7592	19003	1
12223	13674	1
6070	6070	1
2935	8261	1
18271	18270	1
10273	19111	1
7595	19003	1
8031	10330	1
3545	14197	1
9105	11445	1
10203	12217	1
12414	5553	1
14151	13882	1
15106	13882	1
3248	4885	1
2043	10939	1
8815	13882	1
707	11758	1
1897	8222	1
15620	8222	1
7516	8222	1
9069	12732	1
2496	16274	1
8092	16486	1
4577	16523	1
7801	3817	1
12124	12937	1
11086	9367	1
18058	7671	1
4215	5247	1
6874	4681	1
21	1512	1
9644	11909	1
8145	4698	1
3686	15263	1
5269	4521	1
5972	18	1
8160	9031	1
4006	3376	1
17611	17611	1
6428	8460	1
10248	15263	1
13599	8460	1
5146	5314	1
5134	7944	1
1810	1408	1
12544	8205	1
2051	1558	1
10615	5760	1
7517	9816	1
581	18239	1
11121	4029	1
4251	3944	1
4171	14568	1
4067	15948	1
12732	9069	1
707	3450	1
6700	3450	1
18690	12842	1
5237	6270	1
4171	800	1
4043	3581	1
8285	12217	1
11974	6776	1
3569	3568	1
7801	8330	1
19087	7306	1
9411	9411	1
5778	3868	1
10620	13737	1
16639	8166	1
11414	4890	1
18989	14131	1
13807	3501	1
18086	11102	1
9669	4962	1
19148	229	1
19112	4662	1
5894	8330	1
9375	17486	1
3166	4735	1
9217	10706	1
5180	6783	1
10865	15663	1
10313	8197	1
5537	4095	1
4368	3493	1
13014	1841	1
6460	1499	1
9621	2138	1
8222	7516	1
1523	1338	1
11516	10427	1
728	5532	1
2040	1338	1
19009	11191	1
7144	11885	1
1674	2420	1
7158	5849	1
204	1656	1
3383	11540	1
3315	7108	1
6562	9718	1
6700	18881	1
1338	1523	1
12788	869	1
3870	3606	1
7158	3606	1
8147	13029	1
5247	4215	1
4141	8681	1
1619	5266	1
13813	3544	1
19004	19004	1
12544	13538	1
6307	14478	1
707	6670	1
18021	3843	1
7801	8144	1
5798	5798	1
4171	1837	1
6030	7624	1
13882	7481	1
19123	15557	1
8788	12970	1
4855	3078	1
7361	10620	1
3138	5581	1
4662	19112	1
9719	4632	1
4962	9669	1
14263	2480	1
10404	14016	1
9105	6265	1
1177	13072	1
16639	6352	1
7416	11048	1
14016	10404	1
14869	7276	1
3523	2480	1
1601	4856	1
11445	4780	1
1535	3679	1
11372	6898	1
6485	4507	1
6515	9669	1
10861	12992	1
13477	8683	1
2420	1674	1
2043	6981	1
707	3020	1
1700	437	1
3679	1535	1
3331	4439	1
9992	6879	1
9966	11514	1
4377	620	1
19101	7071	1
7108	3315	1
3648	1650	1
518	1009	1
14131	18989	1
5414	4789	1
4548	2234	1
1822	10930	1
8757	10713	1
3136	11132	1
3870	4666	1
1810	5437	1
12259	7989	1
10853	10853	1
18086	10609	1
14502	14502	1
3397	1837	1
11030	12330	1
10531	9300	1
17210	1819	1
707	835	1
12868	5489	1
18582	18582	1
274	5314	1
15196	3497	1
6700	12816	1
1132	4196	1
14827	4217	1
7783	5357	1
89	12121	1
1469	3723	1
9080	1009	1
5760	10615	1
9031	4692	1
1092	2719	1
6343	9144	1
8443	4464	1
4346	3722	1
7801	5191	1
4692	9031	1
12174	13273	1
10348	12172	1
9300	10531	1
617	2730	1
12813	17609	1
3852	7021	1
4095	5537	1
16389	15988	1
6192	7004	1
14494	1829	1
19149	19150	1
7086	4555	1
15228	6446	1
7801	4692	1
2052	5711	1
15162	14201	1
8676	8333	1
5382	2483	1
2483	5382	1
12516	10427	1
707	1094	1
7218	9028	1
16298	3581	1
12664	12650	1
6270	5237	1
3088	5355	1
707	5229	1
10706	11767	1
9240	9527	1
3315	13851	1
19151	17432	1
12217	3835	1
17916	10611	1
1531	3549	1
2339	1751	1
18862	5693	1
6460	5107	1
14816	8420	1
7800	15639	1
17065	4039	1
7367	3561	1
1142	1038	1
4293	5581	1
9527	9388	1
15639	7800	1
1903	1499	1
14887	2658	1
14691	5752	1
5736	14461	1
4941	11065	1
16947	18509	1
16389	11885	1
7624	6030	1
2408	12314	1
4171	3274	1
13573	5420	1
15773	17622	1
16426	3420	1
17326	17324	1
19152	13932	1
7158	4762	1
9248	4939	1
11714	1155	1
9977	3420	1
8745	15925	1
18380	14868	1
9076	11610	1
17785	17785	1
13884	17785	1
672	2123	1
3501	13807	1
5546	10158	1
19153	8886	1
19154	6097	1
16485	13113	1
2678	173	1
14687	6552	1
6316	4084	1
7988	8974	1
8545	9279	1
1810	4582	1
5000	16209	1
19142	17758	1
4409	3950	1
13851	1987	1
8031	15718	1
15718	8031	1
5693	18862	1
17002	15533	1
19155	19156	1
5544	5522	1
7053	632	1
10737	8670	1
13145	1635	1
13851	3315	1
8361	12540	1
7801	8260	1
6419	11564	1
19157	7734	1
8985	3248	1
10179	12315	1
8443	8989	1
9028	7218	1
13273	12174	1
4250	5699	1
11661	6270	1
14321	14617	1
6080	5161	1
16209	5000	1
16486	8092	1
3569	6270	1
15773	9613	1
1987	13851	1
4780	9389	1
17562	12315	1
12596	9378	1
11920	14145	1
7321	5058	1
14201	15162	1
3263	19088	1
4946	2611	1
19158	17361	1
490	14995	1
6356	17080	1
12535	15162	1
14995	490	1
7734	19157	1
13590	16612	1
6097	19154	1
16612	13590	1
8330	5894	1
10759	7419	1
15162	12535	1
5093	4901	1
16424	6113	1
4485	5939	1
6700	3153	1
19159	19032	1
8989	8443	1
4464	8443	1
9718	6562	1
19160	13660	1
6030	5234	1
15106	7334	1
12315	17562	1
7552	6409	1
7334	15106	1
14956	14956	1
18647	13766	1
7158	6893	1
11220	16031	1
14841	14461	1
4029	11121	1
16031	11220	1
14804	13193	1
17659	17659	1
14461	14841	1
7071	19101	1
6175	6582	1
17701	5782	1
13042	10052	1
9727	5932	1
12345	272	1
9488	5363	1
10052	13042	1
5604	2108	1
12456	15365	1
13973	13973	1
274	3980	1
5932	9727	1
8547	15334	1
18870	18870	1
18509	16947	1
11815	16273	1
9279	8545	1
16273	11815	1
15925	8745	1
2091	425	1
4171	10675	1
9411	12308	1
7471	1951	1
18621	11059	1
5234	6030	1
15229	14530	1
173	2678	1
12544	10457	1
5026	5027	1
