9069	12732	1
11815	16273	1
11220	7267	1
14687	14687	1
14530	15229	1
16273	11815	1
14617	14321	1
7267	11280	1
13843	18143	1
16612	13590	1
4217	14827	1
2339	7480	1
5778	3868	1
9270	1372	1
11372	15579	1
271	272	1
18188	15579	1
5237	6270	1
4914	6667	1
18950	7267	1
2255	15642	1
12779	5366	1
11564	13590	1
13311	5678	1
13900	7407	1
15642	2255	1
15229	14530	1
11059	18621	1
8763	7128	1
3723	3949	1
9669	6515	1
1841	13014	1
6158	15579	1
14093	1444	1
15579	6158	1
19009	7884	1
10713	7831	1
16756	16330	1
13736	17926	1
11514	9966	1
4029	17926	1
6700	7308	1
5107	6460	1
12544	11855	1
10837	2096	1
924	159	1
7831	10713	1
13014	16358	1
3020	11058	1
5972	18	1
5613	16886	1
2653	1305	1
14752	19146	1
6216	17461	1
14792	11946	1
13660	16077	1
19160	16077	1
15365	12456	1
7267	18950	1
7421	71	1
5949	2028	1
13407	14715	1
18396	16503	1
17565	17564	1
7801	10623	1
14886	2727	1
10461	6270	1
6515	6424	1
7602	9085	1
11784	1787	1
2339	5466	1
2913	2727	1
19161	19161	1
8815	16677	1
5836	4592	1
10706	9217	1
2096	10837	1
4107	9369	1
6270	5237	1
1072	3590	1
6193	9369	1
4196	1132	1
5121	18864	1
18908	16848	1
3590	1072	1
1951	7471	1
11767	10706	1
3348	3349	1
9217	10706	1
2936	7267	1
2611	4946	1
12544	15401	1
9058	18779	1
10248	15263	1
10457	15401	1
16486	8092	1
12899	13392	1
10925	6830	1
1132	4196	1
17486	9375	1
8297	8297	1
15334	8547	1
12732	9069	1
7267	2936	1
6270	10461	1
9552	5517	1
8547	15334	1
6213	19124	1
4589	6513	1
6830	10925	1
828	3274	1
2422	4779	1
6077	6076	1
17926	4029	1
6248	15555	1
16947	18509	1
16745	4779	1
990	1094	1
4939	9248	1
16883	18963	1
18001	1178	1
4371	6393	1
9208	11113	1
6513	4589	1
1064	9862	1
1444	14093	1
2611	12239	1
1178	18001	1
425	2091	1
1884	1884	1
2230	18550	1
3274	828	1
18351	10531	1
17767	54	1
18958	9378	1
9300	10531	1
14461	14426	1
9369	4107	1
7179	9378	1
5353	6059	1
11134	10072	1
13392	12899	1
7228	16641	1
16848	18908	1
19162	18512	1
4946	1499	1
3274	4524	1
14263	4613	1
6220	11855	1
1038	1142	1
5581	4293	1
4753	5862	1
7601	564	1
17375	3344	1
12868	6757	1
564	7601	1
16387	6564	1
987	5294	1
387	2571	1
4293	5581	1
19124	6213	1
5862	12936	1
3347	5039	1
17091	1622	1
2677	4047	1
15203	8490	1
3347	3240	1
3493	4368	1
1660	4293	1
19163	19163	1
17951	1884	1
9208	18653	1
4047	6052	1
2677	6052	1
9208	5991	1
5193	12540	1
19003	7592	1
12540	5193	1
7448	5894	1
10199	12345	1
9365	9883	1
18908	16269	1
9208	18583	1
6758	1091	1
1091	6758	1
3785	4175	1
14137	9433	1
10299	11773	1
9300	4175	1
4293	1660	1
7407	13900	1
4753	4930	1
15203	9436	1
1599	956	1
9613	15773	1
8212	9757	1
4597	11660	1
13140	3170	1
3170	13140	1
4390	2802	1
13737	14411	1
4288	1791	1
13911	13117	1
3347	3330	1
11789	414	1
2091	425	1
4133	4241	1
13851	3315	1
4175	3785	1
16355	4751	1
777	7321	1
19164	16389	1
2132	15988	1
11301	13898	1
8297	5638	1
12230	8029	1
18550	2230	1
11946	14792	1
17252	4342	1
4404	4398	1
11235	18556	1
14762	3795	1
10615	5760	1
16298	3581	1
1268	8335	1
19165	15038	1
5862	8224	1
16927	17944	1
17861	15038	1
6952	10096	1
19166	16605	1
7267	16031	1
8443	4464	1
1072	2634	1
4008	5286	1
8170	7480	1
5354	5286	1
7916	9248	1
9204	9944	1
8886	19153	1
14214	5286	1
7032	6722	1
15038	19165	1
15442	15442	1
6515	9669	1
4464	8443	1
9984	19153	1
5058	7321	1
3835	12217	1
3420	9977	1
8876	6513	1
5862	4753	1
2596	6513	1
956	1599	1
12345	10199	1
7032	3153	1
11660	4597	1
4521	5269	1
4167	533	1
15663	10865	1
18794	12324	1
13590	16612	1
3347	4015	1
1630	5742	1
4751	16355	1
12259	7989	1
13776	5589	1
8180	7932	1
3497	2190	1
10266	7932	1
3035	7932	1
9031	4724	1
9208	2611	1
3785	5518	1
3456	2457	1
1630	2611	1
7989	12259	1
5862	15745	1
3349	3348	1
10232	3487	1
9883	9365	1
4291	4373	1
2776	328	1
7989	2863	1
17163	16790	1
3839	4558	1
16677	8815	1
16712	16713	1
5360	1958	1
6158	13985	1
10412	4662	1
14995	966	1
19026	19026	1
13985	6158	1
19160	19026	1
10654	10410	1
271	271	1
18647	12661	1
1935	4522	1
15579	11372	1
445	4208	1
11387	3479	1
4650	4179	1
4753	4905	1
10869	18410	1
11072	18410	1
17314	18410	1
13007	3862	1
12172	10609	1
8212	8212	1
12082	17556	1
2596	1439	1
6898	11372	1
14971	7411	1
14995	12719	1
13737	6015	1
3785	5170	1
11372	6898	1
6810	3449	1
16269	18908	1
5893	5047	1
1439	2596	1
13117	13911	1
8203	1704	1
10609	18086	1
1360	1361	1
10404	14016	1
19167	19168	1
10109	5479	1
4753	5856	1
5862	14117	1
1396	8536	1
3347	3541	1
4753	6382	1
15148	5577	1
4373	4291	1
15579	18188	1
9031	4832	1
7533	6382	1
3479	11387	1
3240	3347	1
4432	3233	1
13875	72	1
4592	5836	1
3344	17375	1
9031	4692	1
18086	10609	1
3567	944	1
15727	7804	1
7220	18680	1
5335	385	1
4522	1935	1
19169	11934	1
8169	5078	1
3785	320	1
12233	11077	1
19170	2491	1
18410	10869	1
3998	11723	1
9248	7916	1
16358	13014	1
1664	4081	1
19171	5807	1
3660	3287	1
14016	7138	1
700	342	1
13737	11909	1
3545	14197	1
12472	6859	1
2289	2290	1
15038	17861	1
19172	1664	1
1740	1567	1
5944	19173	1
1245	7138	1
8170	87	1
17785	17785	1
14969	13392	1
4832	9031	1
19174	10058	1
6316	7138	1
13741	11909	1
16855	5294	1
5222	9273	1
19134	4742	1
3347	2875	1
5862	13023	1
12400	7138	1
2985	11144	1
10981	17055	1
13042	10052	1
10058	19174	1
16715	16836	1
320	3785	1
19153	9984	1
922	9669	1
12869	11078	1
65	14345	1
18155	3673	1
5170	3785	1
5518	3785	1
4208	445	1
5042	9680	1
6036	5878	1
5164	11555	1
6052	2677	1
18913	4942	1
18238	17785	1
3451	5928	1
15194	9669	1
10496	10496	1
5193	1237	1
12340	1897	1
9669	15194	1
12763	9550	1
3449	6810	1
11610	9076	1
8179	19175	1
10531	9300	1
4175	9300	1
4548	3954	1
1630	9300	1
8169	3380	1
476	477	1
8222	1897	1
11415	11563	1
2227	3954	1
13051	9689	1
18457	18458	1
13392	14969	1
3347	2873	1
8141	2873	1
14921	2441	1
19164	5352	1
12197	16648	1
4172	1897	1
6681	2873	1
1305	2653	1
12172	12104	1
11818	12104	1
6042	4963	1
8404	19176	1
3785	1842	1
7595	7592	1
3862	13007	1
4241	4133	1
8174	14535	1
5164	17787	1
221	6337	1
11416	12598	1
5928	3451	1
7012	17787	1
8179	5453	1
11102	5875	1
5378	1921	1
7801	6924	1
414	11789	1
10052	13042	1
1499	4946	1
13350	4883	1
15773	9613	1
7821	7451	1
2134	15878	1
8460	6428	1
13737	10620	1
7804	15727	1
3918	1451	1
3785	2273	1
8170	2511	1
19166	16635	1
19016	6024	1
10981	3411	1
5047	5893	1
14305	12937	1
19177	12720	1
6337	221	1
5479	10109	1
3347	3177	1
9208	3177	1
7032	6700	1
4942	18913	1
6024	19016	1
7196	7885	1
10623	13692	1
6633	10896	1
17787	7012	1
4294	13479	1
10124	10124	1
10064	10124	1
10805	4821	1
7066	7853	1
18376	19178	1
12307	16807	1
1897	4172	1
3405	12732	1
7211	5524	1
18458	18457	1
4198	7024	1
2520	7651	1
1523	814	1
13110	1126	1
12598	11416	1
3450	5090	1
18908	14886	1
3302	18797	1
4755	6530	1
13751	15745	1
19179	19180	1
13685	11414	1
10981	10466	1
19181	11414	1
2550	15572	1
15706	11414	1
2501	814	1
7427	11414	1
18378	16982	1
4250	3775	1
8050	3024	1
13775	6458	1
7789	5090	1
12233	18518	1
7032	2203	1
2	18086	1
3024	8050	1
2247	5378	1
1622	17091	1
960	82	1
7032	9226	1
14886	18908	1
4753	7308	1
7138	1245	1
737	997	1
7516	8222	1
4399	2571	1
11690	2863	1
1848	645	1
3696	2863	1
14174	3909	1
1897	8222	1
8903	15691	1
11414	7427	1
6530	4755	1
2077	2083	1
1656	204	1
19182	10380	1
6052	4047	1
5862	14837	1
15724	9299	1
12197	2818	1
10623	7672	1
2203	3605	1
5660	1338	1
4251	3944	1
13590	16613	1
7012	10839	1
2601	2602	1
5190	5190	1
12396	8472	1
19178	18376	1
18862	3878	1
4474	4260	1
11235	17625	1
205	204	1
5807	11249	1
6887	12134	1
18358	14577	1
4753	874	1
9754	18974	1
4905	4753	1
5856	4753	1
6382	4753	1
18933	1893	1
13159	16204	1
1619	5266	1
1075	7709	1
18518	18518	1
7308	4753	1
874	4753	1
18643	9771	1
645	1848	1
1504	6577	1
11571	13219	1
3347	1854	1
3795	14762	1
7138	14016	1
6496	18953	1
9031	8160	1
7128	8763	1
13737	12732	1
19183	15774	1
17080	6356	1
15766	4320	1
8162	5300	1
19184	11991	1
10461	9992	1
9369	6193	1
8976	8763	1
19185	12107	1
14064	14064	1
14345	65	1
15774	19183	1
1635	13145	1
13951	8490	1
9718	8705	1
2818	12197	1
16648	12197	1
8705	9718	1
11403	7988	1
5862	8723	1
2186	1999	1
5193	8361	1
8782	16088	1
12540	8361	1
371	8526	1
13737	5488	1
6811	14025	1
14197	3545	1
10466	10981	1
17055	10981	1
3347	6344	1
9718	6562	1
14078	1451	1
7885	7196	1
7033	5305	1
1451	14078	1
10096	6952	1
7012	3160	1
6814	6541	1
9966	11514	1
1630	4626	1
6562	9718	1
12664	12650	1
12720	19177	1
8179	50	1
5826	19176	1
10164	7688	1
386	1933	1
3785	515	1
4120	12626	1
370	9580	1
11720	12992	1
12787	18263	1
15471	13573	1
4207	10158	1
10158	10158	1
5711	5715	1
19080	14131	1
18779	9058	1
10508	14131	1
12019	6055	1
8180	13220	1
4905	4267	1
2583	2584	1
9378	12596	1
12134	6887	1
4943	2630	1
3878	18862	1
12596	9378	1
5485	3561	1
4034	3512	1
6113	16424	1
3512	4034	1
5366	12779	1
18642	12981	1
1884	4876	1
14411	13737	1
6015	13737	1
12580	7481	1
9031	4812	1
2596	9300	1
4832	4812	1
5193	13089	1
10620	13737	1
12732	13737	1
3315	7108	1
5488	13737	1
768	1146	1
18621	11059	1
17773	884	1
19186	19186	1
9511	15718	1
636	6770	1
5894	7448	1
19165	18860	1
4029	9402	1
5862	11059	1
13974	9781	1
16194	15520	1
8651	15520	1
14995	11702	1
6183	5957	1
18358	17987	1
1139	87	1
19187	15283	1
6783	5180	1
12197	8379	1
2874	11244	1
3138	5180	1
7884	19009	1
1884	17951	1
14016	13965	1
19188	7892	1
385	5335	1
13851	1987	1
16031	6283	1
9992	10461	1
19189	19189	1
4548	4757	1
9640	3999	1
854	2710	1
5217	2725	1
9378	18958	1
5110	940	1
939	940	1
14137	11440	1
10609	12172	1
5193	4720	1
2596	3196	1
4753	5857	1
5862	5857	1
12246	11164	1
7138	6316	1
3670	3651	1
16077	19160	1
5711	3004	1
9898	2027	1
696	6892	1
6357	12488	1
801	15878	1
12180	12945	1
10427	9910	1
5862	2912	1
3347	3010	1
8335	1268	1
12053	14131	1
1973	6779	1
11564	11564	1
7218	10677	1
16371	6372	1
2725	5217	1
14131	18989	1
5204	5205	1
12456	15365	1
9894	14132	1
18989	14131	1
4250	2912	1
1338	2040	1
18989	18989	1
5305	7033	1
7465	559	1
1087	864	1
5753	16352	1
3679	1535	1
3108	3108	1
1022	5219	1
5715	5711	1
3004	5711	1
5217	8616	1
7624	15572	1
10353	8616	1
6564	16387	1
14131	12053	1
17701	3258	1
2051	1558	1
9910	10427	1
18686	10338	1
13101	11296	1
9388	9527	1
997	737	1
15446	10274	1
9527	9388	1
18358	3029	1
7032	8707	1
11946	8005	1
3258	17701	1
5075	10620	1
5932	16485	1
18963	16883	1
19190	19191	1
16352	5753	1
6363	6346	1
4778	14131	1
3410	7816	1
9966	8435	1
7108	3315	1
9246	8176	1
13741	3455	1
13761	3467	1
12344	5789	1
14197	3315	1
3455	13741	1
10930	7672	1
6906	7980	1
12626	4120	1
9375	17486	1
11985	10766	1
3616	917	1
13761	7239	1
12945	12180	1
16956	6344	1
13813	3544	1
19192	13275	1
3315	14197	1
8938	8974	1
5862	5699	1
16204	13159	1
4294	3985	1
15911	16668	1
14132	9894	1
3954	4548	1
1535	3679	1
4267	4905	1
6259	5217	1
19193	1287	1
9076	11610	1
5357	7715	1
7516	9741	1
17499	3544	1
16668	15911	1
15614	8867	1
6779	1973	1
16234	10179	1
5504	5009	1
19009	18989	1
5009	5504	1
3010	2234	1
7126	5217	1
16389	11885	1
4812	4832	1
14131	4778	1
2855	1081	1
16001	18921	1
6460	5107	1
2019	186	1
2715	4087	1
7033	16773	1
6700	3578	1
1081	2855	1
3347	2935	1
16113	18921	1
5180	3138	1
10457	10299	1
1338	5660	1
8192	6059	1
8609	6059	1
15539	9777	1
3578	6700	1
5217	7126	1
9690	8639	1
6197	5860	1
1031	3103	1
5579	5580	1
15999	12848	1
17328	9009	1
13275	19192	1
6167	12936	1
7517	8822	1
16189	8320	1
7321	5058	1
14981	7452	1
8180	11110	1
3738	5128	1
9966	8975	1
5857	4753	1
5581	2496	1
11859	10934	1
7218	5132	1
1509	4357	1
4851	1926	1
10158	5546	1
700	699	1
1366	953	1
7266	11445	1
11220	16031	1
15422	5546	1
5379	18921	1
5378	2247	1
10304	16031	1
18512	3323	1
14876	272	1
7709	1075	1
10330	5546	1
3347	10531	1
19194	16516	1
16031	7267	1
5565	5630	1
10427	12516	1
4828	5185	1
1287	19193	1
11751	11445	1
15203	2488	1
8639	9690	1
221	1120	1
740	4174	1
5581	3138	1
5862	2480	1
3785	2265	1
3138	5581	1
6649	8899	1
3545	2480	1
16707	3380	1
8908	14486	1
419	419	1
7916	11689	1
10330	14467	1
3041	4320	1
14197	7108	1
902	706	1
5630	5565	1
19195	19196	1
13573	15471	1
2234	3010	1
7964	15924	1
15106	7334	1
3347	10645	1
2480	3545	1
1373	1372	1
3534	11649	1
19112	17987	1
9031	16787	1
15547	496	1
1059	5774	1
13113	11836	1
8320	16189	1
10347	13598	1
7334	15106	1
14467	10330	1
5546	10330	1
3785	514	1
7032	7308	1
14137	9639	1
5190	6788	1
6727	6040	1
10	768	1
8005	6113	1
16016	1122	1
3825	1958	1
3347	2141	1
12936	6167	1
3323	18512	1
15461	15474	1
3347	5459	1
1514	19059	1
7274	6564	1
11689	7916	1
5773	3160	1
19197	18046	1
