12485	12485	1
10123	10386	1
6712	14261	1
7625	7215	1
6127	4935	1
953	1366	1
2051	1558	1
5650	8243	1
13101	11296	1
4692	9214	1
1390	1746	1
6135	5009	1
6043	6044	1
10386	10123	1
14754	13350	1
7215	7625	1
5009	6135	1
9470	17856	1
19155	19156	1
12680	12681	1
8243	5650	1
11485	3306	1
11243	9223	1
10713	15365	1
4399	3930	1
10067	15314	1
3723	3949	1
9223	11243	1
8763	7128	1
13273	16088	1
12062	17845	1
15334	8547	1
3998	8339	1
6479	6479	1
18384	17845	1
2678	395	1
15106	7334	1
5041	19225	1
15925	8745	1
15925	10735	1
4293	5897	1
16029	5566	1
6816	2484	1
6080	19019	1
10473	2484	1
15470	12345	1
6213	9525	1
17098	13538	1
6033	9525	1
4753	4668	1
13311	13538	1
4133	6783	1
2484	6816	1
15194	11044	1
1746	1390	1
6967	7868	1
1495	1494	1
4399	4668	1
5520	8699	1
19101	7071	1
16956	3383	1
17090	11271	1
8032	1106	1
8420	14816	1
7128	8763	1
14816	8420	1
7309	10363	1
10735	15925	1
10663	2941	1
5893	5047	1
11175	11175	1
12345	4532	1
4810	6222	1
1619	5266	1
9083	9083	1
19088	3263	1
13692	11779	1
3912	2941	1
10909	10304	1
10737	8237	1
3945	18583	1
7175	17693	1
4408	5154	1
3405	12732	1
11166	17693	1
13737	12732	1
2392	3972	1
12508	6901	1
8451	8867	1
4937	4193	1
18859	19119	1
4193	4937	1
4788	7502	1
16150	13621	1
13273	4218	1
2772	2771	1
19241	19241	1
11555	5164	1
7029	986	1
5154	4408	1
19242	9901	1
10645	11144	1
6223	6450	1
13621	16150	1
3430	7486	1
1773	4260	1
8932	10687	1
4047	9480	1
5414	15890	1
9411	12308	1
13101	11094	1
11044	15194	1
1619	7944	1
15466	18042	1
1022	1461	1
15106	15210	1
11565	15194	1
15153	19235	1
11712	6703	1
17375	3344	1
375	4275	1
17693	11166	1
5939	4485	1
16892	16037	1
11779	13692	1
15194	4034	1
13644	5641	1
6436	6435	1
1022	2546	1
4049	1748	1
4218	13273	1
2451	4755	1
7885	5634	1
11440	9433	1
1022	543	1
7989	5972	1
5347	5282	1
3344	17375	1
12300	8774	1
12579	371	1
13573	8836	1
1539	14489	1
1619	1620	1
11565	9105	1
6771	11571	1
1733	3640	1
4534	874	1
5459	707	1
19243	1562	1
16358	15985	1
4485	5939	1
5047	7543	1
11779	3361	1
10330	13694	1
634	2973	1
18042	15466	1
19244	5924	1
2730	617	1
13014	16358	1
15985	16358	1
1139	16	1
2203	3438	1
16830	15093	1
573	526	1
5813	3568	1
655	68	1
4067	15948	1
2955	3234	1
6071	6367	1
4751	16355	1
19224	13479	1
7764	8166	1
6369	1104	1
4989	18214	1
1523	1338	1
814	1338	1
2772	15770	1
253	264	1
2772	16830	1
11263	11263	1
5533	304	1
2576	4397	1
4788	205	1
2193	2349	1
19243	19243	1
801	12584	1
1299	8380	1
5641	13644	1
19245	19246	1
19216	18522	1
1087	864	1
941	5305	1
9669	3493	1
1503	11517	1
12713	9816	1
17	385	1
16663	3153	1
1022	181	1
526	573	1
1368	1625	1
19247	18561	1
1022	12611	1
10749	10	1
17	6137	1
1503	1139	1
7178	12197	1
8379	12197	1
18148	18408	1
3153	16663	1
15194	16923	1
18179	13985	1
625	5062	1
1022	2420	1
3520	2420	1
5994	10096	1
18662	15865	1
6952	10096	1
2397	6513	1
11564	11564	1
7517	9816	1
314	5753	1
19242	16848	1
1381	1370	1
7486	3430	1
1831	84	1
4260	4474	1
4668	4753	1
7486	8330	1
13433	2548	1
986	7029	1
16322	1388	1
12437	12437	1
15835	2369	1
17	2618	1
19237	11817	1
9117	16523	1
16848	14886	1
6730	7345	1
13117	13117	1
3030	18694	1
16873	19215	1
1022	6161	1
4652	4537	1
371	623	1
18458	18457	1
847	3176	1
6264	5570	1
5136	623	1
5628	294	1
5660	4537	1
3319	408	1
11166	14437	1
9878	6385	1
294	5628	1
9214	4692	1
13694	7204	1
19248	13925	1
10363	7309	1
8216	9299	1
13775	6458	1
5072	8512	1
11473	8133	1
6435	6436	1
6385	6397	1
6213	1599	1
5593	13829	1
5813	2914	1
4584	4093	1
5553	7309	1
437	1700	1
4291	10152	1
17558	15334	1
5347	10250	1
4408	15878	1
19249	19250	1
4788	3380	1
1599	6213	1
2941	3912	1
7874	16344	1
1126	13110	1
3824	3232	1
11031	4955	1
1619	4561	1
19251	19252	1
19253	1337	1
19254	3345	1
1022	944	1
9786	18642	1
3274	13638	1
1958	3825	1
5812	615	1
19235	15153	1
1599	912	1
18643	9771	1
1740	3886	1
912	1599	1
13638	3274	1
1465	123	1
1773	3462	1
19019	6080	1
16344	7874	1
9335	2617	1
5688	8213	1
8133	11473	1
4788	519	1
6908	1709	1
12439	1709	1
1619	5733	1
5047	6246	1
19255	9550	1
4120	3503	1
518	2630	1
10304	10909	1
3545	7108	1
6450	6223	1
1756	5812	1
437	861	1
17	2712	1
13829	5593	1
9136	16244	1
5812	1756	1
5715	4763	1
18791	976	1
5897	4293	1
1641	18528	1
18419	18419	1
16122	9000	1
3438	2203	1
12584	801	1
4365	4364	1
5922	5	1
534	534	1
16714	1096	1
16273	11815	1
3302	8526	1
16358	13014	1
3274	2027	1
3345	19254	1
18642	9786	1
4291	4064	1
12197	8379	1
15334	17558	1
5415	16592	1
15789	7042	1
11440	15733	1
3376	2421	1
12601	12601	1
1512	21	1
21	1512	1
15161	14388	1
17953	17785	1
4800	14733	1
19256	19256	1
13573	19214	1
15766	4320	1
4724	4605	1
15194	18622	1
2772	4601	1
14474	6530	1
4291	4373	1
15976	4174	1
4174	15976	1
5570	6264	1
8699	5520	1
19254	16160	1
16160	19254	1
10338	18686	1
13630	13630	1
3626	5796	1
16355	4751	1
12344	5789	1
14502	6928	1
5789	12344	1
18457	18458	1
1883	4645	1
6284	9223	1
10968	6845	1
5813	2480	1
12379	5354	1
2397	2480	1
6515	12439	1
3908	3907	1
1022	2441	1
10465	18458	1
1338	2040	1
12439	6515	1
8609	6652	1
11372	13985	1
10611	8260	1
16800	17092	1
17711	4034	1
19257	6419	1
7411	14971	1
17092	16800	1
395	2678	1
5573	4612	1
12881	16832	1
4355	2383	1
2297	3689	1
12180	5860	1
18642	19258	1
10464	6030	1
4950	8967	1
7533	6382	1
341	4213	1
12540	6901	1
19259	9258	1
9258	19259	1
8609	6059	1
2757	3466	1
16029	16029	1
5566	16029	1
4612	5573	1
8333	5678	1
6804	5678	1
10188	19260	1
6485	6845	1
10014	10015	1
3849	4890	1
14825	14082	1
9477	5678	1
2106	2506	1
4890	3849	1
2247	4898	1
1487	1612	1
7158	5849	1
1337	19253	1
469	8443	1
3520	10024	1
19258	18642	1
19142	5227	1
6845	6485	1
4939	9248	1
3263	19088	1
18621	5893	1
5047	5893	1
8261	18534	1
7082	6127	1
18534	8261	1
17	18	1
4291	1824	1
6030	10464	1
17	4865	1
11102	5875	1
3274	10304	1
6268	4789	1
16372	8935	1
18642	10205	1
19174	10058	1
6187	2611	1
16608	6788	1
2611	6187	1
15878	4408	1
7108	3545	1
7345	6730	1
9299	8216	1
8237	10737	1
3315	3545	1
13589	13474	1
10066	19232	1
15106	10478	1
6783	4133	1
5678	9477	1
2008	2009	1
12732	13737	1
16848	19242	1
1092	2719	1
3689	2297	1
13032	3203	1
2506	2106	1
11031	4726	1
18223	17062	1
11168	12488	1
7625	11676	1
11242	12488	1
15194	11445	1
4370	243	1
12488	11168	1
7852	4662	1
14494	1829	1
371	12579	1
16319	13064	1
296	1829	1
7309	5553	1
9860	8162	1
2467	9942	1
1022	6531	1
8336	17062	1
3979	1891	1
11132	3136	1
15194	8228	1
15106	15293	1
7178	18239	1
17711	8228	1
1872	4374	1
178	8232	1
229	845	1
3383	1009	1
4163	1009	1
845	229	1
7069	7070	1
6652	8609	1
19257	11564	1
3738	5128	1
11571	6771	1
931	5909	1
13687	12664	1
9193	10869	1
18239	7178	1
6894	11060	1
10093	12744	1
19261	19261	1
1022	5219	1
634	1740	1
243	6161	1
6901	12540	1
3791	4492	1
3520	1740	1
2420	1009	1
10179	16234	1
314	313	1
13400	8415	1
1208	40	1
15106	13882	1
13508	13508	1
13882	15106	1
68	655	1
11616	4352	1
4474	4260	1
1824	8232	1
7433	7432	1
2397	14461	1
3520	1850	1
15620	2913	1
14886	2913	1
19262	16023	1
15365	10713	1
2397	6081	1
8222	2913	1
18870	8664	1
3907	3908	1
634	752	1
634	14343	1
9509	9509	1
2397	6316	1
9754	9474	1
634	1858	1
2843	1338	1
12592	1171	1
5386	5107	1
9263	10346	1
16023	19262	1
8525	8526	1
634	6716	1
7764	13531	1
328	272	1
10766	11985	1
5813	2270	1
238	3666	1
243	4370	1
1761	3666	1
4726	11031	1
2397	7639	1
15106	11031	1
15520	16194	1
18921	5379	1
2203	3808	1
11031	15106	1
15106	14676	1
12116	936	1
3274	5499	1
1824	8606	1
13976	10080	1
14603	4981	1
19263	19264	1
3073	4206	1
13723	12591	1
4940	7556	1
8785	10609	1
4162	5345	1
2459	19239	1
4172	1897	1
18179	15438	1
5485	5642	1
13501	3307	1
11674	5345	1
2617	9335	1
19239	2459	1
6270	12109	1
5943	4948	1
12587	12743	1
705	1243	1
5640	5700	1
5409	3957	1
19265	6262	1
5411	7804	1
12185	14370	1
17163	16790	1
4526	5345	1
15106	7213	1
17558	15790	1
5862	13023	1
13494	1096	1
637	4927	1
16789	16790	1
2941	10663	1
990	908	1
5585	5586	1
7804	5411	1
13023	5862	1
10296	3455	1
1022	9439	1
14370	12185	1
2630	518	1
1370	1381	1
12340	1897	1
5217	8616	1
16494	14836	1
623	4963	1
11897	7213	1
702	2706	1
3274	14461	1
417	418	1
7334	15106	1
4788	1506	1
2337	12281	1
3455	10296	1
3520	1427	1
17014	10410	1
5700	5640	1
7714	7753	1
936	12116	1
13200	5459	1
5813	5175	1
19229	13275	1
6843	15914	1
3493	518	1
1096	16714	1
2516	3153	1
1619	5229	1
1619	4251	1
634	635	1
5381	10387	1
3138	18852	1
16920	13580	1
5459	13200	1
11859	10934	1
2501	4666	1
4107	9369	1
6258	5086	1
2397	3568	1
715	1973	1
2084	11649	1
3534	11649	1
7158	6893	1
19266	13580	1
4645	1883	1
4216	4074	1
16592	5415	1
11445	11751	1
706	987	1
16074	17031	1
13474	13589	1
1022	3940	1
13275	19229	1
6703	11712	1
12664	13687	1
12109	6270	1
1171	12592	1
634	2604	1
19267	19268	1
8003	8003	1
11815	9026	1
2738	758	1
5459	11758	1
14672	447	1
2984	4278	1
17558	7860	1
4291	15184	1
11829	8176	1
2596	4102	1
2397	5625	1
18686	10338	1
1461	1723	1
2397	4084	1
13590	13590	1
11758	5459	1
8011	8000	1
4771	12670	1
15914	6843	1
1022	4262	1
19154	19239	1
14886	16848	1
6646	5263	1
9668	1034	1
769	1722	1
14695	16831	1
6901	7639	1
3493	9669	1
9287	10146	1
6070	12936	1
7940	8092	1
15194	9669	1
3274	9669	1
11564	13590	1
6419	9202	1
3520	9300	1
12540	12775	1
5889	18408	1
1722	769	1
8365	8049	1
1897	12340	1
9527	5701	1
9731	13808	1
6122	4300	1
19269	19269	1
4300	6122	1
9369	4107	1
10320	8092	1
5813	1229	1
314	6539	1
19233	12793	1
12096	10537	1
15422	5546	1
8443	469	1
6539	3944	1
13187	13187	1
8049	8365	1
7071	19101	1
366	1431	1
9786	6167	1
8789	8092	1
13590	11564	1
3657	5580	1
15106	19270	1
1824	4291	1
7492	4980	1
6771	9117	1
8092	10320	1
6966	2973	1
1836	1381	1
15194	9409	1
3950	6816	1
8092	8789	1
1824	6392	1
7988	11403	1
8166	7764	1
17711	8490	1
15106	5564	1
16633	5803	1
15119	14145	1
9202	6419	1
2913	15620	1
19239	19154	1
9041	8216	1
15554	4910	1
6816	2914	1
755	6564	1
12172	10609	1
16831	14695	1
4900	4888	1
913	797	1
7568	17609	1
9718	6562	1
7217	4409	1
2311	17609	1
4888	4900	1
2135	797	1
14208	12385	1
3274	6348	1
3992	17609	1
7715	5357	1
5813	7223	1
8260	10611	1
7622	9276	1
6816	3950	1
19271	7442	1
9276	7622	1
19272	19273	1
976	18791	1
7556	4940	1
1855	2870	1
10801	2108	1
5972	7989	1
434	1976	1
12775	12540	1
5524	10754	1
2108	10801	1
19274	3073	1
4812	4910	1
12509	13083	1
1973	715	1
797	913	1
2916	4670	1
3073	19274	1
7639	12540	1
634	677	1
7967	8745	1
9248	4939	1
2596	5511	1
19274	10276	1
2738	6332	1
10276	19274	1
7764	11807	1
8950	13275	1
2573	2570	1
7038	6468	1
11403	7988	1
19132	15110	1
7639	6901	1
12222	2219	1
1619	4883	1
19009	6273	1
6625	13973	1
2706	702	1
4257	9493	1
10537	12096	1
3849	6361	1
4141	8681	1
19275	9426	1
2885	16358	1
15194	15837	1
12787	6361	1
4910	4812	1
13973	6625	1
6887	12134	1
17477	17476	1
9769	11701	1
9009	17328	1
11836	13113	1
16389	11885	1
12173	7786	1
17328	9009	1
6874	4681	1
159	2712	1
5564	15106	1
5813	5185	1
6478	3797	1
7595	7592	1
2163	1653	1
5753	314	1
16523	12565	1
12837	16472	1
5533	4406	1
7639	2397	1
441	17600	1
15106	10100	1
19252	19251	1
11807	7764	1
19276	13014	1
3302	515	1
16636	15918	1
266	3350	1
634	7158	1
6539	314	1
11312	16666	1
8909	12096	1
12053	7761	1
13354	10620	1
3274	7938	1
10391	59	1
1938	8694	1
14131	7761	1
13140	12816	1
8404	9287	1
10620	13354	1
16666	11312	1
5353	8609	1
17831	12157	1
17618	7267	1
19157	13868	1
10183	1711	1
19208	19207	1
12472	12488	1
17558	11602	1
3073	9085	1
17	1441	1
12775	6901	1
8694	1938	1
15733	11440	1
9433	11440	1
