11163	12174	1
13557	9240	1
5843	5844	1
5818	5110	1
14017	14017	1
10940	2252	1
5154	4408	1
5693	5240	1
1786	1756	1
5378	1921	1
12568	6901	1
860	8297	1
7066	9375	1
12798	15319	1
12798	13014	1
9496	7404	1
495	8297	1
12540	6901	1
19353	19352	1
17375	7336	1
7486	19352	1
6127	12899	1
9368	9436	1
5729	2403	1
9436	9368	1
17324	17326	1
4408	5154	1
978	7687	1
1064	12899	1
6814	6541	1
2403	5729	1
4832	4812	1
4742	19134	1
13884	10649	1
1268	2017	1
8824	15718	1
3041	6513	1
13864	3349	1
9662	19134	1
15784	9527	1
5773	3160	1
6183	8035	1
6865	3160	1
8619	3767	1
11271	17090	1
2912	4250	1
861	1791	1
15447	164	1
3999	1656	1
13580	16920	1
17648	3160	1
4250	2912	1
16956	6344	1
6966	16174	1
19187	13573	1
5217	3767	1
5844	5843	1
4039	17065	1
8450	5314	1
19337	8210	1
18223	17062	1
3354	7419	1
16714	1096	1
7020	15110	1
6127	11438	1
6241	9373	1
10179	15110	1
7487	15792	1
9804	8697	1
3027	3028	1
14287	14287	1
12906	15865	1
8670	17866	1
2397	14461	1
5870	5735	1
10199	12345	1
19354	19355	1
15422	12345	1
4946	16525	1
5110	5622	1
6531	19303	1
19134	18807	1
11403	7988	1
395	205	1
5797	5047	1
1961	1961	1
8810	6562	1
271	15438	1
6171	5932	1
6446	15228	1
1096	16714	1
14814	6424	1
19335	12403	1
737	3240	1
8194	11330	1
4506	7514	1
19292	9467	1
12545	17926	1
15842	5354	1
15438	271	1
18992	10646	1
13564	17872	1
13352	2032	1
3616	3458	1
4905	8314	1
3856	5159	1
3210	613	1
3458	3616	1
7624	7916	1
17233	16169	1
3450	2284	1
12787	18263	1
13528	7514	1
6562	8810	1
2528	613	1
7514	13528	1
3535	13982	1
6265	3401	1
19356	19356	1
13734	6609	1
2047	6241	1
8280	7088	1
6524	6241	1
12535	2712	1
13610	5690	1
3965	6241	1
9373	6241	1
1727	4006	1
5463	3077	1
3059	1009	1
16241	5382	1
5742	5424	1
2483	5382	1
19357	19357	1
4386	1900	1
2056	1900	1
4029	1900	1
11121	1900	1
9940	10029	1
10721	9250	1
19358	19358	1
5381	5382	1
9718	10183	1
5382	2483	1
2051	1558	1
13564	18287	1
4524	828	1
13564	9442	1
14886	3295	1
14197	4708	1
12861	2886	1
2408	12314	1
6901	12540	1
1120	1119	1
18235	10721	1
6562	3070	1
2725	5774	1
4246	15561	1
16621	14218	1
543	425	1
7622	9276	1
11779	3361	1
19359	12161	1
12161	19359	1
19359	19359	1
13564	3017	1
3042	5300	1
10667	5300	1
10788	15660	1
5366	12779	1
8321	2685	1
6772	14659	1
5789	6987	1
18473	19360	1
19187	15283	1
13557	9388	1
7624	17956	1
1390	1746	1
1250	115	1
10495	10662	1
7966	14321	1
3767	5217	1
7821	8911	1
5932	6171	1
14197	3315	1
6764	4704	1
8297	860	1
15139	1069	1
19308	13772	1
18752	18753	1
7305	16962	1
14222	3515	1
16814	5812	1
3105	10922	1
19134	9662	1
10743	10831	1
1599	6213	1
6213	1599	1
6382	2873	1
8891	1599	1
4812	4832	1
12084	11021	1
15561	4246	1
149	1620	1
10473	2484	1
13111	6668	1
4729	1620	1
16714	7078	1
3056	878	1
6919	4454	1
1836	1381	1
3105	3427	1
17014	10410	1
15093	16830	1
3739	9926	1
12345	10199	1
19361	13881	1
425	543	1
19256	19256	1
17257	1624	1
5628	6854	1
19362	8140	1
19337	15911	1
4939	12400	1
4506	4457	1
6703	3239	1
16954	7257	1
4726	2842	1
12345	272	1
10796	1624	1
19363	3011	1
3908	3907	1
13042	19364	1
872	18086	1
3315	14197	1
4708	14197	1
7108	14197	1
5134	7944	1
19035	9391	1
18086	872	1
4729	7512	1
9287	4780	1
13137	4780	1
1060	2734	1
2578	13493	1
16714	2734	1
7804	4780	1
17024	17289	1
10098	4102	1
5353	8609	1
247	1704	1
2421	9460	1
19355	19354	1
12369	5248	1
4506	17944	1
14008	7451	1
10743	2349	1
6654	2349	1
3794	5608	1
18966	16322	1
11159	1792	1
737	1241	1
737	6332	1
18175	11246	1
17785	8522	1
7921	9680	1
341	5455	1
12400	4939	1
15663	10865	1
11536	5797	1
16288	1897	1
3011	19363	1
5712	2319	1
1487	1612	1
5455	341	1
5943	4948	1
13564	6265	1
2350	385	1
2506	14382	1
7469	6424	1
16830	15093	1
7569	5777	1
11768	3641	1
19290	6337	1
1215	4109	1
1289	1254	1
8681	17289	1
4780	4883	1
4729	6192	1
5374	5723	1
737	1938	1
16525	4946	1
2842	4726	1
9977	1357	1
9240	13557	1
13321	4946	1
16002	5807	1
9388	13557	1
4506	5871	1
11742	13938	1
11438	6127	1
4863	4864	1
5723	5374	1
3928	3929	1
9063	5568	1
19337	3660	1
5378	16035	1
5248	12369	1
115	1250	1
7448	6059	1
1661	2353	1
13564	3660	1
4657	4885	1
15574	7114	1
5660	1338	1
414	11789	1
8076	17350	1
4780	7804	1
16288	2480	1
9488	14321	1
2479	2653	1
19035	3449	1
7416	7491	1
10743	953	1
11553	6942	1
8726	8978	1
17438	14321	1
7078	16714	1
2734	16714	1
14154	1190	1
13985	18179	1
5262	15792	1
15438	18179	1
16456	7988	1
4580	9550	1
828	4524	1
5047	11536	1
936	937	1
14382	2506	1
8934	6883	1
18179	15438	1
13557	10457	1
1878	15818	1
6328	1485	1
2884	1869	1
16714	3170	1
7966	2506	1
11031	6985	1
3716	1485	1
2927	4606	1
10743	10855	1
19365	19348	1
16998	5335	1
16288	2914	1
16714	3287	1
19303	6531	1
1900	4386	1
19366	16606	1
19367	226	1
11102	18086	1
9270	17238	1
10220	10152	1
13564	4422	1
13564	897	1
15881	18251	1
8681	9327	1
12546	11631	1
16714	1499	1
18076	2874	1
19092	19092	1
7817	3274	1
17121	6190	1
10098	8668	1
13564	8668	1
325	326	1
12664	12650	1
5427	5482	1
10743	10675	1
6523	1675	1
15334	8547	1
18179	18179	1
13018	663	1
7009	1675	1
18086	5875	1
19368	19369	1
11102	5875	1
19292	19292	1
17326	17324	1
16202	3544	1
3178	5753	1
9270	6200	1
2503	4200	1
4629	4630	1
10743	906	1
4780	4034	1
4051	13586	1
10570	8222	1
4506	6151	1
8230	8230	1
4034	4780	1
12660	5800	1
4087	5800	1
2797	18849	1
15110	7020	1
7656	8029	1
7741	5800	1
5777	7569	1
12466	13014	1
5870	9612	1
11157	8140	1
16387	12308	1
1900	2056	1
9063	11562	1
9215	7742	1
4061	14978	1
4506	6322	1
13808	9731	1
912	2611	1
15136	18064	1
5118	4517	1
12732	3405	1
10743	6439	1
7025	5107	1
737	4780	1
10338	18686	1
12889	11027	1
7680	1188	1
14398	15579	1
5085	9612	1
10743	5642	1
7033	5210	1
10743	2348	1
10759	2096	1
11781	14082	1
3138	4393	1
5248	5670	1
2802	4525	1
12369	5670	1
6760	8359	1
5684	5392	1
1859	4410	1
8140	11157	1
11483	11484	1
4352	11616	1
7012	17787	1
2297	4789	1
8408	8408	1
3170	8707	1
6212	5924	1
3152	2611	1
2817	1996	1
5553	7027	1
1410	1996	1
14494	1829	1
296	1829	1
18251	15881	1
14054	16974	1
14321	3596	1
9719	4632	1
13557	2588	1
1190	14154	1
10743	3451	1
1338	5660	1
1252	2337	1
1092	2719	1
737	8390	1
5818	845	1
5862	13023	1
7228	13289	1
10066	19232	1
14197	7108	1
10620	13737	1
737	1081	1
5779	10147	1
1398	1399	1
14411	13737	1
16345	16250	1
7086	6492	1
7715	4742	1
9303	9411	1
19370	19370	1
6942	11553	1
5427	11069	1
9662	4742	1
540	8167	1
19134	4742	1
13737	10620	1
6918	1361	1
5775	887	1
19371	19371	1
4729	5869	1
3660	19337	1
7309	4890	1
8210	19337	1
8525	8526	1
15881	8819	1
3679	2297	1
5159	3856	1
10626	18791	1
8972	10465	1
13586	4257	1
3405	12732	1
10183	9718	1
1674	2611	1
4729	4282	1
2096	10759	1
11742	6059	1
5789	16199	1
18686	10338	1
14132	4167	1
16371	4167	1
6284	10465	1
887	5775	1
9718	8705	1
4267	9483	1
13676	8499	1
12559	12562	1
7321	777	1
14263	4555	1
1201	2840	1
5188	14716	1
7491	7416	1
4780	9287	1
4393	3138	1
10465	8972	1
5354	10749	1
845	5818	1
10029	9940	1
4742	9662	1
7178	940	1
14667	6340	1
706	902	1
8297	495	1
12599	9120	1
12096	9120	1
10083	14058	1
7027	5553	1
14976	3860	1
17130	8194	1
8575	8750	1
18086	11102	1
8194	17130	1
15790	17836	1
9062	1523	1
3829	4789	1
5354	15842	1
1128	1127	1
2017	1268	1
7874	16344	1
14699	8843	1
13772	19308	1
4729	19372	1
16288	1229	1
17946	6952	1
2086	11641	1
2297	3679	1
14482	15110	1
13557	15628	1
6997	14321	1
18791	10626	1
7853	8057	1
3924	15628	1
12841	12841	1
6820	8962	1
16288	5563	1
6141	5392	1
9063	508	1
8402	5392	1
5391	5392	1
16344	7874	1
5427	5563	1
19373	19373	1
4950	5392	1
13564	2116	1
17836	15790	1
11641	2086	1
3945	6507	1
15574	7115	1
4061	1338	1
3490	4952	1
4167	14132	1
2135	1338	1
3996	1338	1
7980	6193	1
16288	11943	1
16753	16753	1
19000	19000	1
4751	16355	1
623	4963	1
10743	6779	1
6120	6121	1
2364	4257	1
13023	5862	1
8891	635	1
7831	17241	1
10611	8144	1
9415	18039	1
19374	17500	1
5133	13889	1
17350	8076	1
5862	6812	1
4143	4386	1
12335	12335	1
5650	8243	1
3184	1338	1
1523	1338	1
7853	11027	1
10721	18235	1
3839	3324	1
5800	7741	1
12289	4728	1
9596	12345	1
8160	5597	1
12350	4280	1
12582	5042	1
797	913	1
1741	4021	1
5217	5896	1
19375	14388	1
15628	3924	1
3924	11758	1
12414	10103	1
18631	19376	1
2242	4179	1
5896	5217	1
5541	2212	1
11758	3924	1
6507	3945	1
313	314	1
3138	5581	1
13889	5133	1
5382	16241	1
8547	15334	1
18428	8490	1
16288	3853	1
8490	18428	1
8243	5650	1
1535	3679	1
11051	3563	1
5086	5087	1
19349	19350	1
2570	2573	1
5357	7715	1
1900	4029	1
777	7321	1
13564	18350	1
1357	9977	1
7621	5736	1
4064	62	1
10749	5354	1
5490	6397	1
11372	15579	1
1929	10756	1
1201	2425	1
6727	6040	1
15579	11372	1
4506	5309	1
2425	1201	1
7558	12785	1
5636	10620	1
16355	4751	1
4200	2503	1
4355	2383	1
15750	5244	1
15793	16777	1
19360	18473	1
5736	7621	1
19301	11893	1
11742	15687	1
16166	11552	1
17866	8670	1
14058	10083	1
10743	3607	1
5598	6648	1
8843	14699	1
6812	5862	1
10476	500	1
6468	10226	1
19232	10066	1
4724	8492	1
8492	4724	1
14197	3545	1
3545	14197	1
7071	12308	1
19377	3483	1
3041	1987	1
1727	3274	1
4651	715	1
2912	7411	1
5390	6187	1
4526	15501	1
16163	2610	1
2420	2611	1
1523	9062	1
4384	5835	1
15320	10226	1
18895	7122	1
10743	4504	1
13015	9736	1
15106	7334	1
5210	7033	1
3096	10375	1
5893	5047	1
11742	4084	1
4454	6919	1
737	1094	1
2793	10025	1
1081	9409	1
8204	3502	1
314	313	1
5835	4384	1
5047	5893	1
1399	1398	1
12881	16339	1
211	68	1
7345	10893	1
3088	11058	1
10488	6843	1
7334	15106	1
13015	5444	1
4109	1215	1
5598	10478	1
1635	13145	1
10220	10220	1
8321	9195	1
7715	5357	1
13851	1987	1
17321	5357	1
19359	9195	1
432	5513	1
5670	12369	1
19035	8781	1
4822	6095	1
800	5076	1
9378	7179	1
11058	3088	1
1504	8781	1
7027	4909	1
1830	1829	1
9214	5392	1
18966	5385	1
13032	10435	1
18219	18118	1
9063	3361	1
13564	14095	1
11556	19378	1
15110	10179	1
62	336	1
2596	9300	1
6764	3471	1
11346	13538	1
12595	17451	1
8361	17951	1
7020	10179	1
3708	18114	1
1201	2430	1
11631	12546	1
15153	8651	1
6654	227	1
13538	11346	1
9300	2596	1
17951	8361	1
2653	2479	1
133	10380	1
13564	7308	1
18574	10676	1
8194	9099	1
13573	19187	1
2430	1201	1
4952	432	1
15283	19187	1
6513	3041	1
12595	15488	1
14150	17632	1
7375	9389	1
12758	14505	1
1900	11121	1
10025	2793	1
10130	8975	1
3950	6171	1
7862	7731	1
13598	18918	1
7731	7179	1
12345	15422	1
1829	1203	1
10609	872	1
518	6670	1
13868	19157	1
7731	7862	1
872	10609	1
7179	7731	1
9736	13015	1
3170	16714	1
6668	13111	1
3287	16714	1
1499	16714	1
13429	334	1
8705	9718	1
3736	9071	1
1338	3996	1
17277	9984	1
5244	15750	1
10465	6284	1
1871	3260	1
18118	18219	1
8750	8575	1
18898	18897	1
13493	2578	1
11387	8896	1
14559	15750	1
19378	11556	1
1338	2135	1
11616	4352	1
9550	4580	1
4724	7108	1
18690	2228	1
13573	15471	1
7108	4724	1
15471	13573	1
3951	2403	1
14154	9193	1
2611	1674	1
5922	5	1
2304	3664	1
1813	427	1
4222	4048	1
5800	4087	1
3738	203	1
6171	3950	1
1338	395	1
1039	304	1
19031	18953	1
13145	7412	1
9527	15784	1
7108	2914	1
703	704	1
6107	4021	1
427	1813	1
10778	19378	1
15574	5791	1
5189	623	1
7714	7753	1
8037	14687	1
19300	2411	1
2319	5712	1
9099	8194	1
3738	3690	1
19378	10778	1
7966	13670	1
9807	9695	1
4251	3298	1
14687	8037	1
1577	1577	1
18428	17031	1
13515	15401	1
17031	18428	1
