4651	715	1
3170	13140	1
374	718	1
19408	19408	1
4730	4409	1
9924	6306	1
14576	5735	1
15401	14239	1
11405	19409	1
19397	19091	1
6994	15229	1
11553	6942	1
4972	1142	1
240	438	1
10537	7859	1
14728	6813	1
11161	13140	1
2411	15168	1
16274	1898	1
10778	19378	1
623	5970	1
4409	3950	1
14265	7042	1
5932	6171	1
6171	3950	1
6073	10296	1
11491	19305	1
19410	19400	1
6079	7452	1
2179	15077	1
6145	3849	1
13140	2734	1
8545	10986	1
12009	11472	1
453	10108	1
8891	8404	1
12779	5366	1
15716	19411	1
14494	1829	1
8333	8676	1
12908	5942	1
13140	3170	1
1830	1829	1
5942	12908	1
449	4057	1
4950	8967	1
4836	4950	1
18635	11991	1
18072	18072	1
819	2865	1
7792	3183	1
10968	9085	1
18349	7402	1
13145	7412	1
11500	447	1
296	1829	1
524	816	1
3641	11768	1
19274	8404	1
5134	7944	1
1099	2865	1
10061	9228	1
15574	1105	1
12541	14728	1
9228	10061	1
4265	447	1
16387	12308	1
2691	1499	1
4166	5971	1
14180	12308	1
5789	12344	1
10273	10620	1
6298	2964	1
19009	8443	1
19412	16319	1
2997	3561	1
4950	4836	1
5636	10620	1
13140	11161	1
11758	3924	1
2578	13493	1
17827	13776	1
9807	9695	1
4409	4730	1
7466	11598	1
4577	6486	1
996	13099	1
2734	13140	1
11564	6419	1
18238	6193	1
6697	9296	1
16319	19412	1
8547	15334	1
5459	4883	1
2377	3544	1
13140	13140	1
6100	10626	1
2734	3170	1
11161	3170	1
18791	10626	1
3170	2734	1
16714	3170	1
10569	12650	1
1182	11598	1
8656	11434	1
3170	11161	1
9715	9495	1
8443	19009	1
1580	1579	1
2403	3951	1
8824	4653	1
832	8360	1
6193	18238	1
17375	3344	1
8656	4470	1
1265	6892	1
6128	10741	1
8141	12771	1
5634	5635	1
3279	953	1
6171	5932	1
7162	5791	1
133	10380	1
11967	11330	1
16954	16955	1
2964	6298	1
2368	18993	1
11618	1081	1
10066	8966	1
4037	7088	1
4836	3160	1
2807	16714	1
1081	11618	1
5773	3160	1
707	4883	1
15075	12351	1
13350	4883	1
5791	7162	1
7029	986	1
7223	6492	1
10296	6073	1
16371	1092	1
6475	15552	1
3965	6059	1
11598	7466	1
14886	3295	1
11320	7143	1
6952	17946	1
14876	15468	1
3669	6783	1
12259	15528	1
7866	7813	1
13140	10435	1
10435	13140	1
14478	17348	1
19382	6340	1
14667	6340	1
19413	10251	1
15517	11909	1
14105	18171	1
14876	15234	1
7178	14268	1
9287	9287	1
4246	15561	1
3170	10435	1
3088	464	1
12467	12134	1
4037	13840	1
10435	3170	1
15478	11339	1
8814	3438	1
12732	11909	1
11967	6015	1
14876	9546	1
6270	10461	1
16371	5485	1
15792	4037	1
13840	4037	1
7088	4037	1
708	5824	1
9258	8813	1
12351	15075	1
8962	6165	1
9080	2441	1
3787	10685	1
12724	9736	1
2055	3013	1
1768	13764	1
564	4119	1
628	861	1
12400	4939	1
5523	5543	1
1425	3094	1
6942	11553	1
6537	684	1
19414	15664	1
15614	8867	1
10205	19397	1
17226	19397	1
2616	19397	1
11223	13215	1
18331	18331	1
861	628	1
2194	9138	1
13776	17827	1
44	10241	1
8332	5987	1
6673	3408	1
2360	9426	1
4630	4629	1
6468	10165	1
13215	4195	1
2194	115	1
10351	9276	1
1425	6183	1
7687	978	1
4316	2502	1
2502	4316	1
13113	13113	1
14876	7033	1
8498	8499	1
1512	21	1
2217	1675	1
15442	15442	1
19406	5747	1
11967	15788	1
2194	2758	1
19412	19412	1
17054	19415	1
2194	4170	1
6611	5597	1
13215	11223	1
15561	4246	1
4135	5904	1
14936	10152	1
15552	6475	1
1320	4247	1
6284	10465	1
4475	2853	1
2874	9372	1
702	2853	1
3184	1338	1
16641	12397	1
4470	8656	1
6987	4266	1
19397	10205	1
986	7029	1
8681	11344	1
5399	2574	1
2817	2457	1
3333	15866	1
6492	7223	1
8681	4141	1
2611	2420	1
21	1512	1
1289	1254	1
15334	8547	1
14855	3322	1
8347	10465	1
11502	1612	1
12953	4429	1
934	17318	1
10868	6122	1
18350	9925	1
5721	5974	1
10626	18791	1
14330	12470	1
14876	4741	1
2706	4475	1
19415	17054	1
4780	7804	1
447	4265	1
2420	2611	1
8499	8498	1
6783	3669	1
1356	6024	1
5318	7786	1
11324	2428	1
1674	2611	1
8600	2436	1
2912	4250	1
18171	14105	1
8285	12217	1
2194	3176	1
5485	16371	1
16194	15520	1
5259	9365	1
157	84	1
5602	6442	1
16482	16482	1
17054	15566	1
10165	6468	1
13646	14992	1
2562	1599	1
5970	623	1
13851	3315	1
4912	4912	1
1579	1580	1
19416	12470	1
1914	4920	1
8336	8228	1
11768	13879	1
10345	10346	1
3438	3763	1
9138	2194	1
115	2194	1
2758	2194	1
4170	2194	1
14876	16255	1
3176	2194	1
157	1704	1
4533	11282	1
10749	5354	1
252	19378	1
5354	10749	1
5735	14576	1
3640	8057	1
18870	8664	1
12975	2004	1
11997	19417	1
9992	10461	1
6118	5634	1
16754	16754	1
3532	2902	1
10465	8347	1
1338	2894	1
395	2894	1
3820	4883	1
755	6564	1
12383	11944	1
5211	2894	1
10890	1404	1
10761	2294	1
978	7687	1
261	490	1
2802	6883	1
14876	16250	1
3521	4400	1
12316	12316	1
16954	11874	1
16452	16452	1
5944	19173	1
13884	10649	1
10199	12345	1
2436	8600	1
14876	15473	1
3286	3123	1
5893	5047	1
2864	19418	1
4668	5691	1
10437	18714	1
14876	6157	1
4741	6157	1
4457	232	1
8228	8336	1
5076	800	1
16729	12536	1
3563	11051	1
9479	14180	1
6730	7345	1
8820	6193	1
14876	18179	1
800	5076	1
573	526	1
19400	800	1
3514	800	1
12536	16729	1
5382	2483	1
13367	19419	1
4526	14261	1
13737	10620	1
6193	8820	1
9069	10737	1
2483	5382	1
2611	13232	1
19420	19420	1
17916	8260	1
13493	2578	1
8910	2611	1
15724	5983	1
2802	4525	1
7361	10620	1
6463	4525	1
10620	5636	1
3353	7645	1
13232	2611	1
11051	3563	1
24	243	1
540	8167	1
5335	1193	1
3738	4209	1
14876	7416	1
14617	14321	1
18042	84	1
17738	13455	1
383	18203	1
5670	4036	1
4890	7309	1
5660	4537	1
8898	9550	1
400	4180	1
5983	15724	1
12345	10199	1
5047	5893	1
17511	4821	1
5597	8160	1
3182	6066	1
8962	8359	1
12344	5789	1
3822	858	1
10857	9250	1
7345	10893	1
4400	3521	1
1055	4171	1
17324	17326	1
2154	12217	1
10890	7447	1
18491	13423	1
8697	9804	1
7309	4890	1
5105	8977	1
17454	9816	1
6945	15578	1
10533	10533	1
4525	4525	1
7143	11320	1
14712	13687	1
13687	12650	1
19378	252	1
2194	4574	1
14261	4526	1
2721	3166	1
1108	2065	1
11072	13550	1
157	15184	1
18203	383	1
13557	9240	1
19244	4026	1
2065	1108	1
1831	4520	1
4574	2194	1
5825	15800	1
19244	5888	1
10620	7361	1
8839	7909	1
2938	2938	1
1126	17755	1
698	698	1
1509	4357	1
19421	19421	1
9273	5222	1
6266	2962	1
8525	8526	1
3930	6031	1
5628	294	1
13088	447	1
940	7178	1
5775	15438	1
294	5628	1
12491	10861	1
7291	9366	1
8208	11511	1
13140	12816	1
2734	12816	1
1711	10754	1
12816	2734	1
7305	16962	1
2085	8031	1
6127	12899	1
12180	12945	1
10461	9992	1
7380	5752	1
11858	906	1
541	194	1
1077	2754	1
7260	515	1
4369	4369	1
5974	5721	1
5543	5523	1
3088	7543	1
6486	4577	1
4345	4346	1
18491	19422	1
5752	7380	1
10054	4020	1
2885	16358	1
12899	6127	1
2127	8526	1
9718	6562	1
635	4780	1
2194	3611	1
9411	12308	1
4020	10054	1
17926	13736	1
10537	12096	1
1193	4830	1
17326	17324	1
526	573	1
12664	12650	1
19423	3076	1
19424	19424	1
3852	4159	1
1605	2138	1
7083	5531	1
5637	8914	1
5840	3561	1
14992	13646	1
1338	1523	1
2417	1523	1
5536	5537	1
6363	6346	1
3370	6765	1
10713	15365	1
14180	9479	1
2066	2390	1
7821	8911	1
15724	15833	1
15438	5775	1
12812	1120	1
9924	9924	1
2480	3545	1
10136	19425	1
7786	5318	1
13852	16561	1
7260	3302	1
7940	7940	1
7465	2255	1
10461	6270	1
14321	14617	1
6562	9718	1
19426	5	1
7334	15106	1
7640	7584	1
4989	6270	1
15106	7334	1
19193	11569	1
11569	19193	1
12664	13687	1
8177	5678	1
6564	755	1
14019	14019	1
2611	8910	1
1077	6851	1
2894	5211	1
9276	10351	1
3315	13851	1
703	704	1
5904	4135	1
12061	11734	1
7451	2151	1
8681	17289	1
4823	5226	1
14431	11151	1
4346	3722	1
19427	19427	1
12154	2611	1
5366	12779	1
2066	2065	1
7804	9300	1
13550	11072	1
16172	16173	1
5231	4070	1
3079	10353	1
4833	2441	1
10620	13737	1
13951	13494	1
1096	13494	1
9612	5870	1
19428	19429	1
3118	13175	1
15338	9479	1
18317	18239	1
782	17031	1
16954	17351	1
8460	13932	1
5231	4084	1
5085	5870	1
12881	19265	1
8441	8441	1
9479	15338	1
19398	4810	1
15214	15215	1
2569	7673	1
8867	15614	1
11459	3583	1
2913	2727	1
7179	9378	1
8932	10687	1
4415	5217	1
13418	5089	1
3950	6171	1
3899	12728	1
1625	1280	1
8911	7821	1
11650	9204	1
14859	10188	1
12096	10537	1
19426	5922	1
8670	17866	1
8320	12650	1
18487	9669	1
18086	2	1
2066	2604	1
6266	2116	1
10735	15925	1
5797	11751	1
4810	19398	1
11282	4533	1
4159	3852	1
12775	12568	1
5231	9639	1
11967	6942	1
7389	7723	1
2192	3010	1
19331	9898	1
5783	5468	1
15319	13140	1
5221	2820	1
4343	3105	1
10449	9600	1
194	541	1
7144	7176	1
1487	10226	1
7368	12945	1
2231	11137	1
15229	6994	1
1476	5540	1
4250	2912	1
13851	1987	1
5231	7052	1
19430	12656	1
2347	9771	1
14054	14570	1
19413	3153	1
19009	7761	1
19431	9704	1
876	3190	1
11158	18855	1
9704	19431	1
8520	19407	1
5678	6804	1
5773	7012	1
84	18042	1
8404	19274	1
12945	7368	1
1987	13851	1
2194	275	1
13962	5382	1
2194	1468	1
1425	1425	1
19407	8520	1
4291	14079	1
14016	13965	1
11445	11751	1
11511	8208	1
6171	10470	1
17053	12533	1
9300	7804	1
11440	11111	1
10470	6171	1
19432	7966	1
4216	10722	1
10722	4216	1
10799	11943	1
11943	10799	1
3689	3332	1
1917	6927	1
16234	15110	1
5598	16541	1
936	45	1
2974	12982	1
518	3674	1
4316	10920	1
12073	5221	1
4346	4345	1
6157	4741	1
12519	2356	1
3899	1897	1
10353	3079	1
6994	16627	1
5485	3547	1
3170	16714	1
241	2879	1
16627	6994	1
8870	5213	1
11943	14820	1
6901	12540	1
9204	11650	1
19009	11191	1
18855	11158	1
4816	5531	1
19433	19173	1
4454	6919	1
4233	387	1
5581	4293	1
12540	6901	1
1444	14093	1
7639	6901	1
14570	14054	1
13687	14712	1
994	1074	1
17035	18685	1
19434	863	1
19435	16754	1
6055	5904	1
16171	19326	1
3450	3088	1
14165	6901	1
6386	6866	1
12568	6901	1
3088	3450	1
10205	19091	1
10108	13220	1
3651	3190	1
12397	16641	1
8382	11690	1
17785	8522	1
19436	5010	1
3185	5600	1
157	158	1
14876	272	1
1839	6513	1
6576	6513	1
6454	4769	1
4102	10098	1
1840	6513	1
6901	12568	1
5217	4415	1
13665	510	1
1914	6716	1
6513	1839	1
1390	1746	1
8975	10130	1
863	19434	1
2879	241	1
15878	4966	1
2406	776	1
10626	6100	1
11126	8031	1
19430	5142	1
7303	8386	1
472	473	1
2417	541	1
553	4531	1
1503	882	1
15466	6122	1
3795	5566	1
4968	2560	1
11502	9669	1
12580	9250	1
2066	9063	1
6994	9639	1
19137	8483	1
10920	4316	1
11988	11128	1
6901	14165	1
15664	6883	1
3934	2017	1
13574	13580	1
8404	8404	1
9669	11502	1
5204	5205	1
1338	3996	1
4354	8175	1
12945	12180	1
425	2645	1
3545	2480	1
1852	1852	1
14876	9361	1
13006	14095	1
3153	3153	1
13840	9837	1
6266	5408	1
8336	9897	1
15110	16234	1
9897	8336	1
5716	8196	1
16597	6466	1
6319	14754	1
8586	1405	1
14754	6319	1
8031	2085	1
16371	8285	1
18064	1375	1
10582	8860	1
968	2017	1
1987	6057	1
10609	12172	1
6942	11967	1
12775	6901	1
11128	11988	1
9837	13840	1
1839	1987	1
7465	5972	1
5089	13418	1
8824	15748	1
510	13665	1
2941	10663	1
8903	11387	1
7323	12546	1
5729	2403	1
6135	5729	1
2066	2973	1
1375	18064	1
14804	12744	1
11387	8903	1
8688	2873	1
3951	2403	1
14932	12533	1
1444	8411	1
4293	5581	1
5729	6135	1
7469	16229	1
2403	5729	1
2017	968	1
5132	7218	1
8868	13980	1
13764	1768	1
7026	16229	1
12172	10609	1
7218	5132	1
17098	11598	1
6466	16597	1
1016	19437	1
11598	17098	1
8260	17916	1
8213	5688	1
12776	12736	1
3723	3949	1
5231	5100	1
3383	1009	1
16376	11040	1
7639	4797	1
15272	15077	1
6266	2838	1
2611	1009	1
18161	12600	1
7303	7038	1
19123	4059	1
3849	6145	1
9038	8803	1
1320	9917	1
13095	384	1
13246	19237	1
19438	5321	1
384	13095	1
5360	2255	1
