4901	5000	1
13580	11779	1
14239	7773	1
12535	6564	1
3170	11161	1
4832	4812	1
6748	867	1
19802	7425	1
3199	10676	1
9335	2617	1
1662	19333	1
17618	7267	1
5351	877	1
16055	16414	1
9117	16883	1
2617	9335	1
19372	7232	1
5000	4901	1
6316	5711	1
3777	1218	1
9248	2866	1
8697	1563	1
15141	3892	1
6532	7535	1
6611	10492	1
14800	14800	1
7416	7581	1
9436	5970	1
2846	2712	1
4724	4408	1
16414	16055	1
5970	9436	1
8699	5970	1
12664	12650	1
10465	13378	1
6082	5723	1
7345	3149	1
19803	19803	1
1584	3190	1
19600	89	1
11724	6475	1
10765	10765	1
16883	9117	1
16387	16585	1
4408	4724	1
4293	1660	1
12173	7786	1
10163	7899	1
5970	8699	1
14478	7622	1
19804	4102	1
4724	4605	1
6533	19201	1
4102	16722	1
17851	14492	1
13737	10620	1
4313	5624	1
12702	15628	1
19746	9250	1
18397	14492	1
6979	13593	1
998	835	1
2913	2727	1
18396	8386	1
370	16966	1
3723	3949	1
10199	12345	1
5684	3160	1
2116	7925	1
5835	9389	1
17289	17024	1
7925	2116	1
4532	2776	1
9897	515	1
2588	9389	1
8280	4037	1
15223	16722	1
12019	9391	1
7989	12259	1
5307	14166	1
5204	5205	1
4037	8280	1
2383	4355	1
9223	12015	1
2641	6200	1
4102	19804	1
5970	12079	1
5357	9705	1
14338	12580	1
10273	10620	1
3236	3442	1
15507	8031	1
11702	12819	1
10857	7481	1
12932	8026	1
5715	4735	1
16353	18273	1
19805	18992	1
19798	8296	1
12929	9223	1
5250	12336	1
14016	7138	1
9966	8192	1
5514	5066	1
7056	8782	1
16657	15628	1
5835	4883	1
19806	19806	1
167	2767	1
2428	6860	1
10365	3361	1
2588	9388	1
18895	3361	1
2588	15628	1
7625	11676	1
19807	19806	1
2767	167	1
13880	6034	1
8715	2383	1
2873	8404	1
19425	12439	1
6127	12899	1
6899	271	1
14263	2914	1
802	15875	1
15023	7452	1
14011	4397	1
15380	5341	1
4397	14011	1
6539	8530	1
8192	9966	1
12580	14338	1
3149	7345	1
10274	15446	1
6653	6556	1
14263	4555	1
2541	2756	1
8333	10387	1
4573	3857	1
19754	19754	1
10604	1838	1
2282	2116	1
18209	16301	1
9600	8891	1
14375	960	1
8891	9600	1
16716	7042	1
3559	3745	1
13810	16237	1
4938	6848	1
11387	8896	1
4120	16194	1
4950	3160	1
10007	4810	1
1069	16194	1
1414	8169	1
19538	18367	1
11478	2408	1
6070	5355	1
16449	9731	1
10066	8966	1
6860	16892	1
16955	19749	1
13469	13470	1
2356	12519	1
1426	8405	1
6213	19124	1
6210	9527	1
46	3050	1
12250	19581	1
13593	6979	1
13356	13529	1
9945	2600	1
5354	7209	1
10617	14522	1
5835	6332	1
7899	10163	1
10988	10083	1
5532	4432	1
3958	4397	1
5922	5	1
12932	16088	1
9767	6121	1
2282	3520	1
2600	9945	1
3171	5136	1
9527	6210	1
17255	17255	1
1061	6609	1
14494	1829	1
1830	1829	1
15274	1229	1
8026	12932	1
1336	11936	1
9600	9792	1
194	541	1
2722	1599	1
3190	1584	1
4346	1697	1
541	194	1
14522	14522	1
12345	10199	1
2821	4464	1
3037	3321	1
11676	7625	1
15649	4610	1
1143	8443	1
2377	7595	1
19514	9580	1
19761	7451	1
13132	13219	1
8404	2873	1
867	6439	1
17024	17289	1
19808	19808	1
13784	13784	1
18431	18430	1
242	241	1
1791	926	1
3096	3768	1
17744	19809	1
8214	8247	1
3284	8247	1
4007	8247	1
4363	8247	1
453	15659	1
2627	4425	1
1599	2722	1
6035	8247	1
3669	1506	1
2282	2611	1
8317	7979	1
10420	8247	1
6893	8247	1
19810	14273	1
7801	8247	1
8052	8247	1
16862	13834	1
12774	8247	1
19124	6213	1
8977	8247	1
4029	8247	1
13659	8247	1
4816	8247	1
2588	8452	1
3768	3096	1
12456	7831	1
4464	2821	1
14273	19810	1
5628	6854	1
11530	15469	1
17766	3306	1
12008	16657	1
5546	9300	1
6015	10620	1
16502	2148	1
18273	16353	1
15628	16657	1
7831	12456	1
17554	19811	1
1372	9270	1
95	15686	1
19810	5455	1
7291	16387	1
7451	4002	1
8717	4603	1
375	19578	1
7656	3862	1
295	11768	1
4432	5532	1
3190	3190	1
4002	7451	1
5856	4362	1
19812	7300	1
19813	19814	1
5455	19810	1
19815	4617	1
19816	8079	1
2282	9300	1
3625	6355	1
3243	4463	1
12932	9723	1
5722	10842	1
18519	18519	1
4816	7801	1
5117	4632	1
5532	2041	1
16387	6564	1
7138	14016	1
5722	8216	1
5722	7443	1
16006	9977	1
11141	19817	1
16646	5711	1
18895	12274	1
18150	3852	1
5524	7443	1
9687	17872	1
5722	7442	1
241	242	1
12343	12343	1
1529	1617	1
5835	1617	1
9480	8192	1
8192	1996	1
3171	5706	1
11478	10869	1
1996	8192	1
7801	4816	1
15686	95	1
7452	7988	1
1529	710	1
8192	9480	1
19818	1316	1
70	95	1
4271	5341	1
5835	7930	1
19819	8539	1
14263	8222	1
1539	2678	1
8174	8222	1
4747	8222	1
5581	18853	1
16694	11815	1
17163	16789	1
13787	4318	1
5856	8222	1
3321	3037	1
1426	17090	1
8715	17090	1
5353	8609	1
2572	3089	1
18848	18849	1
11768	2645	1
12274	17201	1
12553	11245	1
9580	515	1
16376	11040	1
5722	6052	1
3452	3037	1
9887	12855	1
4463	3243	1
17878	3398	1
3037	3452	1
14018	3398	1
8896	6248	1
5835	11563	1
6248	8896	1
3019	1585	1
411	14657	1
15555	6248	1
5532	5559	1
19810	19820	1
2282	1674	1
9311	3398	1
8714	1254	1
15161	19821	1
9580	19514	1
6034	13880	1
4169	5873	1
2611	912	1
7624	7625	1
9392	6854	1
5817	5642	1
4270	16301	1
2588	8668	1
6248	15555	1
16301	4270	1
14263	2297	1
5722	6014	1
5642	5817	1
10243	16858	1
18005	19708	1
11768	295	1
9687	11407	1
1585	3019	1
944	912	1
19708	18005	1
13834	16862	1
3171	3170	1
912	2611	1
19820	19810	1
490	366	1
10777	10777	1
3171	7308	1
5511	12895	1
9687	12886	1
4034	16523	1
2873	4608	1
9600	8241	1
6118	1316	1
1038	95	1
19822	19822	1
6193	7060	1
14814	6424	1
366	490	1
9687	10163	1
15664	6883	1
9687	13176	1
8092	6328	1
5726	6328	1
9687	15908	1
13580	14825	1
3852	56	1
11815	16694	1
14263	4613	1
8460	13932	1
16626	16626	1
16112	13149	1
3258	17701	1
5835	6132	1
6429	13149	1
2588	10327	1
2588	6132	1
5532	5648	1
4810	5314	1
5722	8639	1
756	2255	1
9270	6200	1
2874	11407	1
6564	16387	1
14959	9	1
13787	5678	1
19767	19428	1
14248	3737	1
1229	15274	1
19664	19764	1
17656	6540	1
6603	1800	1
18330	10319	1
2041	5532	1
4608	2873	1
9845	16399	1
3737	14248	1
2722	3017	1
19823	3613	1
3613	19823	1
5648	5532	1
6122	6017	1
5977	9541	1
5722	4218	1
11600	9541	1
8296	3812	1
7553	5868	1
14599	201	1
9687	13204	1
3017	2722	1
18934	13149	1
4926	11631	1
1994	2012	1
7796	2873	1
3650	4017	1
16714	7078	1
14197	14173	1
11779	13580	1
13014	19670	1
12932	6792	1
3671	2114	1
878	879	1
5711	6316	1
4938	4983	1
11781	14082	1
19578	375	1
3068	1096	1
6113	10390	1
10047	18027	1
5537	5536	1
2911	3079	1
10620	10273	1
10482	8522	1
3079	2911	1
5111	19044	1
19679	19680	1
867	6748	1
2873	5229	1
5299	5793	1
9342	7020	1
19680	19679	1
6816	3950	1
7739	13538	1
9977	16006	1
5929	5951	1
582	824	1
14263	5087	1
2342	2534	1
12932	7501	1
19044	5111	1
6328	5726	1
3243	5778	1
4938	1200	1
18895	12271	1
5835	8369	1
19333	1662	1
14173	14197	1
4397	3958	1
2043	5778	1
19670	13014	1
12572	16703	1
16797	1983	1
7267	17618	1
737	1081	1
6017	6122	1
19824	17541	1
2588	9105	1
2132	15988	1
3739	3834	1
8697	5686	1
2588	5717	1
1081	737	1
19825	18647	1
12656	13581	1
824	8959	1
16745	5888	1
17054	17054	1
19826	6187	1
13032	17434	1
5250	8959	1
19827	16192	1
490	8004	1
3823	76	1
435	1400	1
19828	19828	1
5711	16646	1
19134	18807	1
1529	2245	1
5066	5514	1
9300	5546	1
6860	2428	1
8241	9600	1
19829	19829	1
15422	5546	1
6245	3450	1
7060	6193	1
2550	11083	1
2957	16163	1
7402	1662	1
8763	12134	1
1134	13255	1
19830	19828	1
2588	10067	1
12134	8763	1
1926	4979	1
5227	5188	1
6055	5430	1
4979	1926	1
12599	9120	1
2154	1859	1
14263	11059	1
6417	15071	1
5822	2532	1
9687	7089	1
9156	1338	1
12128	478	1
6490	4320	1
2843	1338	1
19831	17163	1
12414	10103	1
5624	4313	1
16357	6193	1
16789	17163	1
17935	17935	1
14971	17591	1
9388	17224	1
5188	5227	1
1005	2333	1
7411	17591	1
13838	19479	1
7020	9342	1
12596	9378	1
2255	756	1
17163	19831	1
5122	12464	1
4318	13787	1
5678	13787	1
11407	11244	1
16858	10243	1
788	1441	1
14166	5307	1
8746	5314	1
17358	10152	1
6506	12464	1
2376	6506	1
543	616	1
9009	6937	1
11059	18621	1
14263	2480	1
6506	2376	1
19581	12250	1
8717	5307	1
9270	1372	1
10196	5161	1
4983	6329	1
3337	5075	1
2360	9426	1
14932	10118	1
12664	5161	1
14115	19832	1
17656	5966	1
12932	12544	1
18621	11059	1
19189	19833	1
5536	5537	1
6135	9371	1
1529	4071	1
5722	5488	1
5835	5259	1
12895	5511	1
16415	19834	1
4375	16523	1
8763	12832	1
1338	2843	1
10180	14037	1
7988	8974	1
5835	3673	1
3950	6816	1
8974	7988	1
9687	8653	1
12832	8763	1
18135	6643	1
15210	2199	1
5532	4668	1
1514	2199	1
19059	2199	1
3366	2199	1
9364	6315	1
7078	16714	1
1662	7402	1
1690	2199	1
19716	19716	1
19835	5748	1
11936	1336	1
4668	5532	1
19488	19488	1
7508	9777	1
19141	19141	1
5722	5509	1
1764	2852	1
3170	2734	1
3125	3105	1
16192	19827	1
11562	7213	1
2255	15642	1
5022	6348	1
8719	3910	1
3719	15618	1
1838	1837	1
6315	9364	1
19836	19837	1
3855	14849	1
8719	4988	1
8717	8317	1
1791	1930	1
2627	5335	1
13564	17872	1
5835	8707	1
13538	7739	1
3056	878	1
11690	3696	1
879	878	1
19838	9436	1
5951	5929	1
7083	5531	1
15023	6727	1
56	3852	1
455	3602	1
4663	1822	1
12464	5122	1
19761	19761	1
3723	5111	1
1525	19761	1
5111	3723	1
7837	825	1
17239	16942	1
10179	12111	1
8154	2604	1
17251	19353	1
12340	1897	1
8719	1339	1
3423	3125	1
4399	5779	1
3252	4666	1
12314	6924	1
960	14375	1
7469	16229	1
509	13580	1
4362	5856	1
850	95	1
5835	5657	1
2627	6797	1
6937	9009	1
3171	8726	1
8195	2308	1
18027	10047	1
13550	11072	1
19193	19193	1
19839	424	1
2308	8195	1
10390	6113	1
8975	5482	1
8782	16088	1
12544	12932	1
18989	11191	1
10749	5354	1
6727	15023	1
13149	16112	1
16942	17239	1
16836	16715	1
19840	19841	1
9687	9669	1
19009	11191	1
1305	17642	1
18565	7204	1
14868	18380	1
7501	12932	1
4664	6783	1
6792	12932	1
1514	2083	1
6783	4664	1
7622	14478	1
2134	15878	1
18027	3635	1
5278	7273	1
8948	12446	1
7306	10993	1
13050	12932	1
10007	2331	1
12881	16339	1
17321	5357	1
15436	5357	1
4136	4137	1
2915	15307	1
1229	3723	1
4747	14478	1
19842	14151	1
3834	3739	1
10993	7306	1
1529	4945	1
13829	5593	1
200	887	1
1822	4663	1
424	19839	1
6977	12898	1
19843	5505	1
1529	467	1
5357	15436	1
16523	4375	1
14585	6270	1
16982	18378	1
9041	16641	1
15642	2255	1
5409	46	1
17165	8162	1
18635	11991	1
1338	4537	1
8162	17165	1
1796	46	1
2017	12173	1
887	200	1
7442	13948	1
1832	46	1
16031	7267	1
3723	1229	1
4729	7004	1
11513	19485	1
13808	10435	1
10179	7425	1
4037	7088	1
19844	19844	1
15614	17713	1
10856	16891	1
14867	1646	1
15312	18918	1
8365	18918	1
11102	5875	1
13980	8868	1
8031	14478	1
5357	17321	1
2255	46	1
