14814	6424	1
11734	7162	1
9204	3457	1
2496	2646	1
9966	7334	1
3105	3105	1
8776	18418	1
11883	7308	1
844	4894	1
7308	11883	1
12779	5366	1
888	200	1
9138	10464	1
2713	2059	1
7804	6468	1
14461	14426	1
8975	9966	1
5041	14426	1
19588	1156	1
1364	14426	1
8611	5096	1
4751	9058	1
1180	6468	1
7673	2569	1
6765	5799	1
18828	9477	1
6624	6649	1
8899	6649	1
95	15686	1
19601	17231	1
7232	15226	1
1606	154	1
9197	6468	1
7974	5039	1
19434	863	1
3333	2480	1
4437	6468	1
7334	9966	1
3950	4409	1
65	64	1
3988	238	1
2176	1298	1
6270	2397	1
7038	6468	1
5800	12660	1
6539	11800	1
2397	6270	1
2506	19432	1
1439	6070	1
11497	14814	1
496	11800	1
7228	13289	1
9611	11037	1
15586	4842	1
441	11800	1
1307	11800	1
19602	5444	1
2611	1009	1
13787	6346	1
11037	9611	1
15686	95	1
10464	9138	1
84	18042	1
19432	2506	1
8676	10706	1
12180	6198	1
5351	896	1
4260	14746	1
13580	11779	1
8806	5905	1
16755	16927	1
15520	16194	1
1069	16194	1
6311	14746	1
2611	2282	1
4020	10478	1
3669	16646	1
6649	8899	1
5239	5240	1
7505	7504	1
12595	17451	1
5474	5490	1
6270	4989	1
9031	4989	1
4626	4989	1
1508	5818	1
2578	385	1
12758	4008	1
10620	13737	1
7361	13737	1
19428	19603	1
13503	12308	1
8141	12771	1
1702	2465	1
2480	3333	1
16342	15468	1
7449	8699	1
817	817	1
411	411	1
13538	6700	1
1840	8848	1
9966	8192	1
9862	6700	1
6787	9477	1
11982	3458	1
2420	1009	1
4848	753	1
14951	18643	1
7831	17241	1
6346	13787	1
14612	8492	1
19232	10066	1
13741	11909	1
17289	17024	1
1508	2756	1
1420	5717	1
16194	1069	1
6198	12180	1
13836	13474	1
3722	4346	1
4075	3954	1
8492	14612	1
16353	12819	1
3950	9314	1
6860	9248	1
19598	1643	1
6628	3068	1
19597	1643	1
10147	4399	1
1935	8783	1
11268	17452	1
13737	7361	1
5543	5523	1
17452	11268	1
5843	5691	1
1643	19597	1
4346	3722	1
8192	9966	1
2480	6599	1
12540	6901	1
19604	15957	1
3353	3464	1
19605	19605	1
19593	18087	1
12103	6424	1
11134	10072	1
19538	18367	1
19213	9002	1
9862	13390	1
6628	14117	1
9202	6419	1
11564	6419	1
16873	1081	1
3701	7705	1
13925	1335	1
9862	2203	1
6730	7345	1
3458	11982	1
5523	5543	1
5537	5536	1
10507	3404	1
16399	9845	1
17946	3673	1
7209	5354	1
5905	8806	1
19606	6729	1
6729	19606	1
19607	16994	1
5893	5047	1
5565	3559	1
13323	8932	1
5635	6186	1
7056	8782	1
8768	19535	1
15764	15565	1
200	888	1
7639	4797	1
1268	8335	1
623	2291	1
9165	18594	1
16994	19607	1
6166	7127	1
6628	8235	1
7639	11069	1
5536	5537	1
14746	6311	1
15628	8723	1
7989	12259	1
4751	16355	1
14522	14522	1
2520	5832	1
6860	2428	1
19608	7410	1
13925	320	1
6860	19231	1
12927	8163	1
7821	8911	1
8081	3546	1
320	13925	1
1539	1539	1
17024	17289	1
8853	7655	1
8806	7205	1
15976	4174	1
3970	5586	1
13776	7143	1
9862	9226	1
5608	4549	1
13653	7668	1
6628	3763	1
2276	2673	1
7668	3284	1
12946	2543	1
5795	3493	1
7232	17944	1
2931	3006	1
6860	8803	1
18876	18877	1
19609	16801	1
3491	3493	1
12946	4333	1
5922	5	1
14494	1829	1
4832	3546	1
1830	1829	1
2543	12946	1
296	1829	1
4333	12946	1
3457	9204	1
2448	651	1
1585	3019	1
3422	3019	1
11982	11650	1
5222	9273	1
2230	19322	1
10095	3575	1
2408	3284	1
19610	7677	1
9204	11650	1
19494	1844	1
1887	3016	1
16568	18636	1
7416	14876	1
3105	10922	1
7677	19610	1
9897	515	1
15663	10865	1
8140	11157	1
9477	6787	1
11982	12657	1
11157	8140	1
19611	19612	1
1283	2439	1
6649	17861	1
1643	19598	1
10654	5775	1
2520	8850	1
19613	12561	1
4144	7025	1
8018	2611	1
2448	7095	1
887	5775	1
13232	2611	1
12154	2611	1
2282	2611	1
1749	1772	1
17792	1772	1
19614	13473	1
7083	5531	1
11734	19591	1
13851	3315	1
1283	6265	1
9862	6265	1
19615	16302	1
2830	7156	1
5828	3395	1
15320	13092	1
7989	5972	1
1597	13567	1
5485	3561	1
14576	14144	1
3349	3348	1
13289	12773	1
9273	5222	1
5775	887	1
7205	8806	1
4139	9680	1
2415	2415	1
14144	14576	1
3284	7668	1
17855	17855	1
12172	10609	1
14901	14073	1
7341	14144	1
14746	2446	1
8802	8975	1
9862	7082	1
4260	11630	1
6860	4721	1
18004	19616	1
4022	16071	1
2019	186	1
1887	2883	1
2091	2529	1
3349	1704	1
8163	12927	1
18016	6094	1
9359	12318	1
19598	9270	1
12946	6887	1
10199	12345	1
6430	2950	1
15080	14148	1
19610	12018	1
18087	19593	1
8975	8802	1
2646	7857	1
6901	12540	1
5357	7521	1
7639	12540	1
13737	10620	1
12345	10199	1
4038	7188	1
11151	6328	1
7223	7086	1
5134	2248	1
4193	4937	1
5817	5485	1
5642	5485	1
9862	12008	1
12018	19610	1
18793	3076	1
6599	2480	1
2051	1558	1
5485	5817	1
3791	4492	1
12420	17434	1
13538	3069	1
6618	12720	1
14073	14901	1
15628	15179	1
6628	3450	1
1653	15744	1
1156	19588	1
7086	7223	1
2678	4032	1
186	2019	1
3839	167	1
6183	4474	1
1674	2611	1
4474	6183	1
16585	16387	1
6860	17553	1
4344	4760	1
15865	12906	1
1356	6025	1
9862	2873	1
1619	5266	1
1887	11160	1
12795	11077	1
18747	19617	1
4495	1408	1
9862	6100	1
2040	2677	1
9862	8290	1
6860	18822	1
5533	304	1
5266	1619	1
10473	2484	1
11344	7521	1
14144	7341	1
2721	896	1
9862	15924	1
14430	3410	1
6816	2484	1
2247	4898	1
1504	5430	1
1283	16525	1
11134	768	1
10060	5430	1
7989	3225	1
18408	7623	1
3701	17109	1
3839	166	1
167	166	1
4760	4344	1
18431	18430	1
1887	4057	1
4822	589	1
2223	972	1
6094	18016	1
4174	15976	1
12906	15865	1
17959	7042	1
6860	8247	1
6860	16892	1
2611	1674	1
2611	9144	1
4139	3238	1
6932	10982	1
10993	14103	1
14650	10176	1
6186	5635	1
6337	10176	1
12185	7756	1
6628	8490	1
8026	6087	1
2520	7651	1
706	902	1
9862	6279	1
10503	16341	1
12318	9359	1
8243	5650	1
166	167	1
3114	8955	1
12664	12650	1
1074	1075	1
16387	16585	1
5650	8243	1
4983	4763	1
902	706	1
5977	1394	1
6628	5047	1
1394	5977	1
7521	5357	1
9144	2611	1
8681	4141	1
328	272	1
13538	6646	1
6628	6646	1
13075	19610	1
1269	5938	1
11707	1451	1
9862	3358	1
8788	12970	1
5756	8774	1
2852	895	1
4204	15865	1
5351	14461	1
6551	4061	1
4345	4346	1
8774	5756	1
14150	9680	1
1388	16322	1
11982	5006	1
4032	2678	1
14461	5351	1
1081	16873	1
11134	18710	1
16541	5598	1
9862	13564	1
15628	16657	1
7188	4038	1
1215	4842	1
334	4842	1
61	8722	1
3557	1795	1
13538	16657	1
7639	14165	1
19618	19619	1
23	424	1
11212	12217	1
7800	9639	1
4668	5691	1
6628	2611	1
4950	8967	1
6994	9639	1
11397	5892	1
4836	8967	1
13955	9639	1
8313	7451	1
13925	2714	1
4061	6551	1
18503	19620	1
15628	2588	1
3349	3418	1
9433	9639	1
9644	11909	1
16823	15440	1
12819	16353	1
11779	13580	1
2714	13925	1
9862	6325	1
3166	4735	1
861	37	1
19543	6883	1
12946	6897	1
9270	19598	1
6860	5537	1
2201	17724	1
8806	1935	1
1058	2109	1
6006	6184	1
8547	5556	1
6163	9270	1
6860	13492	1
8822	9639	1
9270	6163	1
19621	15933	1
261	11702	1
2484	10473	1
13692	13692	1
4922	2595	1
15833	15724	1
1664	13671	1
2411	15168	1
14325	12598	1
14174	677	1
8579	17703	1
14825	15226	1
13925	18292	1
3190	3190	1
4937	4193	1
18292	13925	1
19622	19622	1
1674	1009	1
1795	3557	1
5556	8547	1
19623	662	1
6901	12775	1
12658	6783	1
1306	1306	1
7741	6271	1
5800	6271	1
6904	6904	1
9644	9992	1
9533	2840	1
3043	1850	1
15724	15833	1
13776	4838	1
12946	16150	1
6043	6044	1
14132	6372	1
5027	5026	1
3349	3938	1
18428	18046	1
5026	5027	1
4675	17378	1
5318	11455	1
11641	15464	1
17733	15464	1
13538	6781	1
1492	3343	1
2265	1842	1
2425	9533	1
8619	11836	1
5205	5204	1
15464	17733	1
8141	5826	1
4305	751	1
7639	6136	1
2964	6298	1
11455	5318	1
19624	19624	1
13776	3274	1
9966	11514	1
1326	1505	1
18630	18631	1
8972	3274	1
1229	3723	1
16074	17031	1
12259	7989	1
3410	14430	1
11483	11484	1
2578	14430	1
5972	7989	1
15631	18631	1
1492	1998	1
381	381	1
17201	11767	1
19188	7892	1
19625	14914	1
14982	5983	1
8619	7452	1
3225	7989	1
14550	7114	1
5980	19626	1
4409	3950	1
9862	6969	1
11628	1034	1
7892	19188	1
9314	3950	1
6372	14132	1
7178	9917	1
7989	15860	1
3701	17561	1
8040	6193	1
11767	3306	1
5897	5898	1
3349	1514	1
1492	375	1
7341	375	1
12790	269	1
6887	12946	1
7179	9378	1
3575	10095	1
385	8722	1
375	7341	1
6628	835	1
9862	3984	1
8830	226	1
9325	9764	1
17504	16619	1
9862	9237	1
5818	1508	1
19627	19628	1
7989	4506	1
10970	10971	1
6783	12658	1
6897	12946	1
3839	4558	1
7331	7332	1
4863	5342	1
16150	12946	1
1839	6513	1
4176	8192	1
7223	2297	1
17437	17533	1
15624	7822	1
2448	16703	1
1492	2226	1
3042	5300	1
2578	488	1
4139	5042	1
13776	10713	1
11387	8903	1
6063	8051	1
15860	7989	1
11602	18644	1
4848	6845	1
1492	1791	1
4506	7989	1
16956	6344	1
7303	5059	1
12982	2974	1
1283	2465	1
4842	334	1
18644	11602	1
13538	7408	1
11161	3170	1
7002	8206	1
1034	11628	1
6184	6006	1
5485	5642	1
7639	15339	1
8975	10319	1
9887	10639	1
7989	5215	1
3404	10507	1
441	10152	1
6765	17365	1
5736	14461	1
9076	11610	1
9533	2425	1
14461	5736	1
6758	6844	1
2852	2610	1
2974	12982	1
13538	9736	1
15168	2411	1
3170	11161	1
6533	2608	1
13925	9392	1
7451	8313	1
19629	7735	1
11514	9966	1
5773	3160	1
4377	4559	1
8676	10250	1
3701	4598	1
9136	19514	1
6319	3950	1
6860	6923	1
5526	4221	1
3950	6319	1
1887	2620	1
8333	8676	1
10163	8181	1
1283	2555	1
3767	5217	1
5217	3767	1
8453	8452	1
2220	19630	1
17186	4576	1
18358	3046	1
7639	6901	1
12660	5800	1
5826	15081	1
13538	7213	1
6193	8040	1
3274	8972	1
10984	19019	1
5598	16541	1
3658	1140	1
6689	5243	1
17939	17014	1
9281	5009	1
19009	18989	1
8335	1268	1
7639	12568	1
7852	8412	1
2555	18747	1
8181	10163	1
7345	6730	1
18747	16560	1
17365	6765	1
13671	1664	1
16560	18747	1
16282	14946	1
15081	5826	1
1502	16857	1
5775	5647	1
11982	794	1
7639	4084	1
9248	2866	1
4763	4983	1
6513	1839	1
8339	3998	1
8540	14840	1
14722	19610	1
8206	7002	1
8934	16171	1
4113	14849	1
7341	5843	1
12568	6901	1
16468	16474	1
4816	5531	1
5468	5623	1
5783	5623	1
7831	12456	1
3950	3767	1
4454	6919	1
2725	5881	1
10179	16370	1
3767	3950	1
3951	2403	1
12840	4408	1
3965	8609	1
19631	1449	1
6104	8609	1
16031	6681	1
19632	19632	1
19546	1011	1
1532	6424	1
9436	6424	1
6860	12400	1
14849	4113	1
134	1539	1
4144	8092	1
5402	17321	1
11982	2478	1
7469	6424	1
9249	8587	1
4108	8790	1
14946	16282	1
9281	5647	1
1492	7607	1
7735	19629	1
2068	19633	1
5843	7341	1
14325	11416	1
3651	14849	1
5204	5205	1
14411	5892	1
11702	261	1
37	861	1
9492	15748	1
3379	2093	1
3651	6270	1
6901	12568	1
18064	7738	1
13653	6319	1
14083	2164	1
12773	13289	1
2164	14083	1
849	14849	1
12180	18016	1
19634	19634	1
14011	4397	1
14849	3651	1
6270	3651	1
6316	4084	1
12580	18659	1
16823	11876	1
3651	17513	1
18659	12580	1
6097	19154	1
14330	12470	1
13925	15516	1
13454	13454	1
5047	5893	1
16171	8934	1
271	272	1
12456	7831	1
18086	872	1
13289	7675	1
5357	17321	1
4254	19552	1
15491	16638	1
5671	1339	1
18016	12180	1
6628	11120	1
6919	4454	1
19576	15574	1
16370	10179	1
872	18086	1
2884	6927	1
8453	8453	1
10609	18086	1
10157	10157	1
19019	10984	1
16000	19209	1
5546	3153	1
19635	7267	1
12719	4279	1
9470	17861	1
15561	4246	1
7267	19635	1
7989	19636	1
4735	3166	1
4246	15561	1
6860	4717	1
7786	12173	1
12196	4657	1
1492	6141	1
4092	19637	1
6628	5280	1
5366	12779	1
4408	12840	1
6628	623	1
10319	8975	1
16638	15491	1
2610	2852	1
8911	7821	1
19637	4092	1
2843	2832	1
12348	13744	1
2611	425	1
6270	13744	1
1887	1203	1
4983	5715	1
6628	19409	1
4002	8911	1
1184	13453	1
1514	3278	1
1887	2234	1
8365	8049	1
13744	6270	1
3451	5928	1
8049	8365	1
