9966	8802	1
1594	8499	1
1494	1495	1
8499	14400	1
6936	10347	1
11702	261	1
1495	1494	1
7316	6380	1
18042	15466	1
7595	7592	1
14678	2544	1
888	5775	1
2377	7592	1
16174	4857	1
3723	1469	1
14400	8499	1
1469	3723	1
10374	8499	1
13145	1635	1
7654	5688	1
12196	4657	1
8802	9966	1
2646	7857	1
5775	5647	1
17024	17289	1
12779	5366	1
8141	12771	1
13717	8507	1
518	14174	1
6539	677	1
15547	8451	1
5100	4070	1
15466	18042	1
14174	518	1
11740	11741	1
19431	9704	1
3153	5546	1
18714	18714	1
677	6539	1
18908	1637	1
12771	8141	1
11069	13692	1
11741	11740	1
5775	10654	1
2004	6539	1
3722	4346	1
5893	7543	1
14174	677	1
3426	6144	1
5972	8962	1
9327	5210	1
16355	4751	1
3822	3824	1
8962	5972	1
13751	4555	1
9388	9527	1
6539	2004	1
13561	4239	1
677	14174	1
18621	10758	1
1635	13145	1
5603	4007	1
250	8199	1
19537	19537	1
5497	5498	1
12899	6127	1
10199	12345	1
10347	6936	1
9527	9388	1
18428	7331	1
19563	18086	1
9480	5320	1
16274	4555	1
13176	9687	1
11058	9687	1
1599	6213	1
8292	10982	1
12558	14019	1
5868	7553	1
15908	9687	1
3178	314	1
1005	4489	1
8451	15547	1
10620	13737	1
8611	5096	1
7361	13737	1
19238	4001	1
7345	6730	1
17326	17324	1
1420	5717	1
1504	602	1
4092	11826	1
13541	3946	1
9479	3946	1
8247	8052	1
16387	12308	1
442	10038	1
243	1397	1
4735	3166	1
11161	13140	1
19399	990	1
11540	3383	1
5217	5282	1
990	19399	1
6637	4444	1
2544	14678	1
2713	2059	1
18640	18641	1
19537	18784	1
2797	1254	1
6127	12899	1
16947	19329	1
11826	4092	1
3826	4597	1
1903	1499	1
7553	5868	1
6142	6264	1
9687	15908	1
18341	5791	1
16241	5382	1
13392	12899	1
17912	12777	1
4715	10937	1
1039	304	1
5598	10478	1
10721	14392	1
6058	1558	1
19564	1833	1
14910	14911	1
19565	1833	1
5843	5062	1
3453	1838	1
19566	19566	1
986	88	1
5062	5843	1
9300	16289	1
17098	11598	1
13737	7361	1
18621	11059	1
3701	7705	1
19567	12403	1
7489	5169	1
6513	4589	1
16289	9300	1
4431	4977	1
5257	1188	1
14814	6424	1
1064	18730	1
9709	9368	1
4755	6424	1
16714	1096	1
12107	4266	1
4977	4431	1
3559	4863	1
10136	7205	1
11134	18710	1
4863	3559	1
1397	243	1
9392	6854	1
4430	2914	1
10061	786	1
13433	16131	1
12314	2408	1
17095	4954	1
11751	5047	1
5893	5047	1
14535	13829	1
4133	5892	1
2591	2771	1
184	184	1
9368	9709	1
9287	4883	1
4241	6848	1
10449	9600	1
7327	4883	1
4946	1096	1
8404	4883	1
801	12584	1
6769	2151	1
543	616	1
2205	13212	1
19538	18367	1
595	18367	1
10609	12172	1
14951	18643	1
19568	19568	1
89	7046	1
10465	10465	1
12540	6901	1
19369	19368	1
6942	17076	1
19569	19570	1
18643	18643	1
5545	13314	1
9551	7809	1
1656	3739	1
8339	3998	1
2730	2733	1
5241	8380	1
16590	19545	1
1096	4946	1
3344	8177	1
4279	3998	1
1523	2907	1
6058	3671	1
5545	1886	1
17733	7411	1
17868	2450	1
2106	14382	1
5119	16468	1
10351	9276	1
9276	10351	1
1938	2260	1
19508	497	1
14426	1364	1
13503	6788	1
4405	6525	1
6043	6044	1
1985	3383	1
1850	3043	1
2591	86	1
9361	7120	1
3212	7912	1
12345	10199	1
14494	1829	1
1830	1829	1
5529	1179	1
296	1829	1
10758	18621	1
1985	296	1
11059	18621	1
8656	6775	1
1519	3707	1
3996	1338	1
16426	3420	1
16801	16801	1
1523	1338	1
4650	15151	1
18040	16962	1
19571	11389	1
9069	5000	1
19572	18256	1
5210	9327	1
8972	3274	1
15473	16902	1
2519	2518	1
12134	17415	1
2518	2519	1
3640	8057	1
3190	3190	1
19147	385	1
8157	8038	1
17076	6942	1
1188	1428	1
3739	1656	1
14956	2876	1
786	10061	1
5105	5105	1
4914	19120	1
15466	84	1
2858	4670	1
13436	84	1
18643	14951	1
13925	13927	1
23	424	1
10908	10908	1
2232	3537	1
19205	17816	1
16857	1502	1
8080	1361	1
2264	4209	1
15443	5335	1
6788	13503	1
17771	9584	1
3671	6058	1
10145	2979	1
2578	385	1
3304	3401	1
11581	9409	1
7354	129	1
19313	19314	1
84	15466	1
687	19556	1
6646	5263	1
5670	5248	1
7738	18064	1
14382	2106	1
12579	515	1
6873	7253	1
18143	5019	1
8499	10374	1
357	11072	1
14426	5041	1
2420	1674	1
19573	10811	1
8038	8157	1
1661	2353	1
16426	2712	1
10564	10564	1
6573	1935	1
13350	2480	1
4954	17095	1
8498	10845	1
16619	17504	1
11581	12587	1
3105	10922	1
16902	15473	1
10845	8498	1
19574	1375	1
12180	6198	1
200	4782	1
1188	616	1
19521	19575	1
19576	15574	1
7800	9639	1
19577	14178	1
8962	8359	1
5999	5998	1
16110	6354	1
11702	12819	1
3545	3315	1
2450	17868	1
4724	5941	1
5199	16160	1
6665	6666	1
15256	10918	1
6058	6095	1
385	2578	1
9147	6899	1
6354	16110	1
7308	6183	1
15586	4842	1
4657	12196	1
6157	18179	1
18014	4034	1
7800	11074	1
375	19578	1
19205	1813	1
3166	4735	1
4724	7108	1
16426	1769	1
13474	17783	1
18828	8620	1
10461	6270	1
5972	7465	1
7465	15151	1
7465	5972	1
3315	3545	1
3364	6530	1
13737	10620	1
6058	5376	1
5799	6765	1
7253	6873	1
18815	19579	1
5723	6193	1
4287	10687	1
11157	8140	1
647	5096	1
5266	1619	1
3004	8137	1
6987	4266	1
6644	5	1
7640	5	1
2591	87	1
11102	5875	1
5248	5670	1
13503	12221	1
13829	5593	1
10066	8966	1
2295	2511	1
4842	15586	1
6899	9147	1
1120	869	1
123	15789	1
12318	9359	1
1338	3996	1
789	2829	1
13090	194	1
7331	18428	1
18653	14930	1
3545	4660	1
9754	9474	1
242	241	1
12154	5657	1
4922	10109	1
2317	4178	1
7727	11102	1
592	6458	1
19575	19521	1
10547	11651	1
3671	9277	1
9277	3671	1
7329	17325	1
2383	8377	1
8863	8862	1
5376	6058	1
10687	4287	1
1519	6722	1
15789	123	1
18974	9474	1
3262	18556	1
1985	2259	1
95	15686	1
1985	11630	1
2151	6769	1
15745	15618	1
5316	2142	1
18428	15401	1
16646	3669	1
15401	18428	1
6860	9123	1
773	4389	1
9966	15106	1
1674	2420	1
3262	356	1
6952	17946	1
15106	9966	1
6198	12180	1
773	6652	1
19580	12250	1
12221	13503	1
6959	814	1
8260	10611	1
173	2749	1
4570	684	1
9898	2727	1
349	1759	1
12664	12650	1
5343	6222	1
3910	845	1
12485	10195	1
12250	19581	1
9144	2611	1
10095	3575	1
6874	4681	1
5292	6424	1
1637	18908	1
6444	5699	1
5642	3561	1
278	8140	1
14263	4555	1
9966	7334	1
19581	12250	1
7334	9966	1
19582	6187	1
13232	2611	1
2282	2611	1
5843	5691	1
8018	2611	1
17041	9015	1
3998	8339	1
10083	9808	1
6876	6702	1
12154	2611	1
5995	18694	1
11514	9966	1
19583	19583	1
2814	15392	1
4457	842	1
8359	8962	1
814	6959	1
6245	6246	1
15081	5826	1
5826	15081	1
8071	16535	1
15724	15833	1
2578	18522	1
18219	18118	1
266	265	1
241	242	1
19137	3745	1
9314	3950	1
5318	11455	1
17733	15464	1
11641	15464	1
4863	4864	1
19584	19585	1
7086	7223	1
11943	10799	1
2630	4943	1
1584	4789	1
17452	12104	1
11581	14113	1
257	6317	1
5366	12779	1
2611	1009	1
366	3668	1
5513	4658	1
1431	366	1
13925	366	1
16755	16927	1
2749	173	1
5059	7303	1
14205	17152	1
4842	8975	1
13503	12308	1
5545	484	1
3668	366	1
4664	6783	1
17744	18925	1
8619	4409	1
3575	10095	1
1220	985	1
11781	6022	1
6183	7308	1
3710	2869	1
9966	8975	1
8975	9966	1
13503	12024	1
4216	4687	1
12024	13503	1
11641	7639	1
5717	1420	1
5199	710	1
16397	7425	1
1619	5266	1
10799	11943	1
19586	19587	1
4526	5290	1
6938	8781	1
6135	8781	1
4244	2234	1
8802	8781	1
18917	9378	1
6443	8781	1
14426	14461	1
6458	592	1
9966	8781	1
3806	9970	1
4445	4724	1
15773	10784	1
15397	8781	1
19578	375	1
8587	11967	1
15464	11641	1
17947	18039	1
11650	9204	1
7411	17733	1
11455	5318	1
19446	7561	1
7639	11641	1
12682	14837	1
7723	6417	1
11642	2113	1
6562	12175	1
6141	4950	1
14837	12682	1
5181	4047	1
437	861	1
18522	2578	1
9345	14794	1
15720	13455	1
3274	8972	1
7800	12336	1
19034	19034	1
1038	95	1
5026	5027	1
11967	8587	1
12421	2234	1
8782	7056	1
19588	1156	1
6775	8656	1
5963	2956	1
9336	7293	1
8903	11387	1
17324	17326	1
14430	2578	1
7626	3800	1
19589	19589	1
9962	3855	1
10918	15256	1
19019	10984	1
7800	5882	1
14807	7276	1
4144	5705	1
6264	6142	1
16168	7276	1
2611	8018	1
8644	7232	1
18118	18219	1
3688	10984	1
10922	3105	1
2347	500	1
7308	11883	1
8333	8676	1
13692	11069	1
11044	18982	1
1179	5529	1
3950	9314	1
9754	12913	1
6317	257	1
15464	17733	1
7276	14807	1
13503	8172	1
8377	2383	1
9777	15539	1
7442	13948	1
10611	8260	1
3800	7626	1
1338	395	1
17310	6505	1
7369	7452	1
2544	1508	1
8492	4605	1
8676	8333	1
2249	2979	1
223	545	1
3702	545	1
1075	7709	1
10464	9138	1
15574	19576	1
5683	3213	1
2984	2691	1
4409	8619	1
6783	4664	1
19466	19016	1
14872	9897	1
4950	3160	1
19590	14806	1
8975	8781	1
2611	13232	1
8137	3004	1
11779	13580	1
18148	18408	1
17321	5357	1
2383	4355	1
4355	2383	1
14467	13020	1
11598	17098	1
3822	16298	1
842	4457	1
5693	11734	1
3315	7108	1
19331	9898	1
6513	4613	1
14725	16298	1
19591	11734	1
11287	18801	1
6562	12932	1
6937	5406	1
7162	11734	1
4613	6513	1
19592	19592	1
18981	5037	1
1584	3190	1
876	3190	1
18087	19593	1
8320	7425	1
3981	3981	1
19266	13580	1
4567	1479	1
15338	3946	1
7108	3315	1
18801	11287	1
1987	13851	1
19594	19594	1
2873	4930	1
194	13090	1
8976	8763	1
492	14248	1
2408	12314	1
12400	4939	1
8763	8976	1
13454	13454	1
11836	8619	1
3315	13851	1
6152	5169	1
12592	1171	1
12336	7800	1
3930	2571	1
417	1806	1
4475	8444	1
7188	4038	1
17041	2311	1
14145	15488	1
11074	7800	1
545	223	1
18692	7213	1
19595	6113	1
6158	15579	1
18721	7735	1
11372	15579	1
15579	6158	1
2611	12154	1
19596	19019	1
16404	16404	1
7276	14869	1
14807	14869	1
19597	6163	1
10984	19019	1
19598	6163	1
10982	8292	1
6163	19598	1
11755	6144	1
6163	19597	1
14869	7276	1
15706	6883	1
8051	4418	1
261	11702	1
16077	13660	1
18721	18721	1
19205	1155	1
4418	8051	1
3190	1584	1
14144	13270	1
19599	19599	1
7398	1608	1
13270	14144	1
4950	6141	1
5047	5893	1
15862	9389	1
9388	9388	1
4409	3950	1
8172	13503	1
13851	3315	1
3950	4409	1
3349	7174	1
1156	19588	1
89	19600	1
3125	3105	1
5199	623	1
15579	11372	1
3623	2572	1
2291	623	1
19565	2157	1
5773	4021	1
3105	3125	1
2169	564	1
3427	3105	1
18982	11044	1
1508	2544	1
6234	5560	1
4252	4021	1
2249	755	1
6107	4021	1
7452	13960	1
6649	6624	1
8359	6112	1
13960	7452	1
7615	6468	1
5598	6648	1
13851	1987	1
2646	2496	1
6648	5598	1
