8619	7318	1
16560	18747	1
116	87	1
13884	14715	1
9687	13176	1
6213	1599	1
7273	2991	1
7309	9790	1
19533	8472	1
8251	2658	1
10345	6552	1
241	242	1
8732	10296	1
1269	6904	1
2994	696	1
1872	4577	1
15137	8490	1
2903	4956	1
6354	17437	1
677	4557	1
15421	16844	1
5995	18694	1
15464	17733	1
12425	9562	1
5156	3581	1
14140	2555	1
7033	5210	1
14779	11943	1
5320	9480	1
6093	9480	1
16229	7026	1
7622	9276	1
11605	7142	1
953	7267	1
7308	11043	1
4904	8933	1
18714	17415	1
18936	19534	1
19535	8768	1
17334	12777	1
16241	5382	1
1071	3574	1
5775	8681	1
10066	19232	1
7308	3009	1
240	18113	1
2673	3161	1
7142	11605	1
6055	8609	1
7308	10716	1
19536	9645	1
11702	12819	1
11552	16166	1
5353	8609	1
8609	6055	1
577	11307	1
7809	9551	1
11059	18621	1
5217	4409	1
9480	6093	1
13020	4100	1
9480	5320	1
18635	11991	1
624	3263	1
1855	2870	1
5600	7861	1
8199	250	1
7316	5757	1
19537	18592	1
5376	6377	1
2870	1855	1
5694	12457	1
19538	18367	1
16212	16390	1
7329	1422	1
10537	5888	1
19539	19540	1
1422	7329	1
12400	12400	1
6860	12400	1
5176	5977	1
14657	411	1
6513	1987	1
5862	8290	1
13851	1987	1
15664	6883	1
4735	3166	1
5922	5	1
18366	18367	1
14026	17671	1
14950	11991	1
23	424	1
2916	4670	1
2858	4670	1
4572	5991	1
19537	18784	1
5893	5047	1
116	15406	1
12935	18367	1
4294	4295	1
11817	18901	1
10385	19184	1
200	870	1
19541	19541	1
15578	6945	1
15464	11641	1
19416	19434	1
15582	18275	1
12372	10798	1
12899	13392	1
19542	19542	1
4409	5217	1
6552	10345	1
8619	5217	1
3767	5217	1
11943	14779	1
1742	2083	1
11797	17061	1
16322	1388	1
4295	4294	1
1974	1558	1
11109	11108	1
4100	13020	1
2181	2588	1
242	241	1
9533	2425	1
19543	6883	1
13621	1938	1
16139	1938	1
2260	1938	1
17283	974	1
10296	8732	1
12580	9250	1
10641	12650	1
4652	3176	1
5217	3767	1
1939	1938	1
2237	2517	1
6193	8820	1
17671	14026	1
8372	13861	1
12389	18206	1
10067	1938	1
9165	1938	1
12721	1938	1
7267	953	1
5688	7654	1
18621	11059	1
11669	1938	1
5463	6113	1
19544	17031	1
1295	4670	1
19257	6419	1
19545	16590	1
801	12584	1
3999	1656	1
6611	13869	1
5603	5485	1
11086	8463	1
1011	19546	1
2331	6419	1
11564	6419	1
6457	4721	1
9200	6419	1
3305	6893	1
7367	6564	1
17659	17744	1
4293	5581	1
3111	9237	1
1884	9824	1
15548	257	1
18643	18643	1
7316	4569	1
19428	19428	1
10457	11416	1
3138	5581	1
8609	6241	1
387	2571	1
644	18	1
3545	7108	1
2932	862	1
19295	7829	1
3315	7108	1
88	986	1
5581	3138	1
10347	9009	1
8609	5353	1
4250	2912	1
8069	5653	1
17851	14492	1
18621	10758	1
7029	986	1
1005	4028	1
9009	10347	1
10347	8049	1
6419	2331	1
7108	3545	1
2085	7481	1
18113	240	1
16147	17282	1
4850	1885	1
19142	6424	1
15004	1935	1
19547	9404	1
250	8199	1
18901	11817	1
10737	12650	1
16009	6424	1
19526	17201	1
11572	15008	1
12664	12650	1
577	605	1
3456	9347	1
4061	6551	1
5653	8069	1
18321	5497	1
9669	4163	1
12172	10609	1
8975	10319	1
19548	2645	1
9551	7809	1
10405	15504	1
1155	8020	1
1397	243	1
19356	19356	1
10405	15062	1
10641	13691	1
7525	17581	1
888	8838	1
2997	5920	1
6564	7367	1
8049	10347	1
16387	12308	1
1839	1987	1
15504	10405	1
15062	10405	1
19549	19550	1
17792	6062	1
2749	173	1
4020	10478	1
1897	7223	1
2912	4250	1
509	13580	1
6261	2004	1
4572	6183	1
4400	6031	1
8611	5096	1
17221	2642	1
19152	6112	1
10835	5155	1
876	6112	1
6319	3950	1
14715	13407	1
6294	7367	1
3161	2673	1
3950	6319	1
5642	5485	1
12666	9626	1
5932	10560	1
3808	8273	1
13407	14715	1
5390	1032	1
7909	12650	1
5775	6883	1
6616	6883	1
1974	5624	1
6944	17252	1
524	816	1
19551	3295	1
745	5419	1
16397	7425	1
1494	1495	1
11779	3361	1
16166	11552	1
5056	5056	1
1005	6458	1
4107	6193	1
17201	19526	1
6904	1269	1
13561	4239	1
4842	8975	1
6457	6122	1
3014	1269	1
6193	4107	1
10319	8975	1
4506	6322	1
7654	5688	1
8382	5195	1
10385	9433	1
2691	2984	1
14715	18989	1
812	16240	1
6564	9433	1
18730	1064	1
10200	2902	1
10322	16757	1
6893	3305	1
6806	285	1
7074	11044	1
5670	4207	1
10136	8018	1
19552	4254	1
19446	7561	1
7309	6119	1
1202	1202	1
6119	7309	1
11407	17783	1
6316	4084	1
6236	9330	1
19553	5642	1
1523	2907	1
16581	6730	1
5603	7014	1
4346	4345	1
4084	6316	1
5634	7885	1
7179	9378	1
12457	6552	1
14825	7267	1
2907	1523	1
19554	18647	1
6457	5798	1
16131	13433	1
4346	1793	1
11517	3004	1
1793	4346	1
8975	4842	1
888	3507	1
6056	5430	1
12899	6127	1
4983	4763	1
5581	858	1
17076	6942	1
3138	858	1
3849	6361	1
5581	18852	1
10503	16341	1
15148	4555	1
1161	18934	1
1660	13938	1
7861	5600	1
3138	18852	1
1523	1338	1
395	1338	1
5660	1338	1
2894	1338	1
4763	4983	1
18852	5581	1
11642	2113	1
17646	1987	1
4557	677	1
12948	2275	1
10374	6677	1
10758	18621	1
13751	4555	1
2991	2992	1
1974	408	1
3849	3854	1
3507	888	1
5775	888	1
17873	19555	1
5775	887	1
18989	14715	1
6942	17076	1
13776	6577	1
1059	260	1
3768	7764	1
257	15548	1
15724	5983	1
14413	11773	1
4602	4346	1
800	5076	1
3176	4652	1
11650	13220	1
17354	2909	1
5603	3561	1
5419	745	1
2678	4032	1
3854	3849	1
986	7029	1
5210	9327	1
4032	2678	1
6868	12509	1
8204	3304	1
271	272	1
6730	16581	1
1005	592	1
5382	16241	1
18852	3138	1
5047	5893	1
4572	4757	1
5553	11202	1
13744	6270	1
10620	13737	1
1847	6123	1
6419	9200	1
18908	18908	1
13737	10620	1
2611	12154	1
2958	6908	1
3547	1996	1
9966	1996	1
372	3993	1
5636	10620	1
1996	9966	1
2817	1996	1
16236	6123	1
8049	8365	1
10547	6123	1
9300	6123	1
6894	6123	1
8365	8049	1
1884	8666	1
6457	5719	1
8717	6309	1
6630	5439	1
2327	4963	1
6443	2364	1
10605	11094	1
19485	19485	1
9600	10449	1
11905	19518	1
2364	6443	1
12902	19518	1
6869	7309	1
8891	10449	1
4572	3016	1
11650	7932	1
17289	17024	1
4204	15865	1
11650	3462	1
19034	15984	1
14140	7932	1
11683	8499	1
11072	357	1
12421	2234	1
15547	496	1
8463	11086	1
4032	6680	1
16240	812	1
1495	1494	1
8251	4681	1
4751	9058	1
12509	6868	1
7495	7622	1
12565	2480	1
4983	4561	1
4178	2317	1
1586	14139	1
647	5096	1
8330	3817	1
4921	1884	1
6123	9300	1
2519	2518	1
4346	4602	1
1096	4946	1
12134	17415	1
3826	3066	1
7561	19446	1
15071	6417	1
11650	2478	1
4863	4864	1
10368	11944	1
5133	4857	1
6457	13807	1
14961	14961	1
5840	3561	1
4790	5938	1
1269	5938	1
1987	1988	1
6127	12899	1
11094	10605	1
8609	3965	1
19556	687	1
3545	4660	1
496	15547	1
19518	12902	1
15077	15272	1
4830	5861	1
4921	2654	1
972	46	1
5603	11419	1
4660	3545	1
19557	19557	1
10405	478	1
3965	8609	1
1850	3043	1
11967	8587	1
2807	16714	1
3304	5970	1
6552	12457	1
16355	4751	1
19558	11135	1
19553	3558	1
2234	12421	1
497	19508	1
7622	7495	1
14531	13581	1
4809	3169	1
5358	9612	1
3043	1850	1
2540	14173	1
6677	10374	1
612	1538	1
663	13018	1
12494	6282	1
4444	6637	1
5822	2532	1
5282	5217	1
7267	14825	1
6259	5217	1
4950	8967	1
9276	7622	1
7088	8280	1
10109	4922	1
19559	14559	1
3650	2288	1
2408	12314	1
3800	7626	1
13948	7442	1
19238	4001	1
7211	5524	1
478	10405	1
3456	3351	1
10566	11641	1
10274	2493	1
4034	3512	1
8071	16535	1
5556	8547	1
16855	12175	1
6282	12494	1
2876	14956	1
19560	8057	1
11773	14413	1
19561	19562	1
1497	3706	1
4287	7006	1
8641	19333	1
7006	4287	1
5670	15988	1
1662	19333	1
2264	4209	1
7639	11641	1
7053	10502	1
5441	4589	1
888	887	1
8331	4287	1
7318	8619	1
5019	18143	1
8659	6996	1
887	888	1
18506	18143	1
5717	1420	1
10687	4287	1
16189	8320	1
1229	6270	1
10161	11387	1
3041	6513	1
2997	3561	1
10706	8676	1
6730	7345	1
4287	8331	1
6513	3041	1
7764	3768	1
2869	11160	1
260	1059	1
8177	3344	1
8285	13807	1
4346	3722	1
10631	328	1
1231	9409	1
15106	9966	1
9058	4751	1
8641	8641	1
17363	4144	1
3722	4346	1
19333	1662	1
4589	6513	1
4418	8051	1
7056	8782	1
1469	3723	1
6530	2902	1
5217	6259	1
7120	9361	1
8499	10374	1
4954	17095	1
3723	1469	1
9436	13474	1
13474	9436	1
6183	8035	1
2608	6533	1
2204	13263	1
12400	6860	1
261	11702	1
11202	5553	1
313	314	1
8802	9966	1
5861	4830	1
8292	13183	1
5893	7543	1
17464	6859	1
14400	8499	1
