221	222	1
9433	10385	1
4346	3722	1
7318	8619	1
10032	10032	1
4163	1009	1
9207	15459	1
5411	2283	1
19184	10385	1
4438	9001	1
1077	12899	1
3722	4346	1
8903	19511	1
8619	7318	1
4571	8698	1
19329	16947	1
3167	9768	1
19512	15100	1
1938	11669	1
13851	1987	1
5726	2284	1
14140	2177	1
5368	2979	1
260	1059	1
10220	10152	1
18690	2228	1
1323	17951	1
7000	9138	1
8690	7731	1
271	328	1
8043	5874	1
2114	822	1
12500	4605	1
13787	6346	1
1935	6573	1
9270	1372	1
1958	529	1
1388	16322	1
7602	5699	1
1959	710	1
7891	9897	1
5699	7602	1
19513	10814	1
12865	3673	1
328	271	1
16163	14413	1
6166	7127	1
12937	12124	1
5357	17321	1
2192	3010	1
16229	7026	1
6216	2902	1
17289	7238	1
9669	11502	1
15385	11834	1
15435	17321	1
2611	2282	1
328	272	1
3817	18822	1
8496	3673	1
229	845	1
760	2962	1
5459	4883	1
1323	5116	1
7238	17289	1
19514	9136	1
437	16432	1
11766	11766	1
14712	12650	1
11960	18211	1
7181	7182	1
2714	3812	1
7308	6700	1
13933	5089	1
6123	1847	1
8899	3753	1
497	5470	1
19515	12345	1
19516	9740	1
9949	5520	1
13455	15720	1
1897	12340	1
8141	12771	1
2994	696	1
6073	10296	1
12771	8141	1
2517	2237	1
3950	4409	1
10080	17030	1
18239	447	1
4034	5240	1
15985	10330	1
13023	5862	1
800	5076	1
12787	18263	1
18612	10350	1
6346	13787	1
9584	283	1
8460	4282	1
5840	5745	1
19485	19485	1
4912	4912	1
7308	7375	1
2096	10759	1
7796	3450	1
12345	19515	1
14859	10188	1
10296	6073	1
5176	5977	1
7796	2284	1
2555	4260	1
6637	6987	1
1338	5660	1
9715	9495	1
8192	9314	1
3572	10466	1
4485	5939	1
13211	13212	1
2873	8688	1
2205	13212	1
5736	3078	1
8688	7543	1
11497	14814	1
14814	6424	1
2591	11517	1
18565	18565	1
573	526	1
18993	11868	1
9704	19312	1
7308	613	1
11220	15927	1
3616	9645	1
5862	13023	1
16517	4522	1
11377	14803	1
540	8167	1
5641	3100	1
6357	5510	1
4751	16355	1
11610	5960	1
19517	3480	1
19069	6490	1
12496	9391	1
5470	497	1
2962	760	1
1935	3426	1
116	1571	1
9550	18594	1
21	1512	1
12209	2331	1
16631	1622	1
5717	11382	1
19518	12902	1
10937	4715	1
9433	6564	1
7026	16229	1
5195	8382	1
11690	8382	1
3950	6171	1
19518	11905	1
14494	1829	1
1830	1829	1
10332	2737	1
296	1829	1
1519	12361	1
14855	12936	1
5688	8213	1
7862	7731	1
8899	4741	1
9433	5392	1
9391	9901	1
19312	9704	1
19438	5321	1
7796	16009	1
7796	9669	1
6123	16236	1
5736	7143	1
11502	9669	1
13851	3315	1
4946	1096	1
2019	935	1
19519	19520	1
800	1339	1
2518	2519	1
4400	6031	1
8192	4084	1
7796	5717	1
8460	10569	1
18428	19401	1
4868	1558	1
1996	2457	1
3547	2457	1
4399	6031	1
2519	2518	1
2317	4178	1
6123	10547	1
6123	9300	1
8899	5357	1
5736	9300	1
529	1958	1
8899	6649	1
10571	1407	1
10968	6845	1
6475	3153	1
7308	6183	1
5210	7033	1
8167	540	1
7308	3153	1
12937	12937	1
11220	14816	1
8656	6775	1
11552	16166	1
10461	9992	1
11511	19422	1
9644	9992	1
5378	1921	1
935	2019	1
3170	11161	1
12941	7965	1
1959	5352	1
12333	5064	1
10319	8975	1
16355	4751	1
11407	6394	1
1742	14940	1
7308	7331	1
8460	13599	1
3485	3528	1
800	4171	1
9550	4580	1
7232	8644	1
9740	19516	1
10038	442	1
7033	5210	1
1623	792	1
18852	18852	1
17031	16074	1
5581	18852	1
4602	4346	1
4254	1214	1
1556	2420	1
17321	5357	1
2991	7273	1
6306	14978	1
6646	5263	1
15471	13573	1
12748	2902	1
6722	3707	1
972	1958	1
5047	9356	1
11161	3170	1
9210	4321	1
7308	2484	1
2411	19300	1
3098	15314	1
5321	19438	1
14140	16657	1
8462	15790	1
5977	5176	1
580	6436	1
6123	6894	1
5840	4735	1
5726	1294	1
8460	16003	1
16174	4857	1
3464	3353	1
9240	9388	1
9992	9644	1
116	158	1
4522	16517	1
18643	18643	1
8462	13663	1
7308	16082	1
5736	14461	1
7779	7779	1
19521	19522	1
5089	4294	1
16947	19329	1
7796	7766	1
13819	9584	1
7821	6703	1
7308	6070	1
2169	564	1
2260	6619	1
2132	8782	1
3166	4735	1
17783	9436	1
7308	4905	1
447	18239	1
7308	2543	1
7796	4905	1
7796	9368	1
2903	1203	1
17783	9368	1
7796	6221	1
13737	10620	1
4422	613	1
8899	14876	1
11390	3058	1
3657	6274	1
7946	6071	1
6573	16210	1
1380	4589	1
12664	12650	1
3426	1935	1
19523	16522	1
6529	19524	1
19525	11941	1
6806	285	1
15137	2647	1
12802	13830	1
2308	4778	1
11941	19525	1
7308	2555	1
8899	7033	1
972	2229	1
18852	5581	1
7796	8207	1
13284	15401	1
13663	8462	1
8460	8241	1
7273	2991	1
5840	3558	1
12810	12811	1
7487	5897	1
4506	6322	1
19526	19526	1
3315	13851	1
9436	17783	1
1508	5233	1
9368	17783	1
9356	5047	1
19527	6202	1
2611	8018	1
4468	5895	1
11058	9687	1
13020	4100	1
61	6501	1
8460	15552	1
15471	8886	1
4597	3826	1
8490	15137	1
13176	9687	1
8460	7512	1
18565	7204	1
11941	7204	1
15137	8490	1
8251	18215	1
5736	10743	1
13493	2578	1
2540	4147	1
13920	4147	1
19401	18428	1
2911	7481	1
5280	5520	1
9992	10461	1
3426	6144	1
15464	11641	1
5520	5280	1
15800	5825	1
16166	11552	1
8899	7521	1
3176	4652	1
15845	14461	1
5825	15800	1
12397	12773	1
6775	8656	1
11151	8092	1
11641	15464	1
5995	18694	1
7086	1897	1
800	3514	1
8459	2779	1
2012	16601	1
10080	14277	1
2086	11641	1
4816	5531	1
18747	16560	1
8219	5531	1
1556	2650	1
7082	6613	1
7796	6246	1
5897	7487	1
13231	11641	1
6236	9330	1
19528	18881	1
7796	9105	1
869	1119	1
16962	18040	1
19529	12496	1
17953	6193	1
285	6806	1
4613	323	1
5263	6646	1
7308	3017	1
13580	19266	1
13677	5226	1
5683	3213	1
3493	5795	1
15706	6883	1
17437	6354	1
1987	6513	1
9271	12496	1
1556	7804	1
1071	1353	1
12802	6568	1
19333	8641	1
7835	7804	1
14174	518	1
9131	7804	1
18242	8020	1
7804	9131	1
121	1826	1
8975	4842	1
8086	1641	1
19043	8989	1
8899	6721	1
4735	3166	1
6483	6484	1
5923	1700	1
4174	15976	1
12941	11043	1
1556	7082	1
12485	7082	1
4842	8975	1
6322	4506	1
12457	5694	1
1353	1071	1
8143	6389	1
3547	1410	1
16541	5598	1
8462	11602	1
18016	15678	1
6648	5598	1
6771	11883	1
8462	4414	1
11883	6771	1
800	2479	1
8802	8975	1
8975	8802	1
14140	9389	1
12802	5368	1
8880	6113	1
11040	16376	1
12732	3405	1
1410	3547	1
1584	4789	1
15466	18042	1
16858	10243	1
18987	5470	1
16745	4779	1
8460	10243	1
8460	8031	1
15471	5987	1
17827	13776	1
18347	8031	1
6271	7741	1
7796	11043	1
15678	18016	1
8460	7215	1
9626	12666	1
8092	11151	1
6144	3426	1
1077	3212	1
9433	9639	1
10182	6113	1
16017	13350	1
7796	5307	1
2085	7481	1
5581	4293	1
4294	5089	1
19530	19530	1
17014	10410	1
5226	13677	1
19016	19466	1
14140	16516	1
6079	7109	1
7796	1556	1
16741	16741	1
10737	8670	1
8776	18418	1
12773	12397	1
8670	10737	1
3304	3401	1
6271	5800	1
5736	4241	1
5598	16541	1
625	3005	1
1556	7796	1
6771	7543	1
1959	1556	1
7308	1556	1
9687	11058	1
5155	10835	1
14140	1556	1
19531	8932	1
13884	15586	1
11059	18621	1
4258	95	1
18621	11059	1
6241	8609	1
1959	4062	1
7308	4062	1
4346	4602	1
19399	7084	1
1269	5938	1
7267	953	1
12172	10609	1
5524	7211	1
19476	18153	1
10609	12172	1
2544	1508	1
17783	11407	1
7796	7205	1
14940	1742	1
3405	12732	1
6637	4444	1
17089	2434	1
14956	2876	1
7418	10861	1
18901	11817	1
13212	2205	1
2480	6599	1
5556	5556	1
1539	3671	1
10881	10881	1
18755	6066	1
1269	3014	1
976	1499	1
19333	1662	1
11438	11438	1
19413	15144	1
6599	2480	1
745	5419	1
7308	4781	1
15471	12834	1
8735	4444	1
4163	9669	1
7796	8018	1
6127	12899	1
1284	18143	1
19262	13399	1
1499	976	1
13392	12899	1
6122	6017	1
13212	13211	1
8600	4137	1
18161	12600	1
10651	9281	1
4056	9020	1
3440	3558	1
1005	16291	1
15144	19413	1
6017	6122	1
5419	745	1
3625	6355	1
2204	13263	1
3214	10693	1
7082	6702	1
1508	2544	1
1770	1954	1
3005	625	1
4816	14066	1
3353	7645	1
9584	13819	1
696	2994	1
4100	13020	1
9754	9474	1
6783	19532	1
13263	2204	1
707	5459	1
19397	17226	1
2873	1499	1
9330	6236	1
2616	17226	1
14066	4816	1
