4910	2308	1
8037	6552	1
8412	7852	1
13744	12348	1
6628	9320	1
7273	18918	1
14983	11909	1
10572	15314	1
167	3839	1
7639	7318	1
17014	10410	1
15491	16638	1
8150	8611	1
16638	15491	1
19638	19638	1
10507	6625	1
5055	1824	1
15464	11641	1
2430	18480	1
8611	8150	1
1974	408	1
18016	12180	1
3041	6513	1
11390	13215	1
14825	15226	1
9966	8802	1
12180	18016	1
8587	9249	1
8512	13095	1
6860	5184	1
5085	5870	1
10464	9138	1
1664	13671	1
17946	6952	1
12483	15925	1
13026	2768	1
7639	5043	1
8988	17289	1
3723	3949	1
8802	9966	1
7639	7302	1
9644	11909	1
261	11702	1
271	272	1
17738	13455	1
7375	9389	1
5280	9389	1
10304	13455	1
14042	4362	1
3054	5038	1
14849	849	1
19639	6843	1
16892	16037	1
11180	4633	1
16031	13455	1
5423	14303	1
1339	5671	1
7989	4505	1
4552	5799	1
11382	5506	1
1939	518	1
12803	5958	1
1283	5799	1
12669	16535	1
13474	12886	1
19640	11625	1
12540	6901	1
2611	1009	1
7625	7215	1
1674	1009	1
3020	6650	1
10739	3206	1
14746	4260	1
7974	1718	1
6650	3020	1
6769	2151	1
12840	4408	1
17326	17324	1
12227	15628	1
7675	13289	1
8063	19626	1
662	19623	1
3042	2964	1
9138	6788	1
16037	16892	1
13026	13176	1
8737	7359	1
13567	1597	1
7592	2377	1
6713	159	1
13289	7675	1
19148	16450	1
14886	2914	1
19598	6163	1
12345	272	1
645	1108	1
15586	4842	1
8022	2259	1
5598	6648	1
692	4019	1
1283	4491	1
17539	9436	1
10842	10620	1
16194	15520	1
4163	6531	1
5005	1483	1
6531	4163	1
14001	17891	1
13737	10620	1
7361	10620	1
17324	17326	1
19641	14471	1
3738	4327	1
2964	3042	1
10620	7361	1
19642	7968	1
15516	13925	1
4842	15586	1
5584	5092	1
12758	5824	1
8333	8676	1
6713	6334	1
6562	6334	1
14303	5423	1
18256	19572	1
3190	8676	1
4657	12196	1
1108	645	1
5207	14404	1
1505	1326	1
16110	6354	1
6650	7543	1
235	235	1
6628	7543	1
4246	15561	1
5843	5062	1
9392	13925	1
13453	1184	1
14886	9391	1
5047	11124	1
6490	4320	1
4408	12840	1
18087	19593	1
8301	3361	1
12472	13989	1
3017	6213	1
17861	9470	1
5283	3954	1
19643	12626	1
14886	8222	1
3083	5297	1
13875	1879	1
6730	7345	1
19607	16994	1
12946	4333	1
4577	3697	1
905	4576	1
8609	3965	1
3965	8609	1
1508	2756	1
11630	4260	1
453	4886	1
625	5062	1
1539	134	1
134	1539	1
19644	8929	1
10609	12172	1
8929	19644	1
8301	5392	1
313	314	1
14426	14522	1
4139	8589	1
4287	10687	1
8453	9388	1
7375	9388	1
69	468	1
13586	4217	1
18186	11205	1
12348	8680	1
18207	17014	1
3166	4735	1
14504	14688	1
242	241	1
6681	16031	1
4445	3546	1
15561	4246	1
4724	3546	1
4812	3546	1
15976	4174	1
314	313	1
13660	16077	1
9031	3546	1
4084	3546	1
8722	61	1
5391	3546	1
4556	3546	1
14404	5207	1
2403	3546	1
16787	3546	1
19209	16000	1
8560	3520	1
14494	1829	1
11610	9076	1
1830	1829	1
10842	7442	1
4064	2620	1
7822	15624	1
7613	1829	1
1504	6577	1
2446	2446	1
13196	610	1
5281	8404	1
7623	18408	1
972	2223	1
6845	6485	1
3982	1891	1
13433	2548	1
12811	12810	1
12397	7442	1
12507	12320	1
5671	1339	1
7892	19645	1
1220	985	1
19572	18256	1
6648	5598	1
3228	3229	1
14886	2913	1
8779	7143	1
17235	16888	1
269	12790	1
241	242	1
9945	10051	1
3005	12375	1
16186	16186	1
9204	14814	1
8972	3274	1
12173	2017	1
10051	9945	1
6713	15988	1
14600	14601	1
18643	18643	1
14504	15988	1
6562	15988	1
19646	19647	1
8022	2260	1
9204	11650	1
10713	7831	1
8569	4023	1
7375	12624	1
1760	1761	1
10968	6845	1
14006	12238	1
2801	6845	1
684	1190	1
16353	12819	1
16441	11713	1
4019	692	1
6952	17946	1
15148	15745	1
6334	6562	1
3302	515	1
9204	697	1
371	515	1
7260	515	1
6713	6562	1
625	5843	1
912	515	1
6922	5861	1
13881	13881	1
18016	18016	1
8579	17703	1
4002	7451	1
2877	2877	1
11414	6883	1
8453	4034	1
14886	3315	1
14073	14901	1
2939	3112	1
7592	7595	1
4037	6883	1
17861	18524	1
18632	4460	1
15466	84	1
14876	7416	1
6994	9639	1
9214	9639	1
5391	9639	1
4047	6052	1
2403	9639	1
19397	11043	1
2548	13433	1
2677	6052	1
7656	3862	1
8301	9639	1
18223	11814	1
1532	6424	1
15599	10620	1
530	4614	1
4735	3166	1
3087	4913	1
4346	3722	1
902	706	1
1374	1375	1
18038	7675	1
14284	6811	1
19648	19648	1
6163	19598	1
3004	8137	1
1584	4789	1
7451	4002	1
5243	6689	1
8481	13938	1
5812	1756	1
1756	5812	1
16584	16584	1
9764	9325	1
3006	2931	1
16840	2979	1
13677	12952	1
12952	13677	1
12227	9479	1
6213	3017	1
15687	13938	1
5522	4909	1
19645	7892	1
4589	1380	1
854	2710	1
17885	18600	1
5843	625	1
6781	7074	1
1541	593	1
3521	8919	1
5360	1958	1
11044	7074	1
14814	9204	1
9593	1451	1
11650	9204	1
12340	1897	1
8506	18003	1
1897	8137	1
468	69	1
6577	1504	1
1618	8173	1
490	11702	1
8137	1897	1
11702	490	1
9270	6200	1
7851	8213	1
16557	16037	1
11134	18710	1
6058	5812	1
8453	13911	1
16608	17917	1
12819	16353	1
2907	1523	1
9452	7083	1
15865	15717	1
3568	2914	1
13829	5593	1
9754	9474	1
15717	15865	1
4886	453	1
2858	4670	1
2573	2571	1
8919	3521	1
3862	7656	1
14714	9359	1
19330	19330	1
19649	3669	1
19597	9270	1
6552	8037	1
14886	15013	1
19570	19569	1
7844	16044	1
14042	7453	1
12172	10609	1
12227	2588	1
1674	3017	1
7375	2588	1
15581	13977	1
18086	10609	1
2883	3567	1
5628	6854	1
4599	1534	1
3397	1837	1
3994	328	1
12216	19569	1
19650	17019	1
19649	8029	1
12565	19176	1
11459	16523	1
113	131	1
6609	1273	1
2596	16523	1
7074	6781	1
2669	6686	1
2496	16523	1
17476	19651	1
18430	18431	1
1469	3723	1
518	1939	1
6141	5988	1
5121	3946	1
3017	1674	1
2865	1099	1
14414	1361	1
3723	1469	1
1534	4599	1
1733	3537	1
18643	4295	1
17946	17946	1
3567	2883	1
11713	16441	1
10736	2248	1
17289	17321	1
453	515	1
18623	18623	1
17321	17289	1
12297	3901	1
10842	5722	1
16956	6344	1
15039	9924	1
12472	4295	1
3022	2248	1
15038	17861	1
801	15878	1
13289	12773	1
1361	14414	1
1171	12592	1
379	861	1
9281	5648	1
5402	10742	1
8774	12336	1
10842	11820	1
11043	19397	1
5489	4071	1
15005	4013	1
1541	4399	1
19652	11469	1
6713	5354	1
18582	5150	1
4741	9546	1
12439	10509	1
14699	14264	1
12664	12650	1
8420	8421	1
4894	844	1
16994	19607	1
3467	14302	1
490	10788	1
1837	3397	1
9369	4107	1
4193	4937	1
9546	4741	1
425	2611	1
9966	15106	1
9410	2979	1
15260	2480	1
4397	14011	1
19653	19654	1
3522	3581	1
16523	11459	1
2480	15260	1
15745	5520	1
14011	4397	1
7974	5039	1
5203	6312	1
11511	19422	1
12532	4400	1
1326	1505	1
19654	19653	1
19655	8157	1
2308	5756	1
119	118	1
14886	14197	1
15663	10865	1
1523	2907	1
13933	5089	1
12227	15179	1
8848	1840	1
4400	12532	1
9270	1372	1
2869	11160	1
3472	2611	1
14504	16389	1
1372	9270	1
1597	13567	1
10788	490	1
8157	19655	1
2869	3710	1
19474	11453	1
447	11500	1
3930	387	1
2927	2927	1
12227	16150	1
10842	10188	1
8301	8082	1
13687	12650	1
3271	10072	1
844	4894	1
1541	5272	1
891	17261	1
9076	11610	1
18834	19656	1
2600	9945	1
5579	2979	1
17261	891	1
1850	3043	1
19657	18055	1
2896	2895	1
8774	18822	1
12227	11758	1
5376	6377	1
2308	4910	1
6113	11256	1
10842	7443	1
6867	5793	1
2611	425	1
1541	1280	1
5812	6058	1
15599	9992	1
12546	5402	1
2193	3139	1
10620	15599	1
1850	15818	1
12145	15818	1
9992	15599	1
2611	976	1
976	2611	1
9270	19597	1
3762	16535	1
387	3930	1
5215	7989	1
16468	4873	1
12259	7989	1
18206	18206	1
3043	1850	1
11201	6066	1
19636	7989	1
4505	7989	1
5269	4521	1
7974	4862	1
1246	4060	1
4147	2540	1
9966	8975	1
706	902	1
14597	9141	1
8453	4033	1
2354	2546	1
19658	19658	1
1872	2546	1
19468	9069	1
2557	1071	1
18431	18430	1
7989	12259	1
19626	8063	1
19031	18953	1
15334	8547	1
17488	17783	1
6860	4939	1
3139	2193	1
17484	19659	1
10984	19019	1
1514	2083	1
7756	12185	1
18055	19657	1
17543	9388	1
9069	19468	1
16715	18398	1
11677	11678	1
7375	11043	1
9204	2478	1
1958	5360	1
7361	13737	1
10842	5488	1
10620	13737	1
4159	3852	1
11256	6113	1
7974	11751	1
19660	19661	1
19662	19239	1
2623	3384	1
6052	2677	1
12861	5613	1
3207	6024	1
10842	10118	1
2939	3471	1
6024	3207	1
10123	9456	1
18094	18094	1
19521	19521	1
3426	4610	1
9581	9067	1
4400	4399	1
12532	4399	1
1050	428	1
9067	9581	1
12532	5779	1
4454	6919	1
4400	5779	1
9207	15459	1
8177	6039	1
8453	1650	1
9593	1690	1
18003	8506	1
7179	9378	1
9777	15539	1
17289	8988	1
2465	2441	1
7739	13311	1
2756	1508	1
3801	2234	1
13559	13560	1
9223	6284	1
4602	4346	1
8903	11387	1
7851	875	1
3559	6903	1
8301	5009	1
8301	5391	1
13311	15314	1
18736	18736	1
4084	6316	1
15083	18207	1
1108	4295	1
265	266	1
2234	3801	1
12779	5366	1
19663	13255	1
5752	15840	1
1108	3645	1
11641	15464	1
3996	2135	1
5504	15391	1
16414	16055	1
1305	3527	1
8301	7360	1
17321	15435	1
13977	15581	1
13589	9436	1
5041	5351	1
14504	1563	1
9325	9764	1
10509	12439	1
6316	4084	1
15698	9015	1
5520	15745	1
13744	18383	1
8584	12600	1
2163	9669	1
8490	9669	1
5711	3651	1
9367	9669	1
12227	13621	1
4724	4445	1
5779	4400	1
2135	3996	1
4399	1541	1
6039	8177	1
19434	19434	1
10842	5892	1
16533	15810	1
5904	4135	1
13032	10500	1
14263	2480	1
5086	5087	1
5351	5041	1
12019	4135	1
19664	19665	1
167	2767	1
19665	19664	1
15878	801	1
15435	17321	1
11751	7543	1
9141	14597	1
12775	6901	1
6771	7543	1
19610	7677	1
6294	7367	1
12019	6055	1
7375	13014	1
5536	7367	1
4254	15663	1
2091	2529	1
5606	7901	1
5111	3723	1
3333	2480	1
4135	5904	1
8609	6104	1
9593	18294	1
7901	5606	1
19666	7655	1
7375	6344	1
8301	8591	1
11713	14303	1
6233	8591	1
19667	3604	1
8022	3528	1
3383	11540	1
13471	8974	1
4589	6513	1
8974	13471	1
17614	2192	1
2377	7592	1
9924	15039	1
3723	5111	1
7595	7592	1
13737	7361	1
13884	7495	1
12719	19305	1
5970	3304	1
6376	2979	1
9069	5000	1
9359	12318	1
10842	5509	1
6903	3559	1
12318	9359	1
7495	7622	1
4548	2234	1
6417	15071	1
14932	10957	1
9204	1701	1
6513	4589	1
4984	4605	1
1231	9409	1
7495	13884	1
6901	12568	1
2478	9204	1
7622	7495	1
1081	9409	1
12568	6901	1
1701	9204	1
8301	6048	1
5613	12861	1
12568	12568	1
12082	12082	1
13803	10582	1
2611	9144	1
5506	11382	1
14376	14312	1
18936	19534	1
12336	9639	1
14946	16282	1
8573	321	1
8301	7993	1
4610	3426	1
14201	15162	1
4141	8681	1
2084	9900	1
3138	5750	1
2484	6816	1
12934	12439	1
8301	5882	1
1828	6981	1
4939	12400	1
12336	11111	1
14794	9345	1
14612	8492	1
2234	4548	1
19668	1468	1
2398	2403	1
10685	6562	1
14197	3315	1
19668	19668	1
4399	2571	1
3315	14197	1
19669	4087	1
12227	14653	1
6625	10507	1
6816	2484	1
1250	3232	1
12400	4939	1
7238	17289	1
6788	9138	1
11553	11777	1
19124	816	1
