17861	15038	1
14466	16055	1
13741	11713	1
15435	17321	1
11500	447	1
6625	10507	1
15717	15865	1
2484	6816	1
1077	1170	1
10507	6625	1
17946	6952	1
17321	15435	1
7232	15226	1
5205	5204	1
15464	11641	1
8301	6135	1
13538	13900	1
8192	4176	1
18509	16947	1
3228	5604	1
7007	15038	1
17851	14492	1
6816	2484	1
11781	14082	1
18483	11205	1
11716	10856	1
12666	10345	1
14042	6447	1
6447	4362	1
14303	11713	1
3105	3427	1
4741	3754	1
980	14239	1
8492	14612	1
9031	4692	1
10022	5921	1
18017	19425	1
4051	19432	1
8975	9966	1
15999	12848	1
18104	12848	1
6706	9389	1
16468	5827	1
11777	11553	1
119	104	1
14066	5191	1
321	8573	1
3237	4838	1
7388	19432	1
7974	8951	1
19670	17031	1
4445	4724	1
13884	15586	1
11111	12336	1
5084	5931	1
9486	9131	1
3539	8141	1
8177	3344	1
7469	9239	1
5934	11044	1
19671	19671	1
15038	7007	1
2866	9248	1
10353	8616	1
19399	15915	1
14989	16775	1
13311	15314	1
8763	8976	1
13014	7375	1
13621	6599	1
11043	7375	1
2588	7375	1
13538	13311	1
12624	7375	1
9388	7375	1
4668	5691	1
7989	4505	1
9876	12587	1
17031	6354	1
11836	10319	1
6354	17031	1
1207	753	1
3471	2939	1
11037	9498	1
10319	11836	1
15586	13884	1
7375	17031	1
6706	8739	1
18987	2579	1
17031	7375	1
18087	18087	1
19432	7388	1
10465	8347	1
17574	19672	1
4092	7328	1
4724	8492	1
12185	7756	1
12336	627	1
7922	17951	1
7622	7495	1
13808	12777	1
14656	10547	1
6706	6251	1
6706	9388	1
5925	5925	1
10695	11521	1
9669	8490	1
6233	8591	1
6706	11113	1
6706	9239	1
1059	5774	1
6052	4047	1
19642	7968	1
3304	3401	1
7423	5259	1
19432	4051	1
15141	3892	1
7644	5066	1
16221	11815	1
9138	6788	1
5199	5199	1
19670	18075	1
13567	1597	1
12861	5613	1
5921	10022	1
6706	4385	1
8622	9054	1
6903	3559	1
2119	1014	1
17031	19670	1
16892	16037	1
11468	6733	1
16468	3177	1
18075	19670	1
2852	895	1
17240	19673	1
1207	8600	1
9764	6499	1
8111	4532	1
371	425	1
19674	5262	1
6981	1828	1
7704	7705	1
5745	3561	1
3559	6903	1
3892	15141	1
7922	4020	1
11205	18483	1
7000	11556	1
2408	3284	1
12238	14006	1
9345	14794	1
8052	3284	1
6932	7563	1
17205	11407	1
5723	5374	1
6788	9138	1
5843	5062	1
5062	5843	1
4013	15589	1
11331	10081	1
7000	10464	1
435	2546	1
2589	1091	1
9391	8680	1
4160	1333	1
16282	14946	1
15623	9519	1
6730	7345	1
1099	2865	1
7375	7308	1
5227	3438	1
16355	4751	1
1727	3274	1
4755	6424	1
8609	6059	1
2997	3561	1
10415	4939	1
625	12107	1
19675	19675	1
4450	5123	1
5066	7644	1
8243	5650	1
5451	8929	1
8347	10465	1
8140	11157	1
16775	14989	1
16541	5598	1
1597	13567	1
7098	11002	1
4355	2383	1
19305	12719	1
19676	408	1
2055	17367	1
19677	615	1
16787	3546	1
5391	3546	1
12848	15999	1
18765	18765	1
586	3785	1
2316	4095	1
1897	12340	1
7309	579	1
16055	16520	1
17257	1624	1
10942	16868	1
2713	2059	1
5414	4789	1
17917	16608	1
8600	10509	1
1850	3520	1
19678	19678	1
4589	6513	1
7339	14818	1
6513	4589	1
11157	8140	1
10609	18086	1
5827	16468	1
1348	9468	1
3177	16468	1
5962	5962	1
5704	7416	1
16502	13538	1
9117	16523	1
2877	2878	1
2878	2877	1
7289	16523	1
9675	2315	1
14494	1829	1
6039	8177	1
1830	1829	1
10831	6439	1
13433	2548	1
296	1829	1
12345	10199	1
8948	12446	1
8600	6161	1
12107	625	1
5717	1420	1
10792	1379	1
1187	653	1
4755	6183	1
4532	8111	1
14540	4576	1
3754	4741	1
342	5350	1
11540	3383	1
6183	4755	1
7756	12185	1
9144	2611	1
11455	3581	1
19679	19680	1
4521	5269	1
8280	7088	1
18594	9550	1
17031	19544	1
8600	3071	1
3027	3028	1
16523	9117	1
15946	18107	1
8280	6334	1
2975	4585	1
8429	13767	1
2265	5518	1
12172	10609	1
10507	9067	1
12904	1700	1
11982	7932	1
18086	10609	1
5579	5580	1
3710	2869	1
15946	3669	1
19678	1756	1
1756	5812	1
275	3980	1
645	1108	1
5812	1756	1
13685	11414	1
19305	5878	1
10060	5430	1
5259	9365	1
2678	2749	1
19432	2105	1
11037	10413	1
5121	13100	1
8108	10266	1
18142	13100	1
3982	1891	1
19432	1341	1
11830	19403	1
5715	4763	1
4830	4763	1
4144	7025	1
19681	228	1
15810	16533	1
3912	6607	1
4983	4763	1
4135	12019	1
6055	12019	1
5120	13100	1
1091	2589	1
1850	16657	1
1850	2141	1
6806	285	1
6952	17946	1
11037	3380	1
6706	16657	1
14969	19448	1
10464	7000	1
920	6458	1
2767	167	1
3238	3239	1
11556	7000	1
960	82	1
12008	16657	1
9067	6094	1
8404	5281	1
8150	3510	1
9550	18594	1
18086	872	1
1850	1476	1
12446	8948	1
2093	3379	1
10199	12345	1
7000	6788	1
7082	6613	1
19682	18355	1
9041	16641	1
6994	9639	1
2842	5849	1
6706	6309	1
4025	2666	1
6097	4822	1
2119	2027	1
15465	15465	1
9942	4087	1
5844	5351	1
3356	15169	1
2398	527	1
14565	12217	1
10792	6848	1
1619	5266	1
2125	3539	1
8141	3539	1
9204	16210	1
9270	9272	1
1127	8284	1
2026	16898	1
12519	2356	1
16641	9041	1
6613	7082	1
14814	10266	1
5597	8160	1
4087	9942	1
4425	2627	1
1850	1241	1
6334	8280	1
5641	3101	1
4578	10933	1
9754	9474	1
2578	13493	1
10266	14814	1
9936	13493	1
371	1096	1
1375	19574	1
3912	11649	1
13493	2578	1
7922	5301	1
4822	6095	1
5650	8243	1
6322	4051	1
2646	7857	1
8213	7851	1
12777	13808	1
15911	15911	1
875	7851	1
16452	16452	1
13665	510	1
15663	4254	1
1155	2109	1
9966	1996	1
628	627	1
627	628	1
11563	5090	1
7989	2863	1
7801	8214	1
12929	14081	1
7178	940	1
6113	11256	1
19429	19428	1
13493	9936	1
2842	1342	1
3613	762	1
5210	4741	1
14315	11565	1
17289	7238	1
5520	15745	1
705	1243	1
16523	7289	1
8092	6328	1
2895	2896	1
4346	4602	1
9239	7469	1
6788	7000	1
4036	12369	1
6245	6246	1
18798	2589	1
3343	2894	1
3374	1641	1
4523	5054	1
12773	13289	1
7675	13289	1
6706	14239	1
17752	10779	1
19683	12460	1
5773	7012	1
928	16941	1
2721	5796	1
940	7178	1
11086	12886	1
16387	16585	1
9300	16289	1
9863	4101	1
13945	10118	1
11414	13685	1
12886	11086	1
16289	9300	1
5366	12779	1
12540	6901	1
14302	651	1
13770	10721	1
872	10609	1
1207	2768	1
15724	9299	1
14932	13691	1
1388	5413	1
1207	1109	1
9959	3356	1
18128	14132	1
18885	6429	1
17916	10611	1
19684	19685	1
9859	16560	1
7656	19649	1
14910	14911	1
13593	2548	1
9904	16560	1
7922	7213	1
5054	4523	1
5752	15840	1
5518	2265	1
6233	3951	1
16417	9992	1
3880	16249	1
2596	7580	1
1013	16249	1
23	19555	1
1643	16249	1
19649	19649	1
3762	16535	1
19403	11830	1
15338	3946	1
2308	16694	1
6706	8421	1
2411	15168	1
4939	10415	1
2842	4726	1
19686	4135	1
16247	385	1
10582	13803	1
7922	12338	1
8172	6748	1
5413	1388	1
1850	1401	1
2398	2422	1
6467	5796	1
16592	1199	1
4741	5210	1
15774	2902	1
14522	14522	1
4959	11650	1
3021	7602	1
7098	3558	1
7602	3021	1
15465	8222	1
13289	7675	1
4528	2616	1
627	12336	1
1584	876	1
7000	10415	1
5042	12582	1
1081	16873	1
4101	9863	1
6104	8609	1
7273	18918	1
8157	19655	1
1199	16592	1
9299	15724	1
262	1361	1
2797	216	1
65	14297	1
12336	8774	1
12532	4400	1
8903	11387	1
12259	7989	1
4505	7989	1
12019	6055	1
2616	4528	1
8774	12336	1
9894	6985	1
7989	12259	1
3476	1724	1
453	5229	1
9325	6069	1
285	6806	1
12115	4525	1
10415	7000	1
16560	9859	1
10792	4241	1
14656	4832	1
9735	6625	1
11256	6113	1
6668	3190	1
3741	19687	1
12596	9378	1
9378	12596	1
12596	12596	1
17954	226	1
19670	13014	1
11641	15464	1
16873	1081	1
7592	19003	1
7595	19003	1
1969	1708	1
2950	2460	1
3855	14849	1
19003	7595	1
4409	3950	1
6328	5726	1
1641	3374	1
12400	4939	1
19688	17422	1
18155	3673	1
7469	8571	1
12865	3673	1
3912	2941	1
1850	4483	1
5750	3138	1
3950	4409	1
228	19681	1
16199	5857	1
5742	4975	1
17031	13014	1
172	150	1
13014	17031	1
15774	15774	1
8600	14944	1
6706	8317	1
14066	4816	1
5977	1394	1
7922	8338	1
19689	14351	1
1582	1481	1
19019	10984	1
4095	2316	1
12937	12124	1
7831	10713	1
7223	2480	1
3287	3288	1
9325	9764	1
7922	12540	1
6901	12540	1
6706	5717	1
2678	173	1
16906	9941	1
18987	5470	1
12397	7443	1
5951	5929	1
1420	5717	1
9065	4853	1
4288	1791	1
1996	9966	1
7098	7605	1
4730	4409	1
4406	9480	1
7448	6059	1
2428	11324	1
12572	16703	1
19690	19691	1
1884	4876	1
12568	6901	1
11653	11653	1
7639	6901	1
10984	19019	1
89	12121	1
1514	2341	1
13538	8333	1
17543	3924	1
3651	6270	1
10466	86	1
10216	4232	1
18087	19593	1
3427	3105	1
6270	3651	1
11384	8694	1
6706	11043	1
15589	4013	1
5027	5026	1
18150	3852	1
1341	19432	1
17729	10405	1
3723	2496	1
14351	19689	1
2496	3723	1
5026	5027	1
490	8004	1
173	2678	1
2398	4084	1
3288	3287	1
8694	11384	1
9511	17733	1
2900	9389	1
5134	7944	1
1456	2496	1
5495	5360	1
6233	9028	1
2842	6344	1
19692	7773	1
13296	9028	1
11767	9385	1
1841	13014	1
3186	13014	1
7922	17098	1
6813	7481	1
6690	19693	1
9028	13296	1
10405	17729	1
5878	19305	1
1207	16388	1
4107	9369	1
1662	19333	1
4975	5742	1
13014	19670	1
7361	13737	1
2026	9380	1
12469	18508	1
19694	13726	1
8492	4445	1
12369	4036	1
2407	3611	1
11469	9619	1
4445	8492	1
16166	11552	1
3426	4484	1
10411	4294	1
4610	4484	1
7922	4647	1
13807	8285	1
2017	10905	1
7922	7336	1
6530	4755	1
13851	1987	1
5137	3575	1
518	2335	1
1839	1987	1
5929	5951	1
3238	1378	1
16956	6344	1
19695	13246	1
7901	14849	1
6233	8082	1
12970	8788	1
18508	12469	1
4755	6530	1
3144	16418	1
6233	5882	1
19696	4369	1
7922	11562	1
14268	13870	1
14849	7901	1
1850	3177	1
14876	4741	1
6316	4084	1
11069	13692	1
2842	1582	1
9933	2584	1
1987	1839	1
19333	1662	1
1987	13851	1
13251	19114	1
1919	3045	1
10810	9496	1
16585	16387	1
4250	2912	1
19686	5904	1
299	307	1
5374	5723	1
1850	11160	1
260	1884	1
16021	9236	1
830	6467	1
8285	13807	1
6824	13795	1
13795	6824	1
2970	1422	1
11324	2428	1
8788	12970	1
5086	5087	1
10220	3664	1
3664	10220	1
5087	5086	1
12562	12559	1
3950	10838	1
4853	9065	1
10838	3950	1
8600	10690	1
19697	19697	1
1207	10690	1
14656	3853	1
2496	1456	1
11669	9359	1
9359	11669	1
12559	12562	1
6315	9488	1
9141	14597	1
9966	11514	1
478	10405	1
19698	3768	1
19699	15889	1
10405	478	1
2715	4087	1
11102	5875	1
1661	2353	1
7418	2192	1
478	17729	1
17324	17326	1
11594	11228	1
6058	1558	1
6056	11973	1
4087	2715	1
15745	5520	1
1422	2970	1
13296	5009	1
3817	8330	1
17729	478	1
6068	4037	1
11514	9966	1
16703	12572	1
19700	18398	1
19701	19702	1
8177	6449	1
15428	16037	1
14792	18918	1
8280	14715	1
1584	3190	1
19702	19702	1
13884	14715	1
3723	3949	1
3190	14849	1
8763	12024	1
19703	6265	1
3768	5902	1
19003	7592	1
14849	3190	1
6141	15226	1
10276	6499	1
1081	9409	1
2331	6222	1
19184	10385	1
3190	1584	1
6713	159	1
869	1119	1
9552	13268	1
10792	3250	1
11562	7213	1
