18102	17844	1
19746	19746	1
10345	12666	1
12024	8763	1
13880	6034	1
12115	4525	1
9069	5000	1
8763	12024	1
1069	3306	1
46	5409	1
1523	536	1
7033	16773	1
21	1512	1
3621	1869	1
2776	19755	1
5000	9069	1
13377	14573	1
17912	18486	1
7625	7624	1
1133	8676	1
5648	5647	1
2646	2496	1
4939	7138	1
11830	19403	1
1462	1384	1
18223	11161	1
19755	2776	1
5796	5691	1
15164	15194	1
12830	5691	1
2776	9470	1
3545	3315	1
5169	10834	1
17132	1537	1
4524	3274	1
3211	14968	1
10192	9723	1
10620	5892	1
7452	5217	1
19756	10192	1
11468	7560	1
15810	7225	1
5278	7402	1
11598	6182	1
5646	7983	1
15681	11602	1
708	1145	1
5381	10387	1
3144	16418	1
6490	4320	1
7225	15810	1
8150	8611	1
9575	2776	1
8682	7944	1
328	2776	1
11602	15681	1
9117	16883	1
3073	9085	1
240	18113	1
15401	8026	1
801	1711	1
7380	10925	1
2420	1009	1
12624	3673	1
3738	3690	1
1145	708	1
1380	4422	1
4909	8222	1
12185	7756	1
708	5038	1
4464	16764	1
4313	5064	1
5532	5648	1
4422	1380	1
9281	5648	1
18837	2282	1
19445	19445	1
2838	5648	1
1206	3210	1
1206	616	1
3753	6649	1
7232	5972	1
755	2126	1
7469	8814	1
14699	6278	1
19538	18367	1
5217	7452	1
19403	11830	1
19265	12881	1
3777	1218	1
4569	4506	1
5929	5951	1
19757	15075	1
19215	12670	1
7138	4939	1
6234	5560	1
8452	2865	1
3118	15401	1
5632	5631	1
1667	12541	1
3274	5499	1
10801	1573	1
5409	46	1
5648	11131	1
9252	7103	1
3503	4762	1
3274	4524	1
6197	5860	1
8247	8214	1
5701	9731	1
3503	15153	1
5843	64	1
3722	4346	1
9436	13589	1
3503	5742	1
8824	8031	1
8682	6117	1
1887	2227	1
17261	891	1
18127	18127	1
16240	689	1
19758	9108	1
801	12584	1
7756	12185	1
4330	12379	1
8247	3284	1
10736	2248	1
1105	6113	1
19748	2216	1
12664	12650	1
13687	12650	1
19759	7067	1
64	1022	1
10390	6113	1
14557	6113	1
2421	6113	1
2216	19748	1
14933	15988	1
64	625	1
3315	7108	1
3723	3949	1
3476	1797	1
19559	14559	1
5795	15889	1
19760	14559	1
6054	692	1
18496	9437	1
3503	5288	1
8247	4007	1
15539	9777	1
15401	15401	1
17152	14205	1
435	1009	1
4346	3722	1
7402	5278	1
540	8167	1
2955	2450	1
1797	3476	1
1514	1690	1
11972	9791	1
801	3855	1
10737	8670	1
4566	5006	1
7108	3315	1
2955	1036	1
5951	5929	1
5715	4561	1
8824	12650	1
7309	579	1
14933	8699	1
8247	4363	1
16131	19761	1
4909	15013	1
12367	7756	1
9892	6625	1
7921	6738	1
11478	10869	1
4566	5489	1
4983	3503	1
16485	13113	1
2540	2596	1
4469	2611	1
9248	2866	1
3723	5111	1
5111	3723	1
4657	19102	1
3943	3723	1
7232	15226	1
3503	5562	1
44	4534	1
4345	4346	1
8814	7469	1
10169	7319	1
7334	10003	1
6631	708	1
16387	16585	1
9209	9209	1
2316	2185	1
19429	19762	1
8492	8492	1
15555	6248	1
16390	16212	1
4983	173	1
16490	6901	1
5844	4722	1
5459	9389	1
8247	6035	1
536	1523	1
1514	229	1
10003	7334	1
9330	6236	1
2302	2302	1
8959	3353	1
11972	3353	1
13815	3785	1
1005	6458	1
12970	7986	1
10927	8725	1
8840	2484	1
3716	1485	1
3014	2537	1
8247	10420	1
19763	10118	1
8247	6893	1
801	3335	1
10869	11478	1
9835	9234	1
2338	79	1
3315	3545	1
15110	14482	1
3503	4983	1
16525	6394	1
7858	19088	1
16490	9908	1
2636	1022	1
2125	4374	1
15320	11113	1
6738	7921	1
13647	8592	1
11151	14431	1
14482	15110	1
5270	8074	1
14741	14740	1
7509	11807	1
14585	6270	1
16668	15911	1
2873	3539	1
705	1243	1
2185	2316	1
254	14247	1
1535	2316	1
9763	16321	1
15401	1378	1
3648	1937	1
8374	6121	1
13014	3186	1
8160	4724	1
6270	5237	1
5237	6270	1
2443	7480	1
18861	4092	1
4983	4318	1
2955	3380	1
585	3186	1
3785	13815	1
64	8959	1
5637	16597	1
5169	8959	1
14886	3295	1
3186	13014	1
8404	5122	1
64	5982	1
1514	475	1
10582	2911	1
261	11702	1
4983	5715	1
12861	5613	1
7402	5748	1
3503	5715	1
2911	10582	1
15338	9479	1
625	64	1
5613	12861	1
7622	9276	1
2901	13428	1
17163	16790	1
7103	9252	1
17695	3515	1
3503	14366	1
1687	1493	1
173	4983	1
4158	13428	1
5318	11455	1
4318	4983	1
5715	4983	1
5593	13829	1
8247	7801	1
1025	2616	1
4909	6109	1
2903	17884	1
1140	3658	1
3723	3943	1
18223	8668	1
7232	4128	1
12379	4330	1
4657	12196	1
1462	3909	1
15465	15465	1
3345	11699	1
8247	8052	1
15664	6883	1
11814	6708	1
19112	5894	1
14011	4397	1
4566	4548	1
8247	12774	1
6730	7345	1
9380	2026	1
14197	3315	1
15724	9299	1
3893	823	1
10537	12096	1
19764	19664	1
5894	19112	1
19765	19664	1
4909	7027	1
1260	19766	1
10815	6361	1
4566	3610	1
12774	9824	1
14876	16255	1
18186	11205	1
2316	1535	1
12259	7989	1
7989	12259	1
4566	3370	1
3315	14197	1
1206	2543	1
3938	840	1
64	10061	1
9219	11125	1
5612	8126	1
10398	8126	1
7232	17944	1
15401	14182	1
16490	16703	1
14494	1829	1
1830	1829	1
13350	18046	1
18534	5047	1
2125	14239	1
3118	3119	1
2408	12314	1
15401	14239	1
15401	3119	1
296	1829	1
19767	1005	1
9763	7213	1
1987	13851	1
7380	6052	1
6576	13851	1
2125	5717	1
8261	8668	1
1514	3349	1
11361	5624	1
5297	5774	1
7345	6730	1
13851	1987	1
1388	16322	1
17729	478	1
6727	15023	1
16585	16387	1
19768	16651	1
4526	1934	1
801	1750	1
3560	6863	1
19769	19770	1
2400	6863	1
387	2571	1
6492	6863	1
363	512	1
8853	5512	1
13356	13529	1
19771	702	1
3109	5374	1
6120	6121	1
16883	9117	1
8824	4653	1
5610	6863	1
16789	17163	1
4250	2912	1
8611	5096	1
12321	5096	1
4934	319	1
5366	12779	1
2027	4162	1
2338	1242	1
6113	5758	1
2242	4179	1
383	382	1
4047	3810	1
261	4179	1
886	4179	1
15438	271	1
8247	7336	1
9763	7336	1
4653	8824	1
1994	19772	1
8247	7052	1
1514	2425	1
4909	1900	1
17163	16789	1
5197	18261	1
4884	6085	1
6321	2873	1
18747	16560	1
4029	11121	1
19773	19774	1
9763	12870	1
5301	6730	1
11936	19774	1
6251	2873	1
6122	6017	1
18870	8664	1
18815	13386	1
11339	15478	1
5862	13023	1
8748	13851	1
2913	2727	1
16523	13911	1
8247	8977	1
13436	12240	1
15164	19197	1
13851	8748	1
12779	5366	1
4106	7711	1
1629	7079	1
8903	11387	1
3621	5897	1
8247	4029	1
19744	3408	1
2579	3745	1
2125	3110	1
8721	1840	1
5269	1359	1
1206	8674	1
6730	5301	1
708	6631	1
7527	7527	1
801	1008	1
496	7204	1
518	8141	1
6017	6122	1
6113	11256	1
11163	9009	1
9892	8365	1
15401	11434	1
19775	8030	1
5282	5150	1
1674	1674	1
8152	9009	1
13075	19610	1
18330	10319	1
1022	2636	1
4980	15178	1
801	4179	1
10922	3105	1
6918	1361	1
10319	18330	1
1206	5267	1
6863	6492	1
18925	17744	1
16715	14795	1
4343	3105	1
6135	7535	1
14016	7138	1
8247	13659	1
3539	2873	1
3050	46	1
4444	8609	1
5840	3561	1
5267	7308	1
6056	5430	1
5021	3539	1
19776	19777	1
4162	2027	1
3793	1292	1
19004	18583	1
1068	1292	1
792	1623	1
512	363	1
9325	9764	1
19664	19664	1
6236	9330	1
9966	8192	1
5300	3042	1
1206	1740	1
17026	16171	1
14066	4816	1
5307	14166	1
4909	5100	1
14166	5307	1
15748	18953	1
2911	12580	1
7688	7360	1
19778	13050	1
6370	8405	1
2338	3471	1
12553	11245	1
913	797	1
2125	1740	1
8824	15718	1
2125	1265	1
840	3938	1
4909	4251	1
13212	2205	1
9763	6849	1
14019	12558	1
15401	5876	1
2127	1265	1
1265	2127	1
5642	3561	1
19779	19780	1
8073	19781	1
4566	2810	1
12580	2911	1
8611	8150	1
4566	2234	1
9141	14597	1
13911	16523	1
12558	14019	1
380	5587	1
8782	7056	1
5000	15411	1
19782	19782	1
9009	8152	1
16171	17026	1
15411	5000	1
6869	10467	1
6082	5723	1
344	8294	1
13381	14041	1
8192	9966	1
10357	19783	1
14041	13381	1
3503	6256	1
2355	2525	1
801	902	1
7891	9897	1
2912	7602	1
8609	4444	1
5723	5374	1
7602	2912	1
8333	8676	1
7519	1028	1
7308	5267	1
9835	14321	1
9897	7891	1
2541	2544	1
6034	13880	1
12870	9763	1
6849	9763	1
9835	12429	1
16240	19441	1
6331	19761	1
5072	2725	1
11205	18186	1
4983	4763	1
194	541	1
9100	4857	1
19004	6539	1
3669	1506	1
484	5545	1
1469	3723	1
6486	2484	1
16855	5294	1
19784	19785	1
2596	2540	1
1837	1838	1
6270	2379	1
3723	1469	1
5374	5723	1
8247	4816	1
4439	7922	1
4801	7922	1
9835	14265	1
4020	7922	1
7922	4801	1
5512	8853	1
8338	7922	1
3658	1140	1
6532	11191	1
5378	16035	1
