10639	9887	1
3723	3949	1
2151	6769	1
6069	9325	1
14715	8280	1
11972	9791	1
10411	15210	1
16037	16557	1
627	628	1
5250	2052	1
6706	8717	1
19663	8793	1
1969	1708	1
4037	6068	1
5000	9069	1
9069	5000	1
13560	13559	1
6030	5933	1
9887	10639	1
4507	7469	1
16557	16037	1
5758	6113	1
7012	17787	1
4579	10933	1
9385	11767	1
19704	19704	1
10609	12172	1
1333	4160	1
16640	9670	1
14273	5455	1
11767	3306	1
9754	9474	1
2398	2399	1
1207	5966	1
19705	19705	1
11815	16221	1
6449	8177	1
13100	5121	1
11630	7932	1
16715	10240	1
2480	7223	1
1693	222	1
14860	299	1
5227	7469	1
10609	872	1
8814	7469	1
19706	6883	1
13737	10620	1
1724	1744	1
714	4651	1
19670	13014	1
7922	4439	1
3109	5374	1
6068	4037	1
19707	1784	1
5904	5374	1
16533	15810	1
1055	4171	1
5351	14461	1
3912	7102	1
13737	7361	1
7922	15798	1
5929	5951	1
15774	14314	1
9945	2600	1
18005	19708	1
3893	18331	1
8609	6104	1
6533	19201	1
5510	6357	1
10276	9250	1
10067	15314	1
9527	9389	1
1243	705	1
1207	4137	1
2922	11645	1
2316	4626	1
5868	5794	1
4751	9058	1
19543	4037	1
11552	16166	1
19709	19637	1
5202	6901	1
16638	15793	1
15793	16638	1
5951	5929	1
17512	10737	1
19710	19710	1
4047	4195	1
8243	5650	1
817	6447	1
1630	4970	1
15810	7336	1
4934	2672	1
3216	14117	1
3355	768	1
9314	8192	1
8177	6449	1
5374	5904	1
23	29	1
6467	830	1
8699	7042	1
3476	8989	1
4810	6222	1
5868	14012	1
11630	1182	1
13100	18142	1
7592	19003	1
10022	5921	1
3437	17367	1
1462	5873	1
7801	3817	1
16657	12008	1
8214	3817	1
236	16312	1
8330	3817	1
5612	3450	1
3361	8849	1
19680	19679	1
2407	2776	1
5372	2776	1
338	337	1
9791	11972	1
12019	9391	1
3912	3794	1
1884	260	1
3722	4346	1
5612	3068	1
10502	7053	1
18643	14951	1
1462	4963	1
6113	12871	1
3337	12196	1
6316	6329	1
6706	9105	1
17680	8363	1
8018	10136	1
7205	10136	1
13246	19695	1
13726	19694	1
16221	11815	1
7688	5684	1
3920	1797	1
9470	9470	1
6738	7921	1
4574	4619	1
19448	14969	1
5612	11247	1
2316	4095	1
18710	11134	1
5854	5854	1
10838	535	1
19711	8876	1
12263	12264	1
12666	10345	1
2106	14321	1
19712	16473	1
12019	5266	1
408	1974	1
651	14302	1
18765	18765	1
6097	1338	1
5612	8235	1
13864	3349	1
14494	1829	1
1830	1829	1
19305	5878	1
3240	2873	1
2135	1338	1
2084	833	1
222	1693	1
937	3123	1
262	1361	1
3286	3123	1
3450	5612	1
3356	9959	1
824	582	1
16113	14314	1
5612	5613	1
5222	9273	1
1974	408	1
562	11500	1
2316	1535	1
6935	3978	1
1010	3370	1
3999	1656	1
14969	19448	1
11630	19448	1
19713	3239	1
6935	8079	1
6141	15226	1
12024	8763	1
1724	3476	1
8989	3476	1
16210	9204	1
16972	5651	1
16764	4464	1
16312	236	1
3216	2912	1
11445	11565	1
6918	1361	1
19714	552	1
1727	3274	1
828	3274	1
4863	4864	1
3353	3183	1
6122	6017	1
6017	6122	1
5042	9680	1
1199	16840	1
512	363	1
9002	19213	1
18621	10758	1
19715	943	1
11510	943	1
118	119	1
4144	7025	1
8506	10623	1
14053	943	1
2883	4610	1
7085	10623	1
1192	943	1
11069	10623	1
3274	1727	1
18342	13187	1
14535	10623	1
1182	11630	1
12196	4657	1
19448	11630	1
12172	10609	1
872	10609	1
2901	13428	1
8806	7205	1
16840	1199	1
4523	5054	1
2942	3710	1
3817	8214	1
9972	3929	1
3852	18150	1
9897	14872	1
18142	13100	1
16677	9713	1
5374	3109	1
6447	817	1
3739	1656	1
15878	2134	1
768	3355	1
7495	7622	1
14321	2106	1
16398	16398	1
6935	8172	1
7162	5255	1
2672	4934	1
8643	4616	1
3476	9328	1
2377	7595	1
11533	10769	1
453	5229	1
10623	7085	1
15459	9207	1
5868	7209	1
11630	12754	1
5520	15745	1
9486	9131	1
7205	7543	1
19716	19716	1
9704	3215	1
5670	11724	1
4610	2883	1
6185	7543	1
5650	8243	1
19702	19702	1
16560	9859	1
15922	9723	1
937	1349	1
15889	4282	1
6769	2151	1
8763	12024	1
8911	2151	1
10623	8506	1
8320	8512	1
14597	9141	1
254	1919	1
1797	3920	1
6935	17553	1
4355	2383	1
9486	3489	1
14370	7756	1
9365	5259	1
1375	19574	1
9141	14597	1
6052	2677	1
8998	13323	1
6994	9639	1
11445	14315	1
17098	12540	1
7757	7756	1
11740	11741	1
82	960	1
5197	18261	1
9330	6236	1
17098	10938	1
4528	17730	1
14847	10341	1
11830	19403	1
12008	16657	1
4977	6035	1
9073	6203	1
5282	2613	1
6708	11814	1
2956	9481	1
5902	3768	1
4171	1055	1
11354	10615	1
18867	7132	1
11445	6700	1
1338	1523	1
9859	16560	1
4133	5892	1
19695	13246	1
3238	4139	1
9817	9817	1
5461	8609	1
2480	14263	1
19647	19646	1
7329	17325	1
5612	2246	1
9230	6121	1
4532	15438	1
16161	18112	1
5723	4006	1
11636	11636	1
2900	9389	1
19708	18005	1
15422	10158	1
4006	5723	1
6562	10158	1
9065	11909	1
960	82	1
7756	3798	1
3355	670	1
218	4345	1
19219	1526	1
3768	5902	1
1656	3999	1
18815	19579	1
426	579	1
15681	11602	1
7756	7757	1
3215	9704	1
5857	16199	1
1338	2135	1
9328	3476	1
4574	5376	1
6428	13599	1
9328	1744	1
14263	2480	1
19717	2480	1
11445	18653	1
11445	14844	1
1805	2189	1
1579	1580	1
15168	2411	1
6054	692	1
7355	8934	1
5812	4657	1
19102	4657	1
11669	9359	1
8599	4657	1
5905	1935	1
3383	11540	1
9612	5085	1
15835	2369	1
4657	5812	1
13751	4555	1
19416	16370	1
5922	5	1
18742	12134	1
7469	9239	1
18742	18742	1
11445	3945	1
8172	6935	1
3042	5300	1
2677	6052	1
12240	13436	1
17553	6935	1
19403	11830	1
692	6054	1
9239	7469	1
15438	4532	1
12124	12937	1
19409	7193	1
19677	615	1
18223	11161	1
10552	5773	1
19085	15169	1
6112	15023	1
9204	3462	1
7581	7416	1
14831	16389	1
17288	18576	1
16873	1081	1
12472	8695	1
17098	11043	1
5544	5603	1
9486	6781	1
12540	17098	1
10938	17098	1
7398	1608	1
6328	8092	1
7306	366	1
5612	9545	1
2337	12281	1
12587	10250	1
2646	3723	1
19718	18576	1
12582	5042	1
11445	11751	1
1152	2118	1
3710	2942	1
7622	7495	1
3190	1584	1
2151	8911	1
3462	9204	1
1935	5905	1
2843	2832	1
1786	1756	1
5363	9488	1
14321	9488	1
850	602	1
17100	18112	1
1853	7372	1
12664	12650	1
6035	4977	1
5005	1483	1
16932	16932	1
5351	896	1
5939	4485	1
19719	19719	1
13851	1839	1
5042	12582	1
1188	6188	1
2451	4755	1
5868	12758	1
15434	16227	1
6183	4755	1
19572	1355	1
5536	5537	1
11445	5717	1
1770	1954	1
17730	4528	1
9488	5363	1
19720	15793	1
6247	5717	1
6758	6844	1
218	8959	1
2029	9300	1
3353	8959	1
4741	9547	1
1584	3190	1
10095	3575	1
19721	19722	1
4217	13586	1
8643	5064	1
12871	6113	1
5555	3768	1
19578	375	1
12134	17415	1
8388	10935	1
16775	18508	1
1338	3996	1
15889	19699	1
1573	1472	1
7361	13737	1
3353	11972	1
16021	9236	1
7698	6327	1
8079	1472	1
12462	16560	1
5418	7004	1
14932	10118	1
944	2420	1
14174	677	1
371	2902	1
8643	10646	1
16074	18046	1
5327	882	1
2327	4963	1
11364	10437	1
7595	2377	1
3355	1704	1
2865	2864	1
8934	7355	1
1832	46	1
3760	1752	1
6783	19532	1
6671	10120	1
9486	5693	1
19723	19723	1
7688	15153	1
8512	8320	1
9436	13589	1
1355	14732	1
5905	3240	1
1119	869	1
4626	2316	1
4095	2316	1
6637	4444	1
13589	9436	1
7205	8806	1
18601	14308	1
5905	8806	1
1535	2316	1
496	17257	1
5612	12861	1
5818	6113	1
4397	14011	1
4657	19102	1
7470	6946	1
937	1266	1
13574	15226	1
6188	1188	1
10623	11069	1
1394	5977	1
5868	15565	1
1571	974	1
15023	6112	1
2699	4293	1
19724	19724	1
3438	10226	1
19725	11060	1
16199	5857	1
5823	7764	1
7527	7527	1
6843	10061	1
9350	1483	1
2646	2496	1
7002	8206	1
3203	1378	1
19428	19428	1
19637	19709	1
3447	4233	1
13405	8853	1
2520	3998	1
8206	7002	1
18601	12727	1
5512	8853	1
16715	18622	1
15922	2248	1
5026	5027	1
8520	6056	1
13692	11069	1
11069	13692	1
13911	16523	1
6144	11755	1
4178	2317	1
1660	4293	1
18508	16775	1
18155	18155	1
13851	1987	1
13187	18342	1
7339	1269	1
2496	2646	1
10061	6843	1
7339	9342	1
19574	1375	1
5176	5977	1
4293	8616	1
3723	2646	1
1081	9409	1
5112	5113	1
19726	19727	1
4574	1737	1
14297	65	1
9477	10736	1
291	2202	1
11713	4257	1
5921	10022	1
5537	5536	1
3353	7645	1
19728	15469	1
5176	2228	1
754	5947	1
1764	2852	1
12748	2902	1
4707	4706	1
10209	15717	1
7339	13019	1
18261	5197	1
2852	1764	1
12259	7989	1
8775	13409	1
5905	515	1
8222	4747	1
18834	11432	1
12019	7134	1
12532	4400	1
5612	10163	1
19722	19721	1
5878	19305	1
1897	12340	1
8363	11691	1
16418	3144	1
13581	12656	1
352	5933	1
5796	5206	1
4816	5531	1
4400	12532	1
11445	8092	1
7711	4106	1
