8948	8051	1
20105	16568	1
7673	2569	1
13590	6898	1
3153	7308	1
3927	3462	1
7308	3153	1
13048	3673	1
19938	20106	1
4197	9410	1
2545	19161	1
16516	9479	1
3743	5791	1
6840	3946	1
15825	5382	1
15552	7152	1
11417	11416	1
8909	5365	1
6183	7308	1
5381	10387	1
4706	4707	1
15810	8977	1
6845	9239	1
3100	5641	1
9239	6845	1
17851	14492	1
2610	16163	1
11007	7225	1
16560	18747	1
18747	16560	1
8587	8195	1
16698	15034	1
3240	4071	1
17459	6371	1
13884	14715	1
13577	6265	1
5726	6265	1
7209	5354	1
6265	5726	1
12379	5354	1
3501	6846	1
6371	17459	1
1064	12899	1
20103	7616	1
5188	5227	1
6211	5678	1
8824	15748	1
11414	13685	1
6576	9330	1
15274	3723	1
16855	8896	1
751	11192	1
16597	5637	1
1191	19250	1
10273	10620	1
3954	9020	1
4397	14011	1
12804	1030	1
10507	6625	1
16606	6894	1
12351	2698	1
12580	10857	1
6211	4883	1
4977	4977	1
13577	1406	1
11836	16485	1
10102	3276	1
5237	4431	1
2913	2727	1
16855	12175	1
15428	16037	1
7804	9131	1
7401	8618	1
6901	9325	1
9131	7804	1
159	13404	1
14058	13404	1
12274	11574	1
13974	15596	1
13404	14058	1
9488	1058	1
20072	20107	1
7624	7916	1
6267	1064	1
14741	14740	1
7401	11553	1
16485	11836	1
2048	385	1
19538	18367	1
625	12107	1
20108	20109	1
7613	8688	1
3745	2579	1
10066	8966	1
6070	5355	1
10857	12580	1
2994	2260	1
18115	18116	1
2372	1742	1
7308	6183	1
5463	6113	1
3347	5596	1
13694	13694	1
5383	4899	1
10074	17325	1
6932	20061	1
4084	4797	1
10102	9250	1
9410	4197	1
5043	4797	1
7804	9669	1
6136	4797	1
3972	2392	1
5354	7209	1
13282	13283	1
12263	12649	1
371	1461	1
12580	16209	1
13404	159	1
6274	3657	1
15067	6314	1
5188	16009	1
8852	2578	1
4260	4474	1
3657	6274	1
7804	9300	1
3276	10102	1
14058	9300	1
11838	20110	1
4107	9369	1
5411	4743	1
4160	1036	1
5009	7761	1
395	3996	1
7804	9197	1
16953	11899	1
3723	3949	1
4281	15226	1
4282	15226	1
5684	15226	1
8037	6552	1
3949	3723	1
9327	6552	1
8979	7469	1
2994	4873	1
9009	14792	1
4743	5411	1
8880	6113	1
1064	6267	1
7066	9375	1
13215	4195	1
5981	6155	1
1797	3476	1
19124	816	1
14792	9009	1
163	4148	1
5593	13829	1
9369	4107	1
7858	2428	1
14715	13884	1
13485	13485	1
6898	13590	1
6860	2428	1
15586	13884	1
3852	4064	1
7761	5009	1
6171	10470	1
6113	8880	1
441	11799	1
6211	4603	1
6748	8543	1
19238	19855	1
20047	13267	1
14165	6901	1
2428	4320	1
3059	623	1
9596	11372	1
6898	11372	1
8162	12174	1
11372	6898	1
12107	625	1
6450	4608	1
4868	1558	1
3098	16982	1
20111	11650	1
7277	12079	1
2665	4654	1
4796	173	1
12095	12079	1
5188	15320	1
11416	12598	1
13973	6625	1
4946	12079	1
6128	10741	1
20112	6228	1
16189	12664	1
13837	6424	1
9067	8549	1
5065	13097	1
1761	159	1
14699	2109	1
13208	13097	1
8391	4873	1
1022	3940	1
6782	1740	1
10469	20069	1
6211	7225	1
16189	1662	1
5188	6121	1
13583	11905	1
20061	18128	1
14968	5563	1
17618	18128	1
20094	7066	1
12830	5691	1
1155	2109	1
13212	20113	1
6144	11755	1
7066	20094	1
16387	16585	1
4170	2194	1
19881	1008	1
5188	8421	1
20114	3885	1
3476	1797	1
2037	2429	1
1008	801	1
3068	2902	1
5581	3138	1
20115	18857	1
15980	14276	1
19556	15827	1
20061	6932	1
6193	6084	1
4647	4950	1
2675	4190	1
2368	18306	1
6479	10163	1
2429	2037	1
18128	17618	1
7416	7491	1
8774	16045	1
10345	10346	1
20069	10469	1
7801	4363	1
13289	12773	1
9375	4902	1
6625	10507	1
2677	6052	1
4064	3852	1
3616	1935	1
18962	3243	1
9669	7804	1
9300	7804	1
5357	7715	1
9197	7804	1
5393	9549	1
5563	14968	1
16789	17163	1
16189	5278	1
10165	8522	1
11553	7401	1
20045	20046	1
2289	2290	1
3723	4783	1
3853	4027	1
4838	1746	1
7801	4027	1
2994	696	1
9015	15698	1
7309	6361	1
3826	4027	1
1188	5481	1
12545	12381	1
5481	1188	1
12702	4137	1
20116	19465	1
4608	6450	1
3817	4027	1
11487	1935	1
20117	4266	1
10183	9718	1
4409	4027	1
12456	17241	1
4727	4605	1
9718	10183	1
18950	6283	1
7179	9378	1
4445	4027	1
6897	4027	1
8330	4027	1
3892	4692	1
7804	5594	1
5043	4692	1
5753	4027	1
4020	4027	1
17919	7360	1
6352	4692	1
9031	4692	1
5594	7804	1
7688	7360	1
5188	9389	1
20118	20118	1
5506	11382	1
10118	20039	1
4654	2665	1
16189	12650	1
3849	9790	1
16998	5335	1
2048	1558	1
2408	1558	1
4692	3892	1
9718	6562	1
5950	2399	1
11242	13193	1
8976	4730	1
16982	9483	1
3061	6562	1
8496	3673	1
12274	8026	1
801	19881	1
260	1884	1
3996	2135	1
1008	19881	1
2135	3996	1
12096	10537	1
7470	7470	1
14400	9472	1
20119	4211	1
10831	7465	1
4333	16851	1
8496	12252	1
19250	1191	1
14514	9997	1
17316	5244	1
8977	15810	1
12702	4980	1
16004	12133	1
4552	4102	1
13808	1622	1
15320	1622	1
10434	9250	1
2408	12314	1
5188	20120	1
6562	9718	1
5533	304	1
6562	3061	1
2958	6382	1
3059	3212	1
6765	6382	1
19839	424	1
13429	19148	1
7360	7688	1
5188	7308	1
20121	13512	1
11943	14779	1
9777	15402	1
2723	740	1
4250	2912	1
13574	15226	1
18330	9250	1
1884	260	1
8573	6733	1
15356	14277	1
7411	17591	1
14825	15226	1
20064	664	1
2653	1171	1
10631	3826	1
8972	5343	1
13969	13567	1
4030	2914	1
6211	5240	1
62	54	1
11755	6144	1
17163	16789	1
10765	12861	1
3366	14676	1
19915	19397	1
5984	8836	1
20122	20122	1
7831	10713	1
12500	4605	1
16092	16091	1
14315	14844	1
1622	13808	1
5188	11386	1
19998	20123	1
6822	3458	1
18015	3458	1
13829	5593	1
8506	4777	1
14968	3021	1
16542	8748	1
14887	12988	1
17905	8457	1
6382	6765	1
3021	14968	1
4922	10109	1
1022	6927	1
12970	7986	1
5641	3100	1
3722	4346	1
478	12128	1
6141	15226	1
19866	7421	1
19244	6212	1
13884	15586	1
10161	11387	1
15076	17367	1
4692	1568	1
395	2135	1
9936	13493	1
2578	13493	1
14837	10610	1
10780	902	1
10163	6479	1
5204	5205	1
2904	14172	1
11504	7322	1
4111	5318	1
7416	14876	1
14172	2904	1
5065	11964	1
5972	15226	1
4979	16009	1
4816	5531	1
9369	6193	1
17530	7607	1
5188	12420	1
2994	788	1
12810	12811	1
6211	7930	1
11807	13531	1
17049	17050	1
524	816	1
5066	10023	1
9584	11017	1
9361	7120	1
14821	408	1
1740	6782	1
7120	9361	1
10345	6552	1
6193	9369	1
17944	15226	1
18690	1171	1
6552	10345	1
1171	18690	1
10483	14105	1
12702	11321	1
6842	2142	1
16024	16023	1
8707	3170	1
16189	13598	1
11387	10161	1
5791	7162	1
1535	2185	1
2994	5119	1
2912	4250	1
10520	7088	1
5267	4250	1
16468	5119	1
2017	10905	1
4250	5267	1
11574	12274	1
6783	4106	1
14058	2712	1
13663	6069	1
159	2712	1
11517	15017	1
10610	14837	1
20124	14037	1
20125	14037	1
10774	14837	1
20126	20104	1
8026	12274	1
3004	15017	1
14837	10774	1
13580	15226	1
2994	7193	1
14105	10483	1
13911	13117	1
1410	3547	1
18797	3287	1
16585	16387	1
12274	5819	1
14779	11943	1
20127	18885	1
10470	6171	1
7162	5791	1
14058	8903	1
3458	18015	1
19465	20116	1
20038	8213	1
16062	14749	1
10376	11161	1
6429	18885	1
3688	7432	1
7012	17787	1
8650	6115	1
