13829	5593	1
12587	12743	1
15717	15865	1
3240	3886	1
6371	11722	1
3240	4071	1
4250	2912	1
19907	19906	1
1931	3355	1
13019	7339	1
9342	7339	1
8911	2151	1
1045	4666	1
10962	2260	1
1134	8676	1
3723	3949	1
1269	7339	1
9966	15106	1
12018	19610	1
3138	18852	1
13483	12855	1
3752	4034	1
12348	18852	1
8676	1134	1
12743	12587	1
12498	19914	1
10022	8386	1
4956	6845	1
11233	3462	1
4608	7767	1
7451	19761	1
14831	7767	1
13196	571	1
15520	6260	1
5581	18852	1
10351	9276	1
1727	4171	1
7655	8853	1
902	1002	1
2169	564	1
18852	18853	1
2985	11144	1
7413	9248	1
19798	8296	1
18599	17061	1
13736	17926	1
12466	13014	1
2912	4250	1
4657	12196	1
11572	15008	1
953	7267	1
2532	5822	1
1886	4171	1
10879	10677	1
19915	11445	1
5407	10984	1
12596	9378	1
12848	19074	1
18184	18184	1
6894	6340	1
4034	3752	1
12832	9248	1
4180	400	1
19907	19907	1
3775	4250	1
16774	6340	1
9031	8160	1
9330	6513	1
13787	4318	1
1581	1557	1
16454	16455	1
11812	16591	1
10936	11044	1
15664	4418	1
19906	19907	1
18177	15284	1
16319	19412	1
19915	19626	1
19459	10788	1
7495	7622	1
19626	19915	1
7622	7495	1
15656	12534	1
11445	19915	1
19916	19054	1
375	15422	1
1081	16873	1
16923	15194	1
7868	7204	1
9456	14947	1
12413	14947	1
5065	7175	1
10984	5407	1
6637	6987	1
5417	6089	1
9369	10084	1
19917	12650	1
10857	9250	1
19854	16477	1
5334	1444	1
4810	9723	1
3545	7108	1
2011	1936	1
1060	17031	1
11567	18918	1
6380	6021	1
6380	1483	1
1936	1935	1
5381	10387	1
2011	9483	1
427	1813	1
13877	13289	1
13763	13598	1
11779	13580	1
17926	8305	1
3042	5300	1
16873	1081	1
2483	5382	1
11722	6371	1
15106	9966	1
6363	1238	1
17971	18071	1
8339	8328	1
19918	6207	1
5382	2483	1
17326	17324	1
6765	7543	1
8853	7655	1
8880	6113	1
19919	19919	1
1813	427	1
19920	12795	1
753	8336	1
1390	1746	1
19425	3360	1
797	6503	1
4288	4026	1
797	913	1
18643	14951	1
7604	14226	1
7273	5278	1
14807	7276	1
16517	4522	1
6380	4717	1
14576	6944	1
294	5628	1
16560	18747	1
14951	18643	1
13590	16613	1
1388	5413	1
18803	9683	1
159	924	1
13925	924	1
16355	4751	1
7853	924	1
490	924	1
7819	924	1
5164	11555	1
19701	19701	1
14131	18989	1
1035	6467	1
15520	8854	1
4346	3722	1
5413	1388	1
19921	4084	1
5880	6155	1
19922	11512	1
12413	7143	1
11512	19922	1
10788	19459	1
10660	8029	1
18342	13187	1
5248	5670	1
478	19923	1
1839	7894	1
334	2371	1
12196	4657	1
19102	4657	1
1244	2103	1
19521	19521	1
795	5578	1
294	1119	1
8895	79	1
797	384	1
4171	1727	1
16955	16955	1
9562	12425	1
11798	6056	1
19924	19925	1
4034	4780	1
17250	4873	1
4780	4034	1
15429	10869	1
1762	5599	1
12540	6901	1
2091	2529	1
5329	5329	1
7921	9680	1
19926	19927	1
79	8895	1
3710	3710	1
8677	7082	1
19928	12758	1
150	342	1
4689	6901	1
13257	12758	1
2252	10163	1
13593	2548	1
2578	13493	1
14505	12758	1
14	9680	1
4832	4654	1
5026	3855	1
13	30	1
16570	12252	1
7716	19929	1
10836	12758	1
1936	4260	1
1523	1338	1
3184	1338	1
5334	12175	1
6652	8609	1
6380	5997	1
5723	8609	1
14947	12413	1
7143	12413	1
9516	5113	1
6901	12540	1
30	13	1
17926	13736	1
3274	19856	1
8609	5723	1
8444	8671	1
6380	8935	1
19929	7716	1
16301	2630	1
5599	1762	1
535	15435	1
2011	9204	1
1022	3567	1
8038	8157	1
15523	6738	1
6815	7382	1
5026	5462	1
3244	5335	1
12773	10754	1
5613	12861	1
3824	3822	1
3567	1022	1
5570	5946	1
5812	1756	1
5711	12999	1
753	3069	1
5026	7006	1
6352	4227	1
14367	5878	1
571	13196	1
2894	2737	1
16792	11701	1
5578	795	1
9388	17224	1
12541	8950	1
4250	3775	1
3440	1506	1
10199	12345	1
9704	3215	1
375	12345	1
4049	11950	1
3237	4838	1
6380	71	1
19872	19873	1
12314	19930	1
12758	14505	1
5022	6348	1
8444	768	1
16490	12540	1
9275	12540	1
21	1512	1
17163	16790	1
11530	15469	1
19856	3274	1
19931	15418	1
4330	5286	1
6348	5022	1
4950	8967	1
11830	19403	1
19932	19933	1
1756	5812	1
2496	13781	1
6901	4689	1
127	15786	1
14019	12558	1
12970	7986	1
8328	8339	1
9488	7671	1
11920	6448	1
12558	14019	1
5455	4816	1
13418	5089	1
10988	15362	1
18128	13781	1
5266	4561	1
2496	3723	1
1504	858	1
6380	4568	1
3613	483	1
14876	16255	1
15000	16995	1
797	2182	1
7894	1839	1
6533	1839	1
9586	10903	1
16923	13552	1
7345	10893	1
6380	6234	1
11547	9070	1
19505	19934	1
753	717	1
7731	7179	1
4217	5673	1
7179	9378	1
7108	3545	1
6066	1618	1
16710	4308	1
5455	821	1
10737	535	1
18962	3243	1
17250	11537	1
10274	10274	1
19921	7302	1
768	2835	1
14944	10038	1
12056	3084	1
294	5447	1
1727	1055	1
7242	2835	1
12758	10836	1
387	2571	1
19866	3139	1
14715	8280	1
3338	6059	1
19935	11221	1
19936	11221	1
1839	6533	1
11221	19935	1
3287	585	1
9570	6445	1
5335	3244	1
1071	2835	1
769	2835	1
4654	4832	1
1372	9270	1
12413	11164	1
19866	142	1
4968	205	1
9571	6286	1
12470	14330	1
6097	6095	1
19563	18086	1
5009	7993	1
19936	19936	1
13006	15514	1
6513	9330	1
9300	5546	1
6380	2052	1
9095	3767	1
294	6854	1
13875	72	1
2678	173	1
5546	9300	1
16417	7442	1
19934	19505	1
15194	9409	1
8397	17818	1
2576	16651	1
19899	6927	1
16417	9992	1
16792	4910	1
8609	6652	1
773	6652	1
8280	14715	1
2011	7932	1
16404	7053	1
3723	17061	1
13006	10368	1
5026	10415	1
6927	19899	1
19902	12616	1
9064	74	1
5878	14367	1
14821	11219	1
6167	4090	1
9887	12855	1
11788	12855	1
4759	66	1
3670	16646	1
3413	2039	1
5330	3786	1
5711	16646	1
13552	16923	1
3741	6530	1
9202	6419	1
2011	7501	1
17878	4420	1
2758	10494	1
6380	17061	1
2817	940	1
9428	9428	1
6849	3950	1
12425	9562	1
2884	3940	1
12758	13257	1
142	19866	1
17498	16450	1
2734	16714	1
1647	4164	1
490	261	1
3139	19866	1
11781	14082	1
10900	4164	1
585	3287	1
3950	6849	1
2879	16745	1
15686	95	1
4217	4581	1
10936	14082	1
4977	6035	1
4227	6352	1
4075	3527	1
6530	6213	1
1584	4789	1
14522	14522	1
95	15686	1
3723	2496	1
7053	16404	1
8521	15281	1
5922	5	1
12432	9604	1
16789	16790	1
3020	1869	1
7175	9724	1
15416	3640	1
61	8722	1
10568	6928	1
850	95	1
15833	8076	1
6006	6184	1
8076	15833	1
976	18791	1
1936	2915	1
2011	2915	1
95	850	1
496	1624	1
10626	18791	1
15417	6977	1
2884	1869	1
797	511	1
19354	19937	1
2884	7731	1
10163	2252	1
7179	7731	1
7767	5993	1
11701	16792	1
5089	13418	1
2297	15148	1
19403	11830	1
19938	19939	1
17680	11691	1
5047	3450	1
1987	13851	1
19091	11997	1
5585	3058	1
1746	16654	1
5569	4915	1
5733	15908	1
2039	3413	1
19940	18476	1
6900	7671	1
15908	5733	1
12056	8184	1
624	7850	1
5002	14814	1
2011	5991	1
4984	4605	1
9718	16438	1
8611	5096	1
12394	19941	1
19411	9167	1
6765	2958	1
5893	5047	1
5670	5248	1
16745	2879	1
14816	5806	1
7223	6481	1
18803	7053	1
8782	16304	1
16399	9845	1
3138	5581	1
16804	5806	1
5806	14816	1
18218	19942	1
4217	2434	1
11220	14082	1
15737	2913	1
2011	9426	1
8677	1378	1
17061	3723	1
7002	8206	1
3539	4071	1
9069	5000	1
261	490	1
15148	2297	1
19074	12848	1
5334	428	1
3243	18962	1
8490	2647	1
17231	19601	1
16486	3020	1
1058	2109	1
23	424	1
14226	7604	1
1233	15530	1
9144	2611	1
9356	11058	1
19943	15217	1
2611	9144	1
424	23	1
8204	518	1
4439	7213	1
5316	2142	1
15894	14449	1
15520	8651	1
13851	1987	1
13289	13877	1
8506	8651	1
18747	16560	1
7989	12259	1
237	238	1
1618	6066	1
12519	2356	1
11201	6066	1
16291	1005	1
328	272	1
5598	12587	1
7235	4555	1
10183	9718	1
8141	12771	1
19944	5064	1
7086	4555	1
5806	16804	1
2011	3401	1
19945	19945	1
1461	1428	1
4355	2383	1
6380	5988	1
8206	7002	1
12862	9762	1
12771	8141	1
518	8204	1
15281	8521	1
9584	11017	1
5455	391	1
16255	14876	1
13090	2884	1
11407	11244	1
12117	16731	1
19946	19947	1
16862	15384	1
535	10737	1
1135	842	1
19948	15596	1
5026	5691	1
5129	5129	1
10610	14837	1
8157	8038	1
11746	11746	1
19315	14292	1
5897	5898	1
5026	3412	1
7525	7525	1
16714	2734	1
19949	12470	1
19950	6188	1
7228	13289	1
19890	11690	1
14837	10610	1
5217	5881	1
16836	16715	1
4217	3294	1
5409	3957	1
11690	19890	1
6007	380	1
8722	61	1
698	1560	1
2551	1176	1
8763	12134	1
11997	19091	1
15786	127	1
3957	5409	1
