18184	18184	1
5806	14816	1
16892	16037	1
4836	10856	1
1058	9488	1
10856	4836	1
3315	3545	1
15106	7334	1
14197	3545	1
8386	9287	1
3383	6103	1
9388	17224	1
13770	4122	1
9120	12599	1
9287	8386	1
12664	5161	1
19670	13014	1
2909	10761	1
4154	1282	1
8500	10761	1
6163	307	1
17827	11781	1
7334	15106	1
15194	9409	1
4504	4122	1
18209	16301	1
10435	13808	1
10886	8724	1
19884	12252	1
4346	3722	1
10609	18086	1
18341	1711	1
2154	9217	1
710	467	1
979	5314	1
10179	12111	1
12252	19884	1
8154	2604	1
14740	19788	1
13581	12656	1
18213	5123	1
4786	1913	1
11767	3306	1
15283	13442	1
328	271	1
7138	14016	1
3240	1740	1
13032	1622	1
2154	12802	1
1740	3240	1
5939	414	1
1913	4786	1
5742	4801	1
11938	3462	1
18155	3673	1
17492	17459	1
6163	1545	1
11564	6419	1
2123	1731	1
19885	39	1
5593	13829	1
19353	17251	1
14016	7138	1
17459	17492	1
4007	5180	1
15384	16862	1
9397	18724	1
19886	19887	1
15008	11572	1
4207	4036	1
2420	1009	1
19881	902	1
17539	9436	1
9300	6637	1
1996	9966	1
19403	11830	1
19888	19888	1
496	15547	1
7260	15744	1
5407	5406	1
18724	9397	1
13829	5593	1
15642	2255	1
4668	5691	1
15744	1653	1
11434	15401	1
1653	15744	1
6987	6637	1
12861	5613	1
4444	6637	1
8699	5520	1
1243	705	1
9106	6324	1
9287	8404	1
14375	960	1
8404	9287	1
12670	5240	1
5929	5951	1
7918	6371	1
5520	8699	1
1002	902	1
14657	411	1
4810	6222	1
4025	4162	1
14831	8617	1
4294	8773	1
15547	496	1
835	998	1
5299	19889	1
998	835	1
23	5553	1
7622	7495	1
18515	3250	1
15109	2525	1
3723	3949	1
6371	3444	1
7624	7625	1
455	4383	1
3444	6371	1
12886	2160	1
8651	15520	1
17326	17324	1
10492	6611	1
6781	16722	1
12062	17845	1
10982	5691	1
7495	7622	1
13538	16502	1
10938	19850	1
2148	16502	1
18350	16722	1
19890	1786	1
2613	5282	1
7772	3236	1
15914	6843	1
5868	8628	1
3287	585	1
15628	12008	1
16978	16847	1
7367	3561	1
6611	7776	1
3547	3561	1
6144	3426	1
801	12584	1
10531	1096	1
18605	19891	1
9300	4335	1
6873	19892	1
271	328	1
1886	2202	1
19893	17700	1
1105	6113	1
9777	15539	1
12008	15628	1
7874	9661	1
12450	14956	1
15512	4888	1
14876	16255	1
382	383	1
9704	3215	1
19894	8897	1
3315	2914	1
19852	8380	1
2433	19329	1
12811	12810	1
4034	3752	1
4208	1970	1
6371	9042	1
11233	8173	1
383	382	1
508	431	1
14956	12450	1
12679	10801	1
944	3567	1
6894	6340	1
16482	16482	1
16159	10805	1
19644	9152	1
16063	9152	1
1897	12340	1
4822	6095	1
19810	5455	1
6492	12340	1
9042	6371	1
9276	7409	1
413	414	1
16455	16454	1
4033	4755	1
508	507	1
3950	6177	1
14494	1829	1
1830	1829	1
1008	19881	1
19412	16319	1
5382	15762	1
19895	18408	1
2483	15762	1
5204	5205	1
19234	18408	1
5407	7143	1
18605	19110	1
4464	19896	1
19701	19701	1
13990	17816	1
1856	2110	1
14643	15733	1
18505	7211	1
9837	7079	1
4170	2101	1
18519	19897	1
2908	238	1
11233	11630	1
7413	7258	1
16502	13538	1
1372	9270	1
16893	16894	1
18086	10609	1
7235	4555	1
12152	9816	1
12862	7213	1
15835	2369	1
16255	14876	1
5704	9147	1
15539	9777	1
8776	8263	1
9837	7078	1
6899	9147	1
9141	14597	1
3610	16463	1
3618	2722	1
2749	488	1
488	2749	1
1886	3514	1
508	3514	1
6371	5029	1
2383	4355	1
2734	16714	1
4355	2383	1
2091	2529	1
11421	11865	1
296	1829	1
756	19898	1
1727	4171	1
3950	4409	1
8763	4409	1
6465	7514	1
13671	7259	1
9837	13840	1
11233	4260	1
5818	5110	1
1886	4162	1
15520	7359	1
5029	6371	1
8763	12134	1
14816	5806	1
12345	272	1
14090	9100	1
14831	9100	1
1936	2110	1
14831	19622	1
8404	8404	1
11233	12754	1
11233	718	1
7622	5857	1
9270	1372	1
1155	2109	1
8386	10022	1
7622	4747	1
4398	2113	1
19761	7637	1
7622	16161	1
2601	2602	1
7413	16209	1
2252	10163	1
508	123	1
19866	142	1
1886	1022	1
3950	4027	1
11434	8656	1
9100	17919	1
7622	4426	1
17024	17289	1
1886	3846	1
508	124	1
12217	2154	1
1859	2154	1
12271	12383	1
4838	3237	1
12383	12271	1
19872	19873	1
19842	14151	1
4170	3611	1
14597	9141	1
3920	2154	1
12395	12945	1
19899	18118	1
1886	3208	1
16319	19412	1
18519	18519	1
14831	15106	1
17324	17326	1
4207	8738	1
7622	8222	1
9562	12425	1
4037	19543	1
3315	7108	1
3545	7108	1
4747	8222	1
14197	7108	1
4724	7108	1
13840	9837	1
585	3287	1
7078	9837	1
8763	12024	1
5282	5150	1
5406	5407	1
14151	19842	1
18118	19899	1
1931	3355	1
19899	7651	1
7651	19899	1
10973	6121	1
6765	18695	1
5630	2154	1
18981	6997	1
565	4576	1
17201	11767	1
3723	5111	1
11562	2154	1
7273	5278	1
7466	2154	1
18695	6765	1
5111	3723	1
15520	8854	1
12274	15210	1
16629	17270	1
89	19900	1
3274	19856	1
1919	3045	1
9217	2154	1
8763	6787	1
10163	2252	1
508	4162	1
12802	2154	1
3215	9704	1
16163	11335	1
508	2154	1
3950	6849	1
14831	8280	1
19685	19684	1
4816	15153	1
12862	6849	1
1007	19901	1
3284	2408	1
19674	1190	1
6530	2902	1
7413	8150	1
16646	3670	1
15354	11594	1
5407	12498	1
482	3697	1
14831	10067	1
12450	9075	1
508	5350	1
5980	19626	1
11767	17201	1
5773	3160	1
8188	2185	1
11387	8896	1
7012	3160	1
10294	11521	1
13671	321	1
5278	5748	1
2884	15818	1
14431	11151	1
7622	14117	1
7108	3545	1
7622	2480	1
321	13671	1
11058	11675	1
12498	5407	1
1388	16322	1
11687	7012	1
16322	1388	1
19902	9193	1
8763	4666	1
12340	6492	1
7267	18822	1
10089	10090	1
14814	6424	1
3849	7309	1
17539	11044	1
10842	5722	1
1190	19674	1
8216	5722	1
7442	5722	1
3950	10838	1
3950	5442	1
6052	5722	1
11151	14431	1
13014	19670	1
6014	5722	1
8763	7128	1
2797	216	1
2973	16317	1
1886	3671	1
12593	8336	1
15762	2483	1
6430	18918	1
3235	1412	1
15153	4816	1
8639	5722	1
8336	12593	1
4218	5722	1
8263	8776	1
19903	10350	1
4120	4816	1
12601	12124	1
5488	5722	1
5509	5722	1
5241	8257	1
18565	18565	1
5417	1052	1
19543	6883	1
1552	4217	1
18188	6898	1
4816	14066	1
1756	5812	1
16694	11815	1
16830	5064	1
2077	5446	1
11815	16694	1
4856	4389	1
12534	15656	1
14090	6930	1
9837	13552	1
14066	4816	1
6810	3449	1
4162	4025	1
15706	6883	1
8854	15520	1
13884	13407	1
4009	5064	1
7108	3315	1
13973	6625	1
4287	7006	1
16502	2148	1
10427	8774	1
11618	2091	1
4816	4120	1
9067	6625	1
2154	12217	1
13606	12837	1
1872	19210	1
5278	7273	1
6625	9067	1
16291	4120	1
12837	13606	1
1886	5031	1
9414	11776	1
4868	16778	1
9487	7671	1
13840	4037	1
5266	1619	1
3286	3286	1
4475	2706	1
19856	3274	1
8935	6380	1
10879	7535	1
19335	12403	1
10805	16159	1
18039	18918	1
19210	1265	1
10090	10089	1
828	3274	1
1265	19210	1
9604	12432	1
6982	6844	1
960	14375	1
14022	8668	1
10788	19459	1
7352	7351	1
12134	8763	1
14831	16389	1
8763	6887	1
8911	7451	1
7831	12456	1
2817	7178	1
4626	12728	1
2496	2646	1
12728	4626	1
5026	5027	1
11455	5318	1
16161	7622	1
5318	11455	1
414	5939	1
7006	4287	1
5759	13976	1
10755	9753	1
1163	1163	1
3020	16486	1
8775	13409	1
14947	9456	1
12568	6901	1
9248	2866	1
2646	2496	1
95	70	1
11851	3786	1
15664	6883	1
6901	12568	1
19543	4037	1
2194	833	1
6769	8911	1
4418	15664	1
3296	7257	1
508	12540	1
19873	19872	1
11223	7040	1
5722	7443	1
8305	17926	1
3274	828	1
7413	5096	1
15461	15474	1
3433	1966	1
12456	7831	1
10390	6113	1
13483	12855	1
8934	12855	1
14411	12855	1
6785	1641	1
16486	3020	1
1005	6458	1
8469	1897	1
1188	6506	1
6371	8501	1
6163	19598	1
14328	6883	1
8911	6769	1
7178	2817	1
14837	10610	1
14351	17926	1
7602	2912	1
7012	11687	1
2912	7602	1
1839	1987	1
12274	15572	1
17581	18304	1
4950	3160	1
3258	17701	1
19904	19905	1
7622	9276	1
14090	17409	1
10066	8966	1
8609	5723	1
19074	12848	1
10759	6348	1
842	1135	1
17816	13990	1
10255	16708	1
3235	7110	1
8685	7411	1
1987	1839	1
6637	9300	1
4335	9300	1
15320	11521	1
3605	13393	1
3950	9314	1
185	8258	1
14375	959	1
9753	10755	1
3950	3826	1
1994	19772	1
508	593	1
4026	4288	1
19815	19815	1
1135	842	1
342	150	1
4608	6481	1
9488	9234	1
15300	6892	1
5835	15179	1
6419	11564	1
16560	18747	1
19906	19907	1
5088	579	1
18383	11943	1
15838	13778	1
16298	3822	1
10879	7318	1
13778	15838	1
19908	8466	1
8296	19798	1
11567	18918	1
3614	19798	1
5485	3794	1
905	5979	1
3559	5630	1
959	14375	1
18747	16560	1
19866	3139	1
508	1215	1
16714	2734	1
18604	10118	1
10879	14131	1
18989	14131	1
8492	8492	1
12053	14131	1
17926	14351	1
19909	19909	1
8773	4294	1
13574	15226	1
11798	7927	1
3274	5499	1
11513	9488	1
4801	5742	1
19763	10118	1
8763	6729	1
17232	4131	1
5678	13787	1
12259	7989	1
3722	4346	1
8501	6371	1
11847	11847	1
1619	5266	1
12810	12811	1
2912	4250	1
11798	13200	1
6371	9895	1
8609	6652	1
8763	19482	1
3830	131	1
1149	7444	1
19715	943	1
12545	12381	1
3111	2686	1
2525	15109	1
1096	10531	1
19910	19702	1
9895	6371	1
3139	19866	1
8950	12541	1
7933	17513	1
19598	6163	1
8763	4662	1
15579	6158	1
5898	5897	1
2403	5625	1
12209	2331	1
5625	2403	1
11455	3297	1
13392	12899	1
7367	896	1
8868	13980	1
19702	19702	1
7514	11779	1
6348	5022	1
13580	11779	1
8160	9031	1
17539	13267	1
634	11080	1
7413	6564	1
17265	10118	1
4250	2912	1
492	14248	1
15520	6564	1
9837	14182	1
7306	10993	1
13042	1642	1
11233	2546	1
15865	15717	1
17381	7225	1
19304	207	1
9488	14265	1
7040	11223	1
1847	1847	1
19911	207	1
3240	4071	1
16355	4751	1
19912	1566	1
1566	19912	1
3920	3500	1
19697	19697	1
19913	19913	1
1642	13042	1
2255	46	1
3355	1931	1
