3283	18653	1
6783	16265	1
13621	16150	1
11397	5892	1
3954	2234	1
15911	15039	1
3091	644	1
14929	17785	1
7416	14876	1
7002	8206	1
19788	14740	1
13030	9144	1
13586	4051	1
14197	3315	1
1166	2192	1
4836	4950	1
2192	1166	1
2480	9330	1
13973	10984	1
5972	7465	1
12787	5150	1
6367	11767	1
7465	5972	1
7000	10464	1
13006	10368	1
11751	8358	1
7179	9378	1
8700	6562	1
8833	50	1
5920	11124	1
4106	6783	1
12196	4657	1
16023	16024	1
8929	5008	1
6256	1954	1
5894	6783	1
4726	6783	1
2420	15032	1
8903	15691	1
4890	7309	1
17978	3086	1
444	76	1
2136	11043	1
19225	11351	1
14197	3545	1
4657	12196	1
15691	8903	1
11767	10250	1
4968	2560	1
6122	6017	1
4571	4488	1
6931	11812	1
8843	7367	1
16209	3085	1
4113	5482	1
902	1002	1
6813	7481	1
139	853	1
11943	10799	1
19915	19626	1
17221	2642	1
16355	4751	1
19987	18969	1
5119	4873	1
824	2017	1
5694	2776	1
11804	11804	1
19044	6352	1
19972	228	1
3945	18583	1
12029	8402	1
4981	14603	1
5258	10856	1
15021	6344	1
16716	7042	1
7858	5929	1
3722	2712	1
13600	2104	1
11528	3618	1
5258	3160	1
5413	1388	1
3965	6241	1
10738	6883	1
4439	7345	1
8184	8864	1
19981	6056	1
12351	5531	1
19988	19989	1
16021	3160	1
3965	6059	1
16956	6344	1
8184	3240	1
4981	9022	1
1512	613	1
13140	3170	1
17452	9723	1
625	2936	1
271	272	1
4965	3240	1
10061	9250	1
7366	5262	1
10252	9554	1
8501	6371	1
6909	6909	1
16933	10784	1
6135	3196	1
2276	2658	1
2242	6242	1
19890	1786	1
8599	4657	1
5862	13023	1
19985	11521	1
15320	11521	1
6084	7695	1
19972	334	1
4250	5540	1
5266	1619	1
16855	5294	1
846	1371	1
19542	19542	1
888	887	1
4227	5111	1
1307	14153	1
18519	18519	1
8843	19990	1
19485	11513	1
13100	5120	1
518	3202	1
8036	14699	1
1843	252	1
3965	9391	1
4759	4759	1
2237	12504	1
15116	15115	1
3274	19856	1
846	1797	1
491	5423	1
19945	2690	1
6017	6122	1
13842	3537	1
5248	5670	1
4036	5670	1
3965	8803	1
2242	1483	1
5670	4036	1
11588	17334	1
4159	4879	1
4051	13586	1
7334	6206	1
12233	11077	1
19729	19729	1
19991	7862	1
3965	4084	1
2936	625	1
6163	1545	1
1323	6155	1
19992	13227	1
1843	1465	1
7345	4439	1
16488	18020	1
4994	1545	1
3196	6135	1
1544	1545	1
6363	15044	1
1745	3666	1
11439	5882	1
7551	908	1
19551	14886	1
4438	19432	1
14876	9546	1
1134	15044	1
492	860	1
3727	3726	1
19575	19521	1
15115	15116	1
14699	8036	1
10003	7334	1
10435	13808	1
10799	11943	1
12551	15044	1
19972	19972	1
10574	15044	1
4415	1558	1
5258	7012	1
3965	5051	1
3965	8609	1
5750	2399	1
2276	382	1
18184	18184	1
15744	515	1
1506	2126	1
14263	3333	1
1022	181	1
5354	7209	1
6084	6270	1
17321	15435	1
6242	2242	1
16636	15918	1
13600	1714	1
7228	13289	1
3965	2390	1
4981	5882	1
2276	13955	1
8490	2647	1
9141	14597	1
11767	6367	1
8975	14715	1
9144	13030	1
7858	5630	1
7012	3160	1
11830	19403	1
1506	14443	1
19985	16009	1
4034	2496	1
12086	11439	1
6783	4726	1
3537	13842	1
5773	3160	1
17	98	1
6630	4597	1
3041	2496	1
5190	2017	1
10346	10345	1
2690	19945	1
1188	7680	1
4597	6630	1
15464	7535	1
9753	2010	1
2646	7857	1
9280	3109	1
11372	6898	1
19521	19575	1
16892	16037	1
5120	13100	1
2017	824	1
12117	3109	1
4910	16792	1
5581	3138	1
5248	4207	1
4981	3965	1
1506	629	1
5374	3109	1
6944	5708	1
3109	5374	1
595	7480	1
8909	12096	1
10164	6270	1
19757	19757	1
2496	4034	1
14153	1307	1
11134	18710	1
4030	2914	1
11439	14676	1
7209	5354	1
6084	4107	1
144	19962	1
11265	15411	1
13903	1063	1
27	5	1
3965	12381	1
19432	10869	1
5922	5	1
5111	4227	1
5	5922	1
5710	8137	1
4812	4832	1
8184	14930	1
805	4489	1
10457	4034	1
11844	12795	1
4034	10457	1
4910	9769	1
8068	14353	1
3215	9704	1
19312	9704	1
17787	7104	1
10435	1622	1
18643	18643	1
8843	16098	1
14597	9141	1
5258	5773	1
1081	9409	1
19403	11830	1
677	6892	1
3965	5353	1
1897	8031	1
4910	3546	1
19856	3274	1
7858	6296	1
16358	496	1
4452	4452	1
472	473	1
7670	7671	1
19432	4438	1
4180	400	1
1506	7810	1
3356	15169	1
19993	123	1
2110	2011	1
14676	11439	1
13513	14321	1
1987	13851	1
4657	4885	1
3596	14321	1
17863	439	1
9546	14876	1
4489	805	1
2106	14321	1
6708	4843	1
14182	14182	1
14382	14321	1
9704	19312	1
7309	4890	1
6371	8501	1
14876	7416	1
4346	4345	1
8092	16486	1
19994	11746	1
11372	15438	1
4355	2383	1
2480	3333	1
13129	5466	1
2596	3196	1
123	19993	1
3965	3966	1
6007	14079	1
15039	15911	1
8358	11751	1
2673	3161	1
13851	1987	1
17289	7238	1
19784	19785	1
5041	6441	1
524	816	1
3268	3925	1
4451	5123	1
2017	5190	1
3723	3949	1
1456	3949	1
17016	7560	1
12593	8336	1
14353	8068	1
18179	7416	1
18695	11655	1
11372	6158	1
1506	858	1
5650	8243	1
6273	4730	1
3925	3268	1
6193	9369	1
6376	19995	1
3965	2379	1
11439	9407	1
9479	9479	1
4981	6059	1
5069	4616	1
110	5110	1
15106	7334	1
1506	4346	1
10341	357	1
7257	5922	1
5896	7481	1
19193	19193	1
1063	13903	1
3623	12748	1
1390	1746	1
831	842	1
15774	14314	1
12584	10206	1
11602	16813	1
12886	2160	1
6562	8700	1
17324	17036	1
16444	16444	1
17787	5164	1
1506	4788	1
19679	11779	1
4597	3826	1
439	17863	1
16892	18908	1
3109	12117	1
18710	11134	1
2496	3041	1
8128	6402	1
6441	5041	1
8521	14148	1
4415	395	1
11514	7334	1
1506	3412	1
3965	4981	1
8843	3878	1
11720	5830	1
1674	15745	1
3333	15866	1
4397	14011	1
10569	2242	1
6084	1238	1
6084	8820	1
2276	764	1
8137	5710	1
414	413	1
14335	11731	1
846	3176	1
887	200	1
3650	2288	1
8843	14277	1
5354	12758	1
6343	3358	1
6530	17431	1
12758	5354	1
10639	5314	1
16627	3382	1
6084	8259	1
9580	19514	1
3825	7465	1
6496	14163	1
8184	3177	1
12587	13390	1
9845	16399	1
8078	10749	1
11121	1651	1
518	6670	1
3109	9280	1
6417	15071	1
6060	6816	1
17592	14163	1
12568	6901	1
819	976	1
80	12537	1
380	1558	1
14165	6901	1
6760	6759	1
17785	14929	1
14172	14027	1
9330	2480	1
3333	2480	1
11472	1597	1
19802	17797	1
4216	10722	1
17797	19802	1
7858	7196	1
16037	16892	1
12540	6901	1
2332	13593	1
7639	6901	1
7602	5699	1
11565	4946	1
12512	4375	1
2139	2273	1
12748	3623	1
5699	7602	1
2573	2571	1
12799	12799	1
4176	8998	1
8843	10938	1
9722	13589	1
16024	16023	1
926	16960	1
7714	8748	1
387	2571	1
14197	7108	1
7989	13528	1
3545	7108	1
2383	4355	1
13528	7989	1
4810	5314	1
12886	19996	1
19802	11967	1
887	888	1
200	887	1
8280	4037	1
3745	5342	1
17180	5342	1
9704	3215	1
4037	8280	1
12537	80	1
271	6899	1
16855	12175	1
2810	1009	1
10080	14699	1
19286	13609	1
8785	6849	1
756	2261	1
10826	6849	1
12340	1897	1
2893	5445	1
1619	5266	1
19997	19998	1
6901	12540	1
17792	6107	1
11564	6419	1
9202	6419	1
16523	4034	1
12881	15792	1
19257	6419	1
9200	6419	1
10007	6419	1
6086	12321	1
5375	6419	1
349	1759	1
