1051	2446	1
19951	19951	1
11472	11472	1
8611	5096	1
3136	11132	1
1032	5390	1
11132	3136	1
16414	16055	1
15106	9966	1
3665	11124	1
9144	2611	1
9350	19952	1
4217	13014	1
14449	15894	1
2091	2529	1
1936	2011	1
2884	1869	1
7469	9239	1
2091	2091	1
18396	3479	1
16387	16585	1
7416	14876	1
4522	16517	1
9239	7469	1
5217	5881	1
8244	4873	1
2252	10163	1
12217	2154	1
14239	16229	1
7731	7179	1
19953	7155	1
753	1237	1
9966	11514	1
8959	4947	1
4341	3250	1
380	6007	1
9966	15106	1
6352	19044	1
13418	5089	1
15530	1233	1
16229	14239	1
16517	4522	1
1441	1512	1
14280	7930	1
4034	3752	1
4657	12196	1
12196	4657	1
12572	16703	1
133	3721	1
15005	16205	1
624	2206	1
9251	10389	1
3373	1833	1
8894	447	1
753	5678	1
11514	9966	1
9786	4375	1
9270	1372	1
624	3263	1
19954	18798	1
9786	9409	1
5773	3160	1
19955	10179	1
7486	5894	1
13193	9067	1
6552	16773	1
6243	8421	1
12481	12899	1
5678	9409	1
4164	10900	1
2546	2611	1
1084	8390	1
19956	2439	1
8333	8676	1
3491	3490	1
2884	4422	1
7188	4038	1
18428	14182	1
5678	753	1
1237	753	1
3244	19957	1
8830	4038	1
6243	5706	1
5533	304	1
2776	272	1
156	2771	1
717	753	1
11513	9377	1
17031	14182	1
5299	19889	1
8336	753	1
13455	4816	1
19363	5335	1
2884	3240	1
1039	5533	1
14951	18643	1
16438	9718	1
7351	7352	1
16703	12572	1
9477	12572	1
7345	10893	1
2242	6242	1
1064	12899	1
13104	5824	1
19729	10226	1
19915	19626	1
17711	4102	1
9032	14277	1
3020	16486	1
1838	4084	1
1229	10164	1
5650	8243	1
19957	3244	1
16304	8782	1
9032	4605	1
15877	19675	1
3767	9095	1
3296	222	1
7595	7592	1
12899	1064	1
19927	19926	1
18292	13927	1
10537	4857	1
11830	19403	1
15516	13927	1
6844	6758	1
10749	5354	1
4084	1838	1
17323	15235	1
12367	12777	1
18643	14951	1
14929	17785	1
19403	11830	1
5060	8031	1
6844	7644	1
16601	12104	1
3212	2909	1
18145	6047	1
17785	14929	1
9570	6445	1
5335	19363	1
8976	7106	1
974	1571	1
842	1135	1
10660	8029	1
6188	19950	1
9786	6700	1
16654	1746	1
12520	12520	1
12134	8763	1
2884	13090	1
1390	1746	1
10810	8139	1
5706	6243	1
1361	1746	1
3296	141	1
11767	10250	1
11773	14069	1
2642	17221	1
1478	7775	1
16024	16023	1
9704	11899	1
11144	2985	1
5266	4561	1
4038	8830	1
18730	4907	1
16257	19958	1
6844	5503	1
6073	9397	1
6167	4090	1
3082	5282	1
8763	12134	1
2884	1022	1
18851	17676	1
8699	5520	1
1512	1441	1
19866	3139	1
380	2202	1
11767	16729	1
5520	8699	1
19702	19910	1
8139	10810	1
11734	5693	1
4939	7138	1
2397	6270	1
15147	10120	1
4073	7566	1
238	237	1
11513	13193	1
6844	5736	1
13493	2578	1
1786	1756	1
9032	6294	1
9067	13193	1
8259	8327	1
1756	1786	1
6184	6006	1
12748	2902	1
8976	4409	1
12238	13621	1
11789	19868	1
10761	8500	1
6781	7831	1
342	150	1
2051	1558	1
9487	5847	1
3021	7602	1
7602	3021	1
15115	15116	1
9789	18297	1
2936	625	1
1775	997	1
4747	5782	1
15786	424	1
3752	4034	1
19959	9501	1
12367	13808	1
3296	71	1
9369	6193	1
861	37	1
1461	1428	1
7066	12726	1
1106	8032	1
19626	19915	1
11033	11427	1
6730	7345	1
19607	13479	1
5711	12999	1
19894	8897	1
15115	13479	1
6510	19877	1
11506	11043	1
9786	11043	1
6135	7535	1
5813	3568	1
8259	4107	1
229	70	1
6243	11758	1
13393	3605	1
6706	16947	1
19905	19904	1
18264	11361	1
13479	19607	1
8259	8820	1
3903	3004	1
7566	4073	1
17758	13474	1
12450	19391	1
9487	651	1
4355	2383	1
3258	7602	1
18509	16947	1
7602	3258	1
7345	6730	1
8528	13554	1
5600	7861	1
2383	19855	1
6082	5723	1
16947	2902	1
11758	4755	1
19855	2383	1
8141	12771	1
18036	5972	1
16855	12274	1
12274	16855	1
15000	16995	1
15554	14502	1
18428	18046	1
8974	16129	1
2496	4034	1
15436	5357	1
16129	8974	1
795	5578	1
12728	4626	1
424	6928	1
5673	17105	1
8038	8157	1
19505	19934	1
6844	8935	1
4881	7555	1
14182	9837	1
13552	9837	1
5981	6155	1
887	200	1
1512	613	1
10457	11773	1
12661	7913	1
15334	4001	1
6257	2863	1
19960	18895	1
19866	142	1
19853	15724	1
17437	8181	1
11487	18730	1
5248	5670	1
16209	3085	1
12572	9477	1
1040	2114	1
12772	1081	1
14876	16255	1
886	4179	1
7411	8685	1
6243	7328	1
4092	7328	1
19374	14459	1
7622	7495	1
16951	7291	1
11883	8668	1
8973	19082	1
3723	3949	1
5455	19961	1
8073	906	1
5297	5774	1
11415	11563	1
2776	16345	1
14522	8935	1
18730	11487	1
14353	13331	1
12587	5598	1
7108	3545	1
16541	5598	1
959	14375	1
4393	3138	1
414	5939	1
3138	4393	1
12340	1897	1
3545	7108	1
8184	15818	1
3296	5922	1
5357	15436	1
15724	19853	1
3297	11455	1
200	887	1
8811	4883	1
6844	14443	1
1746	16654	1
8071	14947	1
2884	2611	1
1506	3440	1
906	8073	1
9487	10831	1
1897	6863	1
1727	4006	1
6073	18319	1
265	266	1
3085	16209	1
16789	16790	1
14353	4020	1
12726	7066	1
17787	5164	1
12450	4489	1
19633	19877	1
15537	14449	1
4451	5123	1
4450	5123	1
3479	18396	1
19962	89	1
7060	6193	1
11129	12539	1
8899	15470	1
6073	6832	1
1229	1247	1
1926	1653	1
1064	6267	1
11376	5041	1
16486	3020	1
3440	1506	1
8609	6652	1
19963	2368	1
6073	4666	1
14146	19964	1
1812	1199	1
12345	375	1
2376	11563	1
11390	6863	1
8685	7411	1
294	5434	1
7893	14820	1
12593	6781	1
6193	7060	1
7671	6900	1
2099	1176	1
1653	1926	1
13829	5593	1
16166	11552	1
10466	86	1
4034	2496	1
4647	6863	1
32	45	1
14375	959	1
7137	6863	1
12617	5510	1
12661	697	1
12539	11129	1
19315	5642	1
5	5922	1
6863	4647	1
16345	2776	1
4755	11758	1
2884	3376	1
18071	17971	1
6242	2242	1
17081	6730	1
1063	13903	1
19965	8974	1
4763	4830	1
8974	19965	1
6267	1064	1
11048	7416	1
9575	2776	1
9786	2203	1
9246	8176	1
16947	9483	1
5598	12587	1
14353	6897	1
3722	4346	1
4345	4346	1
13289	13877	1
16355	4751	1
13104	12535	1
8241	9600	1
1996	3547	1
10339	10339	1
10405	10827	1
16758	16758	1
5678	3453	1
4822	16758	1
3453	5678	1
9032	5941	1
8379	7995	1
19966	19716	1
12254	10002	1
4621	10002	1
4033	12899	1
1040	2641	1
12898	6977	1
18158	8150	1
8157	8038	1
9786	11406	1
13877	13289	1
3004	3903	1
16947	18509	1
5485	5723	1
2884	4163	1
15056	3673	1
17324	17326	1
5723	5485	1
19964	19964	1
6127	12252	1
7861	5600	1
6652	8609	1
8651	8506	1
5110	5818	1
12544	19967	1
10749	3315	1
14431	5726	1
5726	14431	1
8137	5710	1
9144	13030	1
9546	4741	1
924	7853	1
2426	8894	1
5715	4983	1
17251	19353	1
3115	8888	1
89	19962	1
9786	9365	1
5510	12617	1
17872	17872	1
