6343	18963	1
8907	511	1
3017	1777	1
5715	12862	1
11297	10815	1
2646	7857	1
4036	5248	1
20042	20043	1
9249	8587	1
12886	6267	1
13925	9392	1
20032	20032	1
5248	4036	1
8454	4686	1
5893	2284	1
15234	16941	1
16817	6721	1
4532	16941	1
9936	2578	1
4474	4260	1
18197	18197	1
19165	17861	1
20055	19918	1
4956	8420	1
6267	12886	1
1490	2066	1
14180	10067	1
19702	2169	1
4743	5411	1
12073	7519	1
10067	14180	1
9368	13267	1
2911	7481	1
14180	14180	1
1096	2902	1
7334	11514	1
8611	8150	1
11407	11244	1
8222	7481	1
15440	9409	1
12076	5466	1
14027	14027	1
11514	7334	1
6395	20039	1
17923	7944	1
16523	14969	1
3170	8707	1
19363	5335	1
16024	16023	1
1934	6393	1
16450	9015	1
9864	13174	1
15044	6363	1
3017	18583	1
17052	1880	1
7764	3768	1
3017	5349	1
16668	15911	1
7225	13268	1
9704	18556	1
2443	2443	1
9897	7891	1
15911	16668	1
4260	4474	1
5474	5490	1
2198	9731	1
13323	10285	1
20051	16834	1
10374	14837	1
9255	5009	1
5000	16209	1
717	3009	1
2169	564	1
13323	1910	1
11859	11858	1
3339	3522	1
2172	5743	1
7004	12900	1
8907	5690	1
7449	8699	1
3738	5359	1
14969	16523	1
8615	14172	1
13323	9391	1
4092	19637	1
11259	7859	1
13323	4977	1
12862	5715	1
12351	2698	1
9330	6513	1
8336	11047	1
11047	8336	1
4246	15561	1
15865	15717	1
7334	9966	1
15428	16037	1
10537	7452	1
7088	8280	1
7622	9276	1
3138	858	1
5581	858	1
7179	9378	1
4217	1329	1
13707	11071	1
8615	14628	1
580	7481	1
10566	7481	1
20045	20046	1
6578	4747	1
4977	19850	1
940	5110	1
2675	18841	1
19335	11767	1
16851	3453	1
11701	4519	1
9276	7622	1
7560	238	1
16761	2452	1
1077	12899	1
12598	12006	1
4934	3225	1
16388	12899	1
16009	20036	1
7449	14025	1
3138	18853	1
4047	6052	1
5170	1842	1
2677	6052	1
4577	3697	1
7452	7988	1
7988	7452	1
13933	16892	1
16068	10737	1
5817	4195	1
7449	13378	1
8014	17697	1
10180	6113	1
8928	7215	1
11836	14058	1
6320	6059	1
4546	2109	1
19553	14522	1
5335	19363	1
511	1572	1
10109	4922	1
9369	7291	1
2346	7291	1
14001	1921	1
3704	3391	1
1155	11714	1
20056	20056	1
13925	13926	1
20037	2624	1
20057	20057	1
5041	5351	1
20058	2093	1
11047	12593	1
20059	20060	1
4355	2383	1
9897	10067	1
17543	9388	1
11709	7893	1
15717	15865	1
18190	16520	1
13323	4431	1
18780	6496	1
4270	2590	1
12006	12598	1
5351	5041	1
13926	13925	1
7397	4205	1
13781	20061	1
16807	13554	1
3835	12217	1
4389	4856	1
6777	9028	1
10461	9992	1
9897	6507	1
5170	10754	1
12593	11047	1
13174	9005	1
13323	8803	1
580	1145	1
3275	4023	1
9273	1127	1
6765	5799	1
6037	5540	1
10806	5799	1
12345	19515	1
11858	11859	1
9897	5540	1
3275	1135	1
6551	4061	1
17825	17859	1
3017	12902	1
5972	9266	1
334	19148	1
5300	3042	1
7859	11259	1
7449	2537	1
4735	3166	1
5206	18853	1
7639	12568	1
19165	16911	1
5354	7209	1
7657	3669	1
5206	5882	1
16	974	1
14037	20062	1
20061	13781	1
19148	334	1
3723	3949	1
3799	4760	1
5817	14522	1
9503	1041	1
1700	437	1
13141	13141	1
5411	4743	1
3297	11455	1
2297	5691	1
14451	4743	1
5799	6765	1
9897	6783	1
18304	17581	1
7921	9680	1
16023	16024	1
1572	511	1
16962	18040	1
5715	4561	1
6578	2543	1
20063	7753	1
9966	7334	1
1127	9273	1
252	6022	1
4664	6783	1
80	9945	1
8587	9249	1
2051	1558	1
4748	14646	1
2043	2863	1
2123	672	1
11836	10319	1
1731	672	1
2911	9250	1
4947	8959	1
6931	6812	1
6376	5731	1
4816	15153	1
14754	13350	1
2383	4355	1
4445	4724	1
4466	19824	1
564	4457	1
18040	16962	1
7334	6206	1
3004	3903	1
14968	5563	1
19969	10973	1
3338	4176	1
9378	7179	1
6513	9330	1
5791	20022	1
9266	5972	1
14431	8941	1
2965	7078	1
3949	3723	1
19165	6649	1
2578	13493	1
3017	6700	1
9936	13493	1
12582	5042	1
3978	5125	1
8902	2915	1
6314	15067	1
6135	5415	1
6898	11372	1
1693	222	1
511	8907	1
2604	9300	1
11031	6901	1
14825	15226	1
15061	11457	1
9325	6901	1
11372	6898	1
8515	16601	1
2569	7673	1
12758	13307	1
14165	6901	1
9897	5691	1
3333	8616	1
9518	9300	1
5206	5691	1
4060	2379	1
10299	10299	1
19335	12403	1
11773	11416	1
13119	6321	1
19567	5970	1
9897	9389	1
8676	3190	1
8587	14069	1
3344	6034	1
5548	11946	1
6813	7481	1
8941	14431	1
8619	7481	1
9897	9863	1
4534	5622	1
9897	3240	1
3768	7764	1
17818	8397	1
7772	11899	1
1176	15818	1
16516	15818	1
4287	6901	1
7225	15810	1
3275	5430	1
18963	6343	1
8902	4154	1
15810	7225	1
14715	5325	1
254	11219	1
14969	3945	1
20064	10831	1
6120	10067	1
2873	10067	1
10067	6120	1
13323	8932	1
13323	12568	1
13268	7225	1
20039	11397	1
19335	15911	1
9031	4692	1
12598	11416	1
11630	20027	1
14876	7416	1
18212	2902	1
7291	2346	1
6465	12940	1
5206	5796	1
20065	20065	1
9138	6788	1
18306	2368	1
3017	1009	1
6188	371	1
5206	6234	1
12340	2297	1
19356	10067	1
5563	14968	1
15792	12881	1
371	6188	1
9330	4613	1
9897	14930	1
14212	13529	1
5593	13829	1
4922	10109	1
13350	5893	1
10067	15749	1
578	2109	1
3623	2902	1
578	578	1
19019	6080	1
5288	4490	1
5325	14715	1
6234	5206	1
5796	5206	1
3817	8967	1
4822	6095	1
7551	18543	1
2578	385	1
19824	4466	1
6901	9325	1
18296	4814	1
580	2085	1
580	7476	1
13323	3965	1
7657	5573	1
19336	19336	1
5573	7657	1
20066	20066	1
6343	5893	1
10067	19356	1
7868	10330	1
8374	1096	1
9897	18653	1
5893	6343	1
17418	1459	1
16677	9713	1
15418	1081	1
3144	6266	1
20067	20067	1
11836	14335	1
2048	385	1
15599	9992	1
12832	2018	1
9202	13590	1
17588	17588	1
17098	7739	1
12881	15792	1
14901	14073	1
5623	5783	1
14265	14382	1
20068	95	1
6667	7753	1
19839	6928	1
9479	16802	1
10835	5155	1
95	20068	1
13323	12540	1
15561	4246	1
4903	8963	1
11836	8260	1
4490	5288	1
6079	7895	1
9966	15106	1
8295	19866	1
13493	9936	1
5893	13350	1
2578	9936	1
2428	7858	1
11397	20039	1
12259	7989	1
10299	11773	1
13586	4217	1
5893	4250	1
6649	8899	1
7291	9369	1
4250	5893	1
11773	10299	1
9015	16450	1
3275	12562	1
11161	3170	1
5506	11382	1
10611	15664	1
7895	6079	1
6207	20055	1
3225	4934	1
19993	16343	1
8902	1401	1
12568	6901	1
7185	2134	1
6080	19019	1
8615	14027	1
4760	3799	1
2698	12351	1
8461	6156	1
11379	11816	1
385	2578	1
1584	876	1
20069	10469	1
7850	3182	1
11899	7772	1
18478	20070	1
9078	7066	1
7711	16503	1
6441	6361	1
9436	17758	1
2276	3611	1
7360	17919	1
5160	1005	1
6901	12568	1
12598	11773	1
19397	19915	1
20064	7465	1
15106	7334	1
5110	940	1
3275	4302	1
714	4302	1
4250	2912	1
8071	16535	1
2912	4250	1
5862	13023	1
13323	5888	1
15440	3120	1
8902	3010	1
5743	2172	1
2691	518	1
1257	6325	1
7334	15106	1
3818	2019	1
5359	3738	1
7449	6562	1
6507	2646	1
2941	10663	1
2646	6507	1
20071	20072	1
13529	14212	1
518	2691	1
11946	5548	1
6144	13816	1
10737	15435	1
8899	6649	1
8333	7695	1
3502	20073	1
4217	13586	1
12381	12545	1
912	4211	1
6788	9138	1
18128	20061	1
16358	10765	1
12672	10054	1
21	1512	1
8451	10765	1
3258	4033	1
6465	6020	1
3275	2498	1
13630	10068	1
4033	3258	1
10469	20069	1
3249	10765	1
5970	19567	1
7868	10765	1
13119	3450	1
12861	10765	1
14923	13826	1
20053	7655	1
12748	2902	1
12748	18212	1
7337	4666	1
13809	17944	1
18212	12748	1
6465	6069	1
15599	10620	1
10836	12758	1
20074	13951	1
17917	20075	1
113	131	1
19451	19450	1
7989	12259	1
238	7560	1
19702	5774	1
2017	824	1
20076	16132	1
15274	3723	1
12124	12601	1
6144	11755	1
10575	6883	1
6812	6931	1
20060	20059	1
6127	12899	1
4011	7560	1
18121	14287	1
2496	2646	1
3945	14969	1
13410	13117	1
20076	12322	1
16091	16092	1
7858	2428	1
12322	20076	1
17944	13809	1
20077	17829	1
11755	6144	1
1814	6908	1
11397	5892	1
11564	2331	1
8027	17365	1
14907	14907	1
5020	1412	1
385	2048	1
2907	1117	1
6584	4217	1
6171	10470	1
9374	13807	1
4258	446	1
3240	9897	1
9897	11043	1
5898	5897	1
11223	13807	1
1859	5088	1
1135	18987	1
967	4132	1
20076	20076	1
13593	20076	1
9945	80	1
3863	80	1
8422	6844	1
18653	11047	1
11047	18653	1
1620	1619	1
8934	9222	1
14837	10374	1
10765	8451	1
8867	8451	1
19826	16845	1
16942	9836	1
19383	5247	1
13599	6428	1
2579	18987	1
5690	14420	1
4445	2355	1
17255	17255	1
13174	8749	1
10067	9472	1
4956	6845	1
13807	9374	1
16845	19826	1
