5887	6419	1
5526	4221	1
10791	1941	1
13586	4217	1
4946	14844	1
2288	3650	1
1651	11121	1
10146	11300	1
4159	3852	1
4034	16523	1
16523	4034	1
5354	5897	1
1182	6278	1
3559	527	1
19999	20000	1
3825	973	1
7108	14197	1
10611	15664	1
8929	6187	1
11812	6931	1
10296	6073	1
5041	6441	1
653	6892	1
12773	10754	1
6816	6060	1
2433	16523	1
20001	9239	1
11602	18644	1
4890	7309	1
5897	5354	1
11300	10146	1
11133	18644	1
7265	14117	1
11967	19802	1
768	1704	1
11588	8030	1
10345	10346	1
157	1704	1
1514	1704	1
8836	9610	1
9845	477	1
14676	11439	1
1703	1704	1
20002	7375	1
89	12121	1
1512	1441	1
2172	5977	1
13900	15044	1
208	655	1
9330	14117	1
7370	15792	1
7404	9610	1
8333	15044	1
9609	9610	1
13586	4051	1
10736	15044	1
4025	2666	1
13808	10435	1
4043	1704	1
8843	5942	1
18730	4907	1
11134	18710	1
1237	15044	1
16091	19836	1
18710	11134	1
1622	10435	1
8036	15044	1
1268	2017	1
15044	8036	1
14011	4397	1
16631	10435	1
1072	3590	1
10869	19432	1
4246	15561	1
11777	9610	1
15024	7452	1
6039	15044	1
17971	18071	1
7308	12670	1
13032	10435	1
4438	19432	1
8843	7466	1
9477	15044	1
4822	6095	1
7495	7622	1
535	9610	1
13119	10435	1
9997	9610	1
11439	12086	1
271	272	1
12670	7308	1
19432	10869	1
4375	11161	1
1608	9610	1
12022	9610	1
15668	15006	1
5051	6059	1
5051	2379	1
11161	4375	1
20003	9757	1
15277	6270	1
4333	2543	1
7966	19432	1
3149	7345	1
8870	550	1
2911	7481	1
7108	3545	1
1105	6113	1
15000	16995	1
13877	6113	1
6900	7821	1
18644	11133	1
9104	13582	1
5051	3965	1
7215	7625	1
18747	16560	1
13794	14079	1
1987	9371	1
5342	3745	1
9314	8192	1
1402	2284	1
12871	6113	1
4013	15006	1
10180	6113	1
16205	15006	1
9299	6113	1
13030	9144	1
12946	2543	1
7487	5897	1
14636	6113	1
1441	1512	1
12734	11817	1
9049	3692	1
9049	4045	1
5818	6113	1
8880	6113	1
5549	2052	1
328	272	1
3056	879	1
3590	1072	1
1786	6113	1
8334	6113	1
11781	14082	1
774	7628	1
3170	13140	1
3125	3423	1
10008	6113	1
13685	18556	1
10182	6113	1
8153	6113	1
13140	3170	1
19595	6113	1
8775	6113	1
5463	6113	1
8005	6113	1
3499	6113	1
5758	6113	1
1784	19707	1
2209	6113	1
4977	6022	1
11779	19679	1
17714	17714	1
13473	5849	1
540	6113	1
6189	6113	1
11256	6113	1
17389	15788	1
4037	8280	1
17626	6113	1
17390	15788	1
8133	6113	1
9997	6113	1
10741	6128	1
16424	6113	1
6494	6113	1
7622	7495	1
1785	6113	1
16454	16455	1
20004	11194	1
13397	6113	1
10390	6113	1
2102	6113	1
14557	6113	1
19707	1784	1
2421	6113	1
754	10295	1
1034	2246	1
7804	4062	1
4890	17816	1
4062	7804	1
18911	18911	1
4408	5742	1
5598	6648	1
54	62	1
18491	4632	1
2543	4333	1
19077	19300	1
14951	14058	1
16455	16454	1
11194	20004	1
472	473	1
6414	10807	1
17863	439	1
12734	4332	1
3990	8035	1
2201	16	1
17324	17326	1
8330	3817	1
4888	4900	1
14691	8695	1
6113	8153	1
16994	19607	1
7622	9276	1
10351	9276	1
11713	19832	1
5862	14117	1
6842	2142	1
3523	14117	1
5742	4408	1
9436	14117	1
11059	14117	1
11513	6625	1
10807	6414	1
19431	9704	1
9141	14597	1
1987	17378	1
10738	6883	1
5051	3546	1
5922	5	1
3623	12748	1
15788	17390	1
5170	10754	1
16523	11751	1
9610	11777	1
5423	14303	1
5898	5897	1
20005	20005	1
6017	5601	1
12881	5601	1
13390	1482	1
6419	16333	1
12197	7995	1
12029	5392	1
19210	1265	1
19986	1265	1
1422	6290	1
18644	11602	1
115	1250	1
12185	7756	1
675	6028	1
7757	7756	1
5217	5896	1
5072	5896	1
19557	19557	1
2673	1797	1
5051	2390	1
8619	5896	1
3978	4149	1
12271	6241	1
5445	5896	1
242	241	1
16517	4522	1
11701	4812	1
4522	16517	1
16388	12899	1
10494	5343	1
8998	4176	1
15954	6452	1
4193	4176	1
1497	3706	1
16761	3581	1
15006	16205	1
11562	7213	1
10466	86	1
5561	4534	1
4217	13586	1
7831	12456	1
19679	11779	1
15365	12456	1
10713	12456	1
4812	11701	1
4748	14646	1
15044	9477	1
4176	4193	1
3706	1497	1
3825	1958	1
8288	8289	1
10366	8289	1
5343	10494	1
5051	3568	1
4404	4398	1
15774	14314	1
16031	6283	1
2289	2290	1
10737	8670	1
16322	1388	1
8451	8867	1
5896	5217	1
15044	12551	1
7276	14807	1
2543	12946	1
496	7204	1
7796	6650	1
12580	9250	1
5176	5977	1
12017	8331	1
9610	12022	1
71	1142	1
6934	8331	1
2123	1731	1
241	242	1
7238	17289	1
16857	9375	1
17735	2912	1
8667	8668	1
1745	3666	1
6278	1182	1
11943	10799	1
14263	4555	1
424	6928	1
18407	9079	1
19085	7255	1
4265	4265	1
13781	2496	1
4532	15474	1
1285	4265	1
1897	8222	1
6562	12175	1
3825	4525	1
271	15438	1
8243	5650	1
10389	16387	1
11918	12174	1
1265	9389	1
12174	18918	1
15878	4966	1
3138	5581	1
11751	16523	1
4415	573	1
7000	14031	1
14277	13023	1
5347	5282	1
4207	4036	1
16387	10389	1
14502	15554	1
3043	3210	1
3082	5282	1
3825	10722	1
5051	1483	1
4730	6273	1
4007	1238	1
15516	13927	1
6783	4106	1
2714	13927	1
6113	6494	1
12872	12855	1
13976	13023	1
3825	23	1
20006	20006	1
11830	19403	1
8820	6193	1
14844	4946	1
2562	4504	1
15724	19853	1
13829	5593	1
19403	11830	1
8705	11078	1
4415	205	1
6270	15277	1
10568	6928	1
2051	1558	1
5896	8619	1
1987	13851	1
14411	3248	1
2052	5068	1
20007	9193	1
1597	11472	1
7351	7352	1
7603	5502	1
8722	2850	1
7966	7671	1
6921	6481	1
6193	8820	1
6153	15998	1
10922	3105	1
5297	889	1
20008	2347	1
12509	6868	1
5581	14728	1
8259	6084	1
14699	10080	1
1034	8181	1
18852	18853	1
4675	17378	1
3138	18853	1
13174	8749	1
13851	1987	1
8412	6084	1
19899	3457	1
8749	13174	1
4900	4888	1
6840	3946	1
14699	2109	1
20009	20009	1
1032	16645	1
3568	2914	1
6084	1238	1
19962	144	1
9276	7622	1
1742	2083	1
6899	271	1
15438	271	1
7533	6382	1
18635	12580	1
133	7109	1
1154	7109	1
4365	4364	1
16645	11751	1
1163	13744	1
9369	7291	1
6113	5463	1
5897	7487	1
19207	19208	1
8084	19042	1
12580	18635	1
16017	10856	1
19832	11713	1
20010	19208	1
6843	10772	1
16059	18626	1
9049	20011	1
8911	6769	1
1229	6270	1
8670	10737	1
5068	9749	1
2589	1091	1
15918	16636	1
16372	8935	1
8820	8935	1
5570	8935	1
13677	12952	1
15664	6883	1
2347	20008	1
12952	13677	1
12456	10713	1
1456	5111	1
3202	2585	1
8935	8820	1
496	16358	1
4863	4864	1
3825	3037	1
18396	16503	1
644	3091	1
1571	8790	1
14597	9141	1
13390	11406	1
1289	1254	1
2408	12314	1
10080	14699	1
6789	20001	1
14029	456	1
4415	886	1
18913	4942	1
14868	5454	1
5	5922	1
2912	17735	1
5281	6344	1
7162	18797	1
19742	16675	1
15998	6153	1
15933	5800	1
7266	4946	1
14968	5563	1
14031	7000	1
5641	3101	1
15474	4532	1
4033	12899	1
8639	13237	1
10639	5314	1
2276	11356	1
437	16432	1
3243	3068	1
8820	6084	1
12592	5622	1
7698	7698	1
16397	7425	1
10179	7425	1
17773	884	1
2985	11144	1
2445	884	1
20012	884	1
6084	8820	1
19802	11967	1
19035	19035	1
15044	1134	1
4881	6577	1
19715	5659	1
1996	3547	1
3943	3949	1
20013	7115	1
6653	3614	1
3709	3853	1
5	27	1
10799	11943	1
10900	4164	1
9049	11650	1
1134	8676	1
6812	6931	1
4194	4503	1
8192	9314	1
6927	4962	1
8935	5570	1
5689	5613	1
5402	7033	1
3825	13165	1
13041	13042	1
9248	2866	1
1034	6221	1
7492	4980	1
6983	5804	1
8903	10814	1
15810	8977	1
14503	3297	1
4967	5502	1
4966	15878	1
1619	5266	1
14746	4260	1
15911	15911	1
6931	11812	1
10252	9554	1
10749	3315	1
8181	1034	1
6236	18000	1
16092	16091	1
2866	9248	1
16789	16790	1
10432	5699	1
1897	12340	1
4084	2017	1
2480	12340	1
8011	2017	1
17558	15334	1
7602	5699	1
7756	12185	1
4942	18913	1
5091	424	1
