3315	10749	1
8259	7082	1
16947	6706	1
11734	19591	1
10738	6883	1
10749	3315	1
14800	14800	1
12382	9863	1
14431	5726	1
2985	11144	1
8782	16304	1
753	717	1
12468	2248	1
3115	9126	1
19627	19628	1
3009	717	1
8547	15334	1
13433	13433	1
2646	2496	1
7228	7228	1
6243	8420	1
11387	8903	1
12019	5266	1
3476	3773	1
16729	11767	1
5726	14431	1
3817	8330	1
15422	375	1
16758	4822	1
1493	1378	1
4816	13455	1
5569	4915	1
10003	15106	1
6625	11513	1
17785	14929	1
1049	1639	1
19485	11513	1
19968	19968	1
16873	1081	1
5170	1842	1
9488	11513	1
13479	19607	1
13193	11513	1
8512	4027	1
3296	1528	1
3248	14411	1
15147	3480	1
14411	3248	1
2383	19855	1
728	5532	1
7466	6278	1
4626	12728	1
5902	10491	1
7128	10491	1
4047	8967	1
8336	11047	1
11047	8336	1
4361	9300	1
6234	5560	1
717	3009	1
16169	17057	1
15691	8903	1
5266	12019	1
11552	16166	1
10778	8903	1
7622	7495	1
5414	15890	1
6708	4843	1
13558	8421	1
18635	8822	1
13665	8822	1
672	1731	1
6975	9067	1
7495	7622	1
8822	9639	1
16641	19431	1
3005	12375	1
13973	12650	1
9067	8896	1
1181	4535	1
4717	17415	1
19846	19846	1
5325	14715	1
11930	6806	1
8974	16129	1
7228	13289	1
5342	17180	1
13984	14678	1
1462	585	1
4741	9546	1
7138	4939	1
14182	17031	1
17031	14182	1
2185	2042	1
7452	7988	1
2496	2646	1
1039	304	1
887	870	1
12400	12400	1
1618	5922	1
6863	4647	1
7986	12970	1
6860	16892	1
801	15878	1
2124	8977	1
19853	15724	1
3296	12654	1
5884	15177	1
18396	3479	1
3777	1218	1
10430	7561	1
2835	4263	1
19877	6510	1
6316	7334	1
9966	7334	1
12568	6901	1
11767	16729	1
15976	4174	1
12970	7986	1
6901	12568	1
19962	89	1
6256	8671	1
18177	4429	1
10123	4294	1
6661	1941	1
14197	3315	1
7027	6352	1
9863	12382	1
2480	3333	1
4751	16355	1
115	2194	1
188	2030	1
19969	19969	1
11773	14069	1
10857	9250	1
12607	3449	1
16971	19970	1
8896	9067	1
8833	15830	1
16355	4751	1
15098	10377	1
19971	11746	1
4113	5482	1
3722	4346	1
7988	7452	1
16342	15468	1
12754	9754	1
12203	13030	1
2124	543	1
7519	1028	1
12607	3448	1
6316	4084	1
4748	14646	1
1563	8697	1
1063	45	1
9141	14597	1
16789	16790	1
13842	3537	1
14740	14740	1
19972	229	1
17721	8241	1
7209	5354	1
7561	10430	1
11274	11274	1
13973	8031	1
7334	9966	1
4346	3722	1
4939	7138	1
6564	15520	1
6966	1860	1
16129	8974	1
3903	5340	1
2068	19633	1
4336	2165	1
3537	13842	1
18958	9378	1
14779	11943	1
6260	15520	1
8651	15520	1
11943	14779	1
9397	18724	1
12587	5598	1
12379	19973	1
11688	14194	1
11530	15469	1
6256	4432	1
12607	4432	1
10749	15567	1
4336	3716	1
8241	17721	1
3773	3476	1
15634	896	1
13973	4852	1
12580	14338	1
8822	18635	1
16892	6860	1
2122	6013	1
1563	275	1
821	14593	1
3315	14197	1
2984	1586	1
19899	7651	1
6122	6017	1
2289	2290	1
543	2124	1
19074	19974	1
6256	3503	1
12029	15153	1
16477	19854	1
12259	7989	1
3240	4965	1
7989	12259	1
13973	5316	1
17266	19975	1
5258	5773	1
4294	8773	1
12029	12336	1
1619	5266	1
15153	12029	1
19854	16477	1
12336	12029	1
8763	12134	1
5862	13023	1
14593	821	1
2242	15552	1
7921	9680	1
15346	12774	1
9966	8192	1
7027	6667	1
1064	6267	1
6730	17081	1
5922	5	1
19976	11655	1
4965	3240	1
11766	13482	1
5202	5217	1
7235	4555	1
4902	9375	1
13973	5294	1
3138	5581	1
3903	3004	1
11767	6367	1
8976	12134	1
17946	17946	1
8782	4586	1
17840	19977	1
15435	17321	1
1040	192	1
4172	1900	1
18491	11511	1
12408	12408	1
5087	5086	1
17687	17688	1
8243	5650	1
19915	11445	1
7470	6946	1
1641	16128	1
16813	11602	1
2383	4355	1
3696	2863	1
12029	12271	1
18724	9397	1
15106	7334	1
2879	857	1
5922	1618	1
5981	6155	1
2420	1708	1
17948	17697	1
12607	11116	1
12029	5888	1
4418	15664	1
4910	4812	1
15664	6883	1
15177	5884	1
4657	12196	1
9837	13552	1
2101	4170	1
387	2571	1
9992	16417	1
689	3862	1
4586	8782	1
19305	207	1
14027	14172	1
4250	2912	1
6975	6015	1
1388	16322	1
8903	10778	1
1898	15745	1
19978	744	1
7276	16168	1
2122	5624	1
266	265	1
19979	19979	1
5414	1667	1
15992	6936	1
13482	11766	1
3853	3709	1
5981	11767	1
4808	29	1
6334	5352	1
19980	9026	1
5482	4113	1
12872	12855	1
19210	1265	1
12927	12927	1
4207	12369	1
3897	13474	1
15468	16342	1
5352	6334	1
1563	15401	1
10759	1314	1
12617	5510	1
2122	2114	1
4832	4812	1
6898	11372	1
2802	4525	1
18188	11372	1
11830	19403	1
14876	7416	1
19403	11830	1
15438	11372	1
2136	1556	1
3590	1072	1
19948	15596	1
6158	11372	1
578	2109	1
19974	19074	1
17788	9639	1
4843	6708	1
5390	1420	1
8192	9966	1
694	16962	1
14699	2109	1
4439	7213	1
2893	2109	1
13246	11817	1
18290	18290	1
16150	13621	1
13621	13621	1
4983	5715	1
7027	4909	1
13973	9735	1
68	655	1
5717	1420	1
11816	11379	1
32	2266	1
11301	11164	1
2122	3827	1
3333	2480	1
13023	5862	1
9391	12019	1
11164	11301	1
15517	11909	1
11144	2985	1
2122	1541	1
18020	16488	1
8903	11387	1
16862	8259	1
6073	6056	1
527	3295	1
1410	1996	1
2124	11512	1
13734	5485	1
2931	2019	1
6849	9762	1
9415	6533	1
11513	19485	1
5217	5896	1
6533	6532	1
13474	3897	1
1622	10435	1
13808	10435	1
7853	15744	1
6533	9415	1
5506	2645	1
207	19305	1
5352	5352	1
6056	19981	1
2124	10200	1
14494	2211	1
6343	11044	1
18791	10626	1
14054	15853	1
6272	6272	1
7602	9085	1
6533	1839	1
15039	15911	1
19982	19802	1
11967	19802	1
13973	12498	1
19802	19982	1
10093	1028	1
5981	5630	1
6806	11930	1
2124	1401	1
9762	6849	1
1900	4172	1
8330	3817	1
4907	18730	1
19785	19784	1
3068	3243	1
1501	10995	1
16817	6649	1
4207	5248	1
1265	19210	1
2094	5179	1
1839	6533	1
19431	16641	1
15744	7853	1
3258	5129	1
4346	4345	1
17900	17900	1
11971	11746	1
7929	3078	1
2242	4179	1
5100	4070	1
1002	902	1
19983	19984	1
4525	2802	1
6017	6122	1
5008	8929	1
139	1930	1
4657	4885	1
13621	16150	1
12748	2902	1
11812	6931	1
16911	6449	1
4294	10123	1
9456	10123	1
672	2123	1
4345	4346	1
496	16358	1
5086	5087	1
13474	13267	1
19985	9239	1
10464	7000	1
5920	11124	1
2266	32	1
19986	19210	1
6278	1182	1
5217	5202	1
11397	5892	1
9248	2866	1
5670	5248	1
12774	15346	1
124	590	1
7352	7352	1
2234	3954	1
