3723	3949	1
1987	3688	1
1323	6155	1
6843	10488	1
6037	6056	1
3688	1987	1
14822	14822	1
3949	3723	1
12477	7481	1
1338	1523	1
7901	3762	1
2110	5991	1
3762	7901	1
12591	14041	1
20029	15757	1
17031	1060	1
12134	11369	1
20030	13594	1
706	987	1
18905	1060	1
11369	12134	1
2673	14345	1
1580	1579	1
16414	16055	1
12086	11439	1
5125	3978	1
14676	11439	1
75	76	1
9407	11439	1
11207	18953	1
7074	18350	1
4084	2017	1
15520	6260	1
18350	7074	1
1143	20031	1
8763	6887	1
2397	4029	1
11189	8722	1
7110	3235	1
14303	5423	1
11416	11773	1
15044	10736	1
8377	5774	1
4217	13586	1
15561	4246	1
8150	8611	1
3294	13586	1
2172	3250	1
6056	6037	1
8377	5440	1
9104	3344	1
6034	3344	1
987	706	1
9369	7291	1
10179	7425	1
13665	8822	1
6097	589	1
4251	3944	1
7989	12259	1
9397	18724	1
634	518	1
18724	9397	1
1954	6256	1
13501	518	1
14214	14058	1
10807	6414	1
252	19378	1
5084	20004	1
3009	717	1
1566	10935	1
7334	15106	1
3817	4027	1
11031	15106	1
3503	6256	1
4432	6256	1
518	634	1
3017	4422	1
5812	1756	1
382	1756	1
3017	2116	1
5217	3235	1
3623	12748	1
17885	17066	1
10002	7291	1
18143	18506	1
19305	14648	1
6227	7204	1
16205	7204	1
12748	3623	1
15044	1237	1
3017	7804	1
3121	2260	1
2177	7804	1
11390	7604	1
4226	15558	1
5217	5881	1
5299	19889	1
7804	2177	1
20032	20033	1
3017	6700	1
877	6056	1
7138	12052	1
5817	8222	1
2041	8068	1
3235	5217	1
18650	8241	1
5817	6577	1
5366	12779	1
4375	5893	1
5893	2284	1
2546	2354	1
18650	16638	1
7225	14113	1
15388	4580	1
3098	13676	1
877	2483	1
20034	17199	1
6730	7345	1
15520	16194	1
252	10778	1
2066	1490	1
19009	8086	1
6135	8086	1
5650	8243	1
20035	8336	1
16788	446	1
860	3930	1
3017	4062	1
4196	7763	1
10832	7763	1
655	68	1
12779	5366	1
2675	4422	1
7209	5354	1
12899	10503	1
11858	11859	1
3903	5340	1
9777	15539	1
19948	15596	1
11773	11416	1
3533	2450	1
194	541	1
6901	1640	1
10778	252	1
19378	252	1
2193	2348	1
10051	9945	1
6997	1341	1
20036	16009	1
13215	3810	1
5972	9266	1
5354	7209	1
4881	13219	1
181	1022	1
13598	5509	1
16057	17247	1
5434	2877	1
9392	13925	1
3017	1022	1
3704	3391	1
5746	5206	1
2624	20037	1
3017	3005	1
13247	13220	1
9945	10051	1
3138	4393	1
2821	15760	1
10617	14522	1
1949	509	1
1822	10930	1
447	18239	1
472	473	1
2912	17735	1
1746	4838	1
5164	11555	1
18239	447	1
7104	11555	1
13976	8435	1
20038	8213	1
912	1599	1
7596	2205	1
16523	11751	1
11565	11751	1
2397	1163	1
4060	2379	1
11687	8803	1
1987	13851	1
15605	7597	1
4816	7801	1
1599	912	1
2354	2546	1
13851	1987	1
7859	7109	1
1693	222	1
252	14078	1
12704	12703	1
19454	124	1
344	9335	1
14078	252	1
6839	11438	1
18276	5612	1
8213	20038	1
3497	1891	1
5894	8330	1
7085	8330	1
12862	5715	1
511	384	1
7448	8330	1
3017	7507	1
424	5091	1
6810	8330	1
18650	14563	1
7486	8330	1
5715	4561	1
2	10609	1
16	3828	1
4519	11701	1
1566	2802	1
16	974	1
2408	12314	1
3017	9300	1
4816	15153	1
18640	18641	1
7639	12568	1
9375	1502	1
4246	15561	1
15023	16745	1
8803	11687	1
5711	3651	1
3017	13564	1
3741	3741	1
3651	5711	1
11339	15478	1
12161	11591	1
7291	10002	1
9266	5972	1
11743	15162	1
13598	13261	1
14197	2914	1
13574	15226	1
5581	3138	1
181	9718	1
2999	4017	1
14825	15226	1
3017	3016	1
11751	16523	1
2220	19630	1
3017	912	1
2219	19630	1
10405	478	1
10503	12899	1
3138	5581	1
7291	7672	1
2138	8776	1
7688	7672	1
19540	19539	1
19802	11967	1
5746	5747	1
5893	4375	1
3017	7308	1
478	10405	1
2043	2863	1
8611	8150	1
4996	4996	1
5091	424	1
14932	20039	1
3862	7656	1
8481	11390	1
375	19578	1
877	4666	1
21	1512	1
3723	4783	1
3017	1677	1
19271	7443	1
20040	6781	1
10759	2096	1
15717	15865	1
11414	13685	1
16	1983	1
11438	6839	1
19374	17500	1
11563	5090	1
12568	7639	1
2193	4112	1
7817	1727	1
5922	5	1
7817	3274	1
13116	6337	1
7087	13986	1
511	797	1
850	15686	1
20041	20041	1
5817	14197	1
5817	5642	1
15663	10865	1
2205	7596	1
15153	4816	1
1640	6901	1
5411	4743	1
13677	4241	1
7801	4816	1
5	5922	1
3017	2420	1
4355	2383	1
9977	16426	1
3017	12479	1
5258	5773	1
1512	21	1
9992	10461	1
3017	9474	1
8280	7088	1
13763	18918	1
11514	9966	1
9031	4692	1
4706	4707	1
3297	10562	1
2955	4725	1
3723	6352	1
6352	3723	1
14597	7449	1
14597	9141	1
17100	18112	1
4029	2397	1
11743	12535	1
3606	3607	1
3017	12902	1
6262	11776	1
877	6037	1
10461	9992	1
16237	2611	1
18852	18853	1
4204	15865	1
8280	4037	1
4552	5799	1
20042	20043	1
10327	4351	1
11799	11800	1
18653	2611	1
2193	12314	1
4351	10327	1
14449	15537	1
3607	3606	1
16745	15023	1
10177	692	1
518	8141	1
5817	19144	1
7618	275	1
1566	8173	1
17851	14492	1
8822	13665	1
4707	4706	1
14021	15476	1
12460	12460	1
19292	10320	1
11776	6262	1
11455	3297	1
3754	6649	1
1566	71	1
17730	18730	1
5563	14968	1
5715	12862	1
1469	3723	1
6393	1934	1
19578	375	1
14197	5817	1
7228	13289	1
5710	2873	1
2346	7291	1
5481	425	1
1411	5450	1
6748	13508	1
12902	3017	1
2420	3017	1
275	7618	1
1677	3017	1
3930	2571	1
7308	3017	1
912	3017	1
1509	3849	1
3016	3017	1
5746	1097	1
3723	1469	1
8150	17080	1
13564	3017	1
9300	3017	1
1163	2397	1
7507	3017	1
6079	7895	1
1586	2873	1
3005	3017	1
1022	3017	1
1740	3674	1
4062	3017	1
6700	3017	1
14152	14001	1
7804	3017	1
2116	3017	1
4422	3017	1
2051	1558	1
2297	5691	1
16502	18543	1
5731	6376	1
2017	4084	1
7138	14016	1
1502	9375	1
877	5382	1
20040	11069	1
13552	9837	1
1490	2066	1
8528	13554	1
2873	5710	1
19900	89	1
17080	8150	1
20044	89	1
19412	9132	1
8776	14375	1
12598	3458	1
12228	7102	1
490	366	1
12748	2902	1
8068	2041	1
7291	6193	1
1176	1022	1
1329	4217	1
5042	12582	1
12344	5789	1
13586	4217	1
9375	16857	1
6337	7066	1
2999	2478	1
424	19839	1
14375	8776	1
2193	2951	1
13809	11316	1
15313	447	1
15786	5628	1
13809	6069	1
1441	1512	1
1568	4692	1
13023	5862	1
2590	4270	1
3315	7108	1
20045	20046	1
14172	14027	1
16806	20020	1
14648	19305	1
5862	13023	1
11316	13809	1
20047	17758	1
7085	10623	1
4009	5064	1
3903	3004	1
6852	6852	1
5817	3004	1
13809	15226	1
4751	16355	1
12340	2480	1
6069	13809	1
511	10180	1
18952	18952	1
12773	13289	1
13474	17758	1
20048	20048	1
12259	7989	1
19986	11386	1
6832	7109	1
530	210	1
5110	110	1
5450	1411	1
559	1772	1
2198	1378	1
3017	718	1
10777	10777	1
1174	1378	1
6887	8763	1
2576	4397	1
10865	15663	1
5599	7763	1
4742	4741	1
9069	5000	1
7291	9369	1
6135	5415	1
20049	16323	1
14969	16523	1
9375	7066	1
1566	23	1
16355	4751	1
15786	23	1
3017	1401	1
2193	2349	1
13355	9850	1
2276	4856	1
805	4489	1
1005	5160	1
4503	4194	1
19836	17325	1
12593	11047	1
13355	1534	1
15748	8824	1
14027	14172	1
5411	3068	1
3068	5411	1
19920	7543	1
5868	12758	1
8481	20050	1
2376	11563	1
285	6806	1
5160	1005	1
511	2745	1
12775	6901	1
13350	14754	1
4346	3722	1
10330	7868	1
13307	12758	1
11563	2376	1
12899	12481	1
10374	14837	1
2646	7857	1
80	3863	1
2446	15744	1
14837	10374	1
9665	4963	1
6414	7714	1
6084	8412	1
2911	9250	1
1069	16194	1
1619	5266	1
5634	16194	1
8667	5188	1
8510	7433	1
3892	4692	1
20026	247	1
1120	869	1
3391	3704	1
9249	8587	1
110	5110	1
3017	2245	1
9255	5009	1
2611	18653	1
7411	17591	1
23	15786	1
17404	10572	1
5628	15786	1
8086	6135	1
16426	9977	1
5817	3561	1
5415	6135	1
4489	805	1
6813	7481	1
15476	14021	1
5520	5280	1
5009	9255	1
3017	2115	1
5280	5520	1
6146	6649	1
16834	20051	1
15744	2446	1
16194	1069	1
824	2017	1
2193	3139	1
16343	19993	1
13574	14825	1
7859	11259	1
3248	7228	1
1420	5717	1
8377	2383	1
13289	7228	1
2383	8377	1
8963	4903	1
478	12128	1
5047	3450	1
7291	2346	1
7255	19085	1
4741	4742	1
7228	7228	1
1756	382	1
3017	4757	1
8610	15362	1
511	1572	1
6113	11256	1
17941	19270	1
6441	3149	1
16769	17197	1
371	2902	1
1134	8676	1
3190	8676	1
4946	10715	1
8587	9249	1
3017	12772	1
3166	4735	1
5883	130	1
10693	20052	1
5660	4537	1
46	1796	1
15470	12345	1
9596	12345	1
8454	2336	1
9141	14597	1
7066	6337	1
10531	9300	1
9300	10531	1
10199	12345	1
19515	12345	1
527	4302	1
3149	6441	1
2646	3944	1
34	34	1
4208	8397	1
20053	15988	1
19270	17941	1
384	511	1
869	1120	1
13598	8618	1
12481	12899	1
19907	19906	1
2193	2187	1
9748	20054	1
797	511	1
2578	9936	1
12881	15792	1
6513	9330	1
4613	9330	1
7519	12073	1
8878	4266	1
387	2571	1
3458	12598	1
2452	16761	1
6987	4266	1
6343	18963	1
9864	9005	1
9356	3020	1
15106	7334	1
3450	6246	1
10180	511	1
3768	7764	1
10623	7085	1
7452	10537	1
18963	6343	1
2745	511	1
2913	2727	1
1572	511	1
3017	5991	1
12900	7004	1
3017	9724	1
