7223	12340	1
7452	15023	1
677	6892	1
8976	7106	1
8763	7106	1
15023	7452	1
12748	2902	1
8320	15988	1
2675	449	1
4149	3978	1
15561	4246	1
8322	9929	1
14779	11943	1
7776	4246	1
5068	2052	1
20014	4603	1
13528	7514	1
20015	20015	1
19810	14273	1
7514	13528	1
9945	2600	1
1908	6580	1
3258	5129	1
4538	7087	1
7000	14031	1
8749	13174	1
6060	6816	1
14001	14152	1
7106	8763	1
4454	6919	1
7184	13428	1
9049	3462	1
5896	5072	1
3297	9488	1
4603	5901	1
4457	5774	1
4246	7776	1
18714	17415	1
6315	9488	1
9704	19431	1
11472	13567	1
2976	1766	1
5003	6919	1
7179	9378	1
9397	18724	1
11967	19802	1
5129	3258	1
18724	9397	1
4375	12512	1
15277	6270	1
6901	7639	1
2011	2110	1
2165	2110	1
4037	6883	1
6967	19967	1
8068	2842	1
10856	16017	1
14746	4260	1
11439	14676	1
8333	5307	1
12512	4375	1
16745	14676	1
19839	424	1
5789	12344	1
11189	4838	1
2110	3370	1
7986	4810	1
10749	8078	1
2842	8068	1
8774	7291	1
8084	19042	1
4107	16166	1
14303	5423	1
1847	338	1
10807	6414	1
1784	19707	1
15837	15837	1
8897	19894	1
7804	4062	1
3370	2110	1
997	1009	1
625	5062	1
2103	1244	1
10503	12899	1
76	425	1
2304	425	1
13023	19394	1
18635	12580	1
19092	19092	1
1341	14321	1
5463	6113	1
3105	10922	1
4528	18730	1
18764	3278	1
3457	19899	1
7034	1806	1
3362	1135	1
5062	625	1
9079	18407	1
7560	17016	1
3274	19856	1
8748	6414	1
266	3350	1
20016	3170	1
2675	6722	1
2480	3333	1
4962	6927	1
14597	9141	1
1341	2506	1
2110	7932	1
9049	7932	1
123	15789	1
15044	10574	1
6931	6812	1
14263	3333	1
16055	16520	1
19707	1784	1
1575	3785	1
7412	3785	1
2175	696	1
3362	3785	1
400	4180	1
3297	11455	1
58	82	1
6812	6931	1
2368	19963	1
1579	1580	1
19983	19984	1
1843	9097	1
2172	13423	1
9901	10930	1
19608	1704	1
16520	16055	1
4475	2706	1
795	5578	1
374	375	1
375	374	1
15579	11372	1
14676	16745	1
5755	5503	1
8639	5509	1
2376	11563	1
18736	18736	1
3915	15991	1
11563	2376	1
18239	447	1
2913	2727	1
7228	3248	1
10795	10795	1
3852	4159	1
13567	11472	1
3785	7412	1
3650	1084	1
15686	850	1
1034	1622	1
4346	3722	1
7416	18179	1
1575	9071	1
20017	20018	1
4822	13715	1
5641	3101	1
7345	3149	1
10061	7481	1
6813	7481	1
10080	14699	1
7242	3912	1
6270	1229	1
15664	10611	1
7995	12197	1
2017	824	1
7412	13145	1
16399	10000	1
7225	13268	1
4675	17378	1
6113	5463	1
2832	2843	1
19608	1703	1
2383	4355	1
11767	3306	1
18179	14876	1
4393	3138	1
717	3009	1
13826	14923	1
9901	6869	1
425	76	1
2172	853	1
4355	2383	1
15038	6721	1
16745	15023	1
884	2126	1
3684	3685	1
27	5	1
2646	7857	1
113	131	1
7479	3826	1
1987	13851	1
45	219	1
1341	15422	1
7639	6901	1
4666	2501	1
2810	11502	1
14535	243	1
13145	7412	1
10824	9039	1
5	27	1
10389	16387	1
2600	9945	1
80	9945	1
2172	5977	1
4534	5561	1
5901	4603	1
1299	8173	1
14764	13447	1
5262	7366	1
14825	13574	1
2110	13220	1
15938	6495	1
4278	2691	1
8989	8443	1
5893	2284	1
3056	8173	1
2555	425	1
6113	10180	1
371	2902	1
425	2555	1
8639	11266	1
19220	2315	1
1229	6270	1
1142	71	1
2110	16055	1
2501	4666	1
7756	7757	1
2315	19220	1
4364	4365	1
18843	4208	1
6183	4755	1
5773	3160	1
7291	9369	1
2901	13428	1
4947	8959	1
18056	18804	1
20019	7930	1
10139	11321	1
2110	3716	1
13851	1987	1
7034	1254	1
387	4399	1
2706	4475	1
6033	17334	1
14699	10080	1
4208	1970	1
16417	9992	1
20020	16806	1
4602	1506	1
9992	16417	1
19608	1359	1
960	82	1
2911	7481	1
17031	18428	1
2085	7481	1
10295	754	1
6270	2397	1
4164	10900	1
14321	14617	1
9945	10051	1
6818	5604	1
5977	4579	1
14876	4741	1
7138	14016	1
4597	3826	1
4755	6183	1
89	12121	1
8084	9777	1
6155	1323	1
18730	4528	1
8192	5691	1
338	1847	1
2397	6270	1
7921	9680	1
15153	4816	1
6495	15938	1
5896	7481	1
5563	14968	1
7126	7481	1
6270	7695	1
9901	9391	1
18486	18486	1
8068	2041	1
1075	1074	1
18179	11372	1
8505	9026	1
15849	20021	1
10179	7425	1
13737	10620	1
6414	8748	1
4951	6214	1
3716	2110	1
565	4576	1
16055	2110	1
14016	7138	1
2810	2482	1
10345	10346	1
15539	9777	1
17217	6214	1
4159	3852	1
10435	13808	1
5755	441	1
2289	2290	1
8068	3685	1
1843	2359	1
7995	8379	1
4227	5111	1
12197	8379	1
3079	7481	1
17027	13908	1
1584	4789	1
7622	7495	1
16166	4107	1
437	1700	1
3333	14263	1
8587	14069	1
98	17	1
6414	10807	1
5715	12862	1
2017	4084	1
2242	4179	1
7087	4538	1
3302	515	1
10461	9992	1
20022	5791	1
2165	1086	1
2110	1086	1
11758	4755	1
8068	1482	1
4741	14876	1
9233	7672	1
2446	10266	1
9840	15793	1
5454	14868	1
9840	9839	1
20023	7005	1
20024	899	1
2253	1264	1
19802	11967	1
2810	12886	1
4176	3338	1
14292	19315	1
5755	11211	1
15106	7334	1
13528	7989	1
14947	13750	1
17617	11812	1
13420	13750	1
12562	4769	1
3161	2673	1
14678	13984	1
16055	19182	1
4956	8420	1
8420	4956	1
5491	20025	1
9977	16426	1
4344	4760	1
9141	14597	1
7449	14597	1
4516	3119	1
12862	5715	1
17816	6361	1
13750	14947	1
7596	8522	1
14676	4779	1
13750	13420	1
10582	7481	1
13986	7087	1
1566	19912	1
860	504	1
8222	7481	1
16426	9977	1
5650	8243	1
8243	5650	1
12161	19186	1
2110	1936	1
5581	3138	1
2879	241	1
7309	9410	1
20018	20026	1
19948	15596	1
7895	6079	1
3824	2454	1
7831	10713	1
17946	17946	1
10713	7831	1
17851	14492	1
6759	6760	1
4816	15153	1
3138	18853	1
1490	2066	1
14197	3315	1
7714	7753	1
14807	7276	1
2699	4293	1
2737	2894	1
2810	10200	1
10404	4293	1
3235	5217	1
19994	11746	1
9300	5546	1
2255	6748	1
19182	16055	1
4525	4390	1
3138	5581	1
2276	2019	1
4150	4151	1
7469	8571	1
5546	9300	1
8639	8153	1
4333	16851	1
1402	11804	1
2110	2165	1
1586	2984	1
7797	370	1
1086	2165	1
14197	7108	1
8377	5440	1
3315	7108	1
5280	5520	1
3930	2571	1
860	2571	1
7108	3315	1
11746	19994	1
4390	4525	1
8150	8611	1
6967	15195	1
12544	7868	1
14968	5563	1
5111	1456	1
8611	8150	1
1281	2048	1
1456	5111	1
3949	1456	1
8843	14699	1
20027	11630	1
2362	3614	1
6713	159	1
7108	2914	1
15865	15717	1
541	194	1
1341	6997	1
20004	5084	1
5440	8377	1
13687	12650	1
5423	14303	1
12664	12650	1
6056	6037	1
11859	11858	1
20028	5977	1
1074	1075	1
11600	5977	1
11852	5977	1
3949	3723	1
1456	3949	1
