6069	13663	1
6354	13014	1
12748	10200	1
20255	6614	1
12117	12600	1
12029	12300	1
5977	12842	1
7306	1618	1
12500	13961	1
723	7204	1
13367	13367	1
12898	6977	1
7236	6977	1
6613	7082	1
12664	5161	1
5300	3042	1
7416	14876	1
7860	19514	1
10200	12748	1
7045	7899	1
7651	2520	1
13356	20250	1
7276	14869	1
2192	1166	1
1166	2192	1
6649	8899	1
15106	9966	1
159	2712	1
277	7668	1
7899	7045	1
10061	786	1
13251	19114	1
11836	8446	1
18451	18451	1
19514	7860	1
540	8167	1
18806	9136	1
8399	9136	1
19356	19356	1
11972	5589	1
14066	4816	1
19802	17797	1
15925	1662	1
3186	3287	1
16982	14117	1
6647	3287	1
19899	2520	1
13538	5678	1
18499	10905	1
8842	7213	1
13687	12650	1
4250	2912	1
1598	1761	1
14790	7265	1
299	1761	1
9356	3020	1
10118	20039	1
6417	15071	1
6635	6100	1
4409	3950	1
20039	10118	1
3950	4409	1
18350	7074	1
6270	10461	1
2364	4257	1
1514	2083	1
6270	1840	1
19270	7334	1
2077	2083	1
14132	20161	1
6146	9470	1
11459	11044	1
6490	8328	1
20161	14132	1
15994	4426	1
7908	13531	1
5868	7553	1
3186	13014	1
987	706	1
13023	13976	1
13176	15908	1
3950	4027	1
5589	11972	1
19920	11717	1
13275	1897	1
3710	2942	1
4680	564	1
3853	4027	1
1881	1880	1
16683	11168	1
20090	17131	1
8446	11836	1
9969	2248	1
4034	16523	1
16855	15572	1
14793	14793	1
2942	3710	1
12593	8336	1
6441	5133	1
8336	12593	1
4294	3985	1
2544	2756	1
3263	3606	1
6652	7291	1
8508	1169	1
15320	8814	1
13014	6354	1
13113	11836	1
15207	15233	1
16978	16847	1
6635	2873	1
11717	19920	1
9155	4940	1
7078	8864	1
7772	3236	1
3186	3673	1
5354	12758	1
8673	17609	1
20256	20257	1
5078	20258	1
5631	4443	1
18468	16270	1
3215	9704	1
12786	20245	1
2820	3019	1
18764	709	1
916	11361	1
18264	11361	1
14688	16021	1
277	2273	1
18264	15155	1
12997	13261	1
18318	20246	1
9169	20104	1
4679	2517	1
20246	20246	1
4408	7909	1
3623	3307	1
7909	4408	1
5833	5832	1
16817	6624	1
16982	18276	1
17923	529	1
16199	5789	1
7370	15453	1
9062	1338	1
1523	1338	1
8899	6649	1
5934	1188	1
8973	6765	1
1800	3503	1
7465	664	1
3490	1188	1
9297	2202	1
3503	1800	1
11836	13113	1
2135	3996	1
7117	8082	1
277	2265	1
3297	11455	1
19130	8228	1
20225	6445	1
1188	5934	1
16982	11758	1
16092	16091	1
7014	3183	1
3186	7930	1
19993	16343	1
2139	16343	1
16210	9204	1
10066	8966	1
93	4259	1
3450	5047	1
5897	4293	1
1188	908	1
11751	7543	1
18508	7267	1
6765	8973	1
3852	18150	1
20246	20259	1
9297	2182	1
8940	12889	1
5047	5411	1
1958	455	1
8842	9736	1
16799	8062	1
4393	3138	1
277	3785	1
1635	3528	1
2520	19899	1
14366	6611	1
3186	2883	1
8062	16799	1
15839	7416	1
14876	7416	1
3825	5495	1
6987	4266	1
6865	20161	1
4346	3722	1
5189	371	1
518	3017	1
4801	3853	1
6585	11194	1
3183	7014	1
5318	3826	1
4940	8522	1
655	1848	1
3005	8522	1
3236	7772	1
5411	5047	1
1370	3203	1
3853	4801	1
10856	20161	1
6647	7078	1
959	14375	1
20045	20046	1
3186	5090	1
960	14375	1
5773	3160	1
8052	3284	1
16343	19993	1
1732	614	1
1667	11465	1
20260	3783	1
17365	8027	1
20261	4654	1
15081	12221	1
1598	238	1
4045	13907	1
2478	13907	1
6932	2873	1
10677	6372	1
11650	13907	1
16982	8490	1
17676	6372	1
14782	8285	1
4060	6372	1
5191	6372	1
20262	18647	1
9297	3827	1
3203	1370	1
7265	14790	1
4433	4432	1
7126	5881	1
16751	13399	1
408	11586	1
6702	4280	1
12758	5354	1
5091	424	1
7979	8317	1
14021	15476	1
14688	13378	1
5847	15476	1
13976	13023	1
4443	3010	1
1884	5463	1
11586	408	1
20193	7899	1
3826	5318	1
16343	2139	1
17365	11537	1
8673	2512	1
6729	7345	1
7223	2480	1
1731	7322	1
8506	8506	1
9881	5716	1
7345	6729	1
16021	15079	1
1461	3803	1
20202	15309	1
20263	3361	1
8842	11007	1
9276	7622	1
12596	6816	1
2403	5625	1
20264	18701	1
17152	300	1
7963	9299	1
3186	5678	1
20265	20266	1
3263	10869	1
16210	16326	1
3186	18862	1
6360	6127	1
2512	8673	1
9171	5042	1
14956	12450	1
17609	8673	1
5463	1884	1
18647	20262	1
8082	7117	1
1045	4868	1
1745	3666	1
9604	14085	1
2461	6183	1
16982	12006	1
11920	6190	1
11163	13273	1
10461	6270	1
2589	18798	1
4034	7340	1
4726	4816	1
20205	6439	1
5653	8069	1
5628	869	1
11196	7672	1
5631	5632	1
5047	3450	1
16745	6977	1
6037	7505	1
3803	1461	1
7859	6977	1
8545	10986	1
3263	12107	1
16715	6077	1
18264	17670	1
20161	10856	1
5354	7209	1
5707	6085	1
16668	15911	1
4280	2960	1
19903	18112	1
3641	2960	1
7209	5354	1
13273	11163	1
6127	6360	1
4571	4488	1
8214	7801	1
3084	2960	1
7801	8214	1
3680	11342	1
5537	5536	1
7513	7688	1
7666	4814	1
696	2960	1
13851	1987	1
10473	2484	1
3783	5658	1
1987	13851	1
13530	5708	1
20267	13483	1
6647	6646	1
849	1229	1
10620	9644	1
1229	849	1
15748	18953	1
2161	3673	1
9725	1377	1
3166	15889	1
7505	18953	1
8214	3817	1
11779	13580	1
6647	7025	1
5318	7786	1
665	2960	1
6325	2960	1
5789	16199	1
4679	1264	1
15789	19993	1
8402	9639	1
7505	6037	1
20268	5921	1
7921	9680	1
6702	7082	1
99	99	1
20269	20269	1
8774	16045	1
8078	10749	1
6647	3177	1
15093	20270	1
2935	835	1
14054	20271	1
18714	17415	1
12290	12289	1
7688	7513	1
1618	7306	1
7291	9605	1
7622	9276	1
5812	6638	1
7570	5797	1
3297	7042	1
4043	5284	1
1939	518	1
10749	5354	1
11342	3680	1
3894	5580	1
1761	299	1
936	12116	1
16982	15194	1
16386	15263	1
7602	3258	1
20272	1233	1
12300	12029	1
12274	15572	1
6647	710	1
3258	7602	1
4679	1022	1
6923	17787	1
7012	17787	1
12408	12408	1
16982	9436	1
12029	5392	1
3852	4159	1
14654	2749	1
3528	1635	1
6977	7859	1
3186	6332	1
8874	2596	1
7786	5318	1
12086	8591	1
4659	4006	1
19426	5	1
4334	7695	1
10856	13325	1
3315	3545	1
7108	3545	1
3545	7108	1
20273	5281	1
3186	8707	1
2480	7223	1
13979	14584	1
20183	6513	1
7235	4555	1
3722	4346	1
8228	8579	1
723	17137	1
18764	1791	1
6977	4779	1
15365	10713	1
3263	10425	1
14960	14137	1
11151	5799	1
2085	5881	1
19642	11078	1
12295	20254	1
13808	10435	1
9299	7963	1
18033	13982	1
20274	5650	1
181	8705	1
3824	3822	1
8206	7002	1
2454	3822	1
10938	19850	1
7267	18508	1
11242	12482	1
20275	20276	1
6216	2902	1
1662	15925	1
14814	9204	1
14960	5613	1
11012	14314	1
12221	17787	1
2771	156	1
17024	15436	1
12061	15624	1
786	10061	1
232	5774	1
4457	5774	1
14584	13979	1
