4084	4797	1
18764	20277	1
9204	14814	1
9141	14597	1
9233	7672	1
13675	9495	1
9218	2083	1
19761	19761	1
2139	3061	1
3768	7764	1
635	14156	1
18393	7117	1
18244	4884	1
5922	5	1
18878	10914	1
3073	9085	1
13014	6354	1
3114	8184	1
5247	10722	1
7322	1731	1
16194	5634	1
4407	3420	1
2520	7651	1
19938	19939	1
8640	4757	1
19928	12758	1
6360	6127	1
17324	17326	1
9204	16210	1
7014	1213	1
14597	9141	1
156	2771	1
8842	9381	1
15717	15865	1
7764	3768	1
20278	12291	1
10435	13808	1
6357	12488	1
5318	7786	1
15865	15717	1
20279	20280	1
7979	15179	1
15282	15681	1
20281	3216	1
5390	6479	1
13325	1069	1
20270	15093	1
12086	8301	1
4457	5774	1
1069	13325	1
20161	6865	1
15309	20202	1
17697	14698	1
2958	7613	1
20271	14054	1
7337	13960	1
159	2712	1
4266	6987	1
5390	1552	1
7613	2958	1
13960	7337	1
5896	5217	1
20282	20282	1
7217	7109	1
441	7204	1
8676	1134	1
496	7204	1
7868	7204	1
6977	7859	1
2289	2290	1
15628	2611	1
10749	8078	1
2913	2727	1
20283	6268	1
5634	7885	1
8336	585	1
8031	7128	1
15748	18953	1
18640	18641	1
7128	8031	1
11417	11416	1
11416	11417	1
3545	3315	1
11168	18953	1
19225	11351	1
10713	15365	1
1887	2227	1
6811	14284	1
3443	3444	1
15365	10713	1
7772	3236	1
14585	10713	1
300	17152	1
20260	16222	1
5359	426	1
3236	7772	1
5188	5701	1
510	14400	1
20284	19342	1
9605	7291	1
12275	4020	1
15179	7979	1
3846	2202	1
1996	5262	1
20116	13165	1
4334	7695	1
18775	10685	1
15877	19675	1
19538	18367	1
1880	1881	1
20285	20286	1
1987	13851	1
4334	3019	1
9392	13927	1
12929	9223	1
5217	5896	1
20287	20287	1
20286	20285	1
20282	8826	1
2646	7857	1
2611	15628	1
14910	20288	1
265	3350	1
7079	7078	1
5920	11124	1
1149	8115	1
2771	156	1
20289	20289	1
2751	4280	1
9605	1800	1
17730	20290	1
1809	5693	1
7452	7127	1
13851	1987	1
14844	17367	1
13113	11836	1
8446	11836	1
2813	988	1
8824	4653	1
5258	5773	1
3785	2273	1
1996	2457	1
10539	10540	1
1119	1120	1
11807	12470	1
221	1120	1
869	1120	1
7513	7688	1
9392	1120	1
9062	1338	1
14698	17697	1
7117	8082	1
14054	15853	1
20291	7593	1
17787	6923	1
16523	13500	1
18212	12748	1
15103	17424	1
4037	6883	1
6644	19993	1
10765	7868	1
6055	8609	1
1120	1119	1
2366	2813	1
2813	2366	1
6530	997	1
4334	2273	1
7721	1120	1
5027	6788	1
8609	6055	1
11836	13113	1
13137	9320	1
17851	14492	1
8301	12086	1
5075	7624	1
4120	4816	1
20292	1120	1
16840	1199	1
4816	4120	1
3420	4407	1
13826	14923	1
2879	241	1
5390	4603	1
2138	1605	1
16751	13399	1
1459	17418	1
9276	7409	1
6788	5027	1
4800	2910	1
540	6113	1
4160	1036	1
15925	1662	1
7602	9085	1
15911	16668	1
1120	221	1
14869	7276	1
426	5359	1
9369	7980	1
20235	3570	1
1213	7014	1
1605	2138	1
17433	20293	1
8673	17609	1
518	3674	1
14899	20294	1
1740	3674	1
1731	7322	1
20293	17433	1
866	3380	1
3315	3545	1
540	8167	1
14197	3545	1
20295	20296	1
4777	896	1
1884	5463	1
18327	7209	1
8181	15320	1
5701	5188	1
5390	1032	1
6113	11256	1
5117	18467	1
20289	17765	1
5335	1193	1
9992	10461	1
6270	10461	1
2832	1998	1
3010	2234	1
9644	10620	1
3545	14197	1
1897	8680	1
10066	8966	1
20297	12496	1
20298	20298	1
12221	15081	1
3089	3089	1
3545	7108	1
7624	5075	1
14197	7108	1
10815	6361	1
14868	18380	1
9223	6284	1
2080	2081	1
20161	14132	1
13325	10856	1
17388	10634	1
6448	11899	1
8141	4755	1
7921	9680	1
8336	7739	1
13692	8506	1
6748	7428	1
6284	9223	1
6977	16745	1
8082	7117	1
3020	9356	1
5335	584	1
3079	2911	1
606	2390	1
3723	3949	1
13674	3513	1
3949	3723	1
6503	387	1
8222	5856	1
14115	19832	1
5634	16249	1
4829	12830	1
8015	5647	1
14876	18179	1
7319	7429	1
8975	10319	1
18878	6728	1
12631	2650	1
1809	3069	1
6503	5211	1
20247	20181	1
13492	12551	1
12830	4829	1
8713	6846	1
10476	500	1
20299	7003	1
6612	3950	1
1059	5774	1
1193	5335	1
584	5335	1
16998	5335	1
20085	11586	1
20300	3258	1
455	1958	1
20301	20302	1
5856	8222	1
8364	15153	1
3985	4294	1
12779	5366	1
6846	8713	1
5366	12779	1
5862	14837	1
9144	8973	1
2832	1215	1
6503	2571	1
14837	5862	1
5512	511	1
10869	19069	1
1809	17409	1
5266	1619	1
19778	13050	1
1619	5266	1
20300	7602	1
19210	9389	1
5463	1884	1
9218	1742	1
6268	5683	1
5641	3101	1
10319	8975	1
3894	469	1
5650	20274	1
13137	6100	1
1884	4308	1
20274	5650	1
7429	7319	1
7980	9369	1
1809	3819	1
10856	13325	1
10494	5343	1
4250	2912	1
3950	6612	1
12593	12593	1
6112	19152	1
5343	10494	1
5379	4917	1
8334	6113	1
17491	3513	1
20303	3122	1
5195	5196	1
241	2879	1
2832	7136	1
606	605	1
20300	20188	1
12593	8336	1
585	8336	1
5026	5027	1
7739	8336	1
10962	2260	1
6874	4681	1
18380	14868	1
6030	5301	1
13261	12997	1
12787	18263	1
7223	2480	1
5390	6700	1
20304	20305	1
6700	3153	1
3153	6700	1
7267	953	1
5191	8774	1
352	4865	1
13165	46	1
13980	8868	1
7804	9300	1
536	5253	1
192	2082	1
8763	12134	1
7012	3160	1
6544	12420	1
17452	9897	1
8015	5532	1
4571	4488	1
1662	16397	1
20294	14899	1
11201	6066	1
9281	10651	1
11012	14314	1
6612	3079	1
14452	14452	1
5750	2399	1
19074	19074	1
10461	6270	1
10651	9281	1
3570	20235	1
14814	9204	1
6840	3426	1
20306	12266	1
4334	6084	1
20281	2912	1
192	1195	1
2912	20281	1
20225	6445	1
7188	14571	1
1630	9300	1
17730	4528	1
20307	16571	1
8460	10560	1
2259	2259	1
15436	17024	1
16745	6977	1
20308	4852	1
9480	8192	1
4409	4730	1
8336	19967	1
4409	6612	1
5381	10387	1
6171	3950	1
19967	8336	1
5281	3383	1
8506	8192	1
15079	16021	1
4810	5314	1
3383	5281	1
10179	12315	1
8192	8506	1
11455	5318	1
352	5979	1
12336	9639	1
8692	7912	1
12086	8591	1
6357	5510	1
20309	20309	1
4294	3985	1
8328	12580	1
9376	9377	1
9661	7874	1
12568	6901	1
8364	5191	1
6430	18918	1
9223	8972	1
10755	13892	1
5932	10560	1
12111	10561	1
2399	5750	1
6068	6743	1
3061	2139	1
17787	7012	1
15274	2727	1
20161	13325	1
4589	6513	1
10869	10094	1
16287	6037	1
12953	5073	1
6037	16287	1
6898	17697	1
875	7204	1
20310	20311	1
5537	6893	1
953	7267	1
16951	7291	1
19866	142	1
4051	5408	1
6893	5537	1
5354	7209	1
8845	13200	1
5862	3257	1
7505	6037	1
17765	20289	1
7253	4634	1
16668	15911	1
