10067	3945	1
14058	9300	1
12872	12855	1
6070	17840	1
3945	10067	1
6513	9330	1
15421	15421	1
7367	17261	1
240	18113	1
265	266	1
5281	6344	1
11502	12886	1
5411	7804	1
18109	18779	1
2134	12584	1
6900	7821	1
16772	16773	1
8213	20038	1
10856	13325	1
2909	798	1
1105	6113	1
13877	6113	1
8452	6765	1
12871	6113	1
10180	6113	1
9299	6113	1
798	2909	1
6762	3182	1
14636	6113	1
2912	4250	1
4393	18290	1
5818	6113	1
8880	6113	1
8516	11725	1
1786	6113	1
8334	6113	1
8763	12134	1
3329	14014	1
10182	6113	1
8153	6113	1
8516	8421	1
8976	12134	1
54	62	1
19595	6113	1
8775	6113	1
6242	6811	1
5463	6113	1
12946	4333	1
12758	4008	1
8005	6113	1
4008	12758	1
9251	10389	1
3499	6113	1
6762	6265	1
5758	6113	1
2209	6113	1
5121	18443	1
17261	7367	1
540	6113	1
6189	6113	1
11256	6113	1
1711	12250	1
20100	20100	1
266	265	1
13325	10856	1
8133	6113	1
9997	6113	1
1785	6113	1
16424	6113	1
6494	6113	1
19409	7193	1
13397	6113	1
10390	6113	1
2102	6113	1
20150	636	1
14557	6113	1
2421	6113	1
6863	13378	1
7455	16321	1
13851	1987	1
5922	5	1
24	243	1
6811	6242	1
3450	6246	1
7334	5564	1
15106	5564	1
3287	3288	1
13723	12591	1
10470	6171	1
17066	6733	1
2132	15988	1
17423	4213	1
1155	11714	1
4696	10634	1
13900	8026	1
1265	16847	1
15320	16847	1
824	2017	1
1268	2017	1
3974	2017	1
6242	8896	1
16855	8896	1
4751	9058	1
18831	9058	1
2224	5706	1
555	413	1
1782	7853	1
12886	11502	1
16454	16455	1
6242	2242	1
2869	11502	1
18779	18109	1
10574	9477	1
17719	12121	1
19967	19967	1
4213	17423	1
3862	13019	1
1617	4310	1
4500	12049	1
1215	2051	1
2019	2051	1
3920	2051	1
2224	8235	1
7411	17591	1
19679	19680	1
6430	2460	1
6898	18188	1
18188	6898	1
1583	1584	1
19409	4873	1
12134	8763	1
6352	5111	1
9669	9669	1
15833	15724	1
11074	20061	1
2646	1469	1
6762	5006	1
7453	9391	1
872	4197	1
5564	15106	1
20151	15143	1
1502	3241	1
37	896	1
1469	2646	1
20152	7208	1
1265	9389	1
12930	9389	1
898	19101	1
7453	13013	1
11113	6951	1
6242	13013	1
20102	5455	1
4060	2379	1
237	9300	1
2042	9300	1
9320	20153	1
8896	16855	1
2465	6087	1
6479	10163	1
3739	1656	1
14197	7108	1
3999	1656	1
15561	4246	1
4724	7108	1
3059	7651	1
15320	2848	1
328	272	1
1106	5983	1
2116	20154	1
1469	3723	1
11113	9208	1
10389	9251	1
5843	7138	1
1797	8384	1
663	13018	1
1168	20154	1
1449	4175	1
1969	20154	1
14144	13270	1
2586	5206	1
6985	12058	1
20155	8793	1
20109	20108	1
10101	718	1
10741	6128	1
277	9250	1
6820	12058	1
13018	663	1
1338	395	1
4333	12946	1
6128	10741	1
5354	7209	1
11803	11803	1
3243	18962	1
20153	9320	1
5642	5485	1
15017	3004	1
7744	12541	1
5641	3101	1
16591	11812	1
19036	3985	1
19036	8162	1
10054	12672	1
5678	12565	1
16523	12565	1
2337	12281	1
2646	12565	1
12565	5678	1
17719	89	1
1397	243	1
6867	5793	1
2876	19087	1
10368	5762	1
3616	9404	1
16194	10581	1
6481	6589	1
1987	13851	1
3629	1740	1
9174	14058	1
3723	1469	1
9300	14058	1
726	507	1
413	555	1
3079	2911	1
14016	13965	1
4250	2912	1
8516	4905	1
14535	7188	1
357	10341	1
18640	18641	1
1740	3629	1
1502	15284	1
6259	5217	1
3616	3401	1
7453	3306	1
15023	16745	1
14478	4668	1
12447	14634	1
8162	12174	1
4822	16758	1
12447	17031	1
2909	16210	1
3211	14968	1
623	5970	1
18428	17031	1
751	16758	1
13089	17031	1
7610	539	1
9016	12631	1
16210	2909	1
8292	10154	1
2042	2390	1
17031	18428	1
6171	10470	1
9665	4341	1
10154	8292	1
7574	1171	1
3163	12073	1
12565	16523	1
10357	19783	1
5305	5318	1
19186	6567	1
4475	2853	1
10434	20156	1
5762	10368	1
10199	12345	1
5641	5669	1
2017	1268	1
4714	5010	1
9291	13378	1
6052	4047	1
13378	15988	1
5086	5087	1
7453	8339	1
1422	15988	1
3472	159	1
5111	6352	1
237	238	1
4692	1568	1
5600	3185	1
1887	4548	1
8940	9436	1
7574	9436	1
19514	9136	1
10469	20069	1
8891	6748	1
710	2902	1
7574	14117	1
4174	740	1
11044	18982	1
4341	9665	1
17840	6070	1
19100	20157	1
20156	10434	1
4084	4797	1
8760	18908	1
9080	1009	1
1996	5262	1
14672	14559	1
15186	20158	1
5362	2192	1
13765	13765	1
14559	14672	1
1509	1009	1
5717	1420	1
1887	4757	1
5248	16504	1
12544	7868	1
425	1009	1
14862	507	1
5670	16504	1
726	584	1
8071	16535	1
3616	4059	1
15374	507	1
7209	5354	1
19087	2876	1
11161	18223	1
4333	2543	1
12537	14419	1
2137	5355	1
7006	5317	1
2911	3079	1
9872	5317	1
2230	1132	1
20159	7297	1
14150	9680	1
9488	6315	1
5267	5622	1
1502	13955	1
12174	8162	1
4570	995	1
17024	15436	1
8932	19531	1
4418	8051	1
10687	19531	1
534	15436	1
2051	1558	1
19680	19679	1
7879	9545	1
7235	4555	1
8940	3068	1
897	20160	1
8516	6539	1
6813	6667	1
12447	6539	1
3297	5345	1
20161	13325	1
13677	17201	1
5851	5852	1
13325	20161	1
20105	16568	1
20162	16568	1
15110	20143	1
20143	15110	1
8760	13807	1
6475	5852	1
14837	10774	1
7309	6361	1
20163	19101	1
2611	425	1
6234	5560	1
5026	5027	1
8051	4418	1
2042	2596	1
3616	5227	1
11113	3177	1
4610	3426	1
12196	960	1
16196	3177	1
5027	5026	1
19866	8295	1
17201	13677	1
7179	7731	1
8011	2383	1
755	2126	1
11129	19432	1
9030	7903	1
10886	8724	1
9001	11563	1
1828	19441	1
6539	8516	1
5825	15800	1
11563	9001	1
4905	8516	1
788	1617	1
634	11080	1
7645	3353	1
3545	14197	1
7108	14197	1
5043	6270	1
11725	8516	1
6637	9300	1
9320	4979	1
2042	3685	1
6113	5463	1
13270	14144	1
5994	13011	1
861	1523	1
11564	6419	1
17098	8336	1
8940	11120	1
14494	1829	1
5009	9255	1
1830	1829	1
9016	5308	1
296	1829	1
5375	6419	1
16287	6037	1
2855	1081	1
20164	1161	1
7731	7179	1
6242	20165	1
13019	3862	1
8942	10360	1
2818	1161	1
3185	5600	1
1081	2855	1
2383	8011	1
8336	17098	1
2604	6901	1
3337	5075	1
2224	20120	1
9016	2616	1
12930	7574	1
9320	7574	1
2617	9335	1
1656	3999	1
6713	159	1
1619	5266	1
7687	4126	1
20054	9748	1
4126	7687	1
1583	3190	1
9436	7574	1
7784	4533	1
960	12196	1
5318	5305	1
1171	7574	1
6901	2604	1
2042	1439	1
6419	11564	1
16769	17197	1
16807	13554	1
9200	16333	1
13932	1173	1
13378	9291	1
1502	14443	1
19441	1828	1
6242	9291	1
19465	20116	1
6321	8516	1
2428	4320	1
19560	7853	1
5798	5798	1
16606	19394	1
20138	19923	1
10765	3878	1
16712	16713	1
62	54	1
6908	1814	1
3451	5928	1
1814	6908	1
839	158	1
3881	858	1
8998	314	1
2223	17858	1
20166	20166	1
2265	14068	1
17197	16769	1
425	2611	1
1502	2955	1
20167	5318	1
7138	5843	1
10080	16241	1
7574	9320	1
4979	9320	1
2224	6670	1
8259	16862	1
5299	5793	1
5773	5258	1
20078	20078	1
1338	5660	1
11070	1426	1
11555	5503	1
11920	6448	1
1200	5745	1
20168	5247	1
4251	3944	1
13581	14531	1
11372	18179	1
14876	18179	1
17618	18128	1
6294	7367	1
4038	14571	1
3177	11113	1
20055	6207	1
12565	2646	1
9208	11113	1
10066	8966	1
539	7610	1
1884	1238	1
3262	12035	1
6122	6017	1
15774	14314	1
20069	10469	1
1497	3706	1
6507	7857	1
7989	5215	1
3616	5330	1
16982	9483	1
995	4570	1
15143	20151	1
8548	16055	1
12930	16657	1
7228	13289	1
