14037	20124	1
16817	17861	1
17840	6070	1
15283	19802	1
15652	20128	1
15402	9777	1
10345	6552	1
4250	5267	1
7020	9342	1
17261	891	1
12128	478	1
4266	20117	1
13418	11440	1
5188	11670	1
18690	12842	1
4250	2912	1
6552	10345	1
14507	14507	1
16189	7425	1
6070	5355	1
9300	14058	1
15428	16037	1
1792	1009	1
8903	11387	1
8903	14058	1
2510	15567	1
14628	14027	1
6070	6070	1
1055	4171	1
8185	15567	1
7622	9276	1
18290	7772	1
4816	5531	1
1084	3650	1
19881	801	1
2194	4170	1
2543	6578	1
11814	8092	1
2372	2348	1
1905	3650	1
18319	6073	1
1788	9970	1
5343	8972	1
3288	3287	1
7804	7082	1
3287	3288	1
3850	4273	1
13837	7082	1
16189	7402	1
6135	5415	1
5415	6135	1
6667	6813	1
7082	7804	1
17324	17326	1
7595	7592	1
20104	20126	1
4037	14182	1
10368	14182	1
18714	17415	1
1584	4789	1
6049	4327	1
2551	518	1
7804	1556	1
6580	4634	1
518	2551	1
14058	9174	1
12773	13289	1
14058	9300	1
11440	9639	1
1556	7804	1
14478	9276	1
18730	4528	1
16729	15339	1
7409	9276	1
14182	4037	1
14609	10357	1
9878	6898	1
87	86	1
1659	1499	1
1568	4692	1
10466	86	1
5506	2645	1
7602	2912	1
2051	1558	1
1215	1558	1
4273	3850	1
2019	1558	1
14478	5862	1
20129	11131	1
6625	13973	1
10799	11943	1
3650	3940	1
11943	10799	1
5415	4655	1
20061	11074	1
16761	4273	1
20130	15530	1
13325	10856	1
2185	1535	1
12274	14182	1
4655	5415	1
10856	13325	1
13554	16807	1
16497	11047	1
12898	6977	1
2725	5881	1
8999	12650	1
2496	12541	1
8401	10856	1
1855	5706	1
5706	1855	1
1499	1659	1
6481	6921	1
18331	18331	1
7688	7360	1
159	2712	1
10007	6419	1
16497	19164	1
801	1008	1
19881	1008	1
5495	1062	1
10713	7831	1
4107	3160	1
12456	7831	1
3383	6103	1
9	11714	1
7179	18958	1
2483	5382	1
2557	5123	1
2734	3170	1
3170	2734	1
4280	15032	1
14166	5307	1
10610	12252	1
7622	7495	1
14478	7495	1
3545	4660	1
6879	6880	1
4120	16291	1
4120	16194	1
1523	6987	1
11814	13621	1
3718	1258	1
595	18367	1
12450	14956	1
10109	4922	1
4739	13306	1
6071	226	1
2579	3745	1
3447	4233	1
9500	18367	1
18096	3361	1
6214	4951	1
3451	4951	1
15048	3877	1
6045	10839	1
8854	11060	1
370	7853	1
20031	1143	1
19336	19336	1
7858	2428	1
17959	12417	1
11814	16802	1
1523	9945	1
1855	5717	1
14559	14560	1
6045	5717	1
14223	20131	1
5717	1855	1
5778	3868	1
14478	9391	1
2051	3176	1
9753	2010	1
14956	12450	1
11310	2087	1
979	5314	1
17928	17929	1
4107	394	1
8824	4653	1
1523	23	1
3212	3059	1
7257	5922	1
16497	12403	1
10095	3575	1
2578	8852	1
16497	10067	1
370	145	1
3361	18096	1
19866	8295	1
87	84	1
8794	8795	1
5411	4743	1
2051	8830	1
9970	1788	1
6367	12540	1
10074	84	1
11860	2194	1
370	9498	1
11814	11161	1
14478	1897	1
20132	20034	1
960	12196	1
4346	3722	1
9477	6787	1
4341	9665	1
12381	12545	1
3575	10095	1
8909	5228	1
5119	4873	1
6274	3657	1
4354	8443	1
6115	8650	1
6282	5228	1
14876	7416	1
518	993	1
573	526	1
14431	20133	1
12340	1897	1
1038	95	1
13289	12773	1
15686	95	1
11372	17655	1
15552	6428	1
1523	4389	1
8999	13687	1
370	515	1
12755	10902	1
16488	20134	1
1548	17655	1
1338	385	1
14837	10610	1
17362	11139	1
11058	9356	1
20057	20057	1
3650	1084	1
5796	2721	1
654	447	1
11502	1612	1
20135	20135	1
20136	20136	1
6787	9477	1
1338	1523	1
14494	1829	1
1830	1829	1
1338	3996	1
3514	9945	1
19208	19207	1
190	71	1
7840	4091	1
1338	71	1
1338	6097	1
1523	6097	1
296	1829	1
7744	6389	1
1523	541	1
12023	19093	1
4106	6783	1
17655	1548	1
3353	7645	1
16194	4120	1
19676	19598	1
11814	12630	1
3545	3333	1
1855	3716	1
3716	1855	1
4107	17242	1
4175	1449	1
1523	8959	1
3657	6274	1
15099	15099	1
7362	7819	1
654	2218	1
10856	8401	1
4233	3447	1
1062	5495	1
19828	19828	1
20137	974	1
4126	7687	1
6070	17840	1
19458	10242	1
2027	2028	1
16537	18863	1
13193	11242	1
13829	5593	1
11440	13418	1
1880	17052	1
6367	1134	1
10869	10094	1
3515	14222	1
16783	17861	1
9193	10094	1
8676	1134	1
19923	20138	1
14478	4747	1
3723	1469	1
1469	3723	1
7409	4747	1
14749	16062	1
655	1848	1
243	24	1
7362	9404	1
2051	18833	1
4107	8820	1
1855	16009	1
11814	9479	1
10067	16497	1
5354	7209	1
19164	16497	1
11047	16497	1
14478	8222	1
10461	9992	1
16009	1855	1
6045	6643	1
12630	9479	1
9992	10461	1
6367	1534	1
17367	15076	1
654	3992	1
8488	16321	1
14222	3515	1
12649	12943	1
4295	19789	1
4922	10109	1
9479	12630	1
3739	1656	1
6810	3449	1
11767	10250	1
6171	10470	1
14536	2096	1
425	13149	1
13149	425	1
20045	20046	1
11502	1428	1
12541	2496	1
20139	20139	1
14478	5824	1
18150	3852	1
5110	5818	1
5066	5514	1
1523	437	1
861	437	1
4242	7054	1
7228	13289	1
740	4174	1
9356	11058	1
478	12128	1
14197	3315	1
3244	4329	1
16250	16941	1
3176	2051	1
8830	2051	1
16345	16941	1
3999	1656	1
1152	11148	1
8525	8526	1
4214	17818	1
9020	3954	1
1338	5660	1
5753	5531	1
2051	1215	1
7235	4555	1
10807	7714	1
87	158	1
7209	5354	1
13208	6781	1
3650	1589	1
3927	7480	1
6414	7714	1
9479	16802	1
10537	12096	1
14478	14117	1
11502	11113	1
12096	10537	1
14197	3545	1
11567	18918	1
6367	1323	1
8961	5574	1
19356	19356	1
3650	2903	1
7421	19866	1
7407	5240	1
12174	4418	1
8295	19866	1
20140	3912	1
663	8543	1
12755	5641	1
11113	11502	1
4418	12174	1
7717	17917	1
2068	19633	1
6120	2873	1
20132	17199	1
3723	3949	1
3949	3723	1
11502	9687	1
4824	11767	1
9223	12929	1
11814	12795	1
15339	16729	1
7831	10713	1
11387	10161	1
10161	11387	1
6045	132	1
17163	16789	1
6045	1620	1
3244	2192	1
11455	5318	1
2912	7602	1
9829	5318	1
19866	142	1
6127	12899	1
2051	2019	1
9687	11502	1
3244	5335	1
1848	655	1
14657	3087	1
18000	6236	1
8391	4873	1
16194	10581	1
2383	4355	1
4355	2383	1
19032	9584	1
46	4687	1
7772	18290	1
11502	2869	1
540	8167	1
18928	20141	1
11129	19432	1
13227	19992	1
2051	3920	1
5943	4948	1
8609	6059	1
6552	8037	1
18290	4393	1
20131	13752	1
8037	6552	1
7495	7622	1
12988	14887	1
16188	1931	1
8705	5228	1
14478	7622	1
7302	5228	1
2909	2294	1
11455	3581	1
6045	5733	1
1931	16188	1
4574	4619	1
1338	4816	1
1523	5571	1
4107	4816	1
3650	4154	1
18218	19942	1
14043	15718	1
5381	5382	1
4743	5411	1
1571	974	1
6045	2480	1
19207	19208	1
4715	3747	1
6073	18319	1
14478	13275	1
16716	9132	1
3166	2721	1
11781	14082	1
16789	17163	1
16497	8977	1
20142	5987	1
1855	1094	1
1094	1855	1
4580	10637	1
6849	19871	1
1855	3288	1
3288	1855	1
20143	15110	1
20144	20145	1
20146	10610	1
14478	8031	1
17452	11268	1
1392	1122	1
12936	11406	1
9132	16716	1
6236	18000	1
11397	5892	1
19598	9270	1
7804	5411	1
18015	3458	1
6045	5720	1
4531	658	1
10379	1265	1
635	1265	1
6765	8452	1
30	594	1
12369	5248	1
5411	7804	1
5670	5248	1
4207	5248	1
20147	18052	1
11766	13482	1
10102	10582	1
8950	13275	1
13275	8950	1
13482	11766	1
15586	13884	1
2127	1265	1
3616	3457	1
3059	3457	1
20005	20005	1
2630	20005	1
10765	11800	1
13455	6716	1
3512	1265	1
17240	19967	1
19673	19967	1
1987	13851	1
18113	240	1
20148	19430	1
49	50	1
5753	6539	1
8434	20149	1
10067	3945	1
10637	4580	1
3945	10067	1
6209	9839	1
19432	11129	1
