1402	18690	1
8903	8260	1
4037	8280	1
3949	3723	1
3723	3949	1
5715	4763	1
7452	4666	1
5742	3503	1
5754	6804	1
12429	9488	1
5325	8280	1
12562	9028	1
5670	4174	1
3233	6411	1
9275	11444	1
2646	7857	1
5733	10582	1
1514	20380	1
14494	1829	1
1830	1829	1
12624	13367	1
5636	10620	1
17739	7598	1
8280	4037	1
641	14877	1
8903	10611	1
5893	5047	1
14968	20183	1
15081	12221	1
15447	3380	1
3975	3975	1
12134	8763	1
20384	11353	1
4589	5441	1
10123	14262	1
1858	3401	1
15386	11641	1
4666	7452	1
4431	5560	1
4830	5861	1
20207	3531	1
5613	12861	1
14653	3975	1
3975	14653	1
6325	1537	1
5674	5674	1
3752	12152	1
11161	3170	1
4762	4797	1
11836	13113	1
13113	11836	1
3170	11161	1
8676	3190	1
10594	4346	1
7891	9897	1
20343	6363	1
7020	10179	1
13711	6816	1
9897	7891	1
18005	19708	1
17289	17024	1
9102	3975	1
20385	20385	1
5191	10719	1
7175	16980	1
4084	10719	1
5043	10719	1
10340	3426	1
8763	12134	1
13777	12795	1
11387	8903	1
7283	9645	1
4755	15915	1
4112	6730	1
4170	833	1
8876	4589	1
2883	1537	1
17499	3544	1
5743	835	1
8644	4729	1
5047	5893	1
12061	4883	1
15530	20130	1
20039	10118	1
12861	5613	1
9136	16244	1
5299	19889	1
17499	16203	1
9767	6121	1
5856	8222	1
4666	9888	1
4292	6475	1
7532	12998	1
3657	5580	1
16980	7175	1
953	6022	1
4280	15744	1
11768	2160	1
10582	5733	1
3840	3170	1
12584	10206	1
129	4064	1
1459	11465	1
3170	3840	1
18831	1559	1
11465	1459	1
2883	3623	1
10206	12584	1
17418	1459	1
6084	1238	1
3452	3452	1
2239	12837	1
12837	2239	1
8040	8774	1
786	4933	1
5020	3717	1
8976	19482	1
13263	2204	1
5167	2028	1
625	5062	1
10333	5388	1
14011	4397	1
4933	786	1
5951	5929	1
7000	10464	1
6674	7683	1
5929	5951	1
19164	5352	1
19620	1842	1
3490	1188	1
13023	7345	1
635	3121	1
9516	5113	1
95	23	1
14814	6424	1
3178	5924	1
2046	15773	1
10183	15773	1
472	473	1
5488	15773	1
17251	19353	1
3404	5294	1
3257	7308	1
7308	3257	1
6398	6399	1
20386	13974	1
17441	14108	1
4319	6490	1
6045	10839	1
4281	9414	1
4397	14011	1
20358	20357	1
6667	6812	1
19482	8976	1
20387	13370	1
7232	17944	1
777	383	1
17917	20075	1
3426	10340	1
12861	5906	1
641	10831	1
20388	11221	1
3642	3518	1
4475	702	1
9270	1372	1
2715	4087	1
424	15786	1
20389	19173	1
14150	9680	1
383	777	1
16163	16163	1
5359	426	1
3717	5020	1
1787	11500	1
20271	18492	1
4418	6883	1
3297	19487	1
8644	4282	1
15722	8776	1
3722	4346	1
19708	18005	1
2319	18178	1
20331	20331	1
5883	3566	1
3950	6171	1
20390	11694	1
12152	3752	1
15286	15286	1
7756	3798	1
8724	1473	1
7725	4260	1
10741	6128	1
9253	11632	1
4064	8255	1
16560	18747	1
518	17642	1
13392	12899	1
3528	3836	1
16668	15911	1
5628	6854	1
4346	3722	1
4461	4574	1
10266	2446	1
13736	12899	1
13407	14818	1
20391	9160	1
9425	11536	1
3453	4333	1
4522	16517	1
3304	4469	1
12899	13736	1
5923	1700	1
7502	4788	1
4965	3240	1
8037	17655	1
3010	4469	1
16388	12899	1
1397	1345	1
1388	16322	1
4469	3304	1
4755	12899	1
6052	2677	1
4666	2501	1
5174	3304	1
512	20352	1
17926	13736	1
3240	4071	1
6177	6168	1
20392	20392	1
11372	17655	1
4905	6168	1
9596	17655	1
7308	6168	1
5856	6168	1
2543	6168	1
3304	2291	1
8724	10886	1
912	1599	1
6168	6177	1
5481	4980	1
13263	7968	1
9240	16523	1
14417	37	1
20384	20393	1
10179	7020	1
20373	5983	1
7929	7853	1
4292	3306	1
2873	1188	1
9596	9596	1
7260	7853	1
5678	16502	1
17785	7711	1
12899	4755	1
4087	2715	1
3892	4789	1
20394	2192	1
2721	896	1
275	11476	1
4546	2109	1
2931	3642	1
11898	10769	1
4706	4707	1
16708	12515	1
11826	13685	1
406	13685	1
1188	2873	1
19625	13685	1
2132	15988	1
4475	2853	1
14197	7108	1
3281	1126	1
18458	18457	1
4341	3250	1
4522	3567	1
11161	20395	1
6478	3797	1
3202	15286	1
635	11045	1
352	8173	1
8705	14859	1
3545	10634	1
9722	2611	1
20395	11161	1
16502	5678	1
990	15744	1
20294	14899	1
13685	19625	1
12319	2611	1
10464	7000	1
16389	15988	1
3315	3545	1
426	5359	1
2077	2083	1
12010	12361	1
1038	95	1
17987	18358	1
8724	10574	1
17	3608	1
12779	5366	1
13851	3315	1
17090	1426	1
3606	7343	1
1305	371	1
7853	515	1
2446	10266	1
20396	6294	1
3651	3190	1
859	7343	1
8280	5325	1
7343	3606	1
17655	11372	1
1884	1238	1
13263	6128	1
3797	6478	1
3475	9754	1
4534	5622	1
322	3828	1
7798	5325	1
2027	2028	1
6168	2543	1
16947	2902	1
20397	20397	1
10002	4363	1
18635	19625	1
2204	13263	1
4292	6562	1
8247	4363	1
2361	5502	1
20398	20398	1
18148	18408	1
406	6987	1
5893	7543	1
1228	3929	1
2132	10861	1
5898	5897	1
12515	16708	1
7345	13023	1
20201	8363	1
10461	9992	1
8261	2611	1
6599	9330	1
2611	8261	1
1599	912	1
9992	10461	1
4226	11681	1
11510	2187	1
7367	4777	1
4029	17366	1
12340	2297	1
2501	4666	1
19625	18635	1
7796	7543	1
11119	11119	1
19889	5299	1
11898	10016	1
8644	6089	1
453	4886	1
447	11500	1
9712	18512	1
17441	441	1
4886	453	1
10177	3954	1
1700	5923	1
12061	6294	1
3497	1891	1
5258	5773	1
3190	3651	1
3376	1188	1
5904	4135	1
6168	7308	1
9391	7893	1
1623	3862	1
2600	9945	1
4120	4816	1
345	5755	1
8071	12961	1
19625	18863	1
16947	12748	1
14341	14340	1
8911	4002	1
1188	3376	1
3240	4965	1
11694	20390	1
6475	10158	1
8322	11712	1
2855	1081	1
2076	4377	1
15119	15119	1
18318	20246	1
12961	8071	1
18863	19625	1
20399	9300	1
9300	20399	1
20246	18318	1
8040	19625	1
5983	20373	1
4984	1134	1
1618	8173	1
1148	2568	1
10788	19459	1
8228	2900	1
17792	6107	1
13868	4335	1
12899	13392	1
11045	635	1
12748	16947	1
5413	16322	1
14793	3885	1
16322	5413	1
1391	11868	1
8724	4525	1
4816	4120	1
6551	16857	1
20360	19785	1
6551	227	1
16857	227	1
15744	4280	1
1388	5413	1
1332	6467	1
5922	5	1
3520	4563	1
2397	6270	1
8843	14699	1
6804	5754	1
8222	5856	1
6168	5856	1
227	16857	1
7711	17785	1
5684	3160	1
7012	3160	1
5	5922	1
1072	2634	1
5481	7543	1
185	2634	1
5678	13219	1
20400	16523	1
18058	16716	1
5047	6246	1
16546	16523	1
5366	12779	1
23	424	1
1370	1740	1
9735	5294	1
18635	20401	1
9940	18255	1
6128	10741	1
14716	11565	1
14840	8540	1
5694	13977	1
8243	5650	1
2911	226	1
5972	13809	1
13219	5678	1
14949	13807	1
20402	9378	1
1881	1880	1
8976	7988	1
4346	14443	1
13809	5972	1
717	1880	1
4755	12356	1
13807	14949	1
12061	6700	1
18695	11655	1
13884	10649	1
15844	11451	1
14443	4346	1
1462	6506	1
15237	7668	1
11779	13580	1
8644	4281	1
9414	4281	1
17512	10569	1
5755	345	1
10405	17729	1
20401	18635	1
11655	18695	1
3068	1294	1
12237	7543	1
4946	16525	1
20403	20404	1
12061	9365	1
8962	6820	1
9096	7158	1
6342	5798	1
12217	8285	1
12173	7786	1
11032	3802	1
19962	12121	1
13744	3568	1
1461	3802	1
1539	3671	1
2901	3802	1
3503	5742	1
6602	3568	1
1674	2420	1
5341	2829	1
4801	7922	1
50	7015	1
9239	20344	1
12061	8843	1
8724	4431	1
16092	16091	1
13350	9085	1
6812	6667	1
2420	1674	1
18128	20061	1
20273	3383	1
20405	20405	1
7463	20366	1
20406	9389	1
1426	17090	1
20407	2479	1
20373	765	1
12908	5874	1
3383	20273	1
17729	10405	1
4580	10637	1
7853	7260	1
9388	17224	1
10315	17224	1
406	7807	1
15446	10274	1
4869	6424	1
2691	1428	1
5786	4400	1
13875	72	1
20281	2912	1
20408	20409	1
9388	9388	1
15773	5488	1
1514	2083	1
3963	2829	1
7235	5563	1
7389	7723	1
2480	2297	1
9369	6193	1
20410	20411	1
3579	3580	1
20412	20412	1
7988	8976	1
104	1833	1
13671	1664	1
113	131	1
3004	7045	1
11353	20384	1
20413	14321	1
3315	13851	1
20393	20384	1
14899	20294	1
14957	20384	1
5523	4612	1
19994	11746	1
6168	4905	1
20001	19850	1
13687	12650	1
6548	3383	1
5581	18853	1
13851	1987	1
13306	11110	1
7864	13963	1
10507	6625	1
3071	10509	1
15079	14025	1
5670	5248	1
18544	13367	1
8763	8976	1
6607	3176	1
3747	11422	1
13367	18544	1
13850	17252	1
8976	8763	1
7318	6938	1
7639	11346	1
5325	14715	1
11397	5892	1
20414	11194	1
18487	13367	1
10102	3767	1
7463	7463	1
20415	10754	1
11346	7639	1
20366	7463	1
13367	18487	1
18106	1193	1
7451	4002	1
6901	12568	1
1673	1345	1
7083	5374	1
13505	14806	1
4729	5869	1
17031	13367	1
741	2037	1
6994	9910	1
12351	5531	1
2554	1384	1
17321	15435	1
18358	17987	1
14806	13505	1
19112	17987	1
6820	8962	1
13646	12861	1
1880	20173	1
3671	1539	1
5972	8962	1
19670	17031	1
6319	14820	1
11773	10299	1
6625	11513	1
7893	14820	1
765	20373	1
13367	17031	1
15773	10784	1
15748	18953	1
2506	1341	1
7873	2823	1
13494	3347	1
6490	4319	1
9489	15286	1
12568	6901	1
16842	10410	1
19432	1341	1
17031	19670	1
13589	13367	1
6163	1545	1
