20312	9015	1
9356	3020	1
13906	12104	1
6037	7505	1
4246	15561	1
5335	385	1
15023	7639	1
6068	6743	1
5716	9881	1
8336	19967	1
4084	7639	1
13323	8998	1
3949	3723	1
10285	8998	1
6612	4409	1
20058	5434	1
13553	10620	1
4730	4409	1
6037	16287	1
4937	8998	1
9015	20312	1
19810	6526	1
7505	6037	1
18521	18521	1
16287	6037	1
11836	8446	1
18509	13100	1
7639	15023	1
4852	20308	1
4265	4266	1
8258	185	1
10815	6361	1
3426	6840	1
7340	13311	1
9369	7980	1
277	2273	1
6901	12568	1
15435	17321	1
7639	12568	1
7895	6079	1
1809	7225	1
8774	5191	1
1884	5463	1
7868	10765	1
12568	7639	1
12116	936	1
8015	3232	1
1229	6270	1
1233	20272	1
5434	20058	1
10651	9281	1
7086	4555	1
3257	5862	1
18350	18350	1
17730	5225	1
6652	6022	1
2646	7857	1
12544	9723	1
20183	8748	1
10869	3263	1
14849	3855	1
2121	5764	1
7209	5354	1
20313	20313	1
8972	9223	1
6901	12540	1
4979	7680	1
3497	1686	1
20202	15309	1
1620	5720	1
8748	20183	1
6788	10464	1
8707	3170	1
4084	4797	1
10623	7085	1
7308	8707	1
5896	5217	1
3170	8707	1
3263	10869	1
5720	1620	1
12420	6544	1
5217	5896	1
11137	1105	1
3297	7042	1
6245	7332	1
6220	8724	1
14132	20161	1
13325	20161	1
5262	19674	1
3216	4250	1
10183	1711	1
4522	2902	1
1884	260	1
4094	20161	1
20314	11111	1
20272	1233	1
1120	6854	1
1146	768	1
5789	6156	1
16199	6156	1
6086	6363	1
5359	426	1
16855	8896	1
9897	4100	1
20315	12861	1
15784	9389	1
11031	5691	1
9876	9389	1
13960	7452	1
10869	10094	1
437	5604	1
12663	6700	1
6122	6017	1
6901	7639	1
12861	20315	1
5768	1620	1
3315	3545	1
260	261	1
10667	5300	1
11224	868	1
10061	786	1
10319	8975	1
15023	8975	1
16560	18747	1
15985	10330	1
14132	20313	1
10330	15985	1
2555	18747	1
19832	14115	1
271	272	1
8031	7128	1
17730	5008	1
10560	8460	1
7128	8031	1
11459	2352	1
5889	6909	1
7228	13289	1
8460	10560	1
10330	8031	1
7019	7858	1
2352	11459	1
7196	7858	1
13808	10435	1
9881	5716	1
13497	10435	1
20316	10435	1
12540	6901	1
7639	6901	1
12568	6901	1
4334	7695	1
19538	18367	1
6788	9138	1
1064	12899	1
5366	12779	1
20161	13325	1
4335	4336	1
6417	15071	1
6906	9391	1
1271	3596	1
7680	4979	1
18366	18367	1
19793	20075	1
1552	4217	1
10327	15828	1
9135	3088	1
7639	4084	1
5196	5195	1
10814	8903	1
3669	17513	1
15663	10865	1
20269	20269	1
14058	8903	1
15478	11339	1
15535	10966	1
4034	4422	1
17388	8876	1
20272	9215	1
385	5335	1
11339	15478	1
221	294	1
12779	5366	1
61	8722	1
8076	5812	1
9782	10900	1
866	1558	1
16455	16454	1
16312	236	1
8490	2647	1
2969	1437	1
5764	2121	1
14494	1829	1
1830	1829	1
7613	1829	1
14868	18380	1
10154	6445	1
3722	4346	1
296	1829	1
185	8258	1
12340	1897	1
6986	18594	1
6168	6177	1
3407	3408	1
1370	3203	1
7989	2863	1
6205	2758	1
9156	1998	1
7291	9605	1
19497	14321	1
6017	6122	1
20317	20317	1
16202	3544	1
9218	17463	1
2237	2517	1
20282	20282	1
573	526	1
6220	11161	1
12073	5221	1
5630	8483	1
4959	11650	1
9391	6906	1
10327	6321	1
8336	7739	1
2573	2571	1
18380	14868	1
7178	3822	1
3696	2863	1
6898	18188	1
20239	9770	1
869	5628	1
13100	18509	1
6220	11855	1
1710	3510	1
12185	7756	1
9031	4727	1
2106	14382	1
11935	3171	1
16955	16954	1
7082	2198	1
6160	4755	1
16112	16113	1
8624	8624	1
9204	1762	1
7568	8173	1
7848	1254	1
4727	9031	1
3606	8173	1
4485	8173	1
9425	7543	1
2604	8173	1
5084	20318	1
4312	8173	1
6906	1238	1
294	221	1
4990	6875	1
11838	20110	1
8444	8173	1
20249	10266	1
17024	17289	1
3822	7178	1
18511	12682	1
10327	2351	1
6906	4308	1
17289	17024	1
2038	11045	1
18509	16062	1
12945	12395	1
20319	20320	1
129	6266	1
5719	6294	1
8483	5630	1
3950	6171	1
2877	1451	1
383	382	1
10327	4905	1
382	383	1
6168	4905	1
9215	20272	1
20321	6997	1
3641	11160	1
10327	14400	1
6220	17031	1
12134	8763	1
11144	718	1
3020	9356	1
11899	6448	1
4990	3012	1
10109	4922	1
6983	5804	1
680	9584	1
15395	12403	1
19032	9584	1
17059	8228	1
10266	14814	1
11767	9385	1
6874	4681	1
14899	20294	1
8579	8228	1
4422	4034	1
10765	8451	1
8763	12134	1
15898	4280	1
2198	7082	1
12395	12945	1
1886	5545	1
13367	13595	1
9223	8972	1
17816	3849	1
14960	20038	1
17928	17929	1
4757	5489	1
16933	5439	1
4029	11121	1
144	19962	1
19707	1784	1
89	19962	1
1552	2936	1
18291	13083	1
9156	71	1
3802	2901	1
425	3567	1
1710	6294	1
13367	14361	1
644	3091	1
3641	1674	1
20312	17498	1
16062	18509	1
3641	732	1
62	54	1
5356	1847	1
1813	5335	1
14178	3737	1
7899	20193	1
8228	17059	1
20322	20322	1
4755	9550	1
10984	14836	1
3737	14178	1
4100	9897	1
5541	953	1
14208	12385	1
6807	6808	1
3641	7078	1
5253	536	1
9550	4755	1
18086	10609	1
6171	3950	1
8115	1149	1
10435	13497	1
1711	10754	1
4922	10109	1
12748	10200	1
5628	3377	1
9605	7291	1
5335	1451	1
6183	4755	1
9593	1451	1
14672	14559	1
14078	1451	1
3377	5628	1
18642	8336	1
1552	2616	1
1452	1451	1
10609	18086	1
3802	1461	1
5300	3042	1
16113	16112	1
426	5359	1
129	7705	1
8903	10814	1
13892	10755	1
7505	18953	1
19134	4742	1
13593	2548	1
12872	418	1
10561	12111	1
11935	2735	1
1662	15925	1
8228	8579	1
11935	6245	1
20184	3752	1
7469	9239	1
10461	9992	1
1552	2203	1
11688	15306	1
6168	5856	1
10542	9790	1
9156	1215	1
8707	7308	1
18511	13063	1
15925	1662	1
835	2935	1
6168	7308	1
16397	1662	1
3513	17491	1
15181	162	1
10824	9039	1
14016	10404	1
2325	12751	1
4422	616	1
18509	11537	1
5027	5026	1
18509	18142	1
15941	20323	1
4250	3216	1
7868	11800	1
13100	18142	1
12533	8162	1
6168	2543	1
1341	20321	1
3710	2869	1
4571	4488	1
9135	11120	1
6448	11899	1
11158	4074	1
9683	18700	1
540	8167	1
1451	9593	1
7276	14807	1
8681	17289	1
10651	13685	1
5301	6030	1
3641	696	1
4490	5288	1
6444	2086	1
5188	1064	1
18509	18443	1
6906	7695	1
17100	18112	1
1064	5188	1
20324	4485	1
4321	15313	1
10464	7000	1
3138	5581	1
1552	7032	1
10327	6539	1
6220	6539	1
17787	12221	1
20170	8943	1
12082	1155	1
7725	16474	1
6927	4962	1
8692	7912	1
20325	20326	1
2912	20281	1
4336	4335	1
6745	4962	1
1405	16176	1
15081	12221	1
6665	6666	1
19193	19193	1
6539	3944	1
1229	4060	1
20327	20327	1
14807	7276	1
1620	5768	1
6030	5301	1
20328	20328	1
20329	14029	1
5699	20183	1
9332	835	1
8162	12533	1
8545	10986	1
5537	6893	1
1149	8115	1
13911	13117	1
20289	17765	1
20193	7899	1
1451	5335	1
2963	3591	1
17989	20082	1
12714	17625	1
511	5512	1
19274	6445	1
18700	9683	1
15306	11688	1
1268	2017	1
8943	20170	1
3591	2963	1
17321	15435	1
3091	644	1
6543	6542	1
8724	10886	1
15535	8656	1
20304	3323	1
16956	6344	1
4852	9065	1
16601	2012	1
5347	10248	1
2044	2045	1
9069	5000	1
10327	7501	1
5298	15925	1
4485	20324	1
2185	4626	1
5650	20274	1
20218	5357	1
2721	5796	1
3171	11935	1
2735	11935	1
6245	11935	1
18142	13100	1
10248	5347	1
381	381	1
17625	12714	1
10327	9425	1
11231	12932	1
7507	7507	1
1710	6242	1
9135	8940	1
19074	19074	1
13707	11071	1
12580	8328	1
7175	9724	1
8174	2138	1
15535	11434	1
17396	17361	1
16317	2973	1
20330	18724	1
2275	12918	1
20274	5650	1
16289	11640	1
16788	16638	1
1762	9204	1
4762	7158	1
20331	20331	1
13525	11722	1
20294	14899	1
16855	12175	1
7989	12259	1
18193	17137	1
418	12872	1
158	2109	1
18747	16560	1
14804	3079	1
5386	9240	1
18724	20330	1
9335	2617	1
12624	13367	1
11965	16922	1
20273	10781	1
3737	14248	1
20332	16231	1
1420	5717	1
18509	2875	1
7688	7513	1
16817	20333	1
2617	9335	1
128	128	1
4962	6745	1
13685	10651	1
1788	16488	1
8722	6377	1
552	10892	1
1338	9062	1
7495	7622	1
512	14843	1
15550	8404	1
14480	6070	1
12485	16873	1
1152	20334	1
14651	6070	1
5442	3950	1
10327	6394	1
5363	9488	1
10327	9144	1
19992	19992	1
10266	20249	1
3017	9724	1
16055	20249	1
20335	15748	1
1155	11714	1
16873	12485	1
4265	447	1
20336	20337	1
2185	4970	1
6220	9145	1
8973	9144	1
46	3050	1
6070	14651	1
9144	8973	1
2973	16317	1
3050	46	1
23	95	1
16465	8490	1
12152	3752	1
20070	20133	1
5354	7209	1
12932	11231	1
12111	10561	1
6343	9144	1
2134	12584	1
12596	9378	1
