3641	3401	1
418	12872	1
12932	11231	1
3752	12152	1
11231	12932	1
6220	2768	1
7622	7495	1
13187	11502	1
6630	14095	1
7756	12185	1
23	1523	1
18246	18246	1
6123	16236	1
6068	6743	1
14868	18380	1
8973	9144	1
9144	8973	1
10968	5240	1
16236	6123	1
13808	12777	1
2383	4355	1
17765	20289	1
14651	6070	1
1099	5006	1
1552	5706	1
8721	1840	1
8328	12580	1
12777	13808	1
10435	13808	1
6300	5815	1
4355	2383	1
4361	1009	1
6070	14651	1
3304	5006	1
1509	1009	1
5582	3245	1
6070	6070	1
4409	5217	1
10634	4660	1
6070	14480	1
5217	4409	1
2428	7858	1
14480	6070	1
1081	9409	1
14480	14480	1
5494	9639	1
17463	9218	1
12961	8071	1
4251	3944	1
5706	1552	1
10900	9782	1
12562	12086	1
10343	7128	1
12086	12562	1
2377	3544	1
7291	9791	1
7340	13311	1
6220	13311	1
18380	14868	1
7032	1552	1
2203	1552	1
2616	1552	1
9791	7291	1
9184	3923	1
2936	1552	1
2123	1731	1
9184	6132	1
4217	1552	1
6893	5537	1
5263	7126	1
849	6270	1
13483	20267	1
11407	11244	1
20338	11353	1
14281	11244	1
16956	6344	1
20328	20328	1
9451	14355	1
887	870	1
9239	7469	1
768	1146	1
5768	1620	1
7469	9239	1
7639	7236	1
5202	9966	1
8079	17459	1
5202	11007	1
1552	2936	1
20339	15922	1
5646	5532	1
5537	6893	1
4660	10634	1
17954	226	1
9079	519	1
20282	8825	1
16774	6883	1
8422	6844	1
3817	7085	1
19538	18367	1
5042	9171	1
14137	14960	1
5613	14960	1
20282	20282	1
2115	5991	1
20038	14960	1
3817	4363	1
12485	16873	1
6668	20104	1
20340	5352	1
14197	3545	1
5863	9790	1
20183	5699	1
19152	6112	1
7465	2255	1
16951	7291	1
453	515	1
9897	11563	1
6730	7345	1
5202	6059	1
6901	8331	1
4941	11065	1
14960	20038	1
5441	4589	1
13475	9084	1
14699	2109	1
3817	4514	1
5722	8216	1
12899	10503	1
19274	17475	1
5366	12779	1
1847	5356	1
6919	4454	1
1105	6113	1
1552	2616	1
11237	5525	1
2797	9182	1
10902	1289	1
1289	10902	1
400	4180	1
9218	17463	1
12779	5366	1
12751	2325	1
9218	2325	1
1929	10756	1
20341	20342	1
20342	20341	1
536	5253	1
1451	2877	1
12584	2134	1
11048	9262	1
5263	1483	1
9062	1338	1
3817	8967	1
4620	20343	1
6530	4755	1
4755	6530	1
2446	15744	1
15438	18188	1
1188	3490	1
16287	6037	1
2134	12584	1
15835	2369	1
5202	4084	1
5646	4084	1
11072	13550	1
1220	18106	1
7513	7688	1
15438	11372	1
6183	4755	1
1372	9270	1
6037	16287	1
4755	6183	1
5670	4174	1
1193	18106	1
18136	325	1
2797	17192	1
89	427	1
5678	13219	1
5335	1813	1
6376	19995	1
9239	20344	1
1800	657	1
2295	254	1
12134	8763	1
4084	4797	1
5600	3185	1
6216	13791	1
8976	8763	1
8763	12134	1
16112	16113	1
18089	18090	1
9022	4981	1
6589	5850	1
8336	18642	1
8763	8976	1
2617	9335	1
6294	4777	1
5202	8976	1
9270	1372	1
17592	14163	1
13018	663	1
2304	10152	1
7085	10623	1
6187	2611	1
11065	4941	1
15628	2611	1
7367	5536	1
20345	7451	1
16638	16788	1
4174	5670	1
11048	6649	1
861	437	1
16502	13538	1
7639	6901	1
512	363	1
7525	3239	1
9079	10644	1
325	18136	1
9123	8959	1
4777	6294	1
1120	869	1
4038	16289	1
8222	5856	1
5202	11069	1
1599	11760	1
254	9959	1
9255	11069	1
19043	5195	1
6234	6380	1
7680	616	1
20346	20346	1
824	2017	1
11372	15438	1
11048	7416	1
18188	15438	1
11007	13492	1
4522	2902	1
4454	6919	1
2757	2758	1
16023	19628	1
20272	884	1
4868	1045	1
12613	12613	1
8752	2248	1
8192	9480	1
12259	7989	1
3296	222	1
7989	12259	1
7963	1449	1
2138	8174	1
2115	2116	1
16560	18747	1
13042	13041	1
6213	1599	1
16922	11965	1
18747	16560	1
8962	10311	1
13692	7884	1
2797	216	1
10767	1031	1
2006	1031	1
1031	10767	1
14973	20243	1
5195	19043	1
2611	6187	1
20049	20049	1
10417	20243	1
13156	4992	1
6983	5804	1
5202	6901	1
20347	20246	1
10623	7085	1
4996	5895	1
1662	15925	1
635	1509	1
9786	9409	1
13538	16502	1
4346	3722	1
5202	2364	1
4962	6927	1
2276	8173	1
5597	8160	1
5243	16773	1
9533	15760	1
2004	1043	1
9966	11514	1
15744	2446	1
1681	7086	1
14649	11219	1
1599	6213	1
3116	10055	1
12540	6901	1
6901	12775	1
6901	12540	1
7178	3822	1
5329	5329	1
9184	3240	1
20205	7740	1
14907	14907	1
9144	11244	1
2115	12479	1
4060	15013	1
12775	6901	1
13677	12952	1
216	2797	1
3817	8247	1
13219	5678	1
12568	6901	1
5646	5559	1
16502	5678	1
6122	6017	1
2496	4034	1
15748	20335	1
2893	6467	1
3642	3422	1
3984	4577	1
872	10609	1
12920	11731	1
9342	14818	1
4577	3984	1
4748	484	1
6380	6234	1
712	19860	1
2260	11658	1
8174	2138	1
14899	20294	1
16716	7042	1
6977	7236	1
3458	11658	1
1022	2636	1
16668	15911	1
1410	8799	1
4950	5924	1
5202	3965	1
20343	5924	1
1618	8173	1
6506	5934	1
5202	5563	1
15835	12818	1
492	504	1
8032	1106	1
6043	6044	1
7884	13692	1
12775	12540	1
7340	3984	1
10835	20348	1
1800	9605	1
13482	11766	1
5934	6506	1
7000	10464	1
5442	6319	1
20349	15732	1
236	16312	1
3817	4816	1
12347	6774	1
7340	10890	1
12818	15835	1
19459	10788	1
2017	1268	1
16520	16055	1
5932	4748	1
19624	19624	1
20350	20350	1
3154	3665	1
1672	1345	1
1539	2584	1
20351	13474	1
3817	4027	1
18035	17882	1
5804	6983	1
1727	3274	1
10984	14836	1
1661	2353	1
5628	294	1
2037	937	1
2330	5444	1
294	5628	1
13200	8845	1
7451	20345	1
5842	9	1
13741	6348	1
12205	12205	1
629	630	1
2408	12314	1
512	20352	1
1410	1229	1
20353	859	1
4464	8443	1
4055	14431	1
11048	9546	1
4034	4851	1
3203	1370	1
1188	6506	1
3583	5227	1
859	20353	1
15925	1662	1
4900	4888	1
11935	6245	1
11563	9897	1
20343	4620	1
3041	6513	1
3802	11032	1
937	2037	1
1031	2006	1
604	8856	1
774	5884	1
13367	12624	1
10230	10715	1
4888	5154	1
4888	4900	1
5884	774	1
15179	7143	1
11899	6448	1
5646	5647	1
16343	19993	1
9	5842	1
8690	14353	1
7143	15179	1
5646	6361	1
9518	9300	1
5202	4287	1
7066	7853	1
20335	15748	1
13550	11072	1
884	20272	1
4064	8255	1
7308	16946	1
2636	1022	1
8752	9717	1
13494	1096	1
8868	13980	1
3665	3154	1
5318	11455	1
17944	7232	1
1534	4599	1
11920	7772	1
3817	6509	1
3185	5600	1
1813	5335	1
1410	2457	1
8216	9460	1
1370	3203	1
15732	20349	1
3331	2504	1
3626	5796	1
15023	6727	1
7340	10935	1
4033	16009	1
3026	6475	1
20331	20331	1
14869	14807	1
18896	6309	1
3528	1635	1
9753	11390	1
8903	8354	1
3950	6171	1
7495	7622	1
18471	4814	1
16009	4033	1
2017	824	1
426	5359	1
9255	12096	1
8722	61	1
1635	3528	1
5352	20340	1
14277	20354	1
10080	10893	1
2364	4257	1
387	2571	1
4257	2364	1
7340	1401	1
4459	4459	1
20355	20355	1
12422	16424	1
14895	2913	1
13980	8868	1
7772	11920	1
3138	4393	1
5717	1420	1
13041	13042	1
7625	7215	1
7236	7639	1
2124	6892	1
5778	9311	1
16788	16638	1
14090	9799	1
4860	15892	1
3794	8609	1
13581	14531	1
7452	896	1
3817	8666	1
7128	10343	1
3426	4484	1
13851	1987	1
8490	2647	1
9894	12496	1
1987	13851	1
16289	11640	1
5775	15438	1
5253	536	1
16946	7308	1
5202	8331	1
3817	3818	1
7680	4979	1
11048	3893	1
352	4668	1
9020	3954	1
6171	3950	1
4321	4668	1
3817	4668	1
20294	14899	1
12221	15081	1
2200	3345	1
13492	11007	1
7544	6893	1
6893	7544	1
12766	9331	1
6727	15023	1
3345	2200	1
8975	15023	1
20354	14699	1
15789	123	1
20319	11847	1
2797	1254	1
9331	12766	1
6183	4474	1
9423	9437	1
4009	5064	1
9314	8950	1
3817	6924	1
7340	5717	1
4034	2496	1
9079	4329	1
7072	7073	1
12336	10002	1
8976	12134	1
4430	20356	1
6774	12347	1
7340	12965	1
5532	5646	1
4084	5646	1
11258	6930	1
5202	6804	1
8962	5972	1
8167	540	1
5202	7006	1
20069	12683	1
238	3988	1
5563	7235	1
12111	10179	1
437	861	1
5489	4757	1
7340	6479	1
13737	10620	1
17739	12481	1
10002	12336	1
20357	20358	1
20291	20359	1
5650	20274	1
8322	7326	1
4851	4034	1
13685	11826	1
9069	7326	1
9184	3886	1
7340	8386	1
7215	7625	1
3331	2505	1
8386	7340	1
4729	7004	1
15205	5537	1
11658	2260	1
5820	5821	1
14290	19124	1
20272	15530	1
20360	20360	1
2797	6891	1
7624	6030	1
177	11422	1
5546	3153	1
10767	10427	1
11536	9425	1
18812	5345	1
12544	9723	1
7340	8962	1
9184	9479	1
5263	8707	1
12516	7267	1
3153	5546	1
5263	6646	1
17618	7267	1
5821	5820	1
7340	15720	1
15720	7267	1
9311	5778	1
17512	10737	1
10427	10767	1
15365	10713	1
7267	15720	1
5047	5797	1
6030	7624	1
7916	7624	1
6930	11258	1
18350	9863	1
14859	8705	1
1490	822	1
3723	3949	1
9184	6394	1
2776	4742	1
20361	11831	1
13917	5454	1
19112	17987	1
4363	10002	1
16424	12422	1
2115	1008	1
12669	16535	1
