228	10552	1
18493	7679	1
2611	3358	1
2869	3909	1
8328	12580	1
11465	1667	1
3056	878	1
9769	5380	1
150	7779	1
12580	8328	1
7466	6278	1
4827	4668	1
20170	8943	1
20183	1987	1
14699	6278	1
3723	3949	1
17951	1808	1
6278	7466	1
10788	19459	1
17840	7574	1
3949	3723	1
11161	7574	1
13676	4102	1
15106	13882	1
9470	15839	1
7540	3917	1
13593	3824	1
10620	5075	1
5701	5188	1
3822	3824	1
271	272	1
2245	1674	1
228	3917	1
10451	299	1
16703	12572	1
3240	7866	1
19992	15366	1
4666	19482	1
12314	19930	1
19482	4666	1
15320	8181	1
10232	5092	1
13907	4045	1
4207	12369	1
11724	12369	1
15466	84	1
2398	5750	1
20230	11160	1
884	17773	1
270	512	1
6093	7662	1
4763	12052	1
11618	1081	1
6210	9527	1
13961	12500	1
20231	20232	1
5896	5217	1
1081	11618	1
12672	20222	1
19742	16675	1
6513	20183	1
5217	5896	1
3041	20183	1
11151	6265	1
15595	15595	1
14843	512	1
7899	7045	1
13851	20183	1
17701	4801	1
11151	13030	1
1987	20183	1
6653	553	1
12221	19482	1
7602	20183	1
8223	464	1
3450	5047	1
2958	3450	1
696	2234	1
3450	2958	1
10531	6127	1
5047	3450	1
492	553	1
800	5076	1
6122	6017	1
14085	9604	1
7322	1731	1
1377	1493	1
12500	4605	1
3242	20210	1
14837	10774	1
13685	11826	1
5863	4408	1
11826	13685	1
7739	8336	1
10095	3575	1
6265	11151	1
6294	7367	1
13030	11151	1
12774	15346	1
14146	5902	1
2234	3010	1
3575	10095	1
8332	12022	1
3824	13593	1
5587	380	1
5845	11565	1
14052	20224	1
11151	2936	1
18038	7675	1
19967	19673	1
2578	385	1
10427	9910	1
8929	6187	1
786	10061	1
4816	8363	1
10569	10737	1
10067	2873	1
2741	1838	1
10663	2941	1
15106	9966	1
7209	5354	1
6270	10461	1
14540	4576	1
7223	226	1
8363	20201	1
4370	12758	1
625	12107	1
16851	8125	1
3988	238	1
2941	10663	1
12250	19581	1
10494	2758	1
385	2578	1
5205	5204	1
17655	9596	1
20233	20234	1
20235	3570	1
11002	2571	1
2394	12582	1
5628	23	1
243	6161	1
9604	14085	1
6278	14699	1
3678	549	1
2562	1599	1
3198	11500	1
5628	294	1
9392	294	1
5757	10839	1
20234	20233	1
20236	20236	1
2250	9076	1
6372	10677	1
776	2491	1
14494	1829	1
1830	1829	1
20213	18256	1
7306	8870	1
296	1829	1
8125	16851	1
5615	12726	1
2869	3710	1
13614	13614	1
4084	4797	1
20237	20237	1
7613	1829	1
4903	16474	1
23	5628	1
294	5628	1
988	2813	1
15008	20227	1
7490	2813	1
20238	20238	1
3407	3408	1
20225	6445	1
3783	5658	1
18765	11137	1
2198	7082	1
20045	20046	1
8525	8526	1
7605	3818	1
20183	7602	1
6560	10061	1
2019	3818	1
4903	1869	1
20239	20239	1
5628	6854	1
3989	5139	1
5098	3148	1
2255	7465	1
7779	150	1
7717	8552	1
12107	625	1
18710	11134	1
4034	16523	1
3818	7605	1
746	14565	1
6944	14576	1
2936	11151	1
8943	20170	1
20197	17729	1
11690	2863	1
3696	2863	1
20240	20240	1
6257	2863	1
2578	13493	1
12664	12650	1
19653	19654	1
5615	10974	1
4903	1022	1
252	19378	1
9300	6637	1
19581	12250	1
3287	3288	1
13724	7025	1
2698	8803	1
13261	12997	1
7367	6294	1
2611	6187	1
13045	13045	1
17926	13736	1
8658	18970	1
15911	18970	1
1075	4920	1
7866	3240	1
12582	2394	1
10061	786	1
931	4920	1
3824	10487	1
2868	18241	1
5959	5959	1
10721	5684	1
5812	1756	1
9099	18350	1
4345	4346	1
5424	6481	1
6213	1599	1
3426	4610	1
1599	6213	1
7345	6182	1
5627	3335	1
12221	4363	1
3570	20235	1
8219	13573	1
5470	1135	1
6187	2611	1
10461	6270	1
623	622	1
15320	16847	1
7074	18350	1
1840	6270	1
9605	7291	1
4346	4345	1
17581	17581	1
6372	17676	1
7082	6286	1
20241	19419	1
12572	16703	1
6652	7291	1
4903	3432	1
13538	5678	1
2962	692	1
221	222	1
2428	4320	1
12568	6901	1
1031	20226	1
1756	5812	1
5354	7209	1
10199	12345	1
6637	9300	1
1617	788	1
14211	17031	1
944	692	1
12656	6887	1
6901	12568	1
4341	10449	1
14375	960	1
15110	14482	1
14211	3069	1
3109	5374	1
540	8167	1
8876	10634	1
8167	540	1
8363	4816	1
46	1832	1
3985	4294	1
8991	7084	1
19860	712	1
4393	3138	1
12592	5622	1
16163	1919	1
14666	6854	1
1838	2741	1
9041	7443	1
5434	294	1
294	5434	1
12221	5933	1
13990	5463	1
2813	7490	1
3065	1897	1
14366	7688	1
20242	16784	1
5409	46	1
20243	14973	1
9910	10427	1
7059	15390	1
2085	5881	1
6481	5424	1
6294	4777	1
10721	4777	1
9494	10062	1
4250	2912	1
7267	18508	1
20170	6674	1
4552	5799	1
11151	5799	1
10177	692	1
12345	10199	1
11455	3297	1
9222	8934	1
12456	7831	1
13573	8219	1
7908	13531	1
11151	14431	1
9041	9041	1
18970	15911	1
16343	19993	1
437	861	1
4485	5553	1
2408	12314	1
6772	17268	1
5615	16132	1
10774	14837	1
4193	8998	1
5574	8961	1
1897	3065	1
9144	6765	1
6708	4843	1
6294	896	1
2562	4504	1
7306	366	1
6765	9144	1
2106	6997	1
2617	9335	1
7291	6652	1
18710	11778	1
5589	11972	1
366	7306	1
2106	14382	1
1618	8173	1
3800	7626	1
7574	17840	1
20244	5556	1
8973	9144	1
18993	20245	1
18218	10435	1
15724	15833	1
5307	5836	1
9233	7672	1
6294	2604	1
5353	5531	1
14973	20243	1
15748	18953	1
5628	1120	1
7921	9680	1
6294	3510	1
5553	4485	1
15833	15724	1
4315	4681	1
6372	4060	1
5409	10722	1
4216	10722	1
13850	5064	1
676	4979	1
1152	2118	1
1120	5628	1
12664	13687	1
2758	10494	1
20246	18318	1
5247	10722	1
46	10722	1
4921	1884	1
7235	4555	1
4552	9474	1
18318	20246	1
6213	6213	1
1884	5463	1
14274	10152	1
1884	1238	1
4531	658	1
12425	9562	1
6030	7624	1
4422	2912	1
5463	1884	1
5799	11151	1
17358	10152	1
14431	11151	1
5374	3109	1
14382	2106	1
3091	644	1
8814	15320	1
19378	252	1
20247	4760	1
3545	7108	1
3917	7540	1
19090	16535	1
1754	4155	1
464	8223	1
5485	3547	1
16161	10152	1
9426	9426	1
5075	3337	1
2234	696	1
861	437	1
6448	11920	1
3989	492	1
7624	6030	1
5556	20244	1
11086	12886	1
14698	17697	1
19993	16343	1
5366	12779	1
9239	8973	1
10722	5247	1
6765	8973	1
17792	6107	1
8903	11387	1
6372	5191	1
3426	6840	1
5257	12535	1
7505	18953	1
7718	18457	1
5678	13538	1
6660	9323	1
974	9429	1
10752	7678	1
14075	6284	1
2953	16831	1
8979	7469	1
6294	5719	1
6674	20170	1
19782	16878	1
19802	17797	1
19730	8421	1
20248	9970	1
20249	16055	1
13687	12664	1
12664	10737	1
13615	13615	1
3704	3391	1
5188	7308	1
8328	6490	1
9144	9669	1
7840	4091	1
294	9392	1
19907	19906	1
9669	9144	1
19957	8454	1
15309	20202	1
7291	8803	1
17152	14205	1
13976	13023	1
6448	11899	1
7678	10752	1
13023	13976	1
3950	4408	1
7144	11885	1
2368	18306	1
10667	5300	1
10162	13023	1
1994	1813	1
1064	518	1
3017	518	1
19304	8558	1
7078	7079	1
245	18703	1
11920	6448	1
5710	5622	1
3422	3422	1
4100	9897	1
5970	16802	1
3042	5300	1
1802	13433	1
10483	14105	1
20250	13356	1
9335	2617	1
17797	19802	1
8609	4025	1
15865	15717	1
4977	10387	1
9704	3215	1
13381	14041	1
724	9131	1
12450	14956	1
3121	3493	1
2562	19305	1
8785	18086	1
8443	8989	1
14906	14819	1
12908	6135	1
16951	15153	1
4962	6927	1
20251	20251	1
8822	4948	1
380	5587	1
6354	13014	1
349	1759	1
14205	17152	1
2550	1097	1
5438	10118	1
5836	19881	1
6122	12758	1
3177	16196	1
7067	12755	1
18038	13289	1
20252	3671	1
5641	12755	1
20253	20253	1
19881	5836	1
7644	9207	1
46	5409	1
5133	6441	1
14277	10080	1
19384	1624	1
7340	4034	1
16784	20242	1
20188	14968	1
18640	18641	1
15626	5850	1
4836	4950	1
18306	2368	1
4950	4836	1
6927	1104	1
12758	6122	1
20254	12295	1
16817	16911	1
7909	4408	1
4408	7909	1
3989	8100	1
12842	5977	1
4235	3948	1
4333	3453	1
2942	3710	1
19943	12799	1
13694	7204	1
8086	18989	1
18989	8086	1
18421	18421	1
13014	6354	1
20193	5188	1
