10761	2294	1
8084	9777	1
18223	11161	1
7574	11161	1
8940	11161	1
16769	17197	1
14197	3545	1
4938	6848	1
6667	6813	1
6017	6122	1
7179	7731	1
20169	11360	1
314	8998	1
6507	7857	1
8244	19096	1
3616	18212	1
14016	12052	1
1782	15693	1
8929	14235	1
89	12121	1
10774	14837	1
20154	2116	1
14837	10774	1
11598	6182	1
1469	3723	1
17543	2496	1
3723	1469	1
1855	5830	1
14016	13965	1
12447	3069	1
6113	8880	1
20170	17840	1
7574	17840	1
18724	9397	1
9335	2617	1
17840	20170	1
6122	6017	1
328	272	1
6830	10925	1
1887	2227	1
8541	11191	1
19594	19594	1
2496	16980	1
6275	4092	1
15466	18042	1
10248	5347	1
8940	11058	1
5474	12295	1
1188	908	1
6141	589	1
7801	4816	1
17609	7915	1
9255	5009	1
5353	5531	1
20171	20172	1
17836	9577	1
6713	5354	1
5281	6344	1
7367	6294	1
6578	7868	1
19960	19960	1
14022	8668	1
16641	16641	1
20151	15143	1
8295	19866	1
142	19866	1
6730	5684	1
9147	4568	1
12500	4605	1
16980	2496	1
12423	4568	1
16282	7868	1
4047	6052	1
12006	11417	1
7967	12498	1
2904	17459	1
4666	9397	1
6730	7495	1
20173	1880	1
10481	18142	1
10591	10676	1
8896	6242	1
2242	6242	1
9320	4979	1
17492	17459	1
12496	9271	1
7179	9378	1
13013	6242	1
8998	4193	1
8461	6156	1
1436	3194	1
200	870	1
2230	4940	1
11387	8903	1
113	131	1
20165	6242	1
6242	2242	1
11988	11128	1
17951	1808	1
12174	10754	1
9291	6242	1
4730	5217	1
8547	15334	1
845	13573	1
12748	2902	1
664	4525	1
241	2879	1
9665	4341	1
7624	6030	1
2725	5881	1
15038	6721	1
12832	12400	1
10415	10464	1
1599	889	1
7899	5893	1
15157	6445	1
7827	5617	1
2287	4544	1
16229	9089	1
11900	20174	1
11719	6544	1
19626	19915	1
6730	5691	1
2230	456	1
8909	5979	1
13573	845	1
1132	4196	1
15143	20151	1
207	264	1
9222	9222	1
9177	9176	1
664	7465	1
5893	7899	1
1884	1238	1
10080	14277	1
20175	6700	1
4061	6551	1
8339	7453	1
7967	20176	1
12541	7744	1
17612	17612	1
12584	12584	1
6513	8876	1
3791	18451	1
8886	2928	1
14494	1829	1
1830	1829	1
296	1829	1
7453	8339	1
20177	20177	1
7613	1829	1
20154	1969	1
1757	8443	1
14165	6901	1
12345	10199	1
3276	10102	1
3832	1675	1
158	839	1
10285	8007	1
6275	8007	1
16911	8007	1
15693	1782	1
745	8007	1
7367	8007	1
2376	11563	1
7853	1782	1
5745	1200	1
6551	4061	1
13187	13187	1
19948	15596	1
18885	20127	1
2601	2602	1
5354	7209	1
1617	788	1
4084	4797	1
4451	5123	1
11077	20178	1
17083	8552	1
89	17719	1
5820	5821	1
6448	11899	1
8443	4354	1
7465	10831	1
664	10831	1
229	70	1
1220	985	1
1200	5745	1
17840	9479	1
12239	9479	1
6730	4112	1
7967	7143	1
5821	5820	1
2912	4250	1
3005	12375	1
9041	12773	1
4250	2912	1
13165	3825	1
4418	8051	1
5215	7989	1
10082	12900	1
17625	12953	1
10199	12345	1
11513	20108	1
11693	625	1
11899	6448	1
20175	5070	1
7967	13343	1
20129	11131	1
5660	1338	1
7936	5136	1
8516	6321	1
8909	12096	1
4410	19978	1
20175	1552	1
5628	6854	1
1140	3658	1
4354	15760	1
4251	3944	1
4699	15820	1
6211	5240	1
3658	1140	1
9562	12425	1
4204	15865	1
4060	2379	1
11670	5188	1
12420	5188	1
11386	5188	1
6929	3284	1
7308	5188	1
426	1289	1
15320	5188	1
20179	9736	1
2422	3855	1
16009	5188	1
3284	6929	1
14968	7602	1
8989	8443	1
5227	5188	1
20154	1168	1
9271	12496	1
18698	5378	1
7521	11344	1
16751	13399	1
20180	19578	1
13724	7025	1
2936	2558	1
7866	2873	1
1391	1452	1
18856	19731	1
70	1769	1
5652	943	1
9936	2578	1
6052	4047	1
755	2126	1
10035	7066	1
15390	13032	1
16933	5439	1
1289	426	1
507	726	1
584	726	1
4525	664	1
7465	664	1
20181	20181	1
1661	2353	1
5353	6059	1
19716	19716	1
12568	6901	1
2085	3079	1
6352	5111	1
3966	6059	1
19531	10687	1
5845	3450	1
7602	14968	1
3088	3450	1
3450	3088	1
3723	5111	1
6294	4777	1
664	20064	1
19962	12121	1
1372	9270	1
13917	5454	1
20064	664	1
6474	5900	1
6441	6361	1
20182	20134	1
11031	4726	1
89	1731	1
6167	4090	1
7209	5354	1
13660	13660	1
9089	16229	1
521	3005	1
20183	14968	1
19237	13356	1
4816	7801	1
7337	13960	1
8558	19304	1
13590	7931	1
5893	7543	1
11563	9001	1
9022	5537	1
1924	8443	1
1774	4692	1
7605	3818	1
4951	3451	1
1282	788	1
2019	3818	1
8051	4418	1
7560	11468	1
4034	2496	1
2496	4034	1
2496	12541	1
4273	16761	1
5119	2994	1
2873	6246	1
7602	9085	1
4531	12167	1
2804	1135	1
11883	7543	1
7442	7443	1
14956	12450	1
1469	2379	1
3079	2085	1
3497	1891	1
11339	15478	1
788	1617	1
2198	7082	1
13593	1802	1
2548	1802	1
12281	2337	1
7291	5191	1
8443	1757	1
20184	3752	1
15106	7334	1
9270	1372	1
17878	20185	1
3818	2019	1
6286	7082	1
16163	10380	1
11719	16873	1
17088	17088	1
7334	15106	1
7505	18953	1
10753	7128	1
5160	4489	1
2383	4355	1
11031	6901	1
7903	9030	1
4034	5893	1
9410	9790	1
4329	3244	1
18698	8568	1
16387	16585	1
5893	4034	1
14968	20183	1
1919	16163	1
20186	20186	1
20186	20187	1
5335	385	1
2192	3244	1
385	5335	1
5335	3244	1
1173	13932	1
14277	10080	1
18128	17618	1
11717	9479	1
12541	2496	1
16163	1919	1
7334	19270	1
2428	4320	1
7602	20183	1
10254	4092	1
4747	5782	1
8267	16163	1
2106	14382	1
2519	2518	1
7602	20188	1
12107	625	1
13736	17926	1
15644	11783	1
608	8336	1
20188	3258	1
3258	20188	1
13571	4287	1
2998	4755	1
8488	12080	1
573	526	1
4755	2998	1
625	12107	1
14	9680	1
6730	4133	1
8942	18448	1
2209	2210	1
400	4180	1
5417	1052	1
2496	2646	1
17701	20183	1
5454	13917	1
3957	5409	1
5098	3148	1
20188	20183	1
20183	17701	1
20183	20188	1
9397	4666	1
786	589	1
20189	20190	1
10469	20069	1
6901	14165	1
9362	5406	1
786	10061	1
5406	9362	1
4011	59	1
1924	11858	1
16169	6448	1
10061	786	1
2051	3411	1
2646	2496	1
10183	8705	1
8880	6113	1
7662	6093	1
8962	10674	1
6830	1269	1
17432	19151	1
1146	3504	1
764	2276	1
20191	19993	1
3722	4346	1
20183	12048	1
11356	2276	1
12048	20183	1
2019	2276	1
8336	19967	1
4856	2276	1
10609	2	1
20192	3453	1
4816	15153	1
6309	5107	1
3053	3053	1
16708	12515	1
7012	3160	1
294	6854	1
4366	18949	1
6730	16581	1
664	4554	1
19304	6196	1
19581	12250	1
3723	3949	1
20193	8669	1
2276	11356	1
5537	9022	1
8876	6513	1
12973	16535	1
1764	5580	1
1400	9054	1
13960	7337	1
3949	3723	1
5944	8377	1
5743	2172	1
14807	7276	1
10418	9669	1
8377	5944	1
9669	10418	1
15334	8547	1
2243	4673	1
497	19508	1
13851	1987	1
7988	7452	1
1037	1188	1
10537	4409	1
9897	10982	1
5087	5086	1
8737	14443	1
5086	5087	1
17459	17492	1
748	5029	1
4261	2895	1
10252	9554	1
6037	16287	1
4033	12899	1
18970	15911	1
7540	3917	1
3244	2192	1
5009	7761	1
20194	5728	1
4287	13571	1
20195	3980	1
4827	2712	1
2265	14068	1
5358	5402	1
15153	4816	1
1996	3547	1
10067	3945	1
2646	7857	1
5428	4945	1
5482	14849	1
478	12128	1
1502	1301	1
6840	3946	1
1077	12899	1
6507	3945	1
3545	7108	1
3121	3102	1
4346	4345	1
6781	3945	1
14443	8737	1
9222	8934	1
19432	11129	1
3945	6507	1
9436	3945	1
3453	20192	1
20196	3945	1
59	4011	1
19543	6883	1
3945	9436	1
13932	1173	1
8889	9697	1
10469	10469	1
12830	4829	1
5409	46	1
2942	11160	1
2276	2019	1
17729	20197	1
4034	3945	1
12250	19581	1
4747	7409	1
622	623	1
11719	10769	1
20193	6544	1
4034	13280	1
12079	623	1
5506	2645	1
20198	20199	1
2051	1558	1
1987	13851	1
20104	20104	1
20179	1323	1
3881	858	1
5419	745	1
10093	12744	1
3950	4027	1
3504	1146	1
2408	12314	1
3826	5318	1
8707	7308	1
16209	12580	1
6448	16169	1
10435	12601	1
18176	4720	1
8222	1897	1
10695	16009	1
17459	2904	1
7108	3545	1
18970	8658	1
19962	89	1
10836	12758	1
9030	7903	1
1281	3497	1
18966	16322	1
1388	16322	1
12758	10836	1
3073	9085	1
8505	18263	1
20166	17765	1
6690	20200	1
7899	7045	1
3447	4233	1
20201	8363	1
12592	5622	1
5428	2260	1
2	10609	1
18052	18052	1
7045	7899	1
14137	14274	1
17765	20166	1
5463	6113	1
12775	6901	1
10937	4715	1
2155	17917	1
5836	5307	1
8150	8611	1
20202	15309	1
1897	8222	1
861	437	1
1802	13593	1
7086	4555	1
19367	16973	1
19090	16535	1
2297	4555	1
2399	5750	1
8141	12771	1
6730	7345	1
6188	1428	1
4345	4346	1
2550	15572	1
12580	16209	1
12362	11457	1
11128	11988	1
4207	8738	1
6730	17081	1
15106	13882	1
5047	3450	1
20188	3021	1
1134	8676	1
3347	13494	1
12771	8141	1
4816	8363	1
5951	5929	1
7308	8707	1
20104	17073	1
12532	4399	1
3021	20188	1
1880	17052	1
13580	11779	1
