6703	3239	1
3949	3723	1
1441	1512	1
8363	4816	1
5316	2142	1
19962	144	1
17073	20104	1
5087	5086	1
11440	9639	1
20188	3021	1
4345	4346	1
5299	5793	1
3021	20188	1
5454	13917	1
8959	4947	1
5750	2399	1
13494	3347	1
3723	3949	1
16209	12580	1
2192	3244	1
6113	5463	1
2234	696	1
3258	5129	1
15274	10816	1
12580	16209	1
5129	3258	1
6183	4755	1
14054	7566	1
3079	8031	1
6667	6812	1
6589	6481	1
10788	14995	1
20170	17840	1
7162	5791	1
4755	6183	1
5353	5531	1
15143	20151	1
20203	18780	1
17130	8051	1
11390	3058	1
4830	4763	1
3258	20183	1
3288	3287	1
5896	5881	1
13917	5454	1
18508	7267	1
7622	9276	1
12130	20098	1
14849	5482	1
15390	12006	1
16917	12006	1
20188	6812	1
19270	7334	1
20204	18816	1
17726	3629	1
17027	17027	1
6812	6667	1
4979	9320	1
19626	1241	1
6321	8516	1
18816	20204	1
15390	3752	1
3826	10631	1
15774	14314	1
12423	1483	1
20151	15143	1
5847	15438	1
13139	13139	1
1786	19890	1
1323	20179	1
7613	2958	1
15435	17321	1
10232	3487	1
15555	6248	1
13032	15390	1
12006	15390	1
3752	15390	1
5593	13829	1
4977	4977	1
3026	3668	1
12006	16917	1
2646	7857	1
7675	18038	1
4293	5897	1
10209	15717	1
1069	3091	1
16840	1199	1
7206	17459	1
644	3091	1
17773	884	1
5191	7291	1
2911	7481	1
20205	6439	1
2085	5881	1
4233	3447	1
6122	6017	1
15505	12802	1
8336	9897	1
14377	6772	1
5378	1921	1
5929	5951	1
8810	6562	1
3138	5581	1
20161	2199	1
9897	8336	1
11414	13685	1
2203	3438	1
3881	858	1
3404	8031	1
6771	7543	1
16169	16169	1
4827	14058	1
7966	19432	1
13685	11414	1
6772	14377	1
2911	8830	1
1618	5690	1
8141	12771	1
20116	20206	1
20207	84	1
13685	13685	1
12771	8141	1
8929	14235	1
3041	20183	1
5690	1618	1
8975	4842	1
8707	7308	1
16862	8259	1
3917	7540	1
6929	3284	1
3825	5495	1
20208	12670	1
4715	10937	1
299	10451	1
5890	6320	1
710	2902	1
12748	2902	1
11988	11128	1
1400	6846	1
17321	5357	1
12943	12649	1
3857	132	1
19074	12848	1
6017	6122	1
11517	8417	1
17289	7238	1
4720	18176	1
3899	2042	1
2707	4217	1
2781	20209	1
12612	408	1
245	16368	1
2911	226	1
4159	3852	1
898	3327	1
7612	6879	1
1400	6573	1
13593	1802	1
1077	7271	1
6448	11899	1
12250	19581	1
2245	2420	1
20210	3242	1
4346	3722	1
7238	17289	1
6127	6951	1
1958	455	1
16169	11899	1
16322	1388	1
14494	1829	1
1830	1829	1
2169	564	1
296	1829	1
15093	16830	1
5863	4408	1
1016	7204	1
3022	2248	1
20211	8731	1
1512	1441	1
10503	12899	1
16229	2611	1
8038	8157	1
12886	2611	1
4022	16071	1
2169	8335	1
1220	985	1
2911	2085	1
4002	7451	1
2245	2611	1
455	1958	1
3422	3019	1
15649	1022	1
20045	20046	1
7451	4002	1
13907	7932	1
20183	6513	1
20183	3041	1
8157	8038	1
10232	3234	1
2247	5378	1
1426	11070	1
1305	17642	1
3950	4027	1
12470	11807	1
518	17642	1
19095	19095	1
2911	2086	1
1199	16840	1
3037	3825	1
12763	9550	1
7260	515	1
3818	7605	1
20104	17073	1
20188	14968	1
2397	6270	1
20170	8943	1
18574	1913	1
945	6458	1
20212	17502	1
7921	9680	1
7442	7443	1
11899	6448	1
3284	6929	1
18064	625	1
2508	6669	1
1120	6854	1
228	229	1
14995	10788	1
15397	5504	1
7673	3284	1
7612	10620	1
435	1009	1
2169	15565	1
14382	14382	1
9872	11631	1
8052	3284	1
1388	16322	1
8086	1641	1
886	1641	1
8488	12080	1
4069	9764	1
1746	4838	1
2713	2059	1
6635	3578	1
5470	1641	1
4034	3752	1
14968	20188	1
4034	16523	1
3752	4034	1
16523	4034	1
12080	8488	1
12450	14956	1
7612	6627	1
1674	15745	1
6213	1599	1
898	3671	1
20207	1703	1
20185	17878	1
37	896	1
18430	18431	1
7836	2710	1
11883	12924	1
3857	4375	1
8076	5812	1
17878	20185	1
18239	7178	1
1756	5812	1
6781	7831	1
5091	424	1
10232	3031	1
9531	9531	1
6183	8035	1
14956	12450	1
2611	12886	1
20213	18256	1
7178	18239	1
17840	20170	1
8943	20170	1
12515	16708	1
512	270	1
7082	2198	1
10046	10045	1
9479	12239	1
2479	5107	1
20214	940	1
18431	18430	1
6205	5463	1
19572	18256	1
5468	5926	1
14205	17152	1
300	17152	1
19556	13927	1
9320	4979	1
3138	4393	1
1289	1254	1
11779	13580	1
7267	18508	1
3545	10634	1
12239	9479	1
1117	5456	1
4660	10634	1
1229	6270	1
10045	10046	1
7831	6781	1
18256	19572	1
5382	2483	1
18457	7718	1
18700	9683	1
7931	13590	1
228	334	1
17818	4214	1
10067	15749	1
5107	2479	1
6625	11513	1
20108	11513	1
20168	20215	1
2802	4525	1
3629	17726	1
13882	15106	1
20216	20216	1
5628	13927	1
1599	6213	1
11513	20108	1
9392	13927	1
3857	4573	1
10018	2714	1
46	5409	1
2247	475	1
18106	1220	1
16343	19993	1
2428	4320	1
7936	12464	1
6812	6931	1
20196	20217	1
424	5091	1
5690	6848	1
475	2247	1
10461	9992	1
14804	12744	1
9078	11219	1
13677	6848	1
20076	18217	1
2483	5382	1
2247	3007	1
6270	1229	1
11690	3696	1
2420	2611	1
39	19885	1
5170	1842	1
20218	5357	1
15320	1499	1
18179	14876	1
20145	20145	1
3545	2480	1
20188	7602	1
11631	9872	1
13737	10620	1
1808	17951	1
7602	20188	1
15390	7059	1
12928	20210	1
16259	14398	1
14584	13979	1
562	11500	1
9992	10461	1
447	11500	1
6185	5576	1
15505	5368	1
20218	14857	1
10095	3575	1
20181	16322	1
15390	12010	1
6635	4862	1
4939	12400	1
9075	12450	1
14041	13381	1
20038	14960	1
12400	4939	1
6635	3153	1
5574	8961	1
5409	46	1
898	7912	1
18681	2116	1
1022	15649	1
1400	18106	1
16708	12515	1
10121	2297	1
12924	11883	1
2778	7210	1
11513	6625	1
142	19866	1
8490	3945	1
18350	4857	1
2116	18681	1
5854	7487	1
12579	5801	1
1353	3574	1
5076	800	1
7566	14054	1
16322	20181	1
940	20214	1
2480	3545	1
6771	16523	1
20219	20219	1
20220	9063	1
240	438	1
17499	16203	1
2245	1777	1
2911	3216	1
13741	16124	1
7006	5317	1
17959	12417	1
8280	14715	1
9872	5317	1
1832	46	1
8962	10674	1
6113	11256	1
898	2202	1
10674	8962	1
5791	7162	1
715	2672	1
4482	8430	1
1368	1280	1
5936	7547	1
7444	7786	1
228	770	1
10834	770	1
13907	11650	1
4580	16062	1
15388	16062	1
11972	5589	1
10857	9250	1
1204	222	1
240	18113	1
7469	8979	1
20161	14132	1
18113	240	1
549	3678	1
1420	5717	1
15309	20202	1
11256	6113	1
10569	10737	1
8545	10986	1
8961	5574	1
13907	2478	1
3979	1514	1
7735	4730	1
20221	13891	1
4548	1887	1
7505	18953	1
17321	15435	1
10737	10569	1
3575	10095	1
2227	1887	1
12115	4525	1
10957	14932	1
11500	447	1
10833	11416	1
11201	6066	1
884	20012	1
2289	2290	1
9777	9776	1
9451	6506	1
5409	3957	1
7306	2876	1
20222	12672	1
4445	3931	1
2578	13493	1
1200	3931	1
12913	9474	1
7466	11562	1
20183	13851	1
13356	12734	1
2390	3931	1
5750	2398	1
15566	3335	1
1503	5327	1
16062	4580	1
384	4606	1
4730	7735	1
789	10152	1
12450	9075	1
3945	8490	1
6278	14699	1
2911	9735	1
3549	2800	1
6530	19979	1
12779	5366	1
4780	635	1
1987	13851	1
15106	7213	1
5075	10620	1
13493	2578	1
3128	2832	1
2843	2832	1
385	2578	1
1642	1813	1
9644	10620	1
7612	3743	1
1338	9062	1
3965	11269	1
2229	1813	1
19090	8974	1
8328	6490	1
20202	15309	1
14715	8280	1
6490	8328	1
14277	14699	1
12537	1954	1
2043	2863	1
2332	19962	1
14932	10957	1
5977	12842	1
5204	5205	1
8909	12096	1
15079	14025	1
19274	16980	1
7602	9085	1
12023	19093	1
1400	1220	1
12953	17625	1
4408	5863	1
20223	20077	1
19210	12998	1
7651	3059	1
3457	3059	1
6317	257	1
12937	12937	1
1838	2741	1
15717	15865	1
11682	17787	1
15865	15717	1
20224	14052	1
2364	4257	1
13851	1987	1
8974	19090	1
3855	2422	1
20225	6445	1
15839	9470	1
8868	13980	1
1031	20226	1
13980	8868	1
2422	3855	1
14699	14277	1
1848	655	1
2420	1009	1
7455	16321	1
10146	7011	1
11918	3688	1
4422	1009	1
16980	19274	1
6576	6513	1
5318	3826	1
2247	1043	1
14804	5294	1
18681	7308	1
2691	1428	1
14361	13367	1
15106	13882	1
9966	15106	1
11562	7466	1
524	816	1
12787	18263	1
20227	15008	1
20216	9705	1
15106	9966	1
12582	2394	1
15748	18953	1
16830	15093	1
20228	8934	1
17459	7206	1
6322	4051	1
20188	17701	1
7334	19270	1
2911	3853	1
11397	5892	1
4354	399	1
17797	19802	1
257	6317	1
6278	7466	1
7831	12456	1
5414	1667	1
20229	14235	1
1972	2416	1
18256	20213	1
10449	8430	1
6248	15555	1
4842	8975	1
7866	3240	1
4133	5892	1
