5454	13917	1
6060	6816	1
18828	18330	1
19816	8079	1
3949	3723	1
3723	3949	1
4393	3138	1
15530	20272	1
12240	16461	1
5248	20362	1
4207	5670	1
12669	16535	1
20272	15530	1
3817	6893	1
13041	13042	1
19401	11161	1
1529	11161	1
16023	19628	1
6562	3306	1
6316	4084	1
5670	8738	1
3153	3306	1
7525	3239	1
492	3989	1
3079	14804	1
5335	1813	1
11258	6930	1
7236	7639	1
17036	17324	1
5929	5951	1
20363	20363	1
5951	5929	1
5139	3989	1
3138	5581	1
3817	8774	1
11444	9275	1
13808	10435	1
6448	11899	1
8950	9314	1
5167	2028	1
1008	2115	1
11766	13482	1
2543	2543	1
6901	12568	1
2116	2115	1
13149	15560	1
13482	11766	1
8079	19816	1
8036	14277	1
17261	11602	1
13018	15151	1
7853	7066	1
6380	6234	1
11476	275	1
8724	6086	1
9096	7158	1
9709	5386	1
10179	12111	1
5581	3138	1
4084	6316	1
5796	3626	1
6309	18896	1
10977	11221	1
7128	10343	1
7340	10982	1
5280	18896	1
15251	16161	1
20364	20312	1
4057	3954	1
14807	14869	1
11586	20085	1
10968	5240	1
4279	11894	1
8903	1238	1
10788	1565	1
453	371	1
2483	5382	1
2115	1008	1
20208	7962	1
6086	8724	1
16454	16455	1
4822	589	1
20354	14277	1
2956	9926	1
20359	20291	1
5346	4857	1
7343	3606	1
20364	9015	1
19467	19007	1
14240	19127	1
8412	5237	1
8721	1840	1
6262	5150	1
3149	7345	1
20170	8943	1
20274	5650	1
6183	5690	1
14899	20294	1
5690	6183	1
19443	19443	1
7014	11944	1
314	5924	1
2084	1199	1
7624	7916	1
1858	6265	1
8137	18358	1
11722	13525	1
3954	9020	1
3178	5924	1
1858	10811	1
6183	7308	1
2420	1009	1
1143	3655	1
10343	7128	1
4940	1426	1
6234	5560	1
15552	10569	1
1426	4940	1
8040	8774	1
16537	10434	1
3950	5442	1
6457	12075	1
6319	5442	1
1884	1237	1
9404	6424	1
15536	15181	1
5442	6319	1
7008	3101	1
6325	6700	1
68	655	1
3722	2712	1
20365	19961	1
655	68	1
17987	19112	1
14869	14807	1
10066	8966	1
17739	12899	1
6127	12899	1
13149	6429	1
13925	13927	1
6234	6380	1
4716	3463	1
10927	8725	1
7232	17944	1
20331	20331	1
5820	5821	1
1858	1466	1
6265	1858	1
10811	1858	1
16163	1437	1
1466	1858	1
4890	6380	1
9079	9079	1
12152	3752	1
9103	9391	1
7578	10831	1
20340	5352	1
5345	18812	1
6807	6808	1
3926	974	1
9709	1425	1
4620	20343	1
18993	20245	1
2506	14382	1
7776	4246	1
543	3940	1
8946	2311	1
14382	2506	1
1008	10407	1
10199	12345	1
4573	3857	1
9637	9273	1
15438	11372	1
12345	10199	1
6093	551	1
8285	12217	1
19007	19467	1
5242	1585	1
16169	6448	1
11899	6448	1
10407	1008	1
15251	3671	1
8903	8354	1
4112	9945	1
14029	20329	1
551	6093	1
8903	6507	1
2985	9825	1
15251	7002	1
3738	3690	1
15179	7143	1
5778	9311	1
7578	6439	1
20366	7463	1
1106	8032	1
3399	3769	1
1858	5330	1
5346	9375	1
3567	6951	1
1711	3736	1
3520	4563	1
14725	3822	1
4573	616	1
11768	5506	1
265	266	1
4204	15865	1
2641	5695	1
2084	4696	1
4967	5502	1
7308	6183	1
1215	4109	1
666	20357	1
17404	3623	1
15732	20349	1
1134	4984	1
20104	6668	1
1043	1043	1
6183	8035	1
3399	2379	1
6325	2960	1
15079	14025	1
13593	145	1
20349	15732	1
18089	18090	1
7858	2428	1
8903	14058	1
18896	5280	1
12488	6357	1
1858	3384	1
9207	7644	1
5510	6357	1
8856	604	1
10594	7359	1
11007	13492	1
12259	7989	1
789	2829	1
10594	437	1
18798	2589	1
7340	370	1
9709	10982	1
16240	10698	1
5346	2829	1
16873	1081	1
12540	6901	1
3654	14818	1
20053	7128	1
13407	14818	1
10461	9992	1
7343	859	1
14950	4257	1
2084	4170	1
6431	14818	1
3923	9184	1
10464	7000	1
14843	512	1
9479	9184	1
363	512	1
3240	9184	1
1661	2353	1
15438	5775	1
3568	3030	1
14330	15110	1
7345	3149	1
295	8173	1
4661	8880	1
10609	18086	1
6901	12540	1
9709	4873	1
5775	15438	1
2021	1096	1
4577	3984	1
9897	17452	1
10869	10094	1
10531	1096	1
17452	9897	1
9945	4112	1
2376	11563	1
18380	14868	1
3552	12655	1
17739	6539	1
17289	7239	1
8216	5722	1
166	7088	1
10594	1791	1
3984	4577	1
576	10914	1
12748	2902	1
13149	16112	1
2124	6892	1
17900	14510	1
20360	12321	1
13007	13435	1
17697	6898	1
11045	2038	1
18179	18179	1
11372	6898	1
7088	166	1
14814	16113	1
12889	8940	1
18086	10609	1
14417	37	1
437	10594	1
16113	14814	1
7344	4048	1
7138	14016	1
2445	884	1
19544	17031	1
8725	10927	1
8322	11712	1
9709	6515	1
14740	14741	1
7340	15314	1
17483	17483	1
20367	20367	1
10609	2	1
4214	17818	1
8772	16009	1
2337	12281	1
20343	5924	1
8903	9120	1
1081	16873	1
17914	11219	1
1858	1053	1
14232	19312	1
19421	17998	1
4755	6183	1
651	14302	1
6183	4755	1
9388	9240	1
15251	6088	1
9709	1166	1
14818	13407	1
7644	9207	1
3736	1711	1
12544	9723	1
8774	8040	1
4573	4375	1
20203	18780	1
604	8856	1
4251	3944	1
9709	14494	1
99	195	1
20368	20074	1
3447	4233	1
13418	20061	1
20369	11483	1
4890	6361	1
4233	3447	1
5545	1886	1
4630	4629	1
9103	5532	1
3399	4988	1
2084	1704	1
3399	5175	1
17240	19967	1
3903	5340	1
18361	2487	1
14868	18380	1
11826	13685	1
14790	7265	1
9959	254	1
4573	4589	1
12217	8285	1
12383	1295	1
8903	10778	1
7345	13023	1
243	24	1
24	243	1
960	82	1
14375	82	1
6647	7216	1
18974	9474	1
7639	7236	1
9103	8031	1
15835	12818	1
416	11205	1
9103	4132	1
4109	1215	1
20343	4620	1
20243	14973	1
3404	13973	1
4534	5622	1
13165	524	1
4970	2185	1
15251	747	1
37	14417	1
1858	10645	1
6380	4890	1
12312	15911	1
845	5818	1
16832	15792	1
5366	12779	1
8903	10814	1
4112	2019	1
383	777	1
6370	4992	1
3345	2200	1
16024	19627	1
5922	5	1
2333	1005	1
9992	10461	1
4992	6370	1
20321	1341	1
2019	4112	1
17916	6883	1
9516	5113	1
12021	13851	1
20370	16426	1
17289	17024	1
2818	1161	1
1858	3786	1
4886	453	1
20371	14657	1
13685	11826	1
19627	19628	1
14232	4672	1
9709	3716	1
1858	3516	1
12952	13677	1
11030	12330	1
6183	5957	1
5660	7995	1
13677	12952	1
17024	17289	1
9103	6449	1
696	2175	1
5027	5026	1
7772	3236	1
9103	5559	1
13737	10620	1
5818	845	1
13851	1987	1
10815	6361	1
11221	10977	1
12779	5366	1
10594	6638	1
8506	13692	1
3236	7772	1
6506	12464	1
13023	19394	1
11920	7772	1
2200	3345	1
2496	5581	1
4890	3576	1
1987	13851	1
3399	1229	1
1724	1744	1
3576	4890	1
4573	6513	1
15257	19229	1
4174	6475	1
8903	13408	1
5870	14144	1
15184	20372	1
8903	11387	1
1858	2643	1
5525	11237	1
20373	5983	1
9962	14849	1
5581	14728	1
1096	13494	1
3545	7108	1
3347	13494	1
9709	2203	1
8868	13980	1
4582	1531	1
13980	8868	1
13973	3404	1
7291	9296	1
4582	3875	1
10435	13808	1
3399	6532	1
19312	14232	1
14657	20371	1
18197	18197	1
5581	2496	1
20374	12317	1
9709	9669	1
19869	20375	1
12317	20374	1
11295	11295	1
3420	16426	1
20344	9239	1
9670	6902	1
2084	42	1
19831	19080	1
19487	3297	1
20308	20039	1
2364	4257	1
14932	20039	1
19831	17163	1
4777	7367	1
20289	17765	1
3503	5742	1
5972	8962	1
18064	2080	1
512	2080	1
4280	3383	1
8962	5972	1
6325	2751	1
19948	15596	1
437	14345	1
6444	3080	1
8903	6930	1
6357	12488	1
3623	17404	1
16009	8772	1
9240	9388	1
7107	6938	1
1858	2488	1
13149	9204	1
14973	20243	1
269	20324	1
5856	8222	1
20324	269	1
4890	3849	1
5871	2341	1
7639	6901	1
641	8575	1
797	913	1
13350	9085	1
20376	20377	1
13149	2260	1
4573	2470	1
1372	9270	1
8776	15722	1
6325	1257	1
786	785	1
5861	4830	1
4112	4111	1
3613	1022	1
785	786	1
11331	17592	1
6936	4219	1
3352	6100	1
20246	20259	1
6901	7639	1
6100	3352	1
3578	6100	1
14806	13505	1
9361	9361	1
20378	2066	1
8454	5808	1
1858	3761	1
4033	17131	1
437	17632	1
6100	3578	1
18063	2080	1
3153	5546	1
7711	17785	1
4890	8280	1
20059	11982	1
20379	2080	1
17131	4033	1
13033	2080	1
5546	3153	1
6804	5754	1
6556	2080	1
12062	20380	1
12351	5531	1
20381	10471	1
9028	12562	1
18812	5345	1
3304	5174	1
3383	4280	1
12562	9028	1
913	797	1
5174	3304	1
2185	1535	1
6816	6060	1
15391	6938	1
5896	8619	1
4112	4728	1
20	3757	1
20265	20265	1
4890	9759	1
1305	16947	1
12073	7519	1
11746	20382	1
13263	7968	1
11712	8322	1
13263	13263	1
4034	4851	1
13692	8506	1
14330	14482	1
20375	19869	1
5346	5191	1
2408	12314	1
20337	20336	1
15251	3367	1
11826	4092	1
3399	2423	1
1997	3642	1
4666	7452	1
3518	3642	1
17944	7232	1
1858	2803	1
5026	5027	1
5009	6938	1
5646	5647	1
19831	20383	1
6938	5009	1
16312	236	1
6052	2677	1
16289	11640	1
10594	7090	1
3950	11640	1
4174	5670	1
5932	9727	1
14895	2727	1
17366	4029	1
6037	5540	1
10118	20039	1
8506	8192	1
7622	9276	1
4092	11826	1
14494	1829	1
9276	7622	1
1830	1829	1
8192	8506	1
2677	6052	1
4257	14950	1
8222	5856	1
16355	4751	1
18492	20271	1
