1422	15988	1
9001	7891	1
7853	370	1
18644	19073	1
1622	10435	1
10900	19281	1
14849	20650	1
7891	9001	1
6196	3998	1
10061	12626	1
14502	20676	1
3068	3068	1
5167	2028	1
3538	241	1
15976	6562	1
6888	2245	1
11382	5717	1
17877	16604	1
20653	11817	1
15583	15583	1
7158	9096	1
3037	3452	1
1276	1437	1
5301	16237	1
4313	5624	1
13673	6977	1
2132	15988	1
13598	8618	1
3452	3037	1
14792	11696	1
19281	10900	1
6784	20381	1
10471	20381	1
7766	7311	1
20677	18837	1
8490	9368	1
6475	12175	1
4280	15898	1
8141	12771	1
5283	3171	1
17599	19647	1
7622	4426	1
455	4426	1
12771	8141	1
5170	1842	1
4490	5288	1
3950	6171	1
16891	12815	1
1727	4006	1
3950	6816	1
16055	2260	1
2203	5227	1
2420	6836	1
6572	12156	1
5282	5150	1
4397	14011	1
241	3538	1
15101	11767	1
10330	7204	1
68	20576	1
8093	5516	1
979	2441	1
5227	11521	1
8014	6222	1
9848	9848	1
10157	6475	1
12899	1064	1
7643	9363	1
3822	14725	1
2737	2736	1
9041	16641	1
5283	4045	1
12814	3286	1
3503	4006	1
20381	6784	1
4006	3503	1
5341	11613	1
10432	11574	1
13410	7154	1
14869	14807	1
3989	287	1
5288	4490	1
601	9980	1
20445	3183	1
6562	8810	1
20576	68	1
10140	8886	1
957	15067	1
6234	5560	1
6788	9138	1
4970	20450	1
13925	13927	1
11767	15101	1
14540	4576	1
20365	14273	1
6392	8643	1
9076	11610	1
6513	8876	1
7438	6332	1
12726	15218	1
1844	12584	1
15229	15640	1
8217	2331	1
6441	6930	1
14807	14869	1
10432	8541	1
5640	12835	1
9914	9152	1
1448	20678	1
6316	4084	1
8876	6513	1
159	1761	1
3326	12006	1
5351	5041	1
6392	1824	1
5041	5351	1
7980	6193	1
18054	18054	1
1182	1169	1
9945	2600	1
15173	10563	1
7438	6183	1
4034	4946	1
17289	15435	1
4946	16525	1
806	579	1
4208	579	1
16525	4946	1
986	7029	1
15218	12726	1
8810	6562	1
287	3989	1
14263	4393	1
370	7853	1
18509	16947	1
6354	17946	1
16237	5301	1
20403	20404	1
5107	6460	1
11500	447	1
13573	845	1
20443	20443	1
8078	15567	1
8726	3171	1
11943	14779	1
14779	11943	1
4432	20528	1
20679	447	1
20611	20611	1
4780	635	1
573	526	1
625	12107	1
4141	8681	1
17758	17758	1
6171	3950	1
6006	6184	1
6816	3950	1
13023	5862	1
20408	20408	1
9600	13320	1
10003	5942	1
5381	10387	1
20680	11446	1
12207	4349	1
4409	3950	1
12390	4349	1
20681	6122	1
20450	4970	1
13562	15195	1
3950	4409	1
20682	15594	1
5699	15195	1
16604	17877	1
20381	10471	1
14	20661	1
13824	15195	1
18545	15195	1
10459	12785	1
6259	5217	1
8077	15724	1
3897	15583	1
1064	12899	1
11817	20653	1
8876	10634	1
7413	8150	1
10459	12545	1
13398	10449	1
2756	2544	1
9388	17543	1
7810	3234	1
2927	426	1
3170	2734	1
2203	16009	1
2975	9464	1
2734	3170	1
2941	10663	1
447	20679	1
14140	9897	1
2043	2863	1
90	896	1
8886	10140	1
95	15686	1
2203	6700	1
8336	17240	1
4387	1558	1
20472	19742	1
1905	2288	1
2203	6424	1
5222	9273	1
15320	16009	1
14016	13965	1
16227	18315	1
19986	6424	1
15101	9385	1
16663	9385	1
3085	6289	1
1711	10754	1
19673	17240	1
2203	3583	1
7083	5753	1
13320	9600	1
7402	18349	1
3178	5753	1
5200	5549	1
3950	9314	1
20642	17362	1
5191	14066	1
13832	1784	1
2129	11610	1
4386	9159	1
20622	20445	1
14603	4981	1
4061	1338	1
5840	3561	1
4386	11989	1
7029	986	1
7367	3561	1
243	1397	1
16715	14700	1
20683	17072	1
4872	2935	1
19605	1559	1
13599	12889	1
8498	8499	1
10432	3079	1
11610	9076	1
12071	17285	1
17543	9388	1
9000	10246	1
1357	9589	1
8033	14239	1
1229	1163	1
1740	1381	1
19972	228	1
6183	4755	1
20616	14624	1
4755	6183	1
20684	3018	1
16597	16710	1
8820	4107	1
13129	5466	1
15397	6352	1
10095	17440	1
6352	15397	1
6136	18514	1
12787	18263	1
17954	226	1
14624	20616	1
15461	15474	1
11799	2829	1
12814	3602	1
4801	3853	1
2203	3136	1
2203	11521	1
17163	16789	1
20533	1419	1
7438	13014	1
13985	6158	1
89	12121	1
15865	15717	1
14136	6246	1
15113	4662	1
16597	3055	1
4386	2399	1
389	906	1
16982	20610	1
3234	7810	1
14907	14907	1
663	13018	1
13877	10390	1
2776	18467	1
20419	14790	1
9253	6475	1
12259	7989	1
10002	7291	1
6475	9253	1
7989	12259	1
625	624	1
12873	11321	1
13568	1120	1
4135	5904	1
1761	159	1
7438	13011	1
11031	4726	1
13379	9218	1
8669	2647	1
11442	7211	1
10412	16729	1
3461	1956	1
3723	3949	1
9467	7952	1
3450	5047	1
5893	5047	1
13246	19695	1
10620	14992	1
15583	3897	1
2829	11799	1
8619	8975	1
1410	3180	1
1163	1229	1
3949	3723	1
21	1512	1
12699	6003	1
12814	7128	1
3817	7085	1
17731	2601	1
5688	9397	1
426	2927	1
3718	6621	1
6003	12699	1
4567	2478	1
8504	8795	1
10374	7894	1
18827	18827	1
6188	2478	1
10459	3965	1
8908	20665	1
7194	9960	1
5047	5893	1
14453	14453	1
1499	1659	1
10412	7442	1
3153	16663	1
4662	7695	1
9385	16663	1
12748	2902	1
13501	3307	1
8033	11502	1
16009	2478	1
10459	14031	1
18816	20204	1
9897	5875	1
8813	2236	1
7952	7945	1
20685	15600	1
7025	6765	1
447	4265	1
2163	2478	1
9204	2478	1
5404	2478	1
5248	5670	1
4857	18350	1
11120	19341	1
8795	8504	1
2814	11307	1
4045	2478	1
6635	19176	1
20680	15856	1
3343	2894	1
4534	5577	1
4133	4662	1
9843	20619	1
20686	12361	1
49	1787	1
4295	5461	1
10390	15724	1
1778	14819	1
19238	4001	1
7085	3817	1
16836	16715	1
8458	5131	1
13084	14796	1
5870	5735	1
6930	6441	1
17416	6643	1
2203	3438	1
14658	12142	1
5047	3450	1
20687	20687	1
17081	6730	1
7294	11319	1
20380	16144	1
9980	601	1
10412	10412	1
18514	6136	1
15898	4280	1
12626	10061	1
906	389	1
14273	20365	1
1611	2076	1
14105	2363	1
4662	4133	1
15724	10390	1
890	19305	1
4647	4836	1
1099	6424	1
5670	5248	1
4946	6765	1
7868	10330	1
6393	1787	1
2098	935	1
8699	2901	1
2901	8699	1
6765	4946	1
20688	20688	1
3398	14018	1
2818	16648	1
11893	8668	1
19742	20472	1
16833	4677	1
12664	12650	1
6247	18062	1
10459	7052	1
20463	19042	1
16312	20418	1
15435	17289	1
6052	2677	1
20689	19762	1
