11781	6022	1
20373	765	1
16947	2902	1
16947	12748	1
12568	6901	1
5047	5893	1
20452	20452	1
18895	12274	1
5353	2422	1
20453	20454	1
17987	19112	1
19479	10118	1
8280	6334	1
6187	10715	1
20300	14968	1
7386	1742	1
1420	2091	1
20016	3170	1
12274	18895	1
9276	7622	1
15106	9966	1
4822	589	1
5047	6246	1
2330	5444	1
12920	11731	1
11731	12920	1
7452	13960	1
13960	7452	1
13557	15628	1
14968	20300	1
16855	12175	1
1092	2719	1
2330	5443	1
17926	20434	1
16560	18747	1
20434	17926	1
8243	5650	1
16855	8896	1
8896	16855	1
5863	9790	1
12351	5531	1
2544	1508	1
20419	6674	1
19674	5262	1
7595	7592	1
5382	2483	1
7786	12173	1
9383	8896	1
7006	4287	1
17410	7213	1
14676	15023	1
15724	10390	1
18747	16560	1
7392	6265	1
1740	1370	1
6435	10784	1
13018	663	1
6111	1584	1
6357	12488	1
2985	11144	1
2885	20455	1
14535	17162	1
5089	5089	1
7597	7773	1
14657	20456	1
12082	4300	1
18087	12881	1
6901	12568	1
3383	1009	1
10109	5479	1
2268	9087	1
8590	20457	1
4755	12899	1
5134	7944	1
20039	10118	1
5893	5047	1
14502	10118	1
4300	12082	1
7538	10118	1
17053	10118	1
20381	12669	1
12899	4755	1
7596	10118	1
8093	10208	1
6165	4241	1
6158	15579	1
3904	4968	1
3678	8989	1
17489	8989	1
5027	5482	1
7455	16321	1
5411	7543	1
2331	5352	1
20419	14790	1
5581	18853	1
4092	4092	1
5589	11972	1
3965	6059	1
2313	2346	1
5282	5150	1
14136	6700	1
5972	13809	1
2313	5684	1
6429	13149	1
15120	20430	1
12173	7786	1
11773	20430	1
5366	12779	1
12006	20430	1
16168	7276	1
10509	3071	1
1804	7254	1
15020	15020	1
5262	19674	1
3713	2314	1
2331	13378	1
13809	5972	1
20458	13927	1
4864	4863	1
5253	536	1
19283	12841	1
3822	2454	1
1220	985	1
6282	12494	1
7525	3239	1
2589	19209	1
243	1397	1
8284	1127	1
431	431	1
3166	15889	1
9966	7334	1
12196	7593	1
2742	11842	1
3071	10509	1
2331	3868	1
3723	3949	1
18223	9479	1
17237	17237	1
12494	6282	1
2268	6556	1
6530	2902	1
1673	2353	1
18064	1375	1
10014	10015	1
3949	3723	1
12351	4084	1
20459	20459	1
1527	2863	1
2346	2517	1
13032	10015	1
5537	7367	1
4084	12351	1
7179	412	1
12082	6122	1
6122	6017	1
6017	6122	1
5641	3100	1
12779	5366	1
349	5958	1
5839	12488	1
4377	5897	1
508	2226	1
20457	8590	1
5537	4084	1
6316	4084	1
17765	20289	1
9043	9043	1
1508	2544	1
13868	4335	1
17080	15229	1
5497	5498	1
8975	14715	1
9273	1036	1
19173	20389	1
13808	10435	1
10435	13808	1
3717	5020	1
236	16312	1
7361	10620	1
2907	1117	1
5537	9248	1
5650	8243	1
1420	5717	1
866	5589	1
11972	5589	1
12400	4939	1
10749	20460	1
3383	3000	1
2517	2346	1
12550	5712	1
5537	4939	1
11187	13985	1
9295	1349	1
20461	1756	1
11069	2330	1
1462	6506	1
4917	5379	1
16389	15988	1
19899	5873	1
5959	20441	1
4959	14888	1
20462	14888	1
7441	5613	1
5482	5027	1
2151	6769	1
6609	9195	1
2819	2843	1
9195	6609	1
19899	20450	1
9661	5961	1
19551	16163	1
11300	5553	1
4696	1504	1
19543	6883	1
5537	4409	1
5191	8774	1
4466	16163	1
2416	13170	1
7220	16483	1
11842	2742	1
5537	6887	1
16483	7220	1
4547	13170	1
8076	12537	1
10118	19479	1
15911	16668	1
5553	11300	1
2141	7495	1
6769	2151	1
18034	19437	1
4659	4006	1
1617	788	1
1504	4696	1
4863	4864	1
7441	2420	1
2558	5799	1
5799	2558	1
19842	10087	1
10713	14082	1
20463	19042	1
4446	4660	1
12771	8141	1
8141	12771	1
1229	1162	1
7622	7495	1
12509	6868	1
5426	4945	1
1162	1229	1
14136	9842	1
1436	15447	1
20402	9378	1
14011	4397	1
4335	13868	1
7495	7622	1
76	3045	1
16107	7705	1
13018	15151	1
5348	5349	1
13963	7864	1
3258	20183	1
5759	7864	1
4397	14011	1
19948	15596	1
15085	11885	1
13048	3673	1
18492	16057	1
9610	535	1
12810	12811	1
15435	535	1
10737	535	1
10118	7596	1
7340	10982	1
7007	535	1
5337	6769	1
788	1617	1
20464	20464	1
11899	11899	1
9248	2866	1
7228	13289	1
13018	6748	1
4345	4346	1
6352	4227	1
11504	16234	1
5568	9908	1
20465	10834	1
5537	6893	1
11732	6247	1
20466	17137	1
19538	8336	1
509	13580	1
5759	7086	1
2408	12314	1
20445	14088	1
4220	20467	1
6475	15988	1
11847	20451	1
4346	4345	1
12082	7481	1
17998	19421	1
2677	4047	1
20012	10838	1
1673	564	1
16	974	1
18889	18641	1
10569	15552	1
7799	18641	1
5204	5205	1
6193	7060	1
6183	5690	1
16023	19628	1
2483	5382	1
11465	18694	1
7334	9966	1
20468	3736	1
12196	3405	1
1941	8307	1
1037	2650	1
20183	3258	1
1193	18106	1
2331	6419	1
14790	20419	1
5887	6419	1
6674	20419	1
4227	6352	1
8244	1499	1
5537	3655	1
11564	6419	1
3405	12196	1
15397	6352	1
11483	12196	1
13580	509	1
20045	20046	1
2268	7147	1
14092	6352	1
10940	2252	1
10940	9669	1
3183	20445	1
20313	5041	1
8935	7952	1
3532	4522	1
2479	20407	1
15229	17080	1
20450	19899	1
15109	16581	1
12881	18087	1
160	1606	1
20269	20269	1
11031	7049	1
3479	7049	1
2331	6562	1
20235	3570	1
76	84	1
2911	226	1
19625	13685	1
6769	5337	1
10187	10187	1
139	11387	1
12842	2228	1
3979	1146	1
16355	4751	1
8896	11387	1
19073	18644	1
15085	16389	1
10116	2578	1
20434	11321	1
18644	19073	1
20104	9169	1
5577	4534	1
6037	9397	1
19993	16343	1
12351	6059	1
15748	18953	1
3702	223	1
5759	13538	1
1872	4577	1
9541	5977	1
5176	5977	1
8137	5825	1
5977	5176	1
7495	2141	1
387	4399	1
10157	6475	1
12082	9300	1
15744	4280	1
20469	6815	1
5537	9022	1
4034	3752	1
3651	17513	1
4233	3447	1
5981	6367	1
10620	7361	1
18623	10067	1
20470	238	1
8609	3794	1
2265	1842	1
238	20470	1
12758	13257	1
10179	9069	1
11807	7764	1
7088	10520	1
13257	12758	1
3018	2936	1
1859	3640	1
12196	11483	1
19152	6112	1
54	3773	1
15023	6112	1
3447	4233	1
1420	6325	1
4280	15744	1
11387	8896	1
2268	725	1
4943	4196	1
3170	20016	1
16389	15085	1
19899	6927	1
7827	3153	1
6927	19899	1
16194	5549	1
9253	11632	1
12664	12650	1
19112	17987	1
4346	3722	1
12683	20069	1
5041	20313	1
13407	14715	1
16755	20471	1
1228	15682	1
641	7651	1
13018	7232	1
17987	17987	1
9275	12540	1
3170	12252	1
1411	5450	1
19899	7651	1
3722	4602	1
12920	12920	1
12082	4485	1
16084	3383	1
1064	12899	1
7810	3234	1
14643	11991	1
16668	15911	1
7851	19237	1
4355	8011	1
4008	12758	1
12159	15988	1
1584	6111	1
4751	16355	1
12758	4008	1
10964	7082	1
12073	5221	1
7651	19899	1
11372	18179	1
12899	1064	1
5076	800	1
9624	7082	1
6097	6095	1
14816	18030	1
16730	8390	1
11292	15362	1
4034	18046	1
2912	20281	1
19449	20472	1
1087	863	1
20281	2912	1
8948	12446	1
20430	12006	1
