4983	5715	1
6447	4362	1
3190	1584	1
16306	16306	1
10838	20012	1
1228	15682	1
4106	6022	1
5353	2422	1
15708	15708	1
16980	7175	1
11074	12300	1
1188	11645	1
19181	8522	1
11645	1188	1
5715	4983	1
4328	16044	1
1059	5774	1
8357	6816	1
10685	12175	1
1022	6927	1
14338	12580	1
319	569	1
5613	7441	1
2420	7441	1
2769	2718	1
4051	6322	1
6322	4051	1
12664	12650	1
789	17125	1
6017	6122	1
10412	16729	1
8929	14235	1
8735	4444	1
15229	7215	1
16619	17504	1
4172	15013	1
4095	2812	1
2260	7126	1
17599	19647	1
15076	1830	1
12580	14338	1
1977	2478	1
6122	6017	1
13586	4051	1
4668	5691	1
20440	1028	1
2924	4051	1
5197	6344	1
8125	2480	1
13019	3420	1
3723	3949	1
13011	6952	1
3949	3723	1
7370	15453	1
3545	2480	1
10895	9389	1
5415	863	1
10758	11406	1
4362	12033	1
7986	12970	1
14165	11767	1
14956	2876	1
13538	16502	1
3315	7108	1
20613	277	1
20012	10838	1
9385	16502	1
7448	5894	1
3545	7108	1
15695	7135	1
5227	9239	1
9239	5227	1
16318	14182	1
3347	5862	1
5237	1910	1
7831	12456	1
11397	5892	1
1813	13549	1
14075	14081	1
10886	8724	1
20614	6294	1
7367	6294	1
12835	5640	1
17510	6765	1
5893	5047	1
1370	1381	1
11701	4812	1
3576	5430	1
8404	5411	1
1740	1381	1
20615	20616	1
14081	14075	1
7644	3087	1
2480	8125	1
10827	10827	1
16992	14240	1
2478	4045	1
5047	5893	1
13864	3690	1
3272	17031	1
11161	20395	1
6433	835	1
9332	835	1
20395	11161	1
15595	15595	1
1441	11527	1
7223	226	1
7928	6560	1
9006	6325	1
7215	15229	1
12793	1552	1
6509	6034	1
10066	8966	1
7928	4883	1
20429	6959	1
10895	9479	1
20592	4930	1
19626	6686	1
4406	304	1
2478	5404	1
11767	14165	1
13150	2141	1
6909	19772	1
12314	6924	1
20617	2199	1
8243	5650	1
20576	68	1
20114	1653	1
13142	19442	1
17987	19112	1
16868	17505	1
3234	10232	1
3912	3794	1
19445	19445	1
18350	17926	1
5678	16502	1
20618	20618	1
16550	2639	1
4346	3722	1
17308	1524	1
8153	6113	1
20347	20259	1
7415	7416	1
2646	7857	1
3420	13019	1
6113	8153	1
16992	6332	1
2415	4822	1
20246	20347	1
20259	20347	1
16992	19582	1
17638	8029	1
4180	400	1
20464	20464	1
5578	795	1
19641	12006	1
12937	13595	1
2830	484	1
1531	2800	1
4662	18765	1
2478	9204	1
2478	7932	1
13150	2163	1
2478	2163	1
20558	20558	1
20619	9843	1
7002	3671	1
2478	2492	1
10304	16031	1
4914	19120	1
16992	12810	1
4812	3546	1
14162	2202	1
1074	1075	1
1037	16031	1
1038	95	1
17584	17584	1
2415	2420	1
2601	17731	1
20365	19936	1
20620	16931	1
6918	1361	1
2051	1558	1
17948	5343	1
8081	3546	1
14031	7625	1
4812	4832	1
5204	5205	1
1633	8623	1
2141	13150	1
7267	5753	1
20517	14864	1
16091	16092	1
13150	15307	1
5343	17948	1
3671	7002	1
15911	12403	1
6869	7309	1
4466	17541	1
4150	4151	1
2243	4673	1
20104	6668	1
3826	966	1
3178	314	1
12717	4755	1
4952	4920	1
16502	9385	1
13289	12397	1
11773	14069	1
6433	9949	1
4952	709	1
20273	3383	1
1785	5078	1
2237	5069	1
6513	9330	1
6433	3068	1
3738	4209	1
12954	539	1
19936	20365	1
18765	4662	1
2830	2142	1
12300	15153	1
10108	15659	1
2478	2934	1
3014	2537	1
10390	13877	1
15624	7822	1
472	473	1
11724	11724	1
15515	13536	1
2478	16009	1
4246	15561	1
569	319	1
2415	500	1
2415	19295	1
4863	4864	1
14806	3449	1
15598	12056	1
3326	12598	1
4800	2910	1
11378	11098	1
3447	4233	1
4525	2802	1
14864	20517	1
17080	8150	1
16092	16091	1
3722	4346	1
11098	11378	1
5485	3561	1
5862	12936	1
6527	2169	1
12936	5862	1
663	3576	1
16947	2902	1
14398	928	1
13150	13032	1
5188	12008	1
13150	2070	1
20114	3885	1
6475	6562	1
20621	4126	1
1977	4280	1
20622	20445	1
4952	4346	1
20569	20445	1
4126	20621	1
2601	5106	1
2415	205	1
4233	3447	1
1832	1796	1
3383	20273	1
10158	10157	1
9675	9675	1
13142	20623	1
17440	17440	1
18462	18462	1
928	20194	1
18468	20624	1
395	1558	1
15911	9385	1
1024	756	1
4812	9031	1
8535	756	1
756	8535	1
17221	14859	1
7267	10675	1
16855	8896	1
7885	5634	1
1649	11379	1
17604	8127	1
182	2411	1
9987	20625	1
5842	2411	1
2802	4525	1
9015	20312	1
2873	9862	1
1897	8137	1
6562	6475	1
979	5314	1
4810	5314	1
17622	9613	1
15466	84	1
6467	5796	1
10886	4525	1
1448	4183	1
20626	15218	1
2636	1022	1
2431	1453	1
14240	16992	1
14031	7000	1
14503	7042	1
6332	16992	1
19582	16992	1
2415	5289	1
12810	16992	1
7258	8150	1
1024	1022	1
2390	2480	1
9992	10461	1
4523	5054	1
1041	768	1
5542	11789	1
8172	14992	1
573	526	1
18350	12545	1
19112	4029	1
6927	1022	1
11044	8614	1
20627	9108	1
6127	12899	1
4362	6643	1
4051	13586	1
10093	20440	1
20625	9987	1
10461	9992	1
20114	1249	1
1249	3438	1
731	5314	1
17080	14082	1
20440	10093	1
18495	4682	1
16031	1037	1
1220	985	1
1381	1740	1
2415	7861	1
7309	579	1
18747	16560	1
8150	7258	1
2296	1279	1
502	4496	1
17221	10620	1
7228	9041	1
13150	5006	1
2480	3545	1
2232	3537	1
9141	14597	1
16	2201	1
20158	20158	1
16560	18747	1
13	4511	1
13516	11026	1
8402	12336	1
2480	2390	1
1249	20114	1
1452	1451	1
1022	2636	1
13019	6898	1
5683	3213	1
3438	1249	1
11883	6771	1
6771	11883	1
4952	29	1
9027	3438	1
17622	15773	1
6936	11820	1
18350	12381	1
4317	1842	1
16372	8935	1
12197	7178	1
4613	14263	1
12008	5188	1
11201	6066	1
14031	5933	1
18350	8290	1
928	14398	1
3493	9669	1
6765	17510	1
4940	9155	1
8037	14107	1
20187	20259	1
564	238	1
2304	425	1
20605	20604	1
20628	10957	1
14031	5979	1
8363	4816	1
732	425	1
8490	9368	1
7928	1134	1
10895	2611	1
2201	16	1
7178	940	1
150	342	1
12970	7986	1
12259	7989	1
20629	20630	1
17080	15229	1
6017	464	1
16994	19607	1
17163	16789	1
940	7178	1
2817	3547	1
4170	2758	1
874	3194	1
4812	4724	1
14031	12381	1
1509	4333	1
4029	19112	1
4812	5647	1
1451	1452	1
17064	7082	1
243	1397	1
14031	5888	1
5263	8897	1
5813	3568	1
18826	6307	1
13424	15346	1
1397	243	1
7407	2611	1
7989	12259	1
14849	2997	1
2151	6769	1
2478	6188	1
16229	2611	1
10232	3234	1
229	3910	1
7780	7145	1
2100	6188	1
3547	2817	1
1119	869	1
16729	10412	1
6052	4047	1
1268	2017	1
11797	1163	1
2017	1268	1
1108	3645	1
3297	11455	1
6433	2935	1
20631	15918	1
3910	229	1
12422	16424	1
1497	3706	1
8332	5987	1
19607	16994	1
16355	4751	1
3450	5174	1
9240	9388	1
3642	1997	1
8763	12134	1
19641	18276	1
1229	3970	1
5497	5498	1
869	1119	1
4816	8363	1
12312	15911	1
1785	6113	1
7525	3239	1
5717	1420	1
7938	18508	1
5288	4490	1
1024	896	1
9385	15911	1
4292	20632	1
13673	16745	1
18981	5037	1
9669	15194	1
16050	16056	1
14031	10415	1
6321	1850	1
13889	7859	1
16056	16050	1
3480	19181	1
14535	19181	1
20624	20633	1
5054	4523	1
3970	1229	1
3449	14806	1
11455	3581	1
13032	13150	1
4812	9769	1
2070	13150	1
9368	8490	1
14107	8037	1
8172	18822	1
4812	6533	1
5758	13095	1
18045	4781	1
4853	9065	1
4950	4836	1
5715	12862	1
1830	15076	1
19009	6135	1
4755	12717	1
12960	9410	1
4836	4950	1
5753	7267	1
14376	14312	1
20163	19101	1
6898	13019	1
3669	1506	1
1420	1022	1
5366	12779	1
20385	12295	1
1512	21	1
699	4964	1
12779	5366	1
20065	4578	1
3849	3854	1
20634	16603	1
13794	15184	1
9330	6513	1
4578	20065	1
18350	8386	1
18852	3138	1
4647	4950	1
13951	9436	1
1897	3065	1
14545	10723	1
10716	13011	1
2936	13011	1
6952	13011	1
3854	3849	1
5806	14816	1
12417	10651	1
2339	5466	1
19009	13021	1
15153	12300	1
5446	6454	1
19967	19047	1
373	8765	1
18495	9080	1
7776	15561	1
1791	4288	1
2578	18522	1
4952	11196	1
14816	5806	1
13432	13432	1
5904	4135	1
10568	6928	1
6562	10685	1
8936	9758	1
1134	7928	1
4812	4654	1
2478	4567	1
20635	16054	1
10685	6562	1
4487	4487	1
4654	4812	1
16992	10016	1
14593	821	1
9314	3950	1
16043	3162	1
5972	8962	1
16789	17163	1
464	6017	1
20616	20615	1
1163	1229	1
13889	7127	1
6375	20482	1
16031	10304	1
3138	18852	1
6118	9480	1
1420	5008	1
14031	5691	1
15911	16668	1
7505	18953	1
5042	12582	1
7602	9085	1
1785	5818	1
18350	2620	1
6433	5411	1
6769	2151	1
12584	801	1
5995	18694	1
863	5415	1
18989	14131	1
3122	2648	1
907	8878	1
9065	4853	1
12217	14774	1
14388	20557	1
5581	2496	1
19432	2506	1
9242	7672	1
3773	54	1
12180	5860	1
19421	17998	1
14263	4613	1
12336	5392	1
6994	15229	1
2019	186	1
3122	20636	1
9193	19902	1
16502	5678	1
18508	7938	1
3301	14268	1
20637	2239	1
5860	12180	1
14031	15153	1
5678	14165	1
6441	6930	1
17321	5357	1
5516	5520	1
5081	5340	1
3903	5340	1
186	2019	1
8899	5357	1
15911	12312	1
7928	10574	1
7715	5357	1
3950	9314	1
3824	10487	1
9815	7136	1
16836	16715	1
19009	7535	1
1043	5197	1
17758	16715	1
14165	6901	1
3073	9776	1
768	158	1
7859	13889	1
20638	1550	1
12540	6901	1
6414	7714	1
6816	3950	1
14003	3286	1
19112	7688	1
11789	5542	1
4812	2665	1
7525	7525	1
9812	396	1
12862	5715	1
4409	6612	1
4621	7688	1
19281	10900	1
3671	1539	1
8623	1633	1
1182	9063	1
14165	5678	1
18350	9897	1
9300	4335	1
5528	4308	1
8962	5972	1
19487	9488	1
2793	1383	1
20639	8649	1
5631	5632	1
760	760	1
13889	4857	1
6612	4409	1
6930	6441	1
3585	6407	1
9776	3853	1
20472	19742	1
19047	19967	1
14131	18989	1
5520	5516	1
5174	3450	1
4257	14950	1
7688	19112	1
7082	2198	1
2665	4812	1
4170	833	1
5248	20362	1
492	505	1
9776	3073	1
12336	8402	1
13673	12898	1
9015	20364	1
7822	15624	1
11712	13763	1
5789	12344	1
7654	20315	1
20640	20039	1
2506	9488	1
13150	2427	1
7714	7753	1
8150	7413	1
9488	2506	1
1051	3021	1
19742	20472	1
6901	12540	1
3842	19342	1
6572	12156	1
16992	16671	1
17163	16790	1
20621	7368	1
5146	5314	1
964	5797	1
1127	8284	1
19009	6533	1
14634	17031	1
6898	12694	1
2198	7082	1
2422	6614	1
7595	7592	1
12344	5789	1
7455	7456	1
13673	5482	1
15942	19984	1
2422	5353	1
4751	16355	1
14624	20616	1
20039	20640	1
5632	5631	1
7368	20621	1
7714	6414	1
12928	20261	1
15911	14546	1
3853	9776	1
19009	8086	1
3326	6963	1
16522	18207	1
