4810	5314	1
935	2098	1
6247	18062	1
12156	6572	1
16862	8259	1
20673	20674	1
19729	10226	1
4113	4812	1
18925	17744	1
11455	5318	1
19152	6112	1
5402	15468	1
4208	8397	1
20690	20691	1
1512	21	1
6183	4755	1
4755	6183	1
20692	1269	1
9584	8948	1
19464	17744	1
2203	2616	1
1269	20692	1
13989	563	1
17820	17744	1
11572	15008	1
6248	15555	1
8941	14431	1
13029	5510	1
20693	16850	1
563	13989	1
7940	8092	1
6294	7367	1
11440	9639	1
11161	20395	1
9138	11556	1
1106	9254	1
2478	4045	1
3326	9409	1
12156	12156	1
17877	16604	1
9889	8782	1
11731	12920	1
3447	11431	1
12535	2712	1
8782	9889	1
27	5922	1
8092	7940	1
6657	2441	1
5316	4852	1
6460	5107	1
20569	20445	1
15691	20647	1
205	395	1
18347	20647	1
3723	3949	1
5481	3210	1
5095	10038	1
13884	10649	1
6030	11556	1
5219	8600	1
16904	14779	1
10993	14103	1
5283	9649	1
15021	6344	1
3985	9400	1
13562	15195	1
3763	5797	1
20395	11161	1
15021	3383	1
17184	6265	1
4045	2478	1
3438	2203	1
3147	976	1
395	205	1
478	18536	1
14137	20401	1
16683	12834	1
9570	20450	1
5970	9436	1
9436	9436	1
16802	9436	1
5705	9436	1
15773	12019	1
1854	9436	1
1207	1084	1
12062	17845	1
13976	5862	1
13976	7345	1
16982	20610	1
601	9980	1
89	12121	1
8827	18140	1
4346	3722	1
7178	14725	1
3999	1656	1
8619	8975	1
918	717	1
11767	3306	1
5549	3606	1
2646	7857	1
6475	12175	1
3516	1858	1
11386	6424	1
10246	9000	1
4107	16166	1
13538	10938	1
17474	16403	1
68	20576	1
17831	17150	1
18366	18367	1
20576	68	1
5003	4454	1
20576	655	1
3383	15021	1
3822	858	1
5316	11788	1
16603	16603	1
6475	9253	1
9924	3785	1
5461	4295	1
19538	18367	1
20694	1381	1
435	1022	1
9218	13379	1
14816	8420	1
20665	8908	1
3996	1338	1
918	8929	1
1523	1338	1
12732	20601	1
5316	8670	1
4444	173	1
20664	15504	1
3438	3605	1
3763	3088	1
1005	16291	1
6136	18514	1
8909	12096	1
15686	95	1
2811	3513	1
16904	11943	1
2927	853	1
14431	14431	1
7345	10893	1
14676	13701	1
16247	16247	1
20695	20695	1
6183	7866	1
15583	15583	1
3451	5928	1
10374	9009	1
3234	3004	1
4388	657	1
2135	3996	1
10562	95	1
1338	3996	1
10780	10246	1
7866	6183	1
395	3996	1
16619	16619	1
5283	3426	1
12019	15773	1
1746	1361	1
14869	2699	1
10938	13538	1
12920	11731	1
3722	4346	1
16502	13538	1
918	1249	1
5378	3007	1
8725	7435	1
12107	625	1
2699	14869	1
16	13	1
6667	5857	1
624	625	1
2894	3343	1
2463	1714	1
14136	9568	1
2496	2646	1
20696	20696	1
14280	7930	1
13976	10080	1
5316	2142	1
11610	9076	1
19716	19716	1
2463	6448	1
1397	243	1
7474	3005	1
1420	1032	1
6649	2663	1
635	14174	1
853	2927	1
7542	6059	1
18545	15195	1
14174	635	1
9001	11563	1
12869	12174	1
9489	20170	1
20621	4126	1
3945	20697	1
12584	801	1
2496	5581	1
4032	5786	1
4816	15153	1
20601	12732	1
11922	869	1
10991	1108	1
40	1208	1
4762	7158	1
20429	6959	1
15021	16956	1
3004	3234	1
13976	14699	1
19112	17987	1
18150	3852	1
10066	8966	1
20229	14235	1
15153	4816	1
13826	1923	1
20315	16886	1
93	4259	1
9489	8338	1
4386	9159	1
4762	5562	1
5613	16886	1
6448	2463	1
20180	19578	1
1714	2463	1
19086	20312	1
7474	9705	1
11644	6947	1
16031	14397	1
9400	3985	1
12787	18263	1
953	6022	1
20424	20246	1
5856	8222	1
11058	7543	1
5283	791	1
3950	6816	1
20698	14180	1
20360	12321	1
19073	19090	1
14790	20419	1
5316	10925	1
663	15151	1
9228	16703	1
16147	17282	1
11372	6898	1
4777	896	1
7367	6294	1
3516	2478	1
15724	9299	1
6373	7617	1
4345	3722	1
5579	2979	1
15789	7042	1
4762	5289	1
14792	11696	1
3949	3723	1
7938	18508	1
6816	3950	1
5715	12862	1
12469	18508	1
4432	13580	1
10758	10247	1
5166	5450	1
6165	8962	1
16886	5613	1
878	3056	1
3210	5481	1
3915	6795	1
20660	20660	1
9234	2506	1
11058	7435	1
13976	14981	1
12728	3851	1
3056	878	1
10118	19479	1
16663	3153	1
12869	14792	1
5518	1842	1
20016	3170	1
10247	10758	1
12217	16240	1
20450	9570	1
6667	4914	1
20045	20046	1
6444	20183	1
16663	9385	1
5351	7049	1
9160	20391	1
9568	14136	1
9369	6193	1
9253	9253	1
4480	4480	1
5932	10560	1
8820	6193	1
14263	4613	1
981	20699	1
7158	4762	1
8852	2578	1
16465	8490	1
27	7257	1
2420	6836	1
18583	6836	1
16947	2902	1
15724	10390	1
11630	20700	1
3347	8141	1
7820	7820	1
18508	7938	1
13574	13361	1
6441	6930	1
10503	4755	1
4032	6052	1
1784	13832	1
14844	10522	1
1579	1580	1
8600	5219	1
20701	20701	1
11644	7465	1
2802	4525	1
20192	5642	1
8141	3347	1
9581	18016	1
20702	20703	1
4390	4525	1
2578	8852	1
19479	10118	1
3286	3122	1
17598	19967	1
4126	20621	1
5964	4868	1
13647	8592	1
487	5501	1
2209	6113	1
3538	241	1
10116	1928	1
11943	14779	1
10109	4922	1
8336	19967	1
13361	13574	1
1928	10116	1
14779	11943	1
10799	11943	1
19967	8336	1
14631	7453	1
11943	10799	1
15092	10815	1
8724	10886	1
4525	10886	1
5853	1928	1
6667	3853	1
13574	15226	1
15537	15894	1
10886	4525	1
7422	6354	1
6183	12154	1
8591	9303	1
5642	20192	1
8975	4842	1
6690	17092	1
14691	8695	1
13976	8336	1
3763	11905	1
11610	5434	1
11610	16950	1
9015	16450	1
2506	9234	1
7416	9547	1
1643	2471	1
4900	4888	1
18481	18482	1
4032	173	1
15021	6103	1
9385	16663	1
6997	18040	1
3516	696	1
5890	6425	1
11161	3170	1
6193	8040	1
3763	3450	1
2601	5106	1
2811	9280	1
5248	20362	1
12771	8141	1
11556	10415	1
9605	9296	1
16789	17163	1
12758	4008	1
9391	11972	1
10522	14844	1
8774	5191	1
7820	3574	1
13027	19633	1
5929	5951	1
14841	5041	1
8676	10250	1
3176	3422	1
241	3538	1
17844	10795	1
7542	3965	1
625	624	1
9380	11053	1
16450	9015	1
16833	12129	1
13704	4255	1
1108	10991	1
8243	5650	1
3706	1497	1
20704	20704	1
6100	8951	1
7542	352	1
319	569	1
12129	16833	1
20705	20705	1
2506	14382	1
6657	3401	1
15435	15436	1
14791	16898	1
3763	3438	1
4836	4070	1
18459	5959	1
6248	20643	1
5862	13023	1
12775	6901	1
7639	6901	1
13724	7899	1
5840	3561	1
3763	18690	1
20706	2604	1
17744	17744	1
6748	6465	1
6667	7481	1
20204	18816	1
16301	4270	1
7804	9300	1
15792	12881	1
11644	8172	1
3334	16597	1
3516	7932	1
6730	17081	1
2924	4806	1
20700	11630	1
19832	9437	1
6037	10363	1
20663	18644	1
13976	5678	1
19073	18644	1
8153	6113	1
6113	8153	1
2009	2008	1
10415	11556	1
5843	5844	1
9300	7804	1
1674	15745	1
487	9871	1
17184	9108	1
9184	3886	1
3216	871	1
5283	1849	1
2201	2202	1
11972	9391	1
10363	806	1
487	1905	1
11414	8522	1
7257	27	1
16604	17877	1
9516	5113	1
12881	15792	1
9388	17224	1
8690	5380	1
3170	2734	1
10437	7276	1
17133	17133	1
2734	3170	1
20570	20570	1
20707	10769	1
13095	5758	1
4950	5924	1
16144	9789	1
1358	424	1
11517	15017	1
4762	3503	1
20708	16147	1
20528	4432	1
871	3216	1
11766	11766	1
4762	6056	1
20709	11065	1
11220	7267	1
20516	5006	1
3503	4762	1
6056	4762	1
11031	7049	1
3210	613	1
19486	6421	1
3005	4723	1
20710	9881	1
15476	20711	1
14136	6246	1
5699	15195	1
3545	7108	1
1072	186	1
15021	2246	1
6187	10016	1
20712	2197	1
20713	17019	1
6376	19995	1
5844	5843	1
18647	7395	1
6136	1504	1
5951	5929	1
2554	3383	1
14981	13976	1
5041	14841	1
16359	7265	1
