8547	15334	1
20497	17031	1
10767	10427	1
6177	6168	1
17031	20497	1
20039	10118	1
9253	11632	1
3767	5217	1
20498	1858	1
14503	3297	1
13685	19625	1
4660	4446	1
1791	926	1
4534	5577	1
4008	3952	1
7597	7773	1
5357	17321	1
4060	1229	1
13642	2085	1
1119	869	1
20499	20500	1
5514	5066	1
5977	12842	1
540	6113	1
20501	3952	1
15664	6507	1
380	6007	1
5442	11943	1
10765	8451	1
2532	3568	1
8975	9966	1
5217	3767	1
9586	14932	1
1727	3274	1
11069	9255	1
11296	822	1
12096	9255	1
2399	5750	1
159	1761	1
5750	2399	1
1761	159	1
2558	4905	1
8490	2647	1
17788	9639	1
2665	4832	1
13808	10435	1
5577	4534	1
15533	17002	1
12496	9271	1
20502	20503	1
11044	15837	1
11702	261	1
4943	1939	1
3826	328	1
9966	8975	1
15023	6727	1
3741	19687	1
6168	6177	1
12926	5206	1
14535	17162	1
2558	835	1
6007	380	1
5337	6094	1
4921	1884	1
181	1022	1
3501	15013	1
922	819	1
2480	3545	1
19810	5455	1
8976	19482	1
9388	9527	1
4250	6700	1
888	887	1
20365	5455	1
3960	5232	1
2017	12173	1
6700	4250	1
5445	5711	1
5709	6128	1
12664	12650	1
2085	13642	1
1022	6927	1
1092	2719	1
11630	15393	1
20504	20505	1
4008	12758	1
15837	20485	1
17862	17863	1
9815	3278	1
9410	9790	1
19265	6262	1
5386	20001	1
9337	11644	1
2665	4812	1
7108	14197	1
8929	6187	1
8141	2873	1
6187	8929	1
4077	1858	1
20001	5386	1
16502	5678	1
884	2126	1
10611	8903	1
8260	8903	1
9120	8903	1
10814	8903	1
10435	13808	1
15664	8903	1
10102	1255	1
13492	11007	1
17916	8903	1
5944	6490	1
3745	5342	1
6262	5150	1
6122	6017	1
4657	3404	1
6927	1103	1
11654	4470	1
9755	11635	1
6490	5944	1
4216	4215	1
5773	3160	1
1397	243	1
1954	3160	1
12472	13989	1
5932	10560	1
4077	16326	1
9222	8934	1
10560	5932	1
6923	3160	1
934	684	1
18701	20264	1
3082	5282	1
1723	2520	1
6307	8932	1
6884	2520	1
5455	19961	1
6077	6076	1
13356	13529	1
10651	10651	1
13685	10651	1
8987	1574	1
10140	8886	1
6927	1022	1
6894	10295	1
1884	4921	1
5828	5690	1
7429	7319	1
11908	11094	1
1884	4876	1
6786	7078	1
8932	6307	1
20506	6535	1
10427	10767	1
20507	4155	1
1399	3976	1
9300	4335	1
4077	7932	1
5922	5	1
6674	12481	1
5374	5723	1
17489	17142	1
9031	4692	1
14995	966	1
20508	20509	1
15579	11372	1
12217	14565	1
3823	76	1
3493	9669	1
2315	3071	1
11654	15535	1
14565	12217	1
13279	3071	1
13325	5549	1
7525	3239	1
17261	7367	1
4077	2492	1
6183	8035	1
3315	13851	1
18118	20482	1
3287	3288	1
4025	4920	1
1623	1624	1
4077	188	1
19587	20073	1
17926	5717	1
3678	7156	1
447	4265	1
5300	3042	1
2209	2210	1
11826	4092	1
13493	9936	1
5797	5047	1
4266	4265	1
17951	7824	1
15802	14107	1
10531	1096	1
9213	11043	1
46	5409	1
16250	2776	1
20509	20508	1
2589	455	1
11416	11773	1
8207	5912	1
20435	9837	1
8935	7952	1
13685	11826	1
17926	9479	1
2970	4499	1
7543	4930	1
11773	11416	1
14803	4218	1
14150	9680	1
17095	4954	1
9195	6609	1
6017	464	1
1586	14645	1
10359	4482	1
18212	718	1
10457	4034	1
20510	16057	1
684	20511	1
869	1119	1
17926	8386	1
4399	387	1
4034	10457	1
4077	1428	1
4829	16533	1
20272	1233	1
20511	684	1
4077	3462	1
5546	10158	1
4215	4216	1
5757	1554	1
20512	1462	1
3337	7711	1
391	5629	1
10282	6875	1
12117	12600	1
442	17145	1
6674	11161	1
9220	1887	1
6674	20170	1
17926	12936	1
20513	2371	1
10158	5546	1
13989	5982	1
1051	2969	1
6076	6077	1
20187	20187	1
5825	8137	1
20186	20187	1
4051	20484	1
1000	6001	1
8886	10140	1
15334	8547	1
684	1190	1
211	85	1
6113	540	1
9234	12429	1
20484	4051	1
7085	10623	1
16857	6551	1
1420	5912	1
9213	7930	1
19196	19195	1
1426	17090	1
15664	10611	1
8280	4037	1
4037	8280	1
13187	13187	1
5717	1420	1
4077	3567	1
2408	12314	1
19866	142	1
5411	1740	1
11485	14876	1
7205	8018	1
15550	4884	1
17926	12545	1
10199	12345	1
2749	14654	1
11233	2611	1
2260	14503	1
8335	1268	1
1081	9409	1
9222	2248	1
6307	3480	1
11826	13685	1
3005	12375	1
6104	8609	1
323	9521	1
12345	10199	1
2722	1599	1
6213	1599	1
17926	5240	1
10089	10090	1
3908	3907	1
20514	7078	1
16240	12217	1
1105	4329	1
4042	3243	1
869	9392	1
5842	1177	1
8987	2498	1
9392	6997	1
13676	8499	1
14814	11497	1
17326	17324	1
13809	5972	1
623	4963	1
10824	9039	1
4077	3458	1
5893	5047	1
2383	4355	1
8127	17604	1
4763	5715	1
17270	8810	1
3480	6307	1
16855	9383	1
17324	17326	1
20272	884	1
6674	8668	1
18178	2319	1
4362	6447	1
6831	3919	1
9014	2904	1
2319	18178	1
8409	5799	1
14333	5897	1
20515	20515	1
3288	3287	1
20516	5107	1
3497	2190	1
7952	8935	1
1599	6213	1
15641	15773	1
10631	328	1
5684	8935	1
204	5839	1
7824	17951	1
8261	964	1
5248	19984	1
18534	964	1
2758	4170	1
20517	14864	1
14654	2749	1
15741	18005	1
6045	7341	1
20518	9521	1
17926	18350	1
8976	7128	1
4654	4812	1
1152	2118	1
18212	5330	1
4135	5560	1
4692	9031	1
13141	2993	1
5248	20362	1
3418	3349	1
684	934	1
6066	11201	1
3297	14503	1
18005	15741	1
6945	15578	1
11161	8668	1
13741	6348	1
15649	6927	1
8542	1709	1
3042	5300	1
10654	8948	1
478	19923	1
20519	7066	1
13868	4335	1
10140	13573	1
15471	13573	1
8457	357	1
6447	4362	1
366	490	1
7945	7952	1
6552	9263	1
1599	2722	1
19897	6410	1
271	272	1
9724	1674	1
72	14367	1
16533	4829	1
8903	10814	1
17926	16804	1
2912	13663	1
4748	5798	1
5047	5893	1
7012	17787	1
19923	478	1
3404	4657	1
997	1081	1
4047	8967	1
6609	9195	1
4977	6035	1
6342	5798	1
10749	15567	1
18536	478	1
11455	3581	1
478	18536	1
15214	15215	1
6127	12899	1
4946	18355	1
10108	15659	1
13892	10755	1
19421	17998	1
357	8457	1
17944	7465	1
6607	10698	1
9383	16855	1
8469	1229	1
20429	6959	1
9388	17224	1
9518	8616	1
10736	9477	1
5798	6342	1
10353	8616	1
5342	3745	1
20520	20520	1
5694	20521	1
15837	11044	1
6052	4047	1
964	8261	1
16855	12175	1
9222	16774	1
5442	3950	1
5377	8779	1
15641	8705	1
7138	14016	1
14303	4898	1
2247	4898	1
12748	2902	1
7853	7066	1
5546	3153	1
10755	13892	1
12344	5789	1
3950	5442	1
4077	3068	1
20522	13015	1
6674	3068	1
3153	5546	1
7465	17944	1
7505	18953	1
5789	12344	1
408	14821	1
17068	17024	1
5250	3865	1
7078	6786	1
4246	7776	1
884	20272	1
1233	20272	1
1674	9724	1
5798	4748	1
7012	6652	1
1229	6270	1
10072	20157	1
11934	5629	1
3826	4597	1
1420	8273	1
16787	4832	1
4335	13868	1
6625	3404	1
4172	15013	1
6270	1229	1
8172	519	1
9213	6786	1
6816	6171	1
18261	5197	1
20157	10072	1
13573	10140	1
6674	5406	1
6444	6513	1
9704	11899	1
6899	328	1
6171	6816	1
17926	13200	1
271	328	1
13663	2912	1
6899	271	1
6652	7012	1
12173	2017	1
8903	9120	1
17162	14535	1
1177	13072	1
1788	9970	1
10102	14927	1
14927	10102	1
328	271	1
5374	3109	1
1987	3688	1
328	6899	1
9695	9807	1
8943	20170	1
20523	6	1
4812	4654	1
271	6899	1
9957	7265	1
20170	8943	1
3109	5374	1
16774	9222	1
6630	6308	1
8018	7205	1
5509	4114	1
5839	204	1
5856	8222	1
8948	10654	1
773	6652	1
4499	2970	1
4689	5051	1
13	594	1
9521	20518	1
4329	1105	1
7824	8361	1
10835	12219	1
6997	9392	1
15342	15892	1
8153	13083	1
3085	6289	1
20524	20524	1
17289	15436	1
2678	4032	1
6035	4977	1
13777	11077	1
18896	6309	1
15641	5488	1
16947	12748	1
10230	20525	1
8040	6193	1
15641	10784	1
7711	3337	1
10179	6911	1
13020	13020	1
16668	15911	1
6513	6444	1
13667	3337	1
12683	20069	1
3950	6171	1
12219	10835	1
4042	1983	1
663	15151	1
11650	14944	1
4198	4814	1
4589	3153	1
5786	4032	1
16826	2109	1
20419	14790	1
15436	17289	1
16729	10412	1
17926	9389	1
20526	20527	1
3337	13667	1
17289	15435	1
8333	8676	1
6171	3950	1
9517	10892	1
12920	12920	1
9271	12496	1
18852	5581	1
7066	7853	1
6337	18993	1
8919	3521	1
17926	3965	1
6513	3041	1
887	888	1
9164	2130	1
4589	6513	1
14326	7057	1
3274	1727	1
4364	4365	1
12669	20381	1
15393	11630	1
6784	20381	1
3688	1987	1
6321	7698	1
5086	5087	1
11767	3306	1
10118	17053	1
12533	17053	1
5205	5204	1
11701	4812	1
15892	15342	1
12340	13275	1
6513	4589	1
4812	11701	1
1420	5717	1
17743	937	1
11654	11434	1
5051	4689	1
10061	9250	1
2130	9164	1
5160	4489	1
18149	18149	1
20381	6784	1
6784	5796	1
14932	9586	1
13083	8153	1
7644	9250	1
8803	876	1
10774	15195	1
8545	14832	1
5796	6784	1
3722	4346	1
5549	13325	1
185	2894	1
17926	14239	1
15435	15436	1
17945	4106	1
5455	3262	1
6193	8040	1
139	11387	1
5455	9705	1
4106	17945	1
17926	9863	1
4832	16787	1
6248	6801	1
9222	2192	1
4047	6052	1
4489	5160	1
1163	11797	1
6122	12082	1
5715	4561	1
5593	13829	1
20188	7602	1
12082	7481	1
9300	12082	1
5972	13809	1
594	13	1
20528	4898	1
4485	12082	1
7602	3258	1
7602	20188	1
7894	6533	1
3715	1485	1
8810	17270	1
14162	2202	1
6652	773	1
14403	8162	1
3042	4898	1
16855	16855	1
5160	1005	1
10473	2914	1
18212	3401	1
5112	5113	1
4077	3401	1
2558	20529	1
5650	8243	1
3212	3803	1
6419	2331	1
12082	9300	1
4077	2478	1
3257	3257	1
3041	9117	1
876	8803	1
9337	5532	1
17926	7303	1
2380	2017	1
1228	3929	1
1448	6927	1
13015	20522	1
7997	17289	1
20530	12082	1
14238	9117	1
8943	11844	1
13410	7074	1
8398	14818	1
3453	4333	1
6674	14117	1
17926	9388	1
9117	3041	1
3485	1570	1
15682	1228	1
1224	5742	1
16494	11696	1
9059	9059	1
1632	20531	1
8989	17489	1
17142	17489	1
12209	6562	1
10095	3575	1
15391	5442	1
5488	5722	1
20482	18118	1
2496	7857	1
4531	658	1
6674	16802	1
5532	9323	1
2646	7857	1
16312	236	1
6562	12209	1
12732	11909	1
16502	9385	1
3414	4063	1
9369	4107	1
828	9375	1
98	11889	1
14144	5870	1
20402	9378	1
7495	7622	1
12272	7776	1
9293	2078	1
6105	7776	1
17926	9527	1
18764	20277	1
12775	6901	1
20161	8323	1
11397	5892	1
20521	5694	1
7776	12272	1
12568	6901	1
