5537	5536	1
19277	3079	1
4415	3297	1
2866	9248	1
4002	5850	1
5176	5977	1
3000	3383	1
20473	20104	1
7831	12456	1
12446	8948	1
3013	6772	1
6548	3383	1
6111	1584	1
4526	5345	1
2051	1558	1
16355	4751	1
6030	7624	1
1278	1187	1
15153	4816	1
5756	5924	1
314	5924	1
1820	4087	1
4751	16355	1
6612	5217	1
789	2829	1
20474	20474	1
5474	2383	1
18747	19617	1
12109	5563	1
8141	12771	1
5981	6155	1
20419	8668	1
19073	18644	1
20069	12683	1
11031	7049	1
3479	7049	1
17926	9389	1
8377	2383	1
10749	5217	1
8011	4355	1
10569	6475	1
5377	5294	1
20475	17374	1
5174	16847	1
11845	13232	1
20476	10903	1
14715	13407	1
1635	19863	1
9605	6380	1
20045	20046	1
1278	1277	1
5893	5047	1
4466	4466	1
5488	15773	1
11569	19193	1
18011	15668	1
10435	10435	1
15773	5488	1
5047	5893	1
7267	12516	1
15664	14058	1
6343	11044	1
6007	380	1
11044	6343	1
7864	13963	1
17345	7452	1
271	272	1
5380	7453	1
922	1426	1
4003	5168	1
6316	4084	1
19312	7953	1
17090	1426	1
510	13665	1
4653	8824	1
1936	9842	1
7952	8935	1
20460	10749	1
4850	3739	1
1606	160	1
20016	3170	1
12252	3170	1
20477	16166	1
16947	3532	1
7345	13023	1
3170	20016	1
2222	2222	1
1064	12899	1
6888	12899	1
19538	18367	1
15516	13927	1
16553	15820	1
4466	1022	1
2383	8377	1
401	625	1
18644	19073	1
4335	13868	1
20478	20092	1
795	5578	1
5847	15476	1
13851	1987	1
11845	7932	1
4943	2260	1
863	1087	1
14503	2260	1
2498	9789	1
15300	16341	1
7761	6352	1
16712	732	1
15664	8260	1
20479	12006	1
1370	1740	1
10337	1086	1
2832	2843	1
11997	5458	1
4466	6927	1
1512	21	1
7276	16168	1
4466	4422	1
5111	3723	1
5977	5176	1
922	2141	1
8853	1967	1
6317	257	1
1987	13851	1
2665	4812	1
3773	54	1
12456	7831	1
3970	9159	1
6077	6076	1
1918	1155	1
10390	15724	1
13407	14715	1
2325	11610	1
11773	14069	1
14115	8896	1
3349	13864	1
18496	9437	1
10435	13808	1
9936	2578	1
540	8167	1
19729	9092	1
7361	10620	1
21	1512	1
16036	1215	1
6099	6449	1
17787	7104	1
20480	14302	1
3171	3170	1
981	16560	1
13868	4335	1
16714	3170	1
8167	540	1
4084	6316	1
7265	9957	1
4416	13685	1
18747	16560	1
15724	10390	1
6700	14136	1
10459	3568	1
6816	6171	1
3469	3470	1
9842	14136	1
20470	20470	1
2672	5149	1
5549	9007	1
18212	3623	1
5578	795	1
922	2376	1
20419	14790	1
15978	6129	1
20481	20481	1
17145	442	1
922	1439	1
5660	1338	1
20464	20464	1
1523	1338	1
2330	11069	1
922	2652	1
3723	3949	1
5382	2483	1
2911	226	1
11899	6448	1
5847	15473	1
6076	6077	1
20482	18118	1
84	157	1
7033	5305	1
3976	1399	1
3949	3723	1
3051	1886	1
9966	8975	1
6380	9605	1
11773	8738	1
16168	7276	1
3170	12252	1
18030	14816	1
922	9669	1
20483	10634	1
4047	2677	1
8333	8676	1
2226	508	1
12196	3405	1
6448	11899	1
16560	18747	1
6319	11943	1
1108	5969	1
1134	8676	1
4816	15153	1
3651	5711	1
2578	9936	1
11943	6319	1
13851	3315	1
5799	2558	1
76	7480	1
19899	7480	1
11690	2863	1
5581	18853	1
3315	13851	1
12550	3695	1
13685	4416	1
6247	17475	1
5247	15054	1
3623	18212	1
334	229	1
3568	2532	1
9007	5549	1
18150	3852	1
922	2492	1
14302	20480	1
17948	8972	1
4935	9724	1
20484	4051	1
8972	17948	1
5337	4478	1
2672	8959	1
3190	1584	1
15664	6883	1
379	632	1
11106	271	1
2677	4047	1
10067	20485	1
1884	4921	1
20486	20486	1
412	7179	1
5711	3651	1
922	6221	1
4047	6052	1
14790	20419	1
16502	13538	1
17261	891	1
11772	4059	1
15664	4726	1
14136	6700	1
2776	16250	1
3304	5970	1
20474	9437	1
3109	5374	1
13665	510	1
10	768	1
1514	2083	1
9842	1936	1
13573	8219	1
3240	3674	1
12595	13083	1
11610	2129	1
1584	3190	1
229	334	1
11387	139	1
10755	7012	1
5897	5898	1
6171	6816	1
922	2488	1
7066	10128	1
4863	4864	1
6352	14092	1
5889	18408	1
2558	5799	1
11057	5799	1
4437	4980	1
4466	1692	1
7748	7749	1
5593	13829	1
5442	11943	1
8219	13573	1
1850	2181	1
9263	6552	1
3234	7810	1
14741	14740	1
13772	642	1
9755	3072	1
6927	20487	1
1022	181	1
9837	20435	1
2330	20161	1
3077	5463	1
634	1740	1
3405	12196	1
3240	1740	1
3570	20235	1
1740	3674	1
5112	5113	1
5678	16502	1
6868	12509	1
5353	8609	1
13538	16502	1
20488	20489	1
20490	408	1
2152	15063	1
435	3112	1
10509	3071	1
11943	5442	1
19334	19334	1
14197	7108	1
12516	7267	1
6112	19152	1
5374	5723	1
9511	15718	1
20491	8415	1
1897	8222	1
5461	8609	1
5723	5374	1
3723	5111	1
15664	4418	1
7453	5380	1
12545	12381	1
1859	896	1
4418	6883	1
7810	3234	1
2558	2604	1
11610	2325	1
7319	7429	1
2346	2517	1
18982	11044	1
18355	4946	1
1619	5266	1
9165	3975	1
14949	13807	1
7179	412	1
10523	3673	1
3153	5546	1
922	6310	1
5847	4900	1
20492	19661	1
12381	12545	1
922	3383	1
243	1397	1
6771	7543	1
3112	435	1
2420	3383	1
11812	6931	1
11057	8233	1
2181	1850	1
2411	15168	1
9580	7853	1
14804	3079	1
8824	4653	1
6077	16715	1
5750	2399	1
10118	11696	1
4647	4836	1
9042	9042	1
20431	7297	1
17326	17324	1
3383	2420	1
20385	17524	1
15784	9388	1
5300	10667	1
4943	4917	1
6609	9195	1
4466	4917	1
464	6017	1
3503	1800	1
5847	14021	1
1763	2584	1
15664	6783	1
17324	17326	1
4602	3722	1
1420	3578	1
1800	3503	1
8222	1897	1
5380	9769	1
15533	17002	1
17162	14535	1
492	6615	1
9755	7205	1
1179	1408	1
4466	622	1
922	6479	1
9769	5380	1
15393	11630	1
7543	4930	1
8013	4122	1
1793	4346	1
15664	4241	1
17002	15533	1
13356	13529	1
9945	3514	1
14321	20413	1
4346	1793	1
15382	930	1
13807	14949	1
5970	3304	1
14382	2506	1
5377	7273	1
16036	17985	1
3950	5442	1
6367	5981	1
509	13580	1
12584	1844	1
9388	9527	1
2422	5353	1
8609	5353	1
13621	11563	1
3617	590	1
20413	14321	1
20188	7602	1
5897	4377	1
20451	11847	1
7108	14197	1
4715	3747	1
6931	11812	1
6625	10507	1
5563	12109	1
19531	8932	1
7602	20188	1
20493	18783	1
12881	18087	1
1278	2315	1
5847	15438	1
14876	11485	1
14672	4927	1
19983	20494	1
10140	15471	1
1058	9488	1
6315	9488	1
4943	4181	1
18238	18238	1
2309	2309	1
3258	20188	1
1338	5660	1
8896	11387	1
8959	2672	1
5149	2672	1
4812	2665	1
5377	10183	1
6001	1000	1
1146	3979	1
76	3823	1
20384	14957	1
968	2017	1
12842	5977	1
5305	7033	1
2672	749	1
19399	1437	1
11161	3170	1
3170	11161	1
3071	2315	1
14653	15628	1
5847	4901	1
6248	15555	1
20495	5317	1
2399	5750	1
9015	16450	1
12571	11301	1
749	2672	1
7810	4346	1
11044	15837	1
11301	12571	1
3302	1653	1
6417	15071	1
12173	2017	1
17059	8261	1
13615	5615	1
7033	16773	1
6548	3380	1
876	8803	1
5243	16773	1
15837	11044	1
3717	5020	1
10118	20039	1
10903	20476	1
5988	6022	1
5745	3561	1
1229	4060	1
17441	19237	1
12896	19237	1
3767	5217	1
9527	9388	1
5851	5852	1
15668	19237	1
15391	5504	1
4806	5408	1
5217	3767	1
4051	5408	1
12429	9234	1
2558	1241	1
20496	20496	1
16715	6077	1
922	2936	1
2558	2936	1
14326	7057	1
8330	5894	1
1132	4196	1
6189	5463	1
4905	6168	1
3777	1218	1
2870	1437	1
13529	13356	1
7308	6168	1
