7952	8040	1
8323	20161	1
6901	12568	1
12568	6901	1
5442	15391	1
2357	6621	1
6562	12175	1
7622	7495	1
2725	5881	1
5722	5488	1
20532	20532	1
17053	12533	1
15436	15435	1
328	272	1
16301	13501	1
7645	3353	1
20312	9015	1
5160	4489	1
2276	70	1
20364	9015	1
7119	16455	1
15391	5442	1
11899	9704	1
4077	2545	1
20533	1419	1
10353	8616	1
3862	1623	1
9015	20312	1
10350	19903	1
12336	11111	1
261	11702	1
13813	2411	1
17926	3984	1
3353	3183	1
17289	17321	1
13202	12689	1
4586	5490	1
3353	7645	1
2496	7857	1
3849	4666	1
3591	7329	1
19806	19807	1
7569	3561	1
7997	17321	1
8609	6104	1
16455	7119	1
14790	20419	1
19903	10350	1
8040	9366	1
19832	12175	1
2172	3250	1
4077	9204	1
15168	2411	1
9253	11632	1
5581	18852	1
18341	1711	1
13659	8354	1
17926	8845	1
464	6017	1
4295	8354	1
16424	12422	1
8454	1761	1
7537	19042	1
16355	4751	1
4666	3849	1
4653	4477	1
20315	7654	1
20486	20486	1
8454	19957	1
12481	6674	1
20441	5959	1
7265	9957	1
1595	4677	1
20534	7086	1
11161	6674	1
20535	20474	1
20170	6674	1
5897	14333	1
9807	9695	1
17287	3917	1
526	573	1
14503	2260	1
13573	10140	1
3068	6674	1
5406	6674	1
12579	15744	1
13529	13356	1
21	4930	1
7980	8935	1
4900	12917	1
11826	13685	1
15744	371	1
13789	1108	1
371	15744	1
15773	12019	1
18212	3623	1
2445	884	1
876	1584	1
13705	18398	1
3005	12375	1
4218	13273	1
204	5839	1
5893	5047	1
6017	464	1
13685	11826	1
2611	16229	1
19538	18367	1
9480	4406	1
432	5513	1
19772	6909	1
7624	7916	1
8222	5150	1
10882	10882	1
6262	5150	1
20045	20046	1
8018	2141	1
2085	13642	1
3984	10982	1
8018	3170	1
89	12121	1
6426	15557	1
6104	8609	1
118	321	1
20264	18701	1
6730	7345	1
11296	822	1
12019	15773	1
387	2571	1
16855	9383	1
7736	10524	1
1742	7386	1
13356	13529	1
4751	16355	1
13789	261	1
7980	6380	1
926	16960	1
10002	20061	1
4403	5433	1
1090	5433	1
13275	12340	1
7980	5684	1
2646	4248	1
6429	16326	1
4346	3722	1
8243	5650	1
1188	1241	1
9704	11899	1
8081	3546	1
17135	11065	1
1188	4422	1
5490	4586	1
4032	2678	1
20508	20509	1
13325	5549	1
3172	1429	1
940	2818	1
2465	3634	1
11610	9076	1
5455	9273	1
11339	15478	1
1188	2492	1
20536	20536	1
7997	15435	1
5199	20537	1
5981	6367	1
17321	15435	1
8998	314	1
14995	966	1
15435	17289	1
19766	1260	1
653	1401	1
17321	17289	1
3623	18212	1
1623	3862	1
7921	9680	1
13048	3673	1
9517	3673	1
1188	616	1
10199	375	1
10171	18928	1
2161	3673	1
4053	2194	1
371	8526	1
10412	16729	1
18993	6337	1
14535	17162	1
375	10199	1
6899	271	1
4032	5786	1
4743	16326	1
437	861	1
20467	1228	1
1005	5160	1
20538	20539	1
5490	6397	1
1188	2647	1
17417	16666	1
573	526	1
20540	16525	1
4247	2748	1
9731	9731	1
1188	3716	1
8081	5559	1
4226	2647	1
10761	2294	1
20541	20541	1
1516	17162	1
7224	5343	1
1188	10251	1
17798	8535	1
16840	2979	1
6513	9330	1
5343	7224	1
6056	10228	1
16729	10412	1
15620	14886	1
2480	9330	1
1401	653	1
5650	8243	1
8018	9842	1
11216	4265	1
8962	5671	1
20424	20427	1
14437	12936	1
10763	8870	1
20542	20542	1
7002	8206	1
12466	13014	1
16560	18747	1
18747	16560	1
8577	14659	1
5642	5485	1
17885	14388	1
1372	9270	1
20188	16560	1
6419	11564	1
5715	4561	1
11844	20170	1
15422	10158	1
12899	6127	1
5546	10158	1
1392	3905	1
11455	3581	1
17270	8810	1
10090	10089	1
1516	2532	1
1516	5532	1
9477	10736	1
10171	14240	1
3037	3452	1
13014	12466	1
10002	12274	1
5715	4763	1
9354	4489	1
17636	10158	1
1188	1517	1
4474	762	1
5377	8705	1
18895	12274	1
5296	1517	1
20536	20543	1
20544	20545	1
5628	6854	1
4233	3447	1
11094	11908	1
773	1149	1
5380	9769	1
5970	3304	1
1177	5842	1
3452	3037	1
20546	20546	1
11610	11610	1
3333	15866	1
314	8998	1
2631	2440	1
3960	11610	1
1188	1850	1
9273	1036	1
1188	7680	1
7243	11610	1
58	11511	1
5598	8547	1
10171	6544	1
15438	15468	1
5197	18261	1
14806	3449	1
10520	7088	1
20547	16355	1
10968	6845	1
4838	422	1
680	20548	1
14340	14341	1
3447	4233	1
9388	17224	1
7776	6105	1
14150	9680	1
14159	6181	1
5054	4523	1
7980	5374	1
15468	15438	1
20548	680	1
3545	2480	1
9330	2480	1
8263	8263	1
7542	6059	1
10002	7952	1
8040	7952	1
16476	4144	1
6609	9195	1
21	388	1
2818	940	1
2480	3545	1
9527	4034	1
20537	5199	1
20549	19896	1
3240	4071	1
20550	20524	1
4801	7922	1
1035	6467	1
16298	858	1
20551	11883	1
1711	3736	1
11072	13550	1
7340	15314	1
16892	16037	1
7495	7622	1
9366	8040	1
16180	14443	1
7980	7060	1
11635	9755	1
7205	9755	1
3072	9755	1
6168	7308	1
9311	5778	1
11414	10368	1
4523	5054	1
17326	17324	1
8222	5856	1
10171	8614	1
9195	6609	1
1096	10531	1
8535	17798	1
16037	16892	1
10002	3110	1
4677	1595	1
10736	9477	1
7205	10136	1
8018	10136	1
20552	20552	1
15724	15833	1
625	5062	1
12295	15988	1
9253	14037	1
5205	5204	1
17324	17326	1
20553	20423	1
5062	625	1
7308	8707	1
6067	4002	1
5305	7033	1
14741	14740	1
11497	14814	1
6145	3849	1
18058	7671	1
10171	3840	1
400	4180	1
4927	14672	1
773	6652	1
14814	11497	1
13789	441	1
8962	5972	1
3083	1879	1
3063	6502	1
12664	12650	1
6898	15579	1
5047	5893	1
14413	11773	1
8141	8404	1
20528	4432	1
14066	4816	1
19914	20039	1
4258	15763	1
7361	10620	1
12497	6652	1
10620	7361	1
10637	4580	1
5652	943	1
9644	10620	1
490	366	1
5442	3950	1
9733	8774	1
5549	13325	1
1188	6188	1
1516	2914	1
11065	17135	1
455	2589	1
4335	13868	1
663	13018	1
8018	2611	1
9970	20554	1
1188	2611	1
10171	10769	1
10620	9644	1
10368	11414	1
10066	8966	1
3736	1711	1
4574	4619	1
16229	2611	1
2411	15168	1
15942	15726	1
6977	15023	1
5353	2422	1
6909	19772	1
19047	19967	1
2646	3258	1
19967	19047	1
4159	3852	1
8962	11031	1
604	8856	1
17268	17977	1
1674	2611	1
4531	658	1
12134	8763	1
3849	6145	1
10654	8948	1
2600	9945	1
86	87	1
10507	6625	1
3404	6625	1
1188	976	1
15023	6977	1
3204	3204	1
5837	976	1
8707	7308	1
11044	18982	1
9586	6625	1
18086	10609	1
3596	13513	1
1260	19766	1
14932	9586	1
14540	4576	1
20555	20555	1
20474	20474	1
18207	16522	1
6625	9586	1
17162	14535	1
6475	3306	1
8404	8141	1
11455	3297	1
14807	14869	1
5778	9311	1
19936	20365	1
20556	19522	1
11773	14069	1
5970	16802	1
6625	10507	1
5678	16502	1
19409	7193	1
8336	19967	1
543	12611	1
3568	10459	1
113	131	1
9385	16502	1
7980	4007	1
9273	126	1
17690	16799	1
9368	8207	1
2631	6265	1
7537	7481	1
16502	5678	1
20557	14388	1
18640	18641	1
6316	4084	1
3323	18512	1
12238	7308	1
1188	9380	1
4580	10637	1
8976	6887	1
9311	3611	1
3079	14804	1
14197	7108	1
16180	7359	1
19043	8989	1
20558	12844	1
11711	11451	1
13642	2085	1
15763	4258	1
5541	6779	1
10171	6187	1
6230	14095	1
9125	9124	1
11727	16790	1
6779	5541	1
20559	16183	1
7891	11563	1
14804	3079	1
7205	11537	1
8018	11537	1
3722	4346	1
16502	9385	1
4477	4653	1
10437	7276	1
4205	1550	1
7276	10437	1
8989	19043	1
9015	20364	1
1516	7158	1
18261	5197	1
9353	2762	1
8261	17059	1
8962	8359	1
2807	8859	1
540	6113	1
11451	11711	1
8359	6760	1
156	2771	1
6077	16715	1
20560	19914	1
5009	7179	1
3503	5742	1
1497	3706	1
5890	6361	1
20329	14029	1
3910	1769	1
16180	8803	1
6869	6361	1
19399	17475	1
3849	6361	1
7309	6361	1
7119	6361	1
20524	20550	1
6475	3153	1
8774	9733	1
8547	5598	1
12932	6562	1
14437	17693	1
20522	13015	1
9354	222	1
20340	5948	1
2532	1229	1
16715	6077	1
8026	7940	1
6549	6518	1
20561	17351	1
7179	5009	1
4100	13020	1
7940	8026	1
2912	13663	1
1177	13072	1
2549	2863	1
6081	5066	1
18512	3323	1
10158	5546	1
1188	3490	1
7688	12997	1
11690	2863	1
9586	14932	1
13088	17609	1
14388	17885	1
9527	5701	1
5087	5086	1
2927	853	1
5485	5642	1
16180	8737	1
3875	2009	1
14932	10118	1
10560	18714	1
7980	7952	1
2480	8125	1
4037	8280	1
5742	3503	1
18714	10560	1
14869	14807	1
19244	5924	1
15438	4847	1
1516	2390	1
8402	12336	1
11836	8619	1
10938	13538	1
5086	5087	1
12383	3817	1
1188	467	1
7345	6730	1
13663	2912	1
8206	7002	1
5375	4810	1
2386	1806	1
4810	5375	1
20562	20563	1
14052	20564	1
4011	9782	1
20565	20564	1
12844	20558	1
10165	20564	1
159	2712	1
1188	7089	1
4962	6927	1
14818	9342	1
17351	20561	1
1022	6927	1
14437	4781	1
17475	19399	1
8619	11836	1
10939	13476	1
2200	3345	1
1188	4905	1
8962	9894	1
7205	4905	1
9252	9342	1
8018	4905	1
11844	8943	1
20170	8943	1
20239	6286	1
5020	3717	1
5520	5516	1
5715	12862	1
3449	14806	1
16371	4167	1
20564	14900	1
1092	4167	1
6454	5446	1
15251	15251	1
20566	9254	1
1119	1120	1
5191	6361	1
2646	7857	1
8018	11043	1
16180	1068	1
2422	5353	1
20532	20567	1
4025	9846	1
3907	3908	1
366	490	1
7602	20183	1
3153	3306	1
20188	20183	1
5951	5929	1
3635	16046	1
8490	2647	1
11702	490	1
166	167	1
519	8172	1
3723	1469	1
10228	6056	1
14968	20183	1
1584	3190	1
4847	15438	1
20568	12685	1
1806	2386	1
20183	7602	1
440	2216	1
20564	10165	1
2373	1395	1
14338	12580	1
10623	7085	1
3183	3353	1
16180	3176	1
20423	20422	1
7639	12568	1
3645	1273	1
10002	1055	1
12580	14338	1
4415	395	1
3345	2200	1
490	11702	1
20569	20445	1
5357	8899	1
622	11931	1
20570	20570	1
1229	2532	1
6119	20445	1
9378	4534	1
9697	13011	1
7980	6906	1
6185	5576	1
9270	1372	1
1188	1537	1
6372	4167	1
7465	3005	1
11201	6066	1
14191	15023	1
1469	3723	1
13015	20522	1
4755	12717	1
20445	6119	1
