11931	622	1
5087	5086	1
8867	20571	1
11836	8619	1
15493	15493	1
1188	1740	1
9066	11164	1
8619	11836	1
6119	20445	1
20183	14968	1
20466	17137	1
20572	20572	1
16817	6649	1
6926	16282	1
4790	1731	1
16266	15474	1
2842	5750	1
8547	5598	1
3723	1469	1
6258	5086	1
1469	3723	1
8650	6115	1
4167	1092	1
20445	6119	1
7082	2198	1
9392	869	1
5541	6779	1
2200	3345	1
6115	8650	1
8903	10611	1
6357	12488	1
11536	8358	1
9815	3500	1
18928	10769	1
8358	11536	1
7126	2260	1
20494	19984	1
3906	17627	1
14535	17162	1
14375	960	1
12929	14081	1
564	238	1
12336	8402	1
12870	7336	1
1188	2167	1
17162	14535	1
10531	1096	1
1774	4303	1
4754	3940	1
564	8335	1
14075	14081	1
1268	8335	1
13175	13311	1
13476	10939	1
8335	564	1
11869	7625	1
6270	2379	1
6533	7894	1
7894	6533	1
7505	18953	1
8402	12336	1
10158	15422	1
526	573	1
5411	8404	1
20558	20558	1
14338	12580	1
11134	18710	1
8404	5411	1
2631	1406	1
11212	6985	1
1092	4167	1
3723	3949	1
12580	14338	1
8267	16163	1
3949	3723	1
19832	12175	1
8031	1273	1
4477	12650	1
6267	1064	1
12936	11406	1
5893	5047	1
8490	2647	1
10061	9250	1
13246	19695	1
5959	8071	1
6562	10685	1
16947	2902	1
18901	20573	1
10685	6562	1
20573	18901	1
20574	14235	1
6562	12932	1
12664	12650	1
18852	5581	1
5027	5482	1
12932	6562	1
12932	16088	1
7997	10737	1
12732	11909	1
4113	5482	1
1469	3853	1
3623	2902	1
1064	6267	1
18982	11044	1
13501	16301	1
1469	3949	1
5047	5893	1
11242	12488	1
6407	3585	1
20340	5948	1
16817	6721	1
345	17798	1
13011	17946	1
1221	4137	1
16055	2260	1
10769	10171	1
663	7465	1
80	20575	1
3840	10171	1
6544	10171	1
14240	10171	1
18928	10171	1
2630	16301	1
16523	9117	1
3503	5742	1
9117	16523	1
7986	12970	1
7223	226	1
8045	7999	1
4034	9527	1
1188	1428	1
2620	2902	1
15286	11407	1
12488	11242	1
19399	17475	1
10895	7375	1
6625	11513	1
4806	5408	1
9842	5516	1
8243	5650	1
3576	6093	1
11296	822	1
17987	19112	1
4829	5691	1
3440	5691	1
20576	68	1
10459	3568	1
15232	15233	1
972	7465	1
68	655	1
655	68	1
5463	3077	1
6785	7860	1
8073	14913	1
5516	9842	1
7085	10623	1
20577	20245	1
3576	6380	1
20578	20579	1
20557	14388	1
20422	20423	1
12975	2004	1
9697	7930	1
20580	20543	1
541	194	1
15300	1437	1
2339	5466	1
5701	9527	1
8081	3546	1
9697	13011	1
17946	13011	1
6779	5541	1
887	200	1
9697	3673	1
1469	2379	1
9669	3493	1
4687	2910	1
9815	20581	1
17690	17690	1
7465	663	1
3576	663	1
1599	6213	1
16282	6926	1
5642	5485	1
5244	16472	1
9730	12421	1
1928	13832	1
129	4064	1
9815	3278	1
20480	14302	1
2822	18408	1
663	4650	1
9032	9032	1
7623	18408	1
14494	1829	1
1830	1829	1
2380	2897	1
4650	663	1
2601	2602	1
349	1759	1
7267	10675	1
6807	6808	1
1372	9270	1
4233	3447	1
2518	2519	1
20582	20582	1
17665	12389	1
2772	3846	1
3716	1485	1
20583	20584	1
5066	6914	1
9697	7399	1
9517	20558	1
9741	10187	1
20585	1800	1
3447	4233	1
9815	2843	1
3741	20114	1
10199	375	1
2198	7082	1
2985	11144	1
375	10199	1
6509	5560	1
3706	1497	1
4610	2611	1
5227	3438	1
2394	2395	1
9697	6183	1
3438	5227	1
13011	6183	1
17327	604	1
4547	13170	1
16229	2611	1
1642	604	1
253	3239	1
18747	16560	1
8335	1268	1
6385	6397	1
622	11931	1
2285	1498	1
12975	12561	1
194	541	1
15868	15869	1
18113	240	1
12421	9730	1
7767	5993	1
3826	7786	1
6580	4634	1
1977	1241	1
15209	14398	1
214	3614	1
2636	1022	1
16082	17872	1
200	887	1
16291	1005	1
1142	16	1
4333	3453	1
16560	18747	1
20445	20569	1
604	1642	1
1977	2651	1
4355	2383	1
3583	3438	1
14155	14156	1
4064	8255	1
7921	9680	1
9479	18223	1
14382	14321	1
8280	4037	1
14398	15209	1
12033	4362	1
13011	13091	1
10136	7205	1
9697	10756	1
3576	6783	1
4810	5375	1
9815	17513	1
11537	7205	1
20185	20531	1
2884	2884	1
4905	7205	1
4257	13586	1
17604	8127	1
10761	2294	1
12989	2450	1
7989	12259	1
2843	9815	1
17327	17327	1
18408	7623	1
4064	129	1
853	2927	1
5205	5204	1
1632	20531	1
20586	20586	1
20581	9815	1
20587	20587	1
14886	15620	1
14747	10522	1
2855	1081	1
5628	6854	1
15229	7215	1
1221	5558	1
20588	20589	1
20590	14993	1
7654	5688	1
569	319	1
4038	14571	1
8040	19625	1
151	152	1
663	15151	1
1221	11538	1
1740	1567	1
13516	11026	1
1555	11186	1
16301	2630	1
1081	2855	1
11026	13516	1
240	18113	1
15561	4246	1
7916	7624	1
14832	8545	1
7624	7916	1
7258	8150	1
7205	8018	1
20591	2955	1
6211	5240	1
14081	14075	1
2260	13149	1
14179	11416	1
7215	15229	1
9842	8018	1
5995	18694	1
10003	5942	1
20592	4930	1
17638	8029	1
11415	11563	1
6652	12497	1
1221	2653	1
3095	5897	1
3576	3395	1
167	166	1
2478	3458	1
9866	4074	1
8363	5987	1
1469	1457	1
13550	11072	1
4724	8160	1
17729	19923	1
15724	4538	1
1977	2441	1
12975	4217	1
471	165	1
9527	4034	1
3170	8018	1
2141	8018	1
5650	8243	1
20593	15770	1
14388	20557	1
20569	20445	1
20594	20594	1
8018	3170	1
2479	9528	1
1567	1740	1
12008	5188	1
20531	20185	1
5750	2842	1
8943	20170	1
11405	1740	1
2450	12989	1
15579	6898	1
11372	6898	1
8150	7258	1
914	16078	1
16836	13032	1
7930	14280	1
4216	10722	1
3576	8803	1
8172	519	1
5959	18459	1
7000	9138	1
5796	6467	1
1509	3383	1
3077	5463	1
2408	12314	1
20592	2873	1
20127	18885	1
12497	6652	1
4677	1595	1
2873	20592	1
2611	8018	1
9815	1140	1
1103	6927	1
10136	8018	1
16355	4751	1
3822	3824	1
20558	9517	1
978	7687	1
788	1282	1
13011	5956	1
6611	16659	1
20595	3097	1
17326	17324	1
11537	8018	1
17955	4037	1
5929	5951	1
13390	8290	1
4905	8018	1
8018	2611	1
14179	12006	1
8018	4905	1
12272	7776	1
7205	4905	1
19625	8040	1
1187	14895	1
19181	3480	1
15773	10784	1
12314	6924	1
8962	4241	1
663	13018	1
632	8173	1
11043	8018	1
15579	14398	1
17161	2303	1
6771	7543	1
12958	20445	1
2	872	1
14367	5878	1
6183	13011	1
17926	13736	1
13091	13011	1
2480	3545	1
20596	13538	1
13586	4257	1
275	11476	1
19772	6909	1
15620	14886	1
1140	9815	1
5597	8160	1
7128	8976	1
15724	797	1
11253	489	1
8127	17604	1
1548	771	1
3445	7780	1
3576	7673	1
20392	20392	1
6887	8976	1
10611	8903	1
4531	658	1
5542	11789	1
9837	20435	1
9120	8903	1
14055	2797	1
3614	214	1
18150	3852	1
7188	14571	1
7334	15106	1
3576	5088	1
15517	14573	1
5343	6222	1
12970	7986	1
7066	1345	1
15695	15694	1
8903	9120	1
12572	16703	1
9100	11488	1
13018	663	1
12109	5563	1
17758	16715	1
3824	3822	1
15726	8918	1
15726	15942	1
11488	9100	1
5482	5027	1
9607	16703	1
16716	7671	1
15741	20597	1
6959	20429	1
15517	11909	1
16340	4814	1
15640	15229	1
9899	1810	1
15770	20593	1
5516	5520	1
6233	6135	1
9270	1372	1
7999	8045	1
7938	18508	1
5532	9323	1
622	16519	1
12300	11074	1
1055	10002	1
5380	3849	1
2112	2113	1
10118	7538	1
10457	17434	1
3849	5380	1
535	9610	1
1595	4677	1
3576	8962	1
1584	4789	1
10483	14105	1
14144	13270	1
986	7029	1
10461	9992	1
6107	4021	1
3110	10002	1
17787	1113	1
7538	10118	1
10794	15071	1
7952	10002	1
5942	10003	1
12274	10002	1
20061	10002	1
16715	17758	1
20598	19993	1
5840	3561	1
6467	5796	1
8896	15792	1
3852	18150	1
15792	8896	1
15106	7334	1
797	15724	1
7367	3561	1
4538	15724	1
20535	18562	1
1469	1229	1
2611	7407	1
8372	13861	1
14968	5563	1
20599	7042	1
12259	7989	1
9138	7000	1
19181	14535	1
1833	5314	1
319	569	1
20552	2321	1
20347	20246	1
20600	20600	1
15694	15695	1
9330	6513	1
8676	10250	1
11164	9066	1
4037	8280	1
3315	7108	1
4602	4346	1
3545	7108	1
10363	6037	1
11102	3591	1
11773	14069	1
16855	8896	1
7309	579	1
19967	19047	1
663	6748	1
20601	11909	1
8425	7334	1
17690	20602	1
12975	13014	1
15948	4067	1
11789	5542	1
6337	2853	1
5482	14849	1
1897	8222	1
2997	14849	1
13900	13538	1
7338	3523	1
229	1769	1
18276	13951	1
6128	10741	1
2426	3815	1
12771	8141	1
7804	7308	1
19902	9193	1
1832	46	1
13951	18276	1
13977	9193	1
19112	17987	1
3458	2478	1
15911	12312	1
8141	12771	1
20412	20412	1
10002	13781	1
7602	10262	1
5563	14968	1
7308	7804	1
4534	9378	1
2911	14968	1
2900	8228	1
3109	16045	1
10262	7602	1
13261	10719	1
4346	3722	1
14381	16055	1
12787	18263	1
7025	5107	1
4751	16355	1
1448	4086	1
4597	3826	1
4457	5774	1
6816	6060	1
20588	20603	1
19730	16516	1
6507	2646	1
1113	17787	1
859	8284	1
13011	10716	1
7314	3834	1
10093	20440	1
771	1548	1
46	1832	1
12584	801	1
15435	17289	1
4151	4150	1
2260	16055	1
7006	4287	1
9776	9777	1
17261	7367	1
395	4415	1
9230	5280	1
15762	5382	1
14535	13692	1
8810	17270	1
5357	7715	1
4763	5715	1
2611	16229	1
13781	10002	1
4593	3395	1
18522	2578	1
18197	5882	1
801	12584	1
1980	250	1
3576	5988	1
3824	2454	1
12862	5715	1
7367	17261	1
13663	2912	1
16784	19967	1
8471	3287	1
15063	2152	1
20604	20605	1
16751	13399	1
13977	15581	1
2454	3824	1
229	845	1
13692	14535	1
54	3773	1
7916	11689	1
8707	3170	1
11689	7916	1
15391	5009	1
5009	15391	1
8498	10715	1
3722	4346	1
440	1572	1
6768	11037	1
5563	12109	1
5377	12483	1
15586	13884	1
8280	18087	1
9777	9776	1
20606	16896	1
6294	7367	1
80	12537	1
14638	20607	1
2106	14382	1
4250	3775	1
17998	19421	1
3775	4250	1
1469	7764	1
11602	18644	1
18040	6997	1
8172	17904	1
12336	18822	1
18981	6997	1
5520	5516	1
5932	10560	1
20161	8323	1
10827	10827	1
12975	10614	1
5742	1224	1
188	1558	1
2411	13813	1
5353	2422	1
13231	20356	1
18457	18458	1
5715	4763	1
6294	20404	1
4983	4763	1
20608	20608	1
13048	3673	1
9193	13977	1
20609	857	1
13119	10435	1
1977	1203	1
8026	6453	1
4167	6372	1
16502	13538	1
1075	1074	1
18508	7938	1
18640	18641	1
12537	80	1
1977	2427	1
18197	18197	1
9378	4534	1
5419	8007	1
1622	10435	1
6765	10715	1
8261	17059	1
8336	19967	1
6931	11812	1
7145	7780	1
10607	527	1
7175	16980	1
14676	5888	1
20610	13474	1
13474	20610	1
6777	6052	1
7108	3545	1
8471	3660	1
5026	5027	1
7891	11563	1
4106	6022	1
6324	4842	1
10639	4852	1
6682	3482	1
4315	4681	1
3794	3912	1
13011	2936	1
17289	15435	1
4812	11701	1
5894	6059	1
20611	8867	1
5753	7267	1
13808	10435	1
20440	10093	1
2958	4335	1
2422	5353	1
847	3176	1
9368	8490	1
4664	5894	1
20522	13015	1
5684	3160	1
20612	3306	1
13851	3315	1
4763	4983	1
7108	3315	1
5715	4983	1
14029	20329	1
1977	467	1
2400	4070	1
19529	4070	1
1392	3905	1
4852	10639	1
845	229	1
1606	154	1
6060	6816	1
8639	8618	1
150	7779	1
19399	15915	1
2646	6507	1
4406	9480	1
7451	2151	1
16450	9015	1
6769	2151	1
3671	7002	1
8774	9733	1
5486	9331	1
