3949	3723	1
6248	15555	1
5773	5258	1
9717	12483	1
5955	2004	1
14981	7452	1
18644	20663	1
13273	11163	1
20742	20743	1
20424	20427	1
18545	15195	1
15229	6994	1
11163	13273	1
19454	15547	1
13685	564	1
2483	5382	1
3420	1250	1
3852	18150	1
15926	14612	1
6944	1787	1
5943	4948	1
5962	5331	1
9230	5280	1
4828	670	1
8856	604	1
3723	3949	1
4034	5240	1
11773	14069	1
20663	18644	1
20743	20742	1
7158	5068	1
4583	606	1
15999	12848	1
17592	14163	1
6901	12540	1
12540	6901	1
12840	4408	1
5280	9230	1
14238	10938	1
3170	10772	1
18487	8181	1
11630	20700	1
20728	13900	1
2715	12660	1
4802	5581	1
9117	20669	1
15504	478	1
8181	18487	1
16266	15474	1
5402	3306	1
8923	9467	1
16648	2818	1
2420	6836	1
3767	5217	1
10569	12650	1
15435	17321	1
3117	205	1
478	15504	1
5798	4477	1
717	4196	1
3068	6836	1
15153	13869	1
3788	2356	1
2728	4217	1
17289	17321	1
2478	5404	1
2985	11144	1
16266	17379	1
17930	6819	1
4092	11826	1
395	205	1
5357	17321	1
2710	7836	1
14173	7516	1
20744	20744	1
4462	1558	1
14263	4555	1
11168	18953	1
2506	12429	1
2911	9250	1
1135	2804	1
2829	20653	1
6136	18514	1
2496	5240	1
5598	5894	1
6562	10685	1
16355	4751	1
4408	12840	1
20745	15583	1
5894	5598	1
14137	20653	1
4832	4812	1
19443	11246	1
2253	1264	1
12580	9250	1
2906	3361	1
4011	9782	1
7688	7690	1
16	2201	1
5176	5977	1
12881	18087	1
1580	1579	1
7721	1119	1
11944	3183	1
19228	19228	1
5107	7454	1
3082	5150	1
5296	2441	1
4445	7690	1
4477	5798	1
2239	20637	1
5581	18853	1
7455	16321	1
20736	3983	1
5929	5951	1
437	861	1
19742	16675	1
8333	8676	1
4084	6316	1
3804	1879	1
10569	10737	1
16978	16847	1
5951	5929	1
3985	9400	1
6812	7481	1
16215	16215	1
20746	8820	1
10737	10569	1
5670	4036	1
13013	17416	1
9330	14117	1
17987	19112	1
1161	75	1
14151	3345	1
7807	19978	1
6683	20695	1
5894	6059	1
1245	6059	1
7983	9876	1
6262	5150	1
4036	5670	1
2046	10188	1
6619	2260	1
16871	446	1
8820	10478	1
18643	14951	1
4748	5932	1
5932	4748	1
11826	4092	1
13013	6242	1
6122	6017	1
14814	11497	1
1854	7543	1
3917	17287	1
8545	12834	1
20747	19961	1
13320	9600	1
8452	8453	1
7061	9980	1
4864	4863	1
4751	16355	1
573	526	1
15069	15239	1
6812	2911	1
18256	11841	1
20139	12113	1
8896	10685	1
3170	16714	1
5368	2979	1
5949	2348	1
776	2491	1
20506	6535	1
12989	2450	1
13580	15226	1
13884	15586	1
1787	6944	1
13580	4432	1
2975	3998	1
13580	6022	1
5630	6022	1
2141	7495	1
2201	16	1
5258	5773	1
2748	20645	1
11233	13048	1
16871	385	1
20748	20748	1
6819	17930	1
20749	2260	1
5630	5866	1
5630	4504	1
15518	4102	1
5630	1838	1
20750	20751	1
17321	17289	1
6058	1558	1
15435	17289	1
7721	5628	1
20637	2239	1
4250	3775	1
4176	8998	1
2906	2606	1
7721	294	1
15422	10158	1
6213	1599	1
16842	17014	1
6774	1596	1
2600	9945	1
1432	2084	1
5883	173	1
10685	6562	1
1038	95	1
15209	14398	1
9531	2248	1
6017	3088	1
11027	13621	1
13083	12595	1
2051	1558	1
5296	1517	1
13083	8153	1
3985	3456	1
9108	14456	1
8490	16465	1
2711	2315	1
1249	2315	1
1599	6213	1
14150	9680	1
1596	6774	1
13013	7453	1
20236	15300	1
20752	778	1
11378	11098	1
11098	11378	1
2155	11778	1
1579	1580	1
2260	4181	1
18150	3852	1
7721	6854	1
10938	8843	1
11027	9580	1
11497	14814	1
7367	8843	1
19181	3602	1
16871	8722	1
8153	13083	1
6354	3673	1
3088	3450	1
18256	2511	1
4735	3166	1
12550	5712	1
469	6884	1
15579	11372	1
19902	9193	1
16560	19617	1
12771	8141	1
635	752	1
349	1759	1
4824	5226	1
9400	3985	1
20753	3756	1
3456	3985	1
20754	20754	1
13013	16137	1
17163	16789	1
5883	3566	1
12197	7178	1
12382	10896	1
4863	4864	1
13580	7998	1
20621	4864	1
1245	7138	1
16758	4822	1
4189	2067	1
7776	15561	1
832	12217	1
3166	4735	1
2758	10494	1
4388	657	1
604	1642	1
20755	20756	1
11044	8614	1
3822	3824	1
6289	5022	1
16465	8490	1
20021	16009	1
6043	6044	1
8820	20746	1
15239	8451	1
7082	6793	1
3985	3103	1
2496	4034	1
560	4838	1
7542	18244	1
1314	2052	1
18709	12316	1
2721	3166	1
680	9584	1
3696	950	1
13677	12952	1
604	8856	1
8451	15239	1
1867	3025	1
940	7178	1
10461	9992	1
10054	5562	1
109	7178	1
12353	4708	1
10080	8824	1
4735	3617	1
1833	20695	1
2141	3462	1
7525	3239	1
12937	12601	1
4454	6919	1
2496	5581	1
16187	13573	1
14302	13671	1
9330	16898	1
20757	17861	1
2336	20695	1
4511	1345	1
3528	3485	1
5542	11789	1
6919	4454	1
3450	3088	1
12351	15075	1
17953	8820	1
20758	13736	1
9138	7000	1
16523	2480	1
14388	20557	1
6681	6379	1
9980	7061	1
14428	1238	1
13580	509	1
10450	887	1
847	3176	1
18297	20717	1
9330	2480	1
16715	14795	1
20666	16715	1
4812	4832	1
5806	18622	1
13013	12297	1
14700	16715	1
1861	2218	1
17454	13074	1
5630	1727	1
20759	20759	1
2496	6507	1
20726	14871	1
20760	20760	1
20316	16715	1
7000	9138	1
2315	1249	1
7138	1245	1
7178	940	1
11643	6385	1
10639	14854	1
20761	20762	1
13580	4282	1
20763	20763	1
20764	13074	1
9391	11972	1
18534	6853	1
7442	13948	1
2631	2632	1
4838	560	1
9330	4613	1
9330	6513	1
20765	20766	1
1727	3274	1
1550	20638	1
2169	564	1
6385	11643	1
20767	6168	1
6023	6264	1
2496	2379	1
7442	10412	1
1830	15076	1
16269	19289	1
20681	12082	1
13580	7388	1
2067	4189	1
13573	16187	1
5900	20768	1
8609	6059	1
509	13580	1
6959	20429	1
1567	1740	1
3788	2853	1
7178	12197	1
11789	5542	1
17761	5402	1
11126	11941	1
8243	5650	1
7721	2853	1
14854	10639	1
10061	64	1
1081	9409	1
64	10061	1
20769	15407	1
20762	20761	1
518	16982	1
14844	14431	1
13245	12365	1
14431	14844	1
12779	5366	1
10067	1740	1
4727	9031	1
4160	1036	1
5923	1700	1
12553	11245	1
9593	1690	1
1740	10067	1
16209	10250	1
12952	13677	1
13032	1622	1
11773	11416	1
12582	5042	1
20653	14137	1
5854	13829	1
16601	12104	1
20647	15691	1
5081	5340	1
16769	17197	1
6884	469	1
15691	20647	1
20381	10471	1
10435	1622	1
2508	1727	1
3274	1727	1
5091	424	1
11789	11124	1
7966	19432	1
13671	14302	1
5630	2524	1
13685	12997	1
19289	16269	1
9945	2600	1
13580	16920	1
6562	8810	1
11713	14303	1
7429	7319	1
12997	13685	1
564	13685	1
1627	20770	1
4334	7695	1
2885	9300	1
17321	15435	1
20435	9837	1
5869	8421	1
12535	6564	1
20771	20772	1
9240	9527	1
5949	10615	1
18622	5806	1
6625	11513	1
2485	5806	1
5717	11382	1
3485	3528	1
624	625	1
13476	4662	1
5883	2847	1
1127	9273	1
6264	6023	1
8259	16862	1
15561	7776	1
1966	3433	1
11944	10368	1
10051	3019	1
6994	15229	1
9548	7888	1
6124	6125	1
2496	1229	1
7690	7688	1
4806	5408	1
1690	9593	1
18514	6136	1
11687	7345	1
6146	6649	1
11027	7853	1
3817	12383	1
9330	7965	1
46	1796	1
9076	2821	1
12515	3946	1
3950	6171	1
8810	6562	1
20068	95	1
9896	13031	1
5449	20773	1
3122	3286	1
5347	10250	1
10158	15422	1
7551	16533	1
4939	13710	1
13851	1987	1
12068	20774	1
15184	20372	1
11565	8092	1
8092	11565	1
1579	16182	1
12913	2611	1
7888	4936	1
9330	2912	1
95	20068	1
20775	20068	1
3985	13807	1
15407	20769	1
5630	2154	1
7979	2611	1
16169	6171	1
5042	12582	1
11946	5548	1
1103	2611	1
11416	11773	1
20767	2610	1
6171	3950	1
7228	9041	1
15586	13884	1
20773	5449	1
1674	2611	1
3019	10051	1
12383	3817	1
7974	5227	1
8935	6380	1
2420	1009	1
4829	4830	1
1499	8244	1
5630	3745	1
11711	9997	1
2496	12777	1
20598	19993	1
11944	3817	1
13538	13900	1
3297	11455	1
3236	10561	1
9276	7622	1
7019	2524	1
2496	13781	1
20776	20777	1
9350	19952	1
16666	8989	1
4652	3176	1
13580	11779	1
3545	2480	1
5296	1849	1
5650	8243	1
2496	8404	1
7739	13900	1
13803	12200	1
9991	9991	1
15391	3950	1
15014	8702	1
447	4265	1
5949	2027	1
12200	13803	1
1710	1193	1
9997	11711	1
10461	15254	1
11517	1254	1
4446	4660	1
15076	1830	1
3979	20552	1
6316	4084	1
8101	731	1
4613	14263	1
12926	5206	1
5581	4802	1
1245	13021	1
6319	11943	1
12672	12671	1
3950	15391	1
6430	18918	1
2610	20767	1
3745	5630	1
6168	20767	1
13791	3108	1
7602	15745	1
16920	13580	1
5753	5531	1
5630	3559	1
3568	1163	1
20778	20778	1
1229	1163	1
11943	6319	1
123	15789	1
17844	10795	1
9100	17919	1
7276	14869	1
16456	1163	1
5298	15925	1
5630	1134	1
5087	5086	1
2480	3545	1
4983	4318	1
564	2169	1
4662	13476	1
9330	3041	1
2496	3041	1
11483	11484	1
9391	16168	1
16190	16190	1
17441	14137	1
19318	19317	1
13710	4939	1
10991	1108	1
7179	9378	1
1618	8173	1
11465	18694	1
9378	7179	1
560	1714	1
3176	847	1
12984	20779	1
9876	5647	1
9330	8222	1
12671	12672	1
12355	3345	1
11319	7294	1
15709	20780	1
7370	11387	1
8907	20779	1
13196	7294	1
20082	20082	1
20781	6393	1
13559	13560	1
3985	4294	1
14715	13407	1
3679	1535	1
19399	15915	1
12382	9863	1
2496	1457	1
14151	20525	1
8172	11644	1
5813	2914	1
2491	776	1
15789	123	1
5068	7158	1
13744	2914	1
20782	15628	1
12202	10285	1
5366	12779	1
5445	5711	1
8490	14898	1
1535	3679	1
4962	13032	1
2084	1432	1
15254	10461	1
11513	6625	1
7392	3191	1
9992	10461	1
16533	7551	1
10123	4294	1
1193	1710	1
15338	15338	1
7622	9276	1
10815	15092	1
359	7707	1
9782	4011	1
1163	1229	1
1669	4895	1
7861	974	1
15474	16266	1
5404	2478	1
6419	9202	1
4294	10123	1
15397	6352	1
16619	16619	1
8043	6352	1
7761	6352	1
12382	5096	1
19969	10973	1
2496	1469	1
10896	5096	1
9080	17642	1
15092	10815	1
6052	6777	1
15334	8547	1
17379	16266	1
3949	1469	1
17840	20739	1
13323	4662	1
11946	4842	1
8402	5392	1
12382	12024	1
5949	2028	1
5110	5818	1
17289	7239	1
1727	2508	1
10835	20348	1
6172	8285	1
4318	4983	1
5089	5089	1
20783	20783	1
8040	9366	1
12344	5789	1
12382	7258	1
4910	16792	1
3176	4652	1
5200	3470	1
5386	10982	1
14054	14570	1
14540	4576	1
2438	650	1
5641	3101	1
2711	2998	1
6810	5894	1
905	4576	1
12024	4939	1
7258	12382	1
12584	801	1
13803	20784	1
9600	13320	1
4939	12024	1
9366	8040	1
16031	12981	1
10285	12202	1
2496	7764	1
3345	12355	1
3777	1218	1
1861	1862	1
8891	10449	1
20785	9092	1
6948	5624	1
19551	3295	1
14886	3295	1
6352	7761	1
5086	5087	1
9152	16474	1
3021	20281	1
12596	9378	1
6113	19595	1
12699	7771	1
5949	1254	1
20786	20787	1
878	4389	1
2912	9330	1
19277	3079	1
6023	7755	1
3651	849	1
9527	9527	1
3079	19277	1
424	5091	1
9108	11120	1
4531	658	1
4708	12353	1
11120	9108	1
17859	17825	1
19595	6113	1
9436	3945	1
1163	3568	1
8292	10982	1
18756	6703	1
4868	1558	1
10982	8292	1
20788	11914	1
6506	9451	1
17287	3917	1
13580	5309	1
5283	1266	1
8650	6115	1
6115	8650	1
5359	899	1
14137	17441	1
13884	9155	1
9132	12274	1
8903	10611	1
20789	20382	1
7755	6023	1
274	5314	1
1611	5415	1
3545	3333	1
5296	14190	1
11630	11233	1
5821	5820	1
5898	5897	1
5296	6530	1
18661	8222	1
12300	13869	1
5630	5981	1
8547	15334	1
19993	20598	1
17100	18112	1
9936	2578	1
20790	20791	1
16947	16873	1
5789	12344	1
6270	2397	1
1002	1188	1
15755	9022	1
7592	7595	1
2485	1547	1
9411	7085	1
6681	6700	1
12382	12381	1
20792	20792	1
14174	518	1
801	12584	1
10574	6346	1
20281	3021	1
5715	4561	1
7602	20188	1
2226	508	1
19148	228	1
4983	4561	1
2469	3119	1
5750	2399	1
5894	8330	1
987	706	1
4664	5894	1
8702	15014	1
13869	15153	1
871	3216	1
10330	7868	1
2399	5750	1
2651	5227	1
2649	2925	1
