11065	4941	1
17246	13445	1
20687	20687	1
981	3084	1
13445	17246	1
2740	4755	1
20714	20714	1
20715	20472	1
3082	5496	1
4250	2912	1
12815	16891	1
17184	1692	1
8451	15239	1
9228	12572	1
12861	5906	1
5506	5889	1
3870	6294	1
16886	5906	1
4432	20528	1
4255	13704	1
5283	11655	1
6657	9506	1
5753	3178	1
20616	14624	1
4300	8665	1
15069	15239	1
6987	4266	1
8707	3170	1
9467	8923	1
17289	8681	1
4755	4211	1
14944	11650	1
13392	12899	1
1854	11120	1
3833	20716	1
4723	3005	1
19890	19890	1
18297	20717	1
16842	17014	1
6135	13701	1
1064	12899	1
7542	12271	1
6657	4045	1
20718	8196	1
18644	19073	1
27	11201	1
8681	4141	1
8852	7314	1
6693	6447	1
4708	12353	1
8141	12771	1
18690	3763	1
19073	18644	1
12775	7639	1
3088	3763	1
6370	4992	1
12899	1064	1
8908	20665	1
5893	7543	1
3450	3763	1
11905	3763	1
3438	3763	1
7551	7543	1
14951	18643	1
4006	8932	1
15745	1674	1
17184	6144	1
1168	1674	1
9228	5982	1
7543	11058	1
2711	3458	1
1674	1168	1
2911	12580	1
2506	9234	1
4459	6167	1
2935	4872	1
4966	9526	1
8545	1620	1
7543	7551	1
14382	2506	1
11058	7543	1
2420	1009	1
19090	16535	1
13741	1091	1
981	3316	1
7413	5096	1
890	7388	1
487	16519	1
9234	2506	1
14265	6069	1
20719	20719	1
2506	7388	1
9789	16144	1
7108	3545	1
652	11538	1
16312	20720	1
849	3651	1
17162	14343	1
5219	8600	1
20721	5368	1
319	6577	1
16840	2979	1
12881	1606	1
6577	319	1
3234	3380	1
109	808	1
2283	4375	1
3117	5641	1
16947	18509	1
4284	5690	1
16891	12815	1
20722	20722	1
5959	18459	1
2997	3561	1
3420	3367	1
15774	18623	1
1854	5970	1
3785	9924	1
11630	20700	1
6071	4603	1
4406	304	1
9924	9924	1
11644	11644	1
16266	17379	1
17162	17558	1
58	11511	1
11630	4260	1
16477	2546	1
12748	2902	1
15664	6883	1
1064	6267	1
3420	1983	1
11556	9138	1
15320	6424	1
68	20576	1
1723	6424	1
5554	5554	1
20723	17374	1
18315	16227	1
1587	15565	1
625	12107	1
9500	18367	1
9152	9914	1
8681	17289	1
7989	12259	1
12107	625	1
10330	7868	1
6393	6944	1
20615	7868	1
18514	6136	1
6079	7109	1
1504	6136	1
19538	18367	1
7211	11442	1
6898	11372	1
4036	5670	1
3117	17055	1
20724	17055	1
1756	5812	1
20725	20725	1
9924	3785	1
20621	3063	1
3063	20621	1
20246	20246	1
7314	8852	1
9914	9152	1
107	19220	1
16240	12217	1
9930	12842	1
2408	12314	1
12007	12006	1
3178	5753	1
9465	9204	1
9586	6625	1
11513	6625	1
3614	214	1
3170	16714	1
18459	5959	1
18852	18853	1
13685	11414	1
2734	16714	1
3767	5217	1
737	1081	1
12382	5164	1
763	9549	1
1854	623	1
2148	4137	1
2008	2009	1
9015	16450	1
2067	4189	1
5970	623	1
7543	5893	1
11610	2129	1
1289	1254	1
18643	4295	1
19238	4001	1
20422	20553	1
20102	20365	1
2155	17972	1
580	9	1
3420	1769	1
931	9894	1
41	4091	1
10390	13877	1
15555	6248	1
4584	4093	1
6727	6040	1
8115	1149	1
214	3614	1
20726	14871	1
5305	7033	1
2546	16477	1
12007	14069	1
20562	20563	1
10685	6562	1
7611	11457	1
7442	10412	1
11414	11826	1
6069	14265	1
13803	10582	1
6562	10685	1
5812	1756	1
11457	7611	1
173	4444	1
19397	11043	1
7416	3753	1
3055	16597	1
16710	16597	1
7033	5305	1
14018	3398	1
20650	14849	1
16450	9015	1
2506	6997	1
2508	5630	1
5613	16886	1
1854	2228	1
9930	2228	1
652	653	1
3383	2554	1
2646	7857	1
6267	1064	1
18690	2228	1
15889	19699	1
3723	3949	1
20346	20346	1
8991	7084	1
3216	871	1
6393	1824	1
4824	5226	1
20727	5443	1
20728	17031	1
16247	16247	1
11826	11414	1
2554	3383	1
2480	16523	1
5628	6854	1
3420	4407	1
4952	13072	1
12568	6901	1
3949	3723	1
12259	7989	1
6262	11776	1
6136	1504	1
5088	579	1
10109	4922	1
6454	5446	1
11414	13685	1
20729	20730	1
296	296	1
3088	6017	1
19220	107	1
9465	11158	1
18040	6997	1
12738	12738	1
6944	1787	1
3348	4601	1
1606	12881	1
11451	15844	1
3234	13807	1
9912	3450	1
9930	3450	1
5365	12758	1
15664	7723	1
6997	2506	1
13877	10390	1
19993	20598	1
10795	17844	1
11782	19750	1
294	5628	1
4922	10109	1
5628	294	1
9930	7965	1
5286	4330	1
2397	6270	1
5650	8243	1
4584	4200	1
2911	6812	1
7084	16222	1
7211	5524	1
869	11922	1
295	8173	1
3591	11102	1
2758	10494	1
13100	13100	1
15547	1234	1
20731	20731	1
12989	2450	1
3170	8707	1
4092	11826	1
19848	16783	1
6812	2911	1
9678	3840	1
3433	2863	1
10637	4580	1
20732	20732	1
8140	11157	1
3420	16426	1
20728	10457	1
10957	20628	1
12007	10457	1
3234	16427	1
3234	3004	1
20733	762	1
10341	3306	1
5101	9087	1
4330	5286	1
7074	1869	1
1858	13150	1
6136	18514	1
7592	7595	1
10461	9992	1
1637	13847	1
5481	3210	1
18467	2776	1
1674	2611	1
8071	12961	1
18640	18641	1
20381	12669	1
6354	3673	1
2342	2534	1
17946	3673	1
6562	10158	1
10158	6562	1
15422	10158	1
7178	12197	1
9465	179	1
9791	5191	1
10737	10569	1
20695	20695	1
2508	3274	1
3870	896	1
7938	18508	1
7868	10330	1
4295	8354	1
4966	3274	1
1338	4061	1
8886	13573	1
3420	1185	1
18446	6783	1
12805	6765	1
5962	5794	1
8932	4006	1
2420	6836	1
11826	4092	1
11766	11766	1
3605	5227	1
1854	1913	1
17162	2390	1
10569	10737	1
20593	15770	1
624	625	1
7455	16321	1
16163	19551	1
1854	2935	1
12580	9250	1
15547	19454	1
5227	3605	1
8545	10986	1
2496	2646	1
20408	20408	1
11563	5090	1
3420	2353	1
13404	5444	1
4872	2935	1
11556	10415	1
2506	9835	1
13574	15226	1
9835	2506	1
5806	18622	1
11712	11711	1
2479	7446	1
17019	20713	1
14398	15209	1
20734	6927	1
2228	18690	1
6551	227	1
17162	9880	1
11233	13048	1
1674	15745	1
13048	11233	1
3234	1727	1
2508	1727	1
9992	10461	1
663	6748	1
1854	11438	1
6465	6748	1
6812	7481	1
5226	4824	1
9136	14721	1
2051	1558	1
3431	6836	1
18622	5806	1
6158	13985	1
15076	1830	1
11144	2985	1
20653	14137	1
2463	1714	1
15254	10461	1
19	4534	1
3042	5300	1
5840	3561	1
19578	20180	1
20713	17019	1
10434	14151	1
227	6551	1
16209	10250	1
14287	13476	1
18710	11134	1
4662	13476	1
108	5	1
13529	14212	1
9303	8591	1
8623	8623	1
803	802	1
14197	7516	1
2611	1674	1
1803	3361	1
1526	84	1
20598	19993	1
3617	4735	1
89	11228	1
1714	2463	1
1723	9404	1
10374	7901	1
5699	15195	1
1787	6944	1
3234	6270	1
13562	15195	1
6746	5824	1
5191	9791	1
2646	2496	1
10053	8196	1
12669	20381	1
5354	12758	1
4977	6022	1
9527	9527	1
20735	3323	1
18176	4720	1
10471	20381	1
76	7480	1
1854	5126	1
7980	8820	1
20090	17131	1
15435	15436	1
18644	20663	1
13025	2294	1
12423	12423	1
4260	11630	1
20717	18297	1
20700	11630	1
20736	20737	1
14545	19432	1
4842	8975	1
7595	19003	1
4490	5288	1
9582	9583	1
11193	3072	1
75	1161	1
5894	6059	1
6901	12540	1
374	271	1
12961	8071	1
9080	1249	1
2804	1135	1
9930	13183	1
6994	15229	1
20663	18644	1
652	6126	1
17162	9123	1
14968	20188	1
18677	3400	1
17379	16266	1
3950	6171	1
11523	11523	1
5062	2105	1
8763	12134	1
4409	4730	1
20738	15913	1
3117	3971	1
8153	13083	1
3892	15141	1
13083	8153	1
11899	6448	1
6234	5560	1
8813	2236	1
9517	3673	1
15561	7776	1
4346	4345	1
4730	4409	1
3722	4345	1
7723	15664	1
12540	6901	1
6171	3950	1
20739	17840	1
15474	16266	1
12286	12287	1
19699	15889	1
11416	11773	1
3989	8100	1
10158	15422	1
8417	11517	1
8975	4842	1
9066	11164	1
6760	8359	1
6748	6465	1
12113	20139	1
3234	7810	1
13732	14844	1
12840	4408	1
17289	15435	1
3234	3230	1
16714	3170	1
14992	13737	1
8214	8247	1
4852	5316	1
11410	11410	1
7135	7136	1
518	3069	1
11788	5316	1
11571	9089	1
8670	5316	1
8541	4655	1
10925	5316	1
11616	4352	1
3651	8820	1
2356	3788	1
7801	5191	1
4352	11616	1
1041	3564	1
20740	18754	1
20621	4864	1
12937	12124	1
3351	5463	1
6430	18918	1
17014	16842	1
9997	11711	1
5463	3351	1
6551	16857	1
7452	13960	1
17946	6952	1
7432	3688	1
4864	20621	1
1861	1862	1
11711	11712	1
12483	9717	1
20653	2829	1
13960	7452	1
54	62	1
387	2571	1
4408	12840	1
13851	3315	1
3688	7432	1
7117	12111	1
14212	13529	1
16597	3334	1
1184	3444	1
2491	776	1
1994	1813	1
5581	4802	1
13884	10649	1
7575	2532	1
13985	6158	1
11943	4802	1
9600	13320	1
4802	5581	1
16062	9042	1
20740	20741	1
20188	14968	1
9388	17224	1
11397	5892	1
6447	4362	1
3022	2248	1
10188	2046	1
1229	1163	1
12134	8763	1
10466	86	1
1854	8026	1
4006	17672	1
12758	5354	1
4802	11943	1
2496	16980	1
4655	8541	1
14849	9962	1
15925	5298	1
1723	1461	1
20474	9437	1
15181	162	1
8820	3651	1
3234	6380	1
15092	10815	1
4863	4864	1
18623	15774	1
2161	6696	1
13407	14715	1
6748	663	1
12007	11773	1
13031	9896	1
1727	2508	1
11773	11416	1
12111	7117	1
3400	18677	1
2450	12989	1
7622	9276	1
1854	3068	1
4457	5774	1
9930	3068	1
11773	14069	1
19226	16959	1
2422	4113	1
20576	68	1
7452	14981	1
4812	4113	1
18545	15195	1
5316	2142	1
6030	12495	1
4265	447	1
1163	1229	1
11552	11128	1
2604	9300	1
10002	7688	1
16886	20315	1
12495	6030	1
7739	7739	1
4113	2422	1
11128	11552	1
11799	11800	1
10997	5131	1
19265	6262	1
4533	11282	1
11282	4533	1
3420	2712	1
17162	14535	1
9912	6265	1
159	2712	1
16886	5613	1
5217	3767	1
76	425	1
4113	4812	1
625	624	1
5280	9230	1
5773	5258	1
