12861	10765	1
5191	16535	1
387	4399	1
13889	5206	1
18089	18090	1
3950	6816	1
4047	6052	1
2677	6052	1
14715	13407	1
14822	611	1
4952	1372	1
20641	20641	1
1120	9392	1
3849	3854	1
2339	5466	1
10973	19969	1
20642	17362	1
11161	20395	1
80	12537	1
3854	3849	1
18350	9100	1
11572	15008	1
6460	5107	1
13407	14715	1
11128	19008	1
13673	8195	1
20381	10471	1
13851	1987	1
10765	12861	1
14136	6246	1
8897	5263	1
1397	1345	1
7126	2260	1
5047	6246	1
8141	12771	1
9518	18956	1
13149	2260	1
2885	10765	1
12771	8141	1
16055	2260	1
4689	2423	1
16517	4522	1
15106	7334	1
426	3452	1
3037	3452	1
20395	11161	1
2648	3122	1
3452	3037	1
1402	2284	1
4956	11563	1
4939	9248	1
2260	16055	1
15561	7776	1
1182	2273	1
15067	957	1
8050	8051	1
4399	387	1
14503	7042	1
11563	4956	1
70	2276	1
9248	4939	1
12134	8763	1
9059	7193	1
20643	15555	1
1674	1009	1
6450	6223	1
20644	17452	1
3170	8707	1
19641	14471	1
7644	9250	1
4812	4910	1
7776	15561	1
18181	17236	1
10765	2885	1
10891	1028	1
12793	20294	1
5227	5188	1
5423	2879	1
5188	5227	1
20045	20046	1
2879	5423	1
5047	5893	1
4100	17452	1
20262	20262	1
20645	3808	1
13976	10081	1
16953	12932	1
9015	16450	1
20623	13142	1
5188	12008	1
271	272	1
12008	5188	1
3994	272	1
8944	272	1
1064	5188	1
158	768	1
10450	887	1
17630	12932	1
7614	14101	1
464	6017	1
12932	17630	1
4265	447	1
15008	11572	1
9782	11572	1
13150	1858	1
20646	17035	1
9388	17224	1
20647	15691	1
5893	5047	1
10199	12345	1
18583	6836	1
17543	16523	1
15470	12345	1
16523	17543	1
6187	8929	1
8929	6187	1
20445	20622	1
4226	11681	1
17014	10410	1
8846	6814	1
8222	5150	1
20294	12793	1
6730	7345	1
8763	12134	1
10769	6187	1
6187	10769	1
18065	16773	1
4029	19112	1
2390	2480	1
16705	16705	1
2383	2192	1
16715	6077	1
4051	5408	1
20648	17502	1
9155	4940	1
2480	2390	1
2869	7617	1
1859	3640	1
4346	3722	1
7675	18038	1
13289	18038	1
801	12584	1
7211	11442	1
20649	12791	1
17289	7239	1
472	473	1
5366	12779	1
213	1416	1
15229	6994	1
1420	4422	1
20650	8539	1
12779	5366	1
622	16519	1
2383	8377	1
2165	16519	1
3082	5282	1
3722	4346	1
7267	5753	1
14969	3945	1
16560	18747	1
18181	18181	1
14388	13927	1
15209	14398	1
12582	5042	1
13014	12466	1
2520	6884	1
10450	14398	1
389	906	1
13048	3673	1
19237	17441	1
9273	5222	1
3421	3410	1
5222	9273	1
1127	9273	1
16237	5301	1
1913	1425	1
18087	19593	1
20651	20651	1
20482	6375	1
10567	6015	1
3441	16120	1
1420	5717	1
447	11500	1
16668	15911	1
12312	15911	1
14546	15911	1
8094	1068	1
20652	7578	1
3320	14211	1
10450	5645	1
2383	5740	1
4333	1509	1
10045	10046	1
12534	4189	1
5263	8897	1
13350	14754	1
3568	3569	1
8284	1127	1
4983	4561	1
5561	4534	1
19177	12720	1
1127	8284	1
19455	11315	1
14494	2211	1
4189	12534	1
20653	11817	1
4218	5488	1
9273	1127	1
6319	14754	1
1633	8623	1
4064	8255	1
2913	14886	1
20644	2303	1
16715	18606	1
241	3538	1
19699	15889	1
10461	9992	1
20654	5362	1
12314	2408	1
2169	6527	1
9278	9278	1
17235	5137	1
11941	7204	1
19593	18087	1
1268	2017	1
14593	8460	1
7868	7204	1
15320	16847	1
18311	12019	1
6994	15229	1
20655	7382	1
1120	869	1
7810	14443	1
8333	8676	1
15911	14546	1
1016	7204	1
6888	1674	1
20656	20656	1
5137	17235	1
4379	166	1
3538	241	1
14103	10779	1
16385	10116	1
5413	1388	1
519	8172	1
17904	8172	1
12785	10779	1
8051	8050	1
10713	10779	1
14992	8172	1
18780	6496	1
8699	7042	1
4534	5622	1
13538	7739	1
4601	3348	1
1805	2189	1
3569	3568	1
1416	213	1
15252	15252	1
5301	16237	1
20422	20423	1
18791	976	1
2941	3912	1
18038	13289	1
4218	3190	1
1584	3190	1
2653	1305	1
1579	16182	1
11442	7211	1
7322	1731	1
2383	4355	1
11689	10859	1
1305	2653	1
19647	17599	1
15644	18653	1
7894	1839	1
10567	10620	1
20246	20246	1
20657	12006	1
3706	1497	1
16031	14397	1
17447	1451	1
14992	10620	1
802	803	1
4218	3690	1
3171	4217	1
5636	10620	1
16385	20658	1
16715	16836	1
2821	9076	1
8715	19855	1
10466	86	1
2383	19855	1
20639	2916	1
2017	1268	1
19626	19915	1
9270	7358	1
7074	13410	1
16646	5711	1
11817	20653	1
16650	18907	1
4864	4863	1
8040	19625	1
5711	16646	1
11128	11552	1
19100	11778	1
12815	16891	1
20610	13474	1
20617	14042	1
13474	20610	1
2794	2794	1
18907	16650	1
9610	535	1
8803	7345	1
4946	4034	1
15185	15184	1
4288	1791	1
14042	20617	1
4034	4946	1
1787	49	1
808	109	1
19920	20610	1
20610	19920	1
16715	15390	1
144	19962	1
1497	3706	1
2426	1434	1
2408	12314	1
4346	4345	1
8172	18822	1
11465	18694	1
16671	16992	1
11164	9066	1
17592	14163	1
7367	896	1
6107	8121	1
20615	7868	1
12544	7868	1
8824	4653	1
1400	17858	1
14950	4257	1
8172	519	1
20659	15785	1
3398	17878	1
2383	9171	1
4251	3944	1
8285	12217	1
17502	20648	1
7345	8803	1
12258	12958	1
20049	20049	1
10620	14992	1
9439	1022	1
5248	19984	1
95	10562	1
213	1119	1
4613	14263	1
8172	14992	1
2620	2902	1
12664	12650	1
15561	4246	1
16715	14795	1
5415	1611	1
19112	7688	1
3606	10615	1
3945	14969	1
213	124	1
5516	5520	1
12728	3851	1
18458	18457	1
6107	3865	1
12456	3966	1
5280	5107	1
7442	10412	1
4733	15938	1
8619	8975	1
13595	12937	1
7108	3545	1
14197	3545	1
10615	3606	1
3545	14197	1
7739	13538	1
8397	4208	1
16663	5546	1
13541	9479	1
6869	9790	1
14973	20243	1
7145	7780	1
5107	5280	1
869	1120	1
9120	8903	1
10611	8903	1
18315	16227	1
6888	4873	1
213	212	1
5546	16663	1
8676	1134	1
803	3433	1
535	9610	1
19100	15741	1
20660	20660	1
4432	20528	1
612	5730	1
17878	3398	1
11687	7345	1
11386	5188	1
8660	5188	1
1305	4883	1
17362	20642	1
4250	3216	1
20661	9680	1
20616	20615	1
4946	1270	1
7868	20615	1
3912	2941	1
16050	16056	1
6898	12694	1
3433	803	1
5371	1486	1
14754	6319	1
8676	8333	1
1391	6619	1
5188	1064	1
20662	4443	1
6888	7308	1
19220	107	1
229	1769	1
4033	4755	1
21	1512	1
2480	8125	1
7894	6533	1
3753	7416	1
212	213	1
16663	3153	1
1119	213	1
12517	6700	1
124	213	1
4218	12174	1
18644	20663	1
5852	3026	1
4379	2943	1
8820	8935	1
4653	8824	1
11552	11128	1
1584	876	1
1506	3550	1
8086	1641	1
6816	3950	1
13598	8618	1
5720	5733	1
4593	3395	1
20528	4432	1
4084	6316	1
20650	14849	1
9059	11565	1
876	1584	1
11401	9733	1
15185	3664	1
1512	21	1
9133	11488	1
5188	16009	1
13323	7345	1
10368	13308	1
11488	6324	1
20664	15504	1
6324	11488	1
17955	19543	1
13503	3492	1
8086	7213	1
10887	20665	1
16009	5188	1
20423	20422	1
8085	20533	1
8049	18918	1
18852	18853	1
737	1081	1
15976	4174	1
9259	7308	1
15504	20664	1
9897	11563	1
11563	9897	1
910	5849	1
15320	9897	1
19300	2411	1
20650	16384	1
13538	20596	1
6107	5757	1
20356	13231	1
10799	11943	1
16715	20666	1
6888	4062	1
4547	13170	1
4321	9210	1
8810	6562	1
5733	5720	1
8700	6562	1
3234	7810	1
7810	3234	1
10882	15625	1
5047	3450	1
9138	6788	1
12259	7989	1
1711	18341	1
20574	14235	1
20643	6248	1
5065	9126	1
4523	5054	1
4602	1506	1
3492	13503	1
19543	6883	1
20667	19543	1
6223	6450	1
4941	11065	1
12156	6572	1
3964	8303	1
9439	2883	1
18954	18954	1
17946	6354	1
20668	240	1
5753	7267	1
11414	6883	1
20105	16568	1
3173	16597	1
15664	6883	1
5427	14146	1
6888	11120	1
16710	16597	1
17447	14540	1
3055	16597	1
6549	5619	1
4504	4122	1
9117	20669	1
9992	10461	1
5856	8222	1
16056	16050	1
6572	12156	1
4490	5288	1
4647	4950	1
16287	6037	1
6037	16287	1
20670	10724	1
10617	9430	1
5288	4490	1
20670	20670	1
20671	2130	1
884	18671	1
13176	9687	1
702	2853	1
13142	20623	1
19832	9437	1
16992	16671	1
9118	20672	1
3966	12456	1
4107	8820	1
5381	10387	1
5068	3870	1
20673	20674	1
6294	3870	1
19882	19883	1
20675	18622	1
3870	5068	1
8903	9120	1
16525	4946	1
2211	14494	1
1081	737	1
2871	6089	1
5283	10716	1
7602	14968	1
887	10450	1
16525	18010	1
4174	15976	1
8420	14816	1
9270	9272	1
5645	10450	1
4033	12899	1
3646	6350	1
3258	20183	1
6350	3646	1
845	13573	1
16956	6344	1
19559	2724	1
8222	5856	1
17441	19237	1
14381	9220	1
5197	6344	1
1622	13032	1
8600	5219	1
6127	10576	1
14502	20676	1
6790	9419	1
