424	1358	1
19274	12965	1
4020	13710	1
8410	2801	1
5107	1532	1
4189	3930	1
20273	3383	1
15339	6901	1
6104	8609	1
12965	19274	1
3190	1584	1
11246	11246	1
7853	20094	1
3383	8594	1
13393	10563	1
2832	2843	1
16565	9250	1
3509	9092	1
7543	8668	1
9864	14749	1
6458	6097	1
19073	18644	1
13215	4195	1
1930	5766	1
1919	2294	1
3061	10476	1
11602	18644	1
5654	4570	1
20616	20827	1
3234	7810	1
49	50	1
21009	21008	1
5357	17321	1
20999	265	1
510	13665	1
277	2513	1
1990	2567	1
265	20999	1
505	7042	1
21033	19417	1
492	7042	1
14132	7302	1
3644	4045	1
5315	800	1
20746	4664	1
6297	12123	1
20988	20827	1
9872	5317	1
7622	7495	1
4233	3447	1
15681	11602	1
9582	10118	1
5896	7126	1
5607	17566	1
6284	14075	1
2193	9706	1
1774	3855	1
14546	14546	1
13705	17758	1
19383	5247	1
16855	8896	1
1761	159	1
8260	10611	1
8420	14816	1
9706	2193	1
5825	6185	1
6901	12568	1
5719	4317	1
11602	15681	1
2585	6424	1
5806	21034	1
20998	4469	1
2572	6716	1
3623	18212	1
5717	1420	1
3765	11819	1
17660	15740	1
21035	21036	1
3723	3949	1
4524	18927	1
1456	3949	1
5378	1921	1
7339	17593	1
7622	9276	1
21037	6696	1
3110	21000	1
3509	6932	1
5766	1930	1
3509	13390	1
19237	20653	1
15017	3361	1
243	414	1
8820	8774	1
12553	11245	1
5047	5893	1
7780	16397	1
7350	15048	1
139	1930	1
7174	15382	1
9726	6445	1
2829	20653	1
13984	15420	1
12672	6073	1
10427	8774	1
14180	20698	1
930	15382	1
18927	4524	1
2900	6445	1
7551	908	1
3333	2480	1
414	243	1
4912	4912	1
5650	8243	1
800	5315	1
9331	7552	1
12488	11168	1
20825	20824	1
1038	95	1
1358	424	1
4257	5301	1
1930	139	1
4485	5939	1
4431	8724	1
7922	17098	1
9375	5250	1
2726	13555	1
15137	8490	1
20882	7175	1
21030	16229	1
20882	635	1
5047	6246	1
8802	8975	1
14716	13595	1
635	20882	1
8774	14066	1
8803	7291	1
8975	8802	1
7012	7291	1
8774	7291	1
11065	644	1
4655	7894	1
20990	4748	1
717	3009	1
6901	8210	1
4946	4437	1
6039	8177	1
6844	6982	1
1232	1913	1
20765	20766	1
13032	1913	1
2051	1558	1
15459	9300	1
4946	10982	1
15740	13903	1
5121	5120	1
14081	14075	1
6507	10758	1
21038	4870	1
12495	7690	1
68	655	1
21039	21039	1
10758	6507	1
20853	20854	1
18644	19073	1
159	1761	1
655	68	1
3210	613	1
11414	406	1
11687	7690	1
3138	1660	1
6506	12464	1
12379	5354	1
11766	13482	1
7291	8774	1
14066	8774	1
1523	861	1
19625	8774	1
789	2886	1
4470	9039	1
18212	3623	1
3490	4952	1
1381	1869	1
2636	1869	1
16074	16802	1
12758	5150	1
3509	3923	1
5640	5700	1
15203	4102	1
6901	12540	1
13196	5700	1
6507	7857	1
84	86	1
15478	11339	1
90	19	1
16565	6894	1
12806	6836	1
20925	6894	1
4946	2141	1
10473	2484	1
5628	6854	1
8404	4883	1
12123	6297	1
20429	6959	1
9782	11572	1
2234	2227	1
8036	19646	1
13390	1482	1
14814	11497	1
13710	4020	1
9224	9225	1
6073	12672	1
8013	5983	1
14869	14807	1
13393	13393	1
15442	5767	1
2480	17101	1
717	6646	1
7045	11783	1
636	428	1
1050	428	1
8307	1941	1
20653	2829	1
789	2829	1
12540	6901	1
20452	21040	1
15869	9324	1
9582	9583	1
19543	6883	1
6977	13571	1
4470	2260	1
5259	9365	1
3447	4233	1
21041	21041	1
4945	2786	1
2518	2519	1
4079	6908	1
3545	7108	1
795	5578	1
90	616	1
16557	16892	1
14814	16113	1
406	11414	1
13044	12582	1
19605	16071	1
8330	7744	1
7291	8803	1
13593	2548	1
16962	18040	1
90	4534	1
512	270	1
1828	9136	1
5767	15442	1
5271	4742	1
5357	5402	1
18287	21042	1
15089	2490	1
18040	16962	1
773	1632	1
366	457	1
5977	9541	1
9245	2420	1
2017	1268	1
5934	6506	1
17609	2311	1
1625	1368	1
90	7336	1
6348	1727	1
2311	3992	1
11973	4755	1
5247	19383	1
6348	270	1
3144	6266	1
9202	6419	1
4466	17541	1
6845	6485	1
11855	12544	1
16975	2488	1
4946	8664	1
1368	1625	1
14054	20271	1
5165	14993	1
6703	3239	1
3111	3108	1
6127	6951	1
3641	3108	1
16854	2248	1
12582	13044	1
95	1038	1
2209	2210	1
3783	16222	1
5357	7997	1
3723	6352	1
2956	9926	1
8774	8820	1
3822	858	1
7350	5839	1
5082	6728	1
12039	5711	1
2181	9689	1
20990	463	1
4330	5285	1
173	2749	1
1227	1228	1
18075	6479	1
1584	3190	1
21043	6302	1
3111	9237	1
4886	1170	1
447	11500	1
2570	2573	1
16455	16454	1
18457	18458	1
4515	670	1
20896	20027	1
18934	21007	1
20977	1763	1
1022	6927	1
4126	7687	1
9245	1441	1
8434	20149	1
21023	14744	1
19576	9722	1
18727	1585	1
16817	17861	1
6927	1022	1
1585	18727	1
696	1517	1
4946	11130	1
2311	2103	1
19148	19972	1
4954	17095	1
15724	9299	1
8505	12539	1
20391	9160	1
850	95	1
6485	6845	1
11378	11378	1
3176	1759	1
16616	5341	1
18186	2215	1
11826	18635	1
21012	3274	1
3111	1188	1
6427	6822	1
6428	13599	1
16423	974	1
12196	4657	1
17503	21044	1
2617	9335	1
1599	1517	1
8505	8504	1
20667	19543	1
2360	3148	1
14193	19543	1
17101	2480	1
9715	6350	1
19598	19597	1
6350	9715	1
90	2480	1
9715	5184	1
13593	1802	1
15687	13938	1
9365	5259	1
13626	5979	1
3061	6562	1
2096	10759	1
20647	15691	1
2311	762	1
6348	10759	1
16367	20915	1
20599	20599	1
13482	11766	1
519	10203	1
14075	14081	1
10203	519	1
19597	19598	1
7922	10938	1
14054	16974	1
9224	12870	1
5700	5640	1
934	684	1
5434	294	1
21045	11272	1
1956	3461	1
7232	17944	1
4432	20528	1
5642	5485	1
5359	426	1
7108	3545	1
17008	2319	1
16059	8397	1
7741	7031	1
6266	3144	1
2838	3144	1
2311	3468	1
5122	8404	1
90	896	1
9444	2785	1
13350	2480	1
10609	18086	1
144	19962	1
2360	1887	1
9240	9388	1
9444	1295	1
512	1295	1
6348	5022	1
3514	9945	1
4189	2067	1
9849	7159	1
4515	1900	1
3105	4343	1
6611	8160	1
16962	7305	1
16892	16557	1
8533	8614	1
4246	15561	1
54	4913	1
19929	7716	1
12544	11855	1
12788	869	1
1958	973	1
13270	14144	1
2480	13350	1
9312	6481	1
21046	8057	1
2067	4189	1
21047	12337	1
512	363	1
7027	7555	1
14661	14662	1
14855	18046	1
1228	3929	1
7305	16962	1
12485	12485	1
4929	20592	1
7479	20592	1
17655	11372	1
3111	8181	1
10203	3194	1
15203	18622	1
3497	1891	1
802	3537	1
4946	5830	1
21048	12389	1
13985	11372	1
15438	11372	1
5411	7543	1
6506	5934	1
16077	13660	1
3669	1506	1
7602	3258	1
5256	694	1
10121	8160	1
2260	11658	1
12908	5859	1
419	9267	1
20188	3258	1
9673	3294	1
20916	19401	1
20717	20717	1
13705	7308	1
15664	6883	1
7570	9092	1
717	1740	1
869	12788	1
20698	14180	1
7543	5411	1
7966	19432	1
14371	16675	1
4515	126	1
19417	21049	1
9897	10982	1
7237	11116	1
21018	21019	1
14969	16923	1
1584	4789	1
4946	5799	1
11372	15438	1
18188	15438	1
20521	15438	1
519	1713	1
4657	12196	1
21050	21050	1
1232	13791	1
8505	14172	1
18256	21007	1
89	12121	1
426	5359	1
3111	2651	1
9945	3514	1
1517	1599	1
3783	3600	1
16751	13132	1
11841	21007	1
10435	1622	1
2985	3528	1
279	5811	1
978	7687	1
8609	6059	1
16059	3232	1
2878	2877	1
2360	9730	1
519	1692	1
5778	4133	1
1622	10435	1
4241	4133	1
5511	12895	1
12587	12895	1
20845	10754	1
173	2270	1
19986	2744	1
6959	20429	1
1506	3669	1
7863	18621	1
18491	4632	1
19866	142	1
9444	2040	1
10028	12580	1
4133	5778	1
12539	8505	1
7291	10002	1
8504	8505	1
20899	18055	1
3518	385	1
9224	13807	1
14172	8505	1
173	4983	1
11012	14314	1
5258	5773	1
2768	1501	1
7653	7432	1
12297	16137	1
20094	7853	1
14825	13574	1
7522	981	1
4959	3383	1
5366	5920	1
6348	4021	1
13741	6348	1
2570	2571	1
12100	12936	1
13574	14825	1
13018	663	1
4946	2611	1
19134	18807	1
20065	2611	1
4742	18807	1
70	16426	1
20212	17502	1
12222	2219	1
12772	1081	1
16426	70	1
2600	9945	1
18046	19197	1
7126	9005	1
5778	3868	1
10461	9992	1
17697	10685	1
10730	6657	1
2311	756	1
16397	7780	1
6611	5630	1
11469	11174	1
2749	14654	1
7452	13960	1
16888	17235	1
21051	11488	1
5105	3543	1
4657	4885	1
663	13018	1
4377	4559	1
6262	5580	1
12568	6901	1
15404	18809	1
11676	7625	1
15438	20521	1
9119	20554	1
2106	14382	1
9945	2600	1
18809	15404	1
15561	4246	1
5678	13311	1
9245	1512	1
18836	1379	1
7340	4034	1
3383	4959	1
21052	21052	1
6069	13775	1
3138	18853	1
3061	7841	1
4034	7340	1
717	4196	1
394	19239	1
5604	2108	1
14382	2106	1
6700	8183	1
370	7853	1
21053	18953	1
7505	18953	1
4167	6372	1
17627	2555	1
2311	7875	1
19432	7671	1
4657	11909	1
5301	4257	1
6997	14382	1
14807	14869	1
717	9736	1
611	5295	1
5920	5366	1
12672	12671	1
6427	6188	1
5463	3351	1
10174	13421	1
14204	13278	1
13311	5678	1
7853	370	1
2360	9426	1
16229	7469	1
1268	2017	1
457	366	1
10982	9897	1
13123	13033	1
3351	5463	1
7334	15106	1
19239	394	1
4977	12587	1
21054	21054	1
12587	4977	1
7031	7741	1
5983	8013	1
16998	5335	1
19597	9270	1
20183	7235	1
15691	20647	1
9388	9240	1
12469	21055	1
4973	1122	1
20955	17701	1
7260	515	1
5581	18853	1
13960	7452	1
21	1512	1
6315	9364	1
7469	16229	1
6677	6068	1
2308	5482	1
519	7810	1
1517	696	1
11594	11228	1
18086	10609	1
13851	1987	1
20528	4432	1
10368	7647	1
8183	6700	1
4515	2185	1
4047	8967	1
15257	13275	1
5778	6938	1
8909	12096	1
10002	20061	1
8975	1900	1
6100	3578	1
2484	10473	1
18128	20061	1
10639	5314	1
4346	7810	1
3521	8919	1
6357	12488	1
9892	3079	1
18622	21034	1
17362	11139	1
7810	4346	1
5745	3561	1
7436	3250	1
9433	20969	1
21056	21057	1
14814	1725	1
20969	9433	1
3722	4346	1
3288	20887	1
8545	16900	1
14814	2478	1
1905	2288	1
7687	4126	1
3274	18238	1
15952	16450	1
20949	20949	1
19646	8036	1
868	1266	1
13571	6977	1
13574	1750	1
5353	2422	1
2751	7262	1
6901	12775	1
11514	7983	1
15551	7122	1
269	20324	1
1512	21	1
8699	7042	1
10145	9790	1
18330	9790	1
2311	2368	1
20359	9752	1
16017	7624	1
937	1266	1
1750	13574	1
4946	9268	1
18428	18046	1
7647	10368	1
5402	5358	1
20592	7479	1
21058	21059	1
20945	4861	1
13455	15720	1
11572	9782	1
19197	18046	1
9752	20359	1
10949	10949	1
9837	20435	1
2311	12537	1
14144	13270	1
3111	2647	1
12325	2973	1
17566	5607	1
20183	12596	1
1900	8975	1
8763	12134	1
15720	13455	1
14654	2749	1
17627	650	1
12134	8763	1
11514	6614	1
7625	11676	1
18361	2487	1
978	12588	1
2611	20065	1
232	4457	1
4069	3795	1
7178	18759	1
4962	1653	1
7211	5524	1
8545	10986	1
13033	13123	1
13481	2725	1
5147	3295	1
2311	17609	1
20183	10473	1
5519	1504	1
9726	13248	1
2287	21060	1
8669	2647	1
6003	12699	1
12842	7551	1
2786	4945	1
21061	21062	1
7690	12495	1
15433	11936	1
12336	9639	1
11139	17362	1
4034	2496	1
4120	4816	1
663	15151	1
13781	2496	1
7215	7625	1
12565	5678	1
484	3368	1
6348	2936	1
20528	4898	1
14198	8985	1
18621	7863	1
14917	19875	1
14993	5165	1
9303	9411	1
16450	15952	1
5524	7211	1
14321	9488	1
21063	21064	1
15184	20372	1
14482	16744	1
20451	11847	1
6427	623	1
3381	11139	1
12596	20183	1
11690	19890	1
10473	20183	1
14075	6284	1
5183	4066	1
13781	13781	1
5348	5349	1
7495	7622	1
696	2234	1
17627	8141	1
5105	1305	1
11899	6448	1
9673	3565	1
5105	710	1
4726	4676	1
4141	2022	1
90	3240	1
6352	3723	1
3795	4069	1
13278	14204	1
3949	3723	1
4861	5630	1
17827	14082	1
11988	9394	1
5778	2043	1
3073	9085	1
519	8172	1
3545	21065	1
11847	20451	1
16289	11640	1
9335	2617	1
13659	6923	1
6043	6044	1
6348	14352	1
6274	4008	1
3315	7108	1
2360	7912	1
5066	5514	1
21066	10639	1
5514	5066	1
10116	2705	1
4946	6765	1
10002	7291	1
21067	13573	1
21068	6248	1
3368	484	1
19047	19967	1
7625	7215	1
10765	7868	1
19967	19047	1
7671	19432	1
7983	11514	1
4072	503	1
21069	2346	1
9715	7215	1
9583	20647	1
21070	21071	1
5105	8977	1
8343	4686	1
6270	4098	1
4774	64	1
651	11673	1
4657	1504	1
1390	1746	1
11105	21072	1
13140	2734	1
2480	3333	1
3170	2734	1
9350	19952	1
3992	2311	1
76	3823	1
5670	6475	1
12624	2734	1
2103	2311	1
10157	6475	1
4900	7650	1
3468	2311	1
12158	19193	1
756	2311	1
7875	2311	1
4774	5434	1
5778	2189	1
7788	7788	1
2368	2311	1
3769	4126	1
12537	2311	1
12596	9378	1
1746	1390	1
9444	5099	1
6316	4084	1
15393	6765	1
19848	16783	1
6475	12175	1
4072	17055	1
13323	8932	1
2086	11641	1
5366	12779	1
10435	8314	1
5630	4861	1
5009	7179	1
20977	17055	1
65	64	1
7543	6185	1
1763	17055	1
3843	19013	1
12758	14505	1
19013	3843	1
20988	19040	1
7997	17321	1
8260	8323	1
510	7662	1
6348	6380	1
7179	5009	1
21073	12403	1
4946	9144	1
2203	3438	1
19401	18428	1
12900	7004	1
8820	5830	1
13665	510	1
2234	696	1
14277	7944	1
5518	1842	1
7004	12900	1
17216	17216	1
15836	5562	1
1355	1279	1
11929	13974	1
12672	6832	1
9617	11164	1
