3985	253	1
20740	408	1
4135	5560	1
9583	9582	1
6418	20793	1
6696	2161	1
6475	3306	1
8330	7085	1
964	12010	1
2397	6270	1
6023	1284	1
2611	12913	1
1284	6023	1
15075	12351	1
4029	7088	1
6530	997	1
8330	3817	1
13580	15226	1
20300	14968	1
15153	13869	1
18692	8196	1
8490	16465	1
229	1769	1
10902	1289	1
15300	1188	1
1245	12351	1
7776	15561	1
13032	4962	1
14968	3021	1
1188	15300	1
8222	18661	1
3021	14968	1
7888	15561	1
14628	8615	1
9155	13884	1
635	15300	1
14968	20300	1
12340	1897	1
2611	1674	1
5296	9024	1
6113	19595	1
4962	6892	1
15300	635	1
15300	6892	1
6467	12584	1
7888	9548	1
3753	7416	1
4936	7888	1
6357	12488	1
12351	15075	1
4842	8975	1
3079	14804	1
20794	1207	1
17919	9100	1
13476	14287	1
425	889	1
15561	7888	1
9548	7888	1
12356	10563	1
7495	7622	1
5949	4162	1
4084	6316	1
15745	7602	1
13830	12802	1
1897	12340	1
9582	14198	1
2950	6430	1
10066	8966	1
19274	8404	1
20795	20578	1
16947	12748	1
1392	1122	1
12748	16947	1
16465	8490	1
20796	9804	1
16729	18121	1
6337	1624	1
8975	4842	1
13732	6100	1
4092	4092	1
4226	11681	1
9568	14136	1
6380	8935	1
14871	20726	1
9527	9527	1
7446	2479	1
12973	6577	1
13556	2248	1
12973	15561	1
4459	9126	1
861	437	1
4294	3985	1
9520	14058	1
6952	17946	1
253	3985	1
9585	7967	1
4303	6788	1
1392	4755	1
205	4974	1
17592	14163	1
4755	1392	1
4303	9498	1
8870	3682	1
10449	13398	1
16868	17505	1
1055	5630	1
13398	10449	1
5415	1611	1
4361	1009	1
12901	9889	1
3945	9436	1
20577	20245	1
19181	3602	1
6234	5560	1
20596	13900	1
5047	5797	1
4895	1669	1
5343	7224	1
594	13	1
9568	1620	1
16266	17379	1
710	2902	1
2408	12314	1
19538	18367	1
3068	6836	1
3945	20697	1
9910	10061	1
547	6183	1
12901	10861	1
3324	4170	1
9709	10982	1
10982	9709	1
5797	5047	1
7138	12052	1
2478	20111	1
2936	6370	1
6370	2936	1
5066	6081	1
2552	371	1
7088	4029	1
371	2552	1
12973	5684	1
15561	1113	1
9024	8181	1
11216	5684	1
20576	655	1
16122	16122	1
1113	15561	1
7012	5684	1
2420	6836	1
8040	9366	1
9910	5890	1
16399	16399	1
20797	1226	1
4570	4571	1
3426	1936	1
20634	16603	1
20798	20799	1
1422	15988	1
4389	878	1
1867	1866	1
20639	7945	1
5932	10560	1
1055	4171	1
2478	5404	1
20800	20800	1
11387	7370	1
1207	20794	1
15037	3546	1
12422	16424	1
16164	8380	1
139	2498	1
4207	4174	1
3660	8471	1
12639	2066	1
3287	8471	1
9488	14321	1
4939	8998	1
1108	10991	1
5510	6357	1
20801	20801	1
17928	17929	1
3497	2190	1
4974	205	1
5972	13809	1
2211	2246	1
11613	5341	1
2504	2505	1
2209	2210	1
4303	4832	1
18408	7623	1
2123	1731	1
1814	1731	1
19621	9942	1
19595	6113	1
9022	9942	1
16678	15438	1
5558	709	1
15407	9942	1
19844	10962	1
5753	5531	1
14054	14054	1
20802	14054	1
15229	6994	1
16666	11312	1
12344	5789	1
10362	2194	1
5091	1611	1
2351	15849	1
3321	20803	1
5558	7568	1
150	342	1
4968	3779	1
3985	3103	1
11344	10410	1
15561	12815	1
5022	6289	1
11919	15849	1
3514	9945	1
3216	871	1
20804	20804	1
139	1930	1
9451	6506	1
14287	13476	1
7553	5868	1
7623	18408	1
205	4968	1
15442	15442	1
10997	5131	1
1249	3885	1
20759	20759	1
12913	2611	1
1674	2611	1
5558	9300	1
2342	2534	1
5922	5	1
5	5922	1
5859	3849	1
1289	10902	1
14398	15209	1
1055	80	1
18495	11936	1
12815	15561	1
15209	14398	1
9910	10437	1
10609	18086	1
20446	10292	1
139	11387	1
7416	3753	1
9120	11387	1
5237	7695	1
16678	15468	1
14242	5050	1
20524	5050	1
10383	1599	1
20805	20806	1
13048	16836	1
1599	10383	1
17296	653	1
10051	3019	1
13268	4905	1
14725	7178	1
15093	16830	1
8252	5345	1
4064	4495	1
10080	14699	1
19563	18086	1
6081	5066	1
7602	15745	1
20779	12984	1
16742	7965	1
1674	15745	1
4495	4064	1
5840	3561	1
9108	19892	1
950	3696	1
12202	10285	1
5558	3380	1
16715	20316	1
12584	801	1
5205	5204	1
7294	13196	1
2342	3420	1
7178	14725	1
12779	5366	1
3458	11658	1
5628	6854	1
1473	2349	1
1055	3274	1
10991	1108	1
3696	950	1
8881	13671	1
19865	16958	1
5890	1210	1
6485	6845	1
6994	15229	1
15468	5402	1
9568	7162	1
3682	8870	1
1188	6506	1
3559	4239	1
11789	11124	1
13433	1802	1
8810	5343	1
14570	14054	1
6845	6485	1
14715	3015	1
4198	7024	1
17286	5773	1
15081	4605	1
2814	15392	1
12584	6467	1
4692	16792	1
5343	8810	1
12926	13588	1
20726	14871	1
14699	10080	1
9957	7925	1
840	3938	1
3541	7925	1
6702	6127	1
7888	4936	1
4936	4006	1
17392	1233	1
4006	4936	1
20647	15691	1
4660	10634	1
15561	4246	1
3992	5503	1
15691	20647	1
5075	10620	1
10620	10620	1
5283	13209	1
14031	10478	1
8976	5419	1
16266	15474	1
211	48	1
16666	9872	1
10080	13976	1
1022	897	1
6506	9451	1
139	2654	1
20755	20756	1
5247	9959	1
14382	9234	1
13156	4992	1
10427	7291	1
9042	16062	1
1714	560	1
13586	13586	1
8040	6193	1
243	6161	1
9585	7143	1
19605	16071	1
17002	1742	1
20746	7291	1
11182	5321	1
8454	19957	1
645	3617	1
1943	12447	1
7624	7916	1
5894	6810	1
13985	18179	1
13869	12300	1
5359	899	1
5972	18225	1
14018	17878	1
1249	1241	1
14361	10374	1
2632	2631	1
3970	7384	1
9747	20807	1
5869	8421	1
19416	7544	1
10620	5075	1
7771	12699	1
7622	7495	1
20808	11611	1
5558	710	1
20809	13825	1
2342	13671	1
14315	14844	1
16020	14688	1
5343	8700	1
7223	1897	1
13900	7739	1
11814	8092	1
9568	6056	1
11874	11874	1
7085	6059	1
3803	1461	1
12806	13367	1
5321	11182	1
897	1022	1
8092	11814	1
1461	3803	1
6788	4303	1
12010	964	1
1366	953	1
14245	12420	1
20810	17293	1
139	1791	1
4743	5411	1
14844	11565	1
13744	2914	1
4207	8738	1
15081	15687	1
8076	6742	1
5773	17286	1
1055	16104	1
2480	8222	1
2559	17286	1
18225	5972	1
5650	8243	1
15081	13503	1
3623	2902	1
8243	5650	1
472	473	1
3723	3949	1
11216	4265	1
2726	3103	1
6037	9397	1
10670	4265	1
9068	5423	1
3333	3545	1
6104	2379	1
19412	16319	1
20552	3979	1
7291	10427	1
9910	10427	1
10061	9910	1
5890	9910	1
20347	20427	1
2141	1850	1
1469	3949	1
5796	2721	1
8600	5219	1
13320	9600	1
5546	10158	1
15745	1674	1
10437	9910	1
6127	885	1
20811	20812	1
20653	14137	1
16062	9042	1
10427	9910	1
17441	14137	1
10292	20446	1
15990	11858	1
15320	1622	1
2169	564	1
4571	4570	1
5283	791	1
4303	4812	1
5343	1444	1
1055	10002	1
4303	7791	1
5411	4743	1
15081	4816	1
13308	13308	1
8471	3660	1
5343	4735	1
3559	3745	1
20813	10638	1
5297	5774	1
1774	4812	1
7291	20746	1
10590	5697	1
7492	16163	1
27	5	1
7002	8722	1
8363	4816	1
5419	11164	1
1059	5774	1
9561	6533	1
3506	5210	1
15882	16778	1
11826	18635	1
5849	910	1
20078	1269	1
13538	13900	1
15561	6295	1
2242	7152	1
2976	1766	1
1134	13900	1
2260	7550	1
18086	10609	1
6625	11513	1
15044	13900	1
8998	4939	1
9593	10116	1
20472	19742	1
8843	10938	1
9068	4810	1
20814	20814	1
9120	8903	1
20139	20139	1
13900	1134	1
10938	8843	1
17747	4662	1
651	14302	1
8196	18692	1
7523	2004	1
564	2169	1
2771	8519	1
9605	5948	1
20815	20815	1
1611	5415	1
12447	1943	1
19742	16675	1
18829	13900	1
16666	1419	1
11565	14844	1
5318	7786	1
20533	1419	1
564	4119	1
9400	7786	1
13900	18829	1
20598	19993	1
7786	5318	1
7260	9580	1
15228	18461	1
8222	2480	1
5558	6122	1
10638	20813	1
3745	3559	1
3975	18594	1
9910	11561	1
14546	14546	1
7916	7624	1
10389	9251	1
1599	20816	1
2067	3530	1
9942	19621	1
4026	1791	1
4288	1791	1
9580	515	1
6357	5510	1
12437	4521	1
2546	2354	1
9251	10389	1
2255	5360	1
1822	4663	1
8481	11390	1
20237	20237	1
10466	86	1
15547	19454	1
17366	11390	1
5753	7083	1
10188	2046	1
6774	1596	1
5624	6948	1
14054	14570	1
20653	2829	1
319	569	1
6306	14978	1
7334	6316	1
6316	4084	1
1881	7854	1
13900	15044	1
18661	8222	1
4525	10886	1
5977	12842	1
7083	5753	1
7516	14173	1
12587	13390	1
7117	12111	1
20817	20818	1
1249	3605	1
5210	3506	1
2699	14869	1
9120	12096	1
5510	13029	1
11943	14779	1
12842	5977	1
19265	6262	1
4626	3851	1
1742	17002	1
12728	3851	1
4968	205	1
1660	3138	1
18635	11826	1
2907	3560	1
10900	14277	1
5684	6358	1
7308	7683	1
1596	6774	1
13528	5010	1
13976	14699	1
20135	20135	1
13851	1987	1
7291	8774	1
3315	7108	1
9234	14382	1
5929	5951	1
5366	12779	1
3824	3822	1
134	3367	1
10003	7901	1
7624	6030	1
6683	20695	1
9837	20435	1
7739	13538	1
19962	12121	1
10938	20405	1
6079	11164	1
134	3671	1
134	13088	1
5558	7476	1
9001	7891	1
14198	9582	1
8843	7367	1
20739	17840	1
20819	20820	1
2941	10663	1
1163	16456	1
20038	11816	1
10183	11078	1
9369	8820	1
8615	14628	1
3560	2907	1
17738	13455	1
14779	11943	1
5893	4034	1
6613	7082	1
2354	2546	1
8404	4883	1
323	4613	1
3938	840	1
11711	9997	1
12973	16535	1
8037	9263	1
12626	5380	1
974	7861	1
8741	16980	1
4810	9068	1
16399	17221	1
5423	9068	1
4034	5893	1
5684	7012	1
20111	2478	1
14137	20653	1
6507	7857	1
2829	20653	1
3651	3190	1
7276	16980	1
12926	9022	1
944	889	1
1936	3426	1
9120	9022	1
15555	6248	1
1055	1727	1
9910	9022	1
20821	14013	1
9585	12830	1
4983	4561	1
3138	18853	1
7175	16980	1
3949	1469	1
20822	20822	1
4303	2665	1
8040	7945	1
3088	3450	1
17441	20653	1
9520	3230	1
3190	3651	1
15468	15438	1
17221	16399	1
9910	8402	1
10799	11943	1
11943	10799	1
6901	12775	1
14013	20821	1
12775	6901	1
9942	9022	1
1002	3510	1
16474	9152	1
15797	2829	1
4207	5248	1
7783	3744	1
4822	6097	1
139	648	1
11031	4662	1
6977	9639	1
9910	9639	1
17916	17916	1
1269	20078	1
20405	10938	1
9568	6247	1
4662	11031	1
17261	7367	1
2678	173	1
14245	6144	1
16523	16980	1
14263	4555	1
6052	2677	1
18640	18641	1
5122	5749	1
20821	20821	1
3950	6171	1
14256	6928	1
9910	6361	1
19454	15547	1
5820	5821	1
6192	7004	1
7614	10639	1
4580	10637	1
14969	19448	1
8402	5392	1
8196	20718	1
20823	8967	1
6171	3950	1
20188	7411	1
3744	7783	1
5380	12626	1
20639	9180	1
3949	3723	1
20824	20825	1
12259	7989	1
10116	9593	1
2653	2479	1
4577	9388	1
14239	10938	1
885	6127	1
16980	16523	1
7411	20188	1
11561	9910	1
19112	17987	1
17787	9296	1
15438	15468	1
11513	6625	1
3367	134	1
9022	9910	1
8402	9910	1
8162	5300	1
13088	134	1
9117	16980	1
7791	7884	1
7505	18953	1
2596	2596	1
2726	13555	1
2324	9015	1
11440	11111	1
19244	6212	1
20531	20531	1
13268	9736	1
8490	2647	1
4303	3546	1
5558	15774	1
7884	7791	1
16836	13048	1
5870	5735	1
8745	12483	1
9568	5745	1
2496	3949	1
3520	4563	1
15709	19421	1
14151	10434	1
4393	14263	1
19713	2273	1
14197	3315	1
9600	13320	1
18545	15195	1
12160	15988	1
4265	447	1
7626	3800	1
20822	20826	1
547	717	1
19023	19024	1
11455	3297	1
19939	19938	1
17569	17031	1
20827	20616	1
13	594	1
13212	13246	1
5402	15468	1
19695	13246	1
7861	974	1
20446	20446	1
18832	10080	1
12515	16708	1
14277	10900	1
888	887	1
15849	2351	1
12973	5882	1
13665	510	1
