6037	10363	1
4389	878	1
2985	9825	1
13882	15106	1
3895	3316	1
16301	1709	1
7731	7179	1
10435	3170	1
20961	12326	1
13851	17646	1
20955	3021	1
17163	16789	1
7997	17024	1
9568	5745	1
3170	10435	1
1064	8204	1
10774	5280	1
4084	6316	1
5678	16502	1
13837	7082	1
7446	2224	1
15120	3013	1
5022	5220	1
1632	20531	1
6039	20962	1
366	320	1
5628	8315	1
8562	623	1
20463	19042	1
20557	5691	1
2224	7446	1
863	864	1
20882	371	1
371	20882	1
634	677	1
1599	1009	1
6316	7334	1
14612	16131	1
10819	10861	1
13183	13183	1
20963	18212	1
6423	16272	1
732	425	1
1599	2555	1
1618	20964	1
13571	6977	1
20965	9265	1
526	573	1
8401	6977	1
19907	19906	1
20966	14492	1
12664	12650	1
4815	623	1
366	642	1
12326	20961	1
3722	2712	1
17289	7239	1
7650	5847	1
16951	12029	1
4459	9126	1
17055	1761	1
3569	5240	1
5797	5893	1
3820	6246	1
17024	7997	1
15017	17032	1
8162	12174	1
1774	4605	1
6977	8401	1
5893	5047	1
5047	5893	1
20114	1249	1
7380	10925	1
1745	3666	1
12174	8162	1
7302	5041	1
6739	5041	1
6062	9266	1
9027	10226	1
15106	13882	1
8694	8600	1
7543	16341	1
6938	7780	1
13117	14117	1
5922	5	1
2823	20967	1
16839	17080	1
7334	6316	1
2698	6316	1
15293	15293	1
14317	14535	1
3825	10722	1
10651	12417	1
1228	15682	1
20836	20836	1
7780	6938	1
543	616	1
4459	6132	1
18212	20968	1
19597	19597	1
16264	86	1
9735	5294	1
12379	5354	1
6316	2698	1
4328	5902	1
12599	11301	1
89	12121	1
4328	9498	1
9388	4577	1
12783	9433	1
20969	9433	1
10563	13393	1
1416	4044	1
14565	4044	1
12630	3383	1
3177	11113	1
10722	3825	1
15217	12799	1
12021	20885	1
4328	4295	1
5180	20557	1
2611	9722	1
4346	3722	1
20114	13145	1
15422	10158	1
20723	17374	1
5366	12779	1
1919	9204	1
7791	7884	1
595	18367	1
4822	16758	1
20970	20868	1
20926	9436	1
5510	2460	1
20971	11446	1
7086	15618	1
7083	5753	1
11446	11446	1
9722	13589	1
5020	4709	1
2009	4582	1
13091	13081	1
3730	13081	1
1629	13081	1
2743	13081	1
10171	13081	1
1369	13081	1
1628	13081	1
11898	13081	1
12575	13081	1
1231	13081	1
3004	8137	1
6316	4084	1
18197	18197	1
14150	9680	1
6994	5392	1
8490	20926	1
15555	6248	1
2547	486	1
20926	14898	1
1381	20694	1
12100	14663	1
1774	4812	1
3048	10484	1
3299	9	1
6728	10914	1
1881	1880	1
3342	1746	1
3353	7645	1
8830	2911	1
1987	13851	1
8498	10845	1
13851	1987	1
11017	9584	1
7085	6059	1
20114	3885	1
5393	9549	1
7650	4888	1
8498	10374	1
7916	11689	1
5939	4485	1
6489	2308	1
20972	16715	1
7916	9248	1
3383	12630	1
9322	13833	1
1919	7480	1
5847	7650	1
5786	2677	1
4888	7650	1
18393	7116	1
7602	2912	1
19752	20380	1
8756	10715	1
5280	10774	1
8498	10715	1
2823	2571	1
8162	8153	1
13538	7739	1
2912	7602	1
1840	20183	1
20955	7602	1
3817	4027	1
2756	1508	1
4133	5874	1
2123	1731	1
887	888	1
14565	3606	1
3623	2902	1
4328	3449	1
1416	2934	1
16951	15153	1
17366	12541	1
7916	3335	1
3258	20183	1
16168	16168	1
5442	3950	1
2756	2544	1
7276	16168	1
1599	10383	1
2308	6489	1
18046	17543	1
9388	17543	1
11356	2190	1
2454	3822	1
19505	19934	1
10296	15515	1
4247	6927	1
12779	5366	1
16715	20316	1
8975	10319	1
3177	2915	1
13685	11414	1
4946	6591	1
7780	16397	1
13365	5473	1
8774	6193	1
6193	8774	1
2297	3679	1
4328	8903	1
20973	15617	1
3569	2532	1
2114	20823	1
400	4180	1
4836	20823	1
16502	5678	1
3930	4189	1
1416	16453	1
20183	3258	1
5087	5086	1
20823	2114	1
371	2127	1
3679	2297	1
9610	15469	1
2546	6161	1
3207	3208	1
4359	418	1
20183	1840	1
1774	3545	1
8162	1662	1
4359	1806	1
5489	2088	1
3208	3207	1
7135	15695	1
5660	1338	1
8162	10118	1
20610	16982	1
20926	8490	1
3138	18853	1
15664	14058	1
11826	4092	1
8498	9517	1
16982	20610	1
10611	17916	1
3569	6513	1
15682	1228	1
8676	8333	1
9717	10118	1
3177	4872	1
12572	16703	1
14760	3917	1
6513	3041	1
8498	8490	1
14715	13407	1
8162	5300	1
3426	1692	1
20557	5180	1
5078	4968	1
3917	17287	1
4577	9388	1
12596	9378	1
7916	10464	1
8420	14816	1
16533	4829	1
11689	7916	1
9248	7916	1
10464	7916	1
5266	5720	1
17645	17646	1
3723	6352	1
7916	10415	1
11941	11126	1
6983	5804	1
4247	11160	1
12456	3966	1
19598	9270	1
61	6501	1
6352	3723	1
5611	3309	1
16951	11074	1
3917	14760	1
5180	8967	1
8568	10685	1
6944	13270	1
12895	5511	1
539	12954	1
3438	10226	1
14565	7450	1
3623	18212	1
15881	18251	1
5806	14816	1
5393	763	1
7308	6183	1
17646	17645	1
1416	3590	1
6183	7308	1
10118	9717	1
2940	10772	1
4247	12334	1
5191	14066	1
14066	5191	1
20045	20046	1
2698	4084	1
7916	6059	1
9392	6997	1
7179	9378	1
11767	3306	1
14876	7491	1
4751	9058	1
9270	19598	1
9733	8774	1
3426	4217	1
3177	1855	1
20974	17090	1
16453	1416	1
1928	5853	1
8498	16323	1
7668	6156	1
3042	1711	1
3590	1416	1
4863	4864	1
9300	2973	1
2911	8830	1
5247	19383	1
15076	14844	1
10415	7916	1
10925	7380	1
3177	635	1
20506	6535	1
4724	8492	1
18341	1711	1
8404	9287	1
9754	9474	1
4365	4364	1
6127	6951	1
2973	9300	1
2009	2008	1
3426	1850	1
1081	9409	1
1633	4576	1
3679	20183	1
10283	2303	1
10796	1624	1
20823	4836	1
1497	3706	1
4092	4092	1
12086	12562	1
3569	7291	1
16951	7291	1
3177	10200	1
9037	8803	1
10200	2902	1
1919	2304	1
7319	7429	1
68	655	1
5463	6113	1
16502	13538	1
8162	9460	1
1900	4029	1
12790	11787	1
6646	8897	1
3283	8897	1
11765	11787	1
13117	13911	1
8155	8897	1
1207	8897	1
585	8897	1
12647	11462	1
3595	8897	1
7916	6788	1
4689	5051	1
3555	8897	1
4053	2194	1
3964	8897	1
622	8897	1
7491	14876	1
3569	5684	1
7195	8897	1
6211	8897	1
18582	5150	1
18630	18631	1
16951	5684	1
20975	15	1
559	20976	1
17002	1742	1
16289	11640	1
5684	3160	1
472	473	1
8162	10347	1
3569	3160	1
5853	1928	1
14657	411	1
7925	12479	1
17878	14018	1
11024	9897	1
6458	13775	1
6298	2964	1
4029	1900	1
9378	7179	1
3901	10274	1
8204	1064	1
19250	1191	1
5051	4689	1
4247	2999	1
13864	3690	1
20977	17055	1
8706	13737	1
3021	20955	1
1761	17055	1
5072	8512	1
7792	6997	1
18150	3852	1
18212	3623	1
8162	12498	1
6985	11212	1
1740	3493	1
1411	5450	1
13833	9322	1
11212	6985	1
4550	2358	1
6071	226	1
14760	4070	1
4247	3485	1
3426	6840	1
3041	6513	1
9287	8404	1
1557	1581	1
16568	18636	1
4247	16001	1
6788	7916	1
4328	15229	1
7429	7319	1
3177	8184	1
5266	1619	1
10667	5300	1
8774	5191	1
10376	11161	1
8320	8512	1
2653	1305	1
5166	1411	1
13289	2599	1
1202	3610	1
8007	5419	1
14378	14378	1
20218	14857	1
20978	12252	1
4247	3528	1
6530	2902	1
4084	2698	1
16668	15039	1
1416	2568	1
13775	15226	1
3274	8972	1
10562	4258	1
19120	4914	1
20647	15691	1
7916	5191	1
4890	6361	1
16951	5191	1
8261	18223	1
7178	940	1
20979	16856	1
16789	17163	1
5678	13900	1
4588	8972	1
20980	3073	1
17055	20977	1
20694	1381	1
3509	518	1
9992	10461	1
16512	16512	1
4861	20945	1
3966	12456	1
1338	4537	1
7801	5191	1
5660	4537	1
17916	10611	1
12898	6977	1
7236	6977	1
7916	6030	1
10368	7647	1
9266	6062	1
20981	20982	1
4762	4763	1
1743	20977	1
13685	564	1
7873	7874	1
4092	11826	1
6423	12717	1
13270	6944	1
2067	4189	1
20983	20933	1
4247	3462	1
13922	20933	1
2599	13289	1
16817	18524	1
2734	3170	1
17	5690	1
15137	8490	1
4929	4930	1
3170	2734	1
3849	6361	1
10042	10158	1
9825	2985	1
18052	9842	1
15925	12483	1
20984	20984	1
7023	4657	1
2734	2734	1
14816	8420	1
4328	8977	1
12828	12829	1
15908	9687	1
8162	5722	1
4763	4762	1
9281	13685	1
564	13685	1
18223	8261	1
1919	2339	1
10815	6361	1
623	8562	1
7764	3768	1
16537	14914	1
7647	10368	1
2480	3545	1
7083	5531	1
3177	15421	1
11836	8619	1
9433	20969	1
12624	2734	1
3569	2379	1
3768	7764	1
8619	11836	1
19969	20926	1
3729	6147	1
1711	4898	1
437	861	1
20161	10930	1
20985	20365	1
8137	3004	1
10274	3901	1
6146	6649	1
12832	9248	1
2985	3528	1
8040	6193	1
20842	6377	1
4495	4064	1
4006	5723	1
4836	4950	1
16902	15461	1
10896	5096	1
16147	17282	1
4950	4836	1
18852	18853	1
11758	4755	1
4755	11758	1
2239	12837	1
12315	10475	1
14180	20698	1
14823	14823	1
12837	2239	1
8776	15722	1
20942	15722	1
2420	1009	1
14792	14792	1
12259	7989	1
8903	11387	1
15076	17367	1
878	4389	1
6193	8040	1
8404	4883	1
10140	13573	1
7650	5499	1
7989	12259	1
547	6183	1
20986	20986	1
9687	15908	1
17467	15849	1
845	5818	1
8512	13687	1
20987	15849	1
2646	7857	1
20988	19040	1
6977	12898	1
16355	4751	1
5191	7916	1
6030	7916	1
609	610	1
928	929	1
13775	6069	1
2692	14019	1
6069	13775	1
20989	16450	1
19040	20988	1
1392	4755	1
9599	11346	1
1022	2636	1
6183	4755	1
18862	7408	1
7783	5357	1
371	3045	1
1919	2294	1
2636	1022	1
10096	17946	1
5818	845	1
20990	4883	1
1666	11465	1
4755	6183	1
18985	16117	1
11852	8452	1
13117	8452	1
1022	6927	1
11973	4755	1
1778	20991	1
6927	1022	1
7780	12736	1
3426	9649	1
7501	11346	1
17695	17695	1
5678	9409	1
20268	5921	1
7465	8172	1
8880	6113	1
12900	5418	1
8162	14198	1
14663	12100	1
16744	14482	1
4174	10158	1
16397	7780	1
4531	658	1
3723	3949	1
18647	2722	1
7135	7136	1
8162	5509	1
2422	6614	1
5473	13365	1
437	16432	1
3545	2480	1
17287	3917	1
14263	3333	1
20435	9837	1
5908	1365	1
4921	5359	1
9369	7801	1
4146	12693	1
10158	4174	1
15515	10296	1
12660	2715	1
19181	3602	1
1416	2492	1
4087	2715	1
10118	8162	1
