20435	9837	1
4762	4763	1
17919	9100	1
7451	4002	1
1633	4576	1
4751	16355	1
5871	2341	1
13390	12587	1
4977	12895	1
3333	8616	1
7662	18918	1
12895	4977	1
782	781	1
3523	12340	1
12100	14663	1
14663	4781	1
9571	6539	1
9582	14198	1
11265	4418	1
10634	4660	1
6812	5857	1
19802	20867	1
14150	9680	1
18358	11235	1
14101	4910	1
17163	16789	1
5341	11613	1
4763	4762	1
9015	2324	1
4895	1669	1
13851	1987	1
6959	10788	1
10067	19301	1
486	6758	1
5715	4561	1
4901	5093	1
4836	20823	1
8899	6649	1
20653	14137	1
8013	4122	1
2324	9015	1
5093	4901	1
13595	17031	1
4246	15561	1
5753	5531	1
20868	20869	1
12815	15561	1
1019	857	1
17878	14018	1
5553	8031	1
8333	8676	1
12336	13710	1
7382	13445	1
11414	406	1
16862	8259	1
20653	17441	1
4910	14101	1
7308	7804	1
10255	16708	1
6888	13392	1
20870	2386	1
9303	9411	1
19713	2273	1
4799	4445	1
20871	20872	1
17380	12593	1
13725	14074	1
13726	14074	1
20211	857	1
486	429	1
14066	5191	1
9571	7598	1
4034	17543	1
20838	8224	1
11059	5782	1
2940	10772	1
2264	4209	1
20873	1606	1
1930	5766	1
15561	12815	1
17031	13595	1
16703	12572	1
1008	8177	1
5043	5191	1
5191	5043	1
20874	20873	1
13165	8028	1
3257	4555	1
9548	3160	1
17184	17445	1
2355	5979	1
12936	12304	1
390	9300	1
7429	11562	1
11059	8222	1
5893	2284	1
3013	17977	1
15008	11572	1
4936	7888	1
4790	1731	1
1030	4677	1
9548	7888	1
672	1731	1
20045	20046	1
4418	4417	1
10000	15561	1
4034	7340	1
18005	3383	1
406	11414	1
437	6178	1
11644	8172	1
1662	7143	1
17977	3013	1
5325	13884	1
483	9275	1
15586	13884	1
7861	974	1
19153	2192	1
10	974	1
7595	7592	1
10788	6959	1
4233	3447	1
15693	20875	1
1662	5712	1
10432	9276	1
7868	10765	1
20876	12894	1
750	3015	1
10140	8886	1
11390	8481	1
11390	11390	1
16298	14725	1
9388	17224	1
20273	998	1
14754	13350	1
18622	15203	1
9165	16992	1
1481	5087	1
15790	15681	1
2726	13555	1
7952	2199	1
5796	2721	1
6702	6127	1
483	2546	1
19993	20598	1
11826	4092	1
18635	11826	1
4092	11826	1
5732	18180	1
7767	5588	1
3426	1936	1
5005	12787	1
824	2017	1
20877	16188	1
6938	7780	1
3992	11068	1
16397	7780	1
7906	384	1
2355	1504	1
13320	9600	1
15681	15790	1
6178	437	1
14199	14049	1
13587	15140	1
11047	18653	1
8799	6609	1
20813	2979	1
801	12584	1
3447	4233	1
700	699	1
11799	2829	1
6430	2950	1
1737	6742	1
1662	3695	1
1757	932	1
11356	2276	1
6952	10096	1
17946	10096	1
700	342	1
12304	12936	1
3537	2232	1
5673	10096	1
1573	9537	1
12300	13869	1
20838	12936	1
15561	4246	1
824	1268	1
10	10241	1
2807	1265	1
18121	16729	1
3738	4209	1
4816	5455	1
14565	12217	1
7523	2004	1
609	610	1
13433	13847	1
12936	8290	1
2548	13847	1
17665	12389	1
4034	2434	1
14951	18643	1
4709	5020	1
7340	4034	1
13433	2548	1
6649	8899	1
6695	2450	1
11824	2571	1
11047	16516	1
5678	16502	1
11502	1612	1
15438	11372	1
13140	2734	1
6257	2863	1
387	2571	1
17588	15840	1
16169	17057	1
6753	2121	1
7523	7523	1
20878	2371	1
20558	20558	1
18643	18643	1
20558	10845	1
3660	10072	1
2127	19986	1
3493	1740	1
2518	2519	1
9571	8631	1
9541	5977	1
15515	10296	1
2958	6765	1
5455	4816	1
11059	1897	1
483	2492	1
7615	9816	1
606	4583	1
1897	11059	1
9211	9212	1
20860	20859	1
6467	5796	1
4417	4418	1
20823	2114	1
20643	6248	1
2355	205	1
12134	5419	1
4802	1643	1
2215	18186	1
370	366	1
19678	1756	1
17103	16368	1
1662	7230	1
5130	1930	1
10845	20558	1
254	9959	1
6727	6040	1
9754	9474	1
13023	13976	1
3646	2498	1
15511	1134	1
13308	6190	1
13593	145	1
4968	5078	1
20879	756	1
483	3940	1
20880	366	1
4007	1808	1
8609	6104	1
6927	3940	1
756	20879	1
68	655	1
19986	2127	1
483	762	1
12464	6506	1
18643	14951	1
1503	882	1
7069	7070	1
5862	15745	1
2355	2390	1
7906	173	1
366	20880	1
16030	13900	1
1185	4346	1
20881	12558	1
1674	15745	1
16729	18121	1
11228	89	1
453	20882	1
4444	173	1
20882	453	1
15557	6426	1
412	89	1
20883	20884	1
4215	11025	1
437	861	1
6266	4806	1
12584	801	1
20717	18297	1
788	1282	1
940	7178	1
19259	20884	1
5359	899	1
19962	89	1
1850	2141	1
6637	9300	1
2276	11356	1
15745	5862	1
564	8335	1
11059	5862	1
5678	13900	1
4806	6266	1
12021	20885	1
974	10	1
10241	10	1
3296	141	1
11059	4905	1
2609	1725	1
18759	7178	1
4466	15818	1
14725	7178	1
412	19962	1
3462	2141	1
4345	4346	1
11047	13621	1
89	19962	1
16840	1199	1
20644	3455	1
6609	8799	1
20886	20886	1
10368	11414	1
11047	20887	1
12054	801	1
13750	18479	1
20819	20820	1
5428	11658	1
366	370	1
19844	10962	1
9240	9388	1
13985	18179	1
20558	13064	1
8886	10140	1
11372	15438	1
5482	5234	1
1139	5327	1
2734	13140	1
15438	15468	1
20888	20888	1
18775	10685	1
8716	3108	1
3170	13140	1
1517	696	1
13107	11160	1
3680	11342	1
2355	3380	1
4816	8363	1
10427	7291	1
15724	15833	1
9101	13140	1
6522	708	1
14031	10478	1
3514	9945	1
16230	20889	1
20890	20890	1
483	950	1
12732	3404	1
9644	3404	1
483	718	1
18238	8820	1
2535	4217	1
5862	11059	1
4905	11059	1
7139	11487	1
5087	1481	1
6706	8739	1
20891	5991	1
7796	2873	1
19432	7388	1
19197	18046	1
19957	15988	1
10	15	1
6183	7866	1
1662	12650	1
11824	3343	1
2724	19559	1
486	2547	1
10	7104	1
5977	9541	1
20892	12537	1
7314	492	1
6700	6325	1
10831	6439	1
20893	20893	1
13501	3307	1
1808	4007	1
18261	20894	1
3404	12732	1
10831	14372	1
3404	9644	1
1087	864	1
696	18487	1
4580	9550	1
1361	9270	1
11673	11673	1
13900	5678	1
16502	5678	1
4295	18643	1
6842	2142	1
17190	20836	1
8243	5650	1
4346	1185	1
17543	9388	1
8159	5893	1
13445	7382	1
7866	6183	1
20838	11844	1
2355	2534	1
4921	5584	1
13586	20895	1
275	11476	1
5932	10560	1
20895	13586	1
8328	12580	1
10319	8975	1
13870	7178	1
8363	4816	1
700	9926	1
6266	2088	1
19597	9270	1
4251	3944	1
9270	19597	1
12646	2351	1
1650	12313	1
5419	12134	1
20027	20896	1
20897	20896	1
1199	16840	1
14019	12558	1
483	8952	1
3383	1009	1
12313	1650	1
9001	20898	1
4529	6339	1
1265	2807	1
12601	14871	1
8820	20746	1
6339	4529	1
11476	275	1
12664	13687	1
19598	19597	1
6193	20746	1
5312	16013	1
795	5578	1
3170	10772	1
18238	6193	1
19597	19598	1
4217	13586	1
19281	4164	1
20788	11914	1
11826	18635	1
10	814	1
483	3613	1
11658	5428	1
1662	4721	1
3992	5503	1
5107	7025	1
3646	6350	1
3989	5139	1
20899	18055	1
2355	4868	1
5139	3989	1
5857	5824	1
7804	7308	1
7148	1576	1
15745	1674	1
6709	6134	1
11765	11787	1
12790	11787	1
144	19962	1
20900	7066	1
3020	1869	1
20665	10887	1
15539	9777	1
8084	9777	1
14612	785	1
13687	12664	1
2289	2290	1
1974	18264	1
9718	6562	1
9837	20435	1
7228	5642	1
5683	3213	1
13106	7082	1
14268	20852	1
5578	795	1
20901	20901	1
7495	2141	1
18479	13750	1
9273	5455	1
4258	3611	1
4346	4345	1
20577	20245	1
3966	7419	1
7988	7452	1
15093	20270	1
18086	10609	1
10118	10118	1
6	20523	1
5920	11124	1
4466	4917	1
16785	9126	1
12807	3274	1
2807	2127	1
13501	20902	1
6562	9718	1
19962	144	1
9945	3514	1
8335	564	1
3368	484	1
9360	12079	1
20903	20903	1
10660	10661	1
4346	3722	1
11356	2190	1
11781	14082	1
17072	20683	1
2665	4303	1
3617	645	1
12483	15925	1
10096	5673	1
16928	11538	1
6006	6184	1
3722	4345	1
18545	15195	1
2141	7495	1
11565	14315	1
13534	13535	1
2127	2807	1
5641	3100	1
20904	15760	1
3138	18853	1
17157	1761	1
845	229	1
16009	6424	1
4992	13156	1
3910	229	1
12271	20746	1
7139	6700	1
9632	1585	1
18238	20746	1
20905	20906	1
11047	16497	1
8498	10715	1
20907	20906	1
8579	9961	1
1069	15106	1
1786	6113	1
13107	12420	1
8033	10665	1
20908	10665	1
20909	8670	1
8891	10665	1
11293	10665	1
20910	7938	1
9202	10665	1
13508	16373	1
6447	6693	1
6189	6113	1
13976	13023	1
20746	12271	1
14311	10665	1
19000	10665	1
1793	4346	1
15106	1069	1
2355	4972	1
7324	11246	1
5796	6467	1
7025	1532	1
20900	20900	1
10283	2303	1
6084	1238	1
16289	11640	1
3839	4558	1
2135	3996	1
13156	4992	1
8979	15784	1
7148	12214	1
3234	3110	1
12807	6315	1
2420	1009	1
16980	19274	1
3083	5297	1
17475	19274	1
9863	19274	1
3366	19274	1
10276	19274	1
13200	19274	1
9452	19274	1
6977	19274	1
8153	6113	1
5939	4485	1
20316	17758	1
14871	14871	1
229	845	1
7148	770	1
4888	5154	1
7082	13837	1
13985	7491	1
2698	6316	1
19274	6120	1
1109	3531	1
6335	17200	1
3934	3531	1
11059	14117	1
18798	18763	1
1887	2227	1
6316	2698	1
6113	8153	1
12787	5150	1
6985	3479	1
7543	5893	1
5893	7543	1
13869	12300	1
6097	4822	1
13140	9101	1
4241	4133	1
18487	696	1
8704	10145	1
4133	4241	1
2355	4445	1
14725	18034	1
10158	15422	1
2271	7322	1
6475	15422	1
9479	3946	1
7938	20910	1
20911	20911	1
490	11702	1
20523	6	1
5857	6812	1
20912	9227	1
19401	14844	1
17157	18034	1
13595	13367	1
20184	13367	1
7449	9141	1
5893	8159	1
428	1050	1
20135	20913	1
5154	4888	1
6564	16595	1
9141	7449	1
229	3910	1
845	3910	1
15335	15004	1
20914	6419	1
8799	7804	1
16017	20900	1
8820	3794	1
20163	19101	1
12758	20915	1
5720	5266	1
1563	1348	1
3177	16474	1
20863	20863	1
17758	20316	1
1030	9790	1
2479	2653	1
16560	18747	1
1733	3342	1
7388	19432	1
5160	1005	1
13042	19364	1
2506	19432	1
18747	16560	1
1746	3342	1
3996	2135	1
20746	8820	1
3794	8820	1
15613	467	1
10096	6952	1
10930	20161	1
3479	6985	1
20248	20554	1
6127	6702	1
2247	5436	1
14844	19401	1
20784	13803	1
1452	2759	1
8799	1410	1
10749	15567	1
1431	1488	1
998	20273	1
11047	3257	1
1884	5463	1
1278	9675	1
6419	20914	1
13107	710	1
11773	14069	1
4751	9058	1
10855	461	1
2546	2636	1
16595	6564	1
6303	4496	1
2636	2546	1
1599	2722	1
6591	4946	1
11702	490	1
17752	20916	1
17821	14981	1
14156	2973	1
483	6927	1
2703	20917	1
15365	10713	1
3407	3418	1
1740	4055	1
19181	14535	1
787	19071	1
20918	20918	1
6513	9330	1
634	677	1
7906	5562	1
17389	15788	1
13105	20918	1
6128	10741	1
6640	4771	1
12558	14019	1
15504	18060	1
18060	15504	1
5180	8967	1
10	1359	1
1849	20273	1
677	634	1
9300	2973	1
5893	5797	1
20858	20424	1
17693	11166	1
4039	2973	1
