3100	5641	1
15536	162	1
7491	13985	1
863	20919	1
16789	17163	1
7340	4034	1
11166	17693	1
18179	13985	1
11166	7308	1
8243	5650	1
2771	2772	1
7308	11166	1
2772	2771	1
2973	9300	1
483	781	1
4946	10715	1
5266	5720	1
8886	10140	1
5753	5531	1
5972	7465	1
5797	5893	1
17163	16789	1
4888	4900	1
19292	16833	1
3177	15818	1
6120	19274	1
13985	7491	1
5893	5797	1
6248	15555	1
11166	11166	1
1361	8080	1
16923	5893	1
20188	20183	1
5893	16923	1
12456	7831	1
13985	272	1
15504	18060	1
12664	12650	1
7780	6938	1
17080	16839	1
18341	14001	1
7308	17872	1
1503	1139	1
3910	845	1
17872	7308	1
4660	10634	1
3843	1392	1
1081	2855	1
4992	13156	1
4529	6339	1
483	1537	1
17014	10410	1
17592	14163	1
4755	2998	1
3274	18927	1
6339	4529	1
5857	5824	1
19962	12121	1
4524	18927	1
2114	20823	1
9132	12274	1
20920	11647	1
4836	20823	1
4950	20823	1
3723	3949	1
9777	15539	1
2998	4755	1
3949	3723	1
888	887	1
15852	9437	1
13156	4992	1
11440	9433	1
12537	20892	1
4900	4888	1
20914	6419	1
5074	20921	1
7858	2428	1
20922	10845	1
20919	863	1
744	7452	1
20557	18113	1
2885	10765	1
1599	6700	1
111	6733	1
875	10765	1
6325	6700	1
12861	10765	1
16373	13508	1
4457	5774	1
6576	20183	1
20923	20831	1
5449	20773	1
16947	12748	1
20924	20924	1
20823	4836	1
2725	5774	1
5065	7175	1
6700	10715	1
6938	7780	1
2742	11842	1
12252	10715	1
2611	1674	1
3824	10487	1
1481	5087	1
2855	1081	1
5282	6614	1
4755	12899	1
15422	6475	1
20925	6117	1
13145	2294	1
12899	4755	1
13750	18479	1
6750	5482	1
5234	5482	1
89	12121	1
19559	2724	1
785	14612	1
5428	5599	1
2698	6316	1
7622	9276	1
3224	6410	1
18647	2722	1
9276	7622	1
17366	8222	1
15320	11492	1
15606	11492	1
3843	11492	1
7523	11492	1
15343	11164	1
9554	11164	1
755	2126	1
10720	11164	1
5843	11164	1
4241	3230	1
15640	11164	1
18971	11164	1
7780	16397	1
14612	785	1
7022	11164	1
20926	9436	1
20830	20831	1
6027	11164	1
5164	11164	1
6633	11164	1
13239	11164	1
19378	11164	1
7413	11164	1
6431	11164	1
8150	11164	1
705	11164	1
7776	11164	1
18649	11164	1
5442	3950	1
14725	14725	1
18034	14725	1
6316	2698	1
7280	2295	1
12771	8141	1
3950	5442	1
5463	1884	1
20927	20927	1
20853	20854	1
11390	18358	1
1884	5463	1
4303	9498	1
20928	2388	1
17205	6433	1
14532	15203	1
907	8878	1
5022	14352	1
5589	11972	1
8976	7128	1
10634	4660	1
1674	889	1
7128	8976	1
4459	9126	1
4346	1793	1
5641	3100	1
7543	16341	1
10722	3825	1
17205	10139	1
18647	20929	1
1611	896	1
16397	7780	1
15300	16341	1
2743	15385	1
2516	15385	1
8767	15385	1
11383	1913	1
921	15385	1
5345	6547	1
1817	15385	1
14467	15385	1
11414	15642	1
11414	5590	1
5366	12779	1
18113	20557	1
5673	10096	1
6952	10096	1
20919	4595	1
7685	3480	1
12819	20930	1
10994	2260	1
11658	2260	1
425	732	1
395	3996	1
15582	18275	1
12323	9816	1
3297	11455	1
4182	4534	1
17374	20723	1
16923	16923	1
366	709	1
84	1526	1
11914	20788	1
20931	20931	1
20831	20830	1
2636	1022	1
20932	20932	1
14969	13392	1
12779	5366	1
2546	6161	1
7281	6549	1
9912	3895	1
1099	3895	1
926	16960	1
1006	3895	1
1206	3895	1
1096	3895	1
13140	9101	1
13777	3895	1
8696	3895	1
4595	20919	1
408	3670	1
7164	3895	1
707	3895	1
1718	3895	1
1729	3895	1
9301	3895	1
3763	3895	1
1220	985	1
9436	20926	1
13074	17454	1
8878	907	1
4580	3895	1
4019	718	1
2497	3895	1
17588	17588	1
5743	3895	1
6888	3895	1
1005	5160	1
8687	3895	1
14827	20273	1
12379	5354	1
11058	3895	1
17366	7945	1
20273	3895	1
761	3895	1
8141	12771	1
242	241	1
3017	9724	1
1599	9133	1
5176	3895	1
5660	1338	1
2228	3895	1
5797	3895	1
19962	89	1
3716	3895	1
7680	3895	1
4375	3895	1
366	1692	1
10845	10715	1
2137	3895	1
2935	3895	1
11987	10715	1
16139	10715	1
964	3895	1
6132	3895	1
2770	3895	1
13922	20933	1
17916	10611	1
453	20882	1
6547	5345	1
10096	6952	1
5628	8315	1
8839	8315	1
2807	8859	1
9011	20934	1
20823	4950	1
20935	20936	1
14413	11773	1
16355	4751	1
11773	14413	1
10457	14413	1
1740	1740	1
3605	1249	1
20273	998	1
14532	18439	1
5745	9568	1
3895	8668	1
7126	10715	1
18223	8261	1
7831	12456	1
10968	6845	1
1119	1120	1
14725	16298	1
14330	16286	1
13530	13530	1
13131	14113	1
16714	3170	1
2224	6670	1
2801	6845	1
953	6022	1
18428	14113	1
6052	7380	1
10096	5673	1
6134	6709	1
9227	20912	1
16677	11516	1
6750	8260	1
16839	17080	1
5160	1005	1
20713	13031	1
6423	6530	1
1643	4802	1
635	752	1
6745	13032	1
13031	20713	1
20937	16486	1
5720	5266	1
6897	4020	1
9058	4751	1
366	490	1
14968	7602	1
10247	8830	1
20938	20939	1
7602	14968	1
1913	12291	1
14816	5806	1
8670	20909	1
4941	11065	1
17543	18046	1
1526	84	1
4257	5301	1
20321	3920	1
15438	15468	1
20909	8670	1
4020	6897	1
6544	19582	1
15955	19582	1
11719	19582	1
13091	19582	1
10204	19582	1
1629	19582	1
5191	14066	1
5451	19582	1
10205	19582	1
10967	19582	1
10171	19582	1
19826	19582	1
20554	9119	1
13011	19582	1
20940	19582	1
4754	19582	1
18928	19582	1
11898	19582	1
3939	19582	1
19091	19582	1
10314	19582	1
20941	20941	1
20942	15722	1
11846	15722	1
1469	3723	1
6423	4873	1
8128	8128	1
17366	10713	1
3723	1469	1
4816	8363	1
1554	5757	1
18927	4524	1
16298	14725	1
13691	14932	1
2422	6614	1
8976	9066	1
20882	10108	1
20183	20188	1
15511	9477	1
3100	3101	1
14663	12100	1
366	2420	1
4890	3849	1
6097	3101	1
1599	2420	1
6376	2979	1
7025	5107	1
4241	5736	1
6513	3041	1
20943	16310	1
10108	20882	1
6419	11564	1
11564	6419	1
9212	9211	1
13962	9066	1
15511	11767	1
7602	20188	1
20188	7602	1
14066	5191	1
14018	17878	1
4477	5798	1
5283	791	1
13985	18179	1
10157	6475	1
8323	6849	1
6985	3479	1
573	526	1
1599	4366	1
8315	5628	1
18927	3274	1
15691	20647	1
8976	4730	1
6750	5753	1
6052	8823	1
14001	18341	1
4241	3380	1
13595	17031	1
20944	10296	1
6112	11551	1
5504	15397	1
5932	10560	1
2799	3233	1
1410	8799	1
14844	19401	1
20916	19401	1
387	4399	1
1599	17242	1
1064	12899	1
860	2571	1
2407	2700	1
3479	6985	1
12120	12120	1
14932	13691	1
8172	7465	1
5301	4257	1
10	9	1
972	7465	1
14317	14535	1
2722	18647	1
7916	11689	1
20237	20237	1
13736	17926	1
13032	6745	1
3895	5411	1
849	1229	1
5753	7083	1
20945	3745	1
11387	8903	1
9067	13193	1
19158	17361	1
6052	5722	1
2147	5024	1
13023	5862	1
5510	2460	1
5921	20268	1
496	7204	1
14896	14913	1
1338	5660	1
20531	20531	1
11714	1155	1
2869	20902	1
1599	11462	1
8492	4724	1
3822	16298	1
11562	7429	1
11356	2190	1
16298	3822	1
429	486	1
1229	849	1
9388	17543	1
18046	17543	1
3605	3438	1
7465	972	1
2323	11593	1
863	864	1
1201	11593	1
10607	11593	1
12291	1913	1
4390	4525	1
15076	17367	1
7662	18918	1
5581	14197	1
4762	4763	1
11551	6112	1
16456	1163	1
16301	2352	1
9101	13140	1
3041	6513	1
7429	11562	1
16343	19993	1
8141	4755	1
16668	15911	1
6183	4755	1
4755	6183	1
20557	5691	1
8498	10715	1
2890	20946	1
6613	20946	1
7855	20946	1
3784	11166	1
20947	11166	1
20948	11166	1
10474	11166	1
6070	11166	1
1599	20882	1
17693	11166	1
3745	20945	1
3153	11166	1
1650	11166	1
14437	11166	1
10750	11166	1
2873	7866	1
13538	7739	1
16854	2248	1
17366	12787	1
1996	3547	1
387	2571	1
1338	3996	1
11689	7916	1
17543	9388	1
8903	10778	1
5556	11602	1
20949	20949	1
5893	2284	1
10774	5280	1
10819	1620	1
2734	13140	1
13140	2734	1
5419	12134	1
1606	20873	1
6725	1071	1
9298	1119	1
4755	8141	1
19335	19647	1
4777	896	1
19567	19647	1
15598	11563	1
14535	14317	1
5862	13023	1
12691	18731	1
366	370	1
20950	20951	1
4802	3853	1
1793	4346	1
19716	19716	1
13392	14969	1
11563	15598	1
20645	6210	1
19087	2066	1
15925	12483	1
13084	14796	1
1579	1580	1
12929	9223	1
20952	10957	1
17205	7857	1
19269	20040	1
15293	12870	1
17205	3945	1
18646	18646	1
12565	752	1
15435	10737	1
5227	9805	1
9388	9805	1
17205	1331	1
8363	4816	1
7408	9805	1
9388	8668	1
20040	19269	1
20953	20607	1
7239	17289	1
447	4265	1
17190	20836	1
2609	5307	1
20954	19239	1
2653	1586	1
5806	14816	1
366	718	1
1599	718	1
6706	7153	1
3170	13140	1
13140	3170	1
4055	1740	1
2973	14156	1
18242	19934	1
16475	16475	1
20955	3258	1
19505	19934	1
1599	6213	1
701	379	1
4346	3722	1
11973	4755	1
12870	15293	1
1556	11550	1
7989	12259	1
10737	15435	1
15561	10000	1
3133	7595	1
254	7595	1
20316	16715	1
16289	11640	1
1481	1582	1
2339	8594	1
2479	5076	1
3996	395	1
3996	2135	1
5076	2479	1
14800	14800	1
3895	3068	1
13571	4287	1
19791	1677	1
9300	6637	1
7446	2224	1
15511	9385	1
16301	11459	1
18046	19197	1
6637	9300	1
18764	20277	1
8867	20571	1
6506	9451	1
20956	20956	1
15996	14215	1
5893	7543	1
524	816	1
13737	8706	1
10483	14105	1
7739	13538	1
7758	5499	1
366	7306	1
2228	4946	1
18423	20957	1
4335	20957	1
20188	18621	1
7595	3133	1
4981	14603	1
1144	5712	1
19934	19505	1
1503	808	1
14603	4981	1
1599	4341	1
3768	7764	1
2420	1009	1
2224	7446	1
20958	20959	1
18333	15111	1
17046	15111	1
2677	5786	1
9697	15111	1
20960	15111	1
8340	15111	1
731	5314	1
2653	11110	1
1635	15111	1
9923	15111	1
2868	4245	1
5280	10774	1
3013	15120	1
7179	7731	1
200	870	1
7731	7179	1
7144	11885	1
7519	1028	1
16855	8896	1
3170	10435	1
20183	1840	1
