10188	9690	1
18832	10080	1
6104	2379	1
14628	8615	1
20828	4160	1
1188	15300	1
5026	5027	1
8222	18661	1
11767	3306	1
7783	3744	1
3949	3723	1
15300	1188	1
3744	7783	1
16785	17931	1
3138	18853	1
5564	5133	1
7550	2260	1
9593	10116	1
1881	7854	1
6127	6702	1
14967	7020	1
12775	6901	1
16641	19431	1
7639	6901	1
3079	2911	1
5382	5381	1
8876	17388	1
7085	5894	1
20612	3306	1
12544	7868	1
10055	3116	1
4581	3744	1
1055	591	1
4049	11950	1
5894	4664	1
2734	13140	1
4664	5894	1
10285	12202	1
6166	5133	1
8125	7854	1
8776	15722	1
13140	2734	1
20525	17473	1
6977	9639	1
20032	20032	1
4901	5093	1
18624	3055	1
19112	4662	1
5753	3178	1
5441	4589	1
1599	912	1
14198	9582	1
12973	5470	1
14198	15014	1
400	4180	1
2205	6361	1
20829	19237	1
10158	5546	1
2438	650	1
2172	3250	1
17816	17816	1
16910	1284	1
13246	19695	1
19957	8454	1
134	13088	1
4836	20823	1
18441	16792	1
18621	7863	1
14137	20653	1
10620	5892	1
12926	13710	1
2829	20653	1
2771	2772	1
4832	4812	1
8378	5594	1
10639	10118	1
5922	8057	1
18661	8222	1
5343	6222	1
13476	14287	1
2480	8222	1
5676	150	1
2004	7523	1
7228	13289	1
9695	9807	1
14050	17885	1
3013	17977	1
5381	5382	1
2772	4601	1
8141	12771	1
3450	3088	1
8998	314	1
510	13665	1
7523	2004	1
389	906	1
12726	16249	1
9232	18747	1
1643	16249	1
3523	4555	1
11816	20038	1
17441	19237	1
5558	5417	1
11031	4662	1
12771	8141	1
2646	7857	1
2713	2059	1
138	11219	1
5635	16249	1
16399	17221	1
7085	9411	1
6380	4735	1
8976	12134	1
11826	18635	1
13665	510	1
3404	12732	1
3617	4735	1
18635	11826	1
16150	18653	1
139	2756	1
7853	16249	1
7066	16249	1
9690	10188	1
9068	2879	1
5380	12626	1
7367	896	1
6507	7857	1
1746	19837	1
1188	1002	1
11295	3829	1
20830	20831	1
3820	3450	1
3088	3450	1
19237	17441	1
3523	5862	1
14137	17441	1
16301	13501	1
5893	2284	1
20653	17441	1
20032	20033	1
11414	11826	1
11513	11632	1
14317	14535	1
10427	7291	1
16454	16455	1
20746	7291	1
8774	7291	1
11687	7690	1
3820	4883	1
1884	1238	1
16678	5847	1
6625	11513	1
15170	2352	1
10342	11513	1
5189	371	1
2711	3458	1
11826	11414	1
6475	15552	1
11658	3458	1
20832	20831	1
2408	12314	1
11689	7916	1
7786	9400	1
5237	7695	1
7257	27	1
4611	1791	1
12314	2408	1
7276	14807	1
11556	9138	1
17221	16399	1
14844	11565	1
5360	2255	1
20833	20834	1
15232	15233	1
3660	8471	1
18366	18367	1
9500	18367	1
19538	18367	1
20833	10083	1
20132	15668	1
3523	3257	1
2323	11593	1
1201	11593	1
10607	11593	1
2351	12646	1
3849	5859	1
20835	20835	1
569	319	1
486	4822	1
18094	18094	1
10158	10042	1
3108	13791	1
3170	8707	1
20188	7411	1
10375	3096	1
17885	18325	1
2546	6161	1
5227	7974	1
8568	10685	1
18646	261	1
20424	20259	1
20813	2979	1
11068	3992	1
20823	4836	1
6702	6127	1
9429	974	1
4521	12437	1
23	424	1
13350	14754	1
9152	8235	1
15037	3546	1
2998	4755	1
1497	3706	1
3523	5857	1
1791	4026	1
15722	8776	1
5749	5122	1
7008	3101	1
5641	3101	1
3820	6279	1
8471	3660	1
15548	15548	1
16980	9117	1
1055	8284	1
10072	3660	1
20836	17190	1
4822	786	1
19087	2876	1
6774	1596	1
5893	4034	1
5594	8378	1
3523	4034	1
10886	4525	1
3788	2356	1
6110	10966	1
7416	11372	1
1229	3568	1
15468	15438	1
18457	18458	1
20826	20837	1
14398	11372	1
13985	11372	1
15438	15468	1
4968	5078	1
19514	9136	1
14308	15232	1
594	13	1
2079	8552	1
7178	940	1
1579	1580	1
13392	12899	1
912	1599	1
14535	14317	1
15181	162	1
6213	1599	1
15170	11919	1
1599	6213	1
15849	11919	1
6212	19244	1
4983	4561	1
7361	10620	1
16147	17282	1
12748	2902	1
20526	20526	1
12271	6924	1
2726	2390	1
5297	1059	1
7895	11164	1
3660	10072	1
5862	20838	1
6385	6397	1
6997	18040	1
13851	3315	1
6537	10646	1
20839	20839	1
7916	7624	1
6030	7624	1
7974	5227	1
540	20840	1
10685	8568	1
3523	8222	1
18086	10609	1
1233	17392	1
6703	18756	1
3523	2480	1
6690	18005	1
2192	17088	1
7416	14876	1
19938	19939	1
471	165	1
17157	1761	1
3236	11300	1
8859	2807	1
4735	3166	1
2726	3103	1
824	1268	1
319	569	1
987	579	1
3383	18005	1
4726	6783	1
861	437	1
3820	3068	1
15517	11909	1
808	1503	1
4182	4534	1
9276	10432	1
17380	16516	1
3178	5753	1
7083	5753	1
5678	16502	1
18118	20482	1
5381	10387	1
3383	11540	1
20841	2193	1
1210	5890	1
13538	16502	1
10432	9276	1
5447	5434	1
9388	4577	1
15093	17152	1
18458	18457	1
3744	4581	1
18461	15228	1
4034	5893	1
2079	4308	1
3820	3153	1
16398	16398	1
6851	6850	1
9273	126	1
17977	3013	1
9807	9695	1
13791	3108	1
2678	3827	1
9429	7104	1
12535	12357	1
3595	18653	1
8533	8614	1
19941	10153	1
2855	1081	1
20838	12936	1
173	2678	1
10609	18086	1
3523	1897	1
8545	10986	1
12936	20838	1
7264	14715	1
20647	15691	1
3820	2543	1
205	395	1
19432	19432	1
15691	20647	1
15243	1149	1
20135	12848	1
672	2123	1
15552	6475	1
7019	4504	1
18179	13985	1
13435	13007	1
11372	13985	1
14692	14844	1
10412	7442	1
14715	8280	1
20842	5211	1
9571	8530	1
13501	16301	1
20345	7451	1
12899	13392	1
2998	2087	1
1182	9267	1
9568	2873	1
12779	5366	1
3875	4582	1
7514	7514	1
4002	7451	1
15170	9404	1
11858	15990	1
3979	10914	1
15290	1427	1
887	870	1
3530	2067	1
2079	560	1
8577	14659	1
4863	1148	1
20482	18118	1
5890	9790	1
20843	20843	1
6	20523	1
5122	12464	1
14754	13350	1
6513	9330	1
12732	3404	1
20844	13687	1
9644	3404	1
5327	882	1
10681	10869	1
7291	8803	1
5753	5531	1
974	7861	1
3970	7384	1
2677	6052	1
1087	864	1
9330	6513	1
9752	20359	1
20774	12068	1
15762	5382	1
2891	20359	1
1069	3306	1
7370	11387	1
10140	8886	1
10118	10639	1
2260	20749	1
940	7178	1
13687	20844	1
3438	5227	1
12068	20774	1
7662	13665	1
3523	5782	1
8803	7291	1
4964	699	1
627	7989	1
5215	7989	1
3966	7419	1
12464	5122	1
2678	173	1
15153	4816	1
2654	4921	1
3820	5006	1
3088	3088	1
12413	11164	1
5842	9	1
486	485	1
12336	5444	1
14066	4816	1
6354	7422	1
6783	4726	1
8228	19448	1
1494	2342	1
3820	12936	1
16150	11161	1
5166	5450	1
10620	7361	1
6370	4992	1
20845	11781	1
7622	7495	1
4174	12369	1
20846	20846	1
5735	5870	1
12970	7986	1
4271	5341	1
2611	1674	1
5870	5735	1
21	200	1
3820	4905	1
4598	11697	1
887	888	1
16910	4009	1
3523	4905	1
17441	20653	1
7888	9548	1
20833	20847	1
20574	14235	1
11421	966	1
7082	6613	1
18428	20848	1
12540	6901	1
11235	18358	1
6613	7082	1
4822	6095	1
19112	18358	1
6901	12540	1
20446	10292	1
6425	5890	1
19281	4164	1
4822	486	1
17987	19112	1
5191	7801	1
4662	19112	1
7495	7622	1
18358	19112	1
4806	6266	1
12726	1345	1
17380	1241	1
10681	4246	1
15170	4033	1
15126	7535	1
5510	2460	1
243	6161	1
3520	4563	1
13417	20849	1
20653	14137	1
7776	4246	1
3568	1229	1
20842	6025	1
3447	4233	1
4035	10839	1
3514	1339	1
4233	3447	1
5129	3716	1
5076	800	1
6104	8609	1
12910	12910	1
2390	2726	1
8490	2647	1
8609	3965	1
7925	12479	1
5516	8093	1
20837	20826	1
3965	8609	1
1611	896	1
2641	5695	1
3716	5129	1
10096	17105	1
4992	6370	1
518	8141	1
3820	2585	1
431	16509	1
11031	4726	1
5584	4921	1
11295	3950	1
15745	1674	1
1191	19250	1
1194	10116	1
16150	16802	1
4164	19281	1
4454	5003	1
10845	10715	1
15126	5562	1
5450	5166	1
15438	15579	1
4409	6612	1
4006	6022	1
3037	3452	1
7028	6649	1
14398	15579	1
8031	5553	1
11372	15579	1
17380	16062	1
3820	6700	1
4822	6097	1
11387	8903	1
11164	12413	1
8911	2151	1
20260	16222	1
3528	3528	1
2183	915	1
5715	4983	1
20210	13104	1
4663	1822	1
4726	11031	1
14876	7416	1
2631	2632	1
7451	20345	1
20850	1526	1
6097	3101	1
6346	10574	1
18837	2282	1
2904	4155	1
3852	18150	1
18545	15195	1
1059	5297	1
1338	5660	1
160	154	1
9015	16450	1
3523	14263	1
4983	5715	1
2721	5796	1
9267	1182	1
16456	11797	1
5750	2399	1
14215	26	1
6135	13701	1
15579	16780	1
535	10838	1
6879	6880	1
5093	4901	1
4946	10715	1
20078	1269	1
4534	4182	1
40	15	1
10780	10780	1
2130	20671	1
5366	12779	1
11513	6625	1
17543	4034	1
18747	16560	1
13367	13595	1
16560	18747	1
1740	1567	1
10116	1194	1
16450	9015	1
17031	13595	1
7624	7916	1
406	11414	1
3722	4346	1
14692	14855	1
13	594	1
13474	3605	1
5280	9230	1
17088	2192	1
13884	5325	1
906	389	1
3343	11824	1
2079	2768	1
20557	5691	1
13104	20210	1
6742	1737	1
12571	11301	1
20851	12464	1
9987	20625	1
1884	20852	1
5301	4257	1
14049	14199	1
19962	12121	1
271	272	1
4735	6380	1
8935	6380	1
4900	4888	1
5806	14816	1
123	15789	1
14816	5806	1
15382	7174	1
7319	7429	1
3651	3190	1
8498	10715	1
8820	9369	1
5283	456	1
8903	11387	1
5078	4968	1
1643	4802	1
17031	17569	1
3258	20183	1
10687	4007	1
1808	4007	1
20853	20854	1
12483	8745	1
1787	3048	1
20854	20853	1
9388	17224	1
4796	173	1
18428	7331	1
15126	8086	1
12274	9132	1
20183	3258	1
20598	19993	1
15789	19993	1
1268	824	1
15642	2255	1
4355	2383	1
18150	3852	1
4938	3309	1
9276	7622	1
20855	20856	1
16502	5678	1
9100	17919	1
7791	4303	1
6612	4409	1
5489	4757	1
7761	6352	1
4801	4318	1
3068	6836	1
8706	13737	1
4822	4028	1
4905	13268	1
4577	9388	1
636	3012	1
10427	8774	1
8591	7049	1
9736	13268	1
7780	6938	1
5660	1338	1
1935	515	1
18583	7164	1
3170	10772	1
20523	6	1
12728	3851	1
16789	17163	1
6045	10839	1
371	3045	1
8235	9152	1
7958	16023	1
3820	7032	1
7291	10427	1
19713	2273	1
8774	10427	1
5133	6166	1
13974	15596	1
1669	4895	1
4174	6562	1
8998	4176	1
7126	2260	1
12842	18690	1
3010	2234	1
13420	20450	1
20749	2260	1
7322	2271	1
20746	6193	1
13889	5133	1
556	434	1
14692	3578	1
2123	672	1
4400	6031	1
6271	7741	1
13744	3568	1
20857	2777	1
6153	6154	1
3567	897	1
5894	6783	1
1427	15290	1
11301	12571	1
6783	5894	1
2399	5750	1
18046	19197	1
20842	6024	1
11807	13531	1
8141	1096	1
2554	1384	1
20746	8820	1
20424	20858	1
3974	824	1
510	7662	1
13665	7662	1
7164	18583	1
3404	9644	1
3523	4206	1
5442	3950	1
19634	19634	1
6024	20842	1
3950	5442	1
5122	5749	1
13851	1987	1
15126	6135	1
3170	3840	1
871	3216	1
5180	8967	1
19742	20472	1
20577	20245	1
3116	10055	1
3523	3216	1
16150	16876	1
8695	19090	1
7015	50	1
750	3015	1
5715	4763	1
10531	9300	1
20838	9409	1
4983	4763	1
8886	10140	1
18783	18783	1
5327	1139	1
16523	4034	1
20859	20860	1
395	205	1
887	200	1
12494	6282	1
1269	20078	1
20861	8439	1
6562	4174	1
7340	4034	1
8177	1008	1
5266	5720	1
4198	7024	1
3794	8820	1
3723	3949	1
241	242	1
4034	16523	1
366	370	1
5050	20524	1
9300	10531	1
5345	8252	1
4235	3948	1
20862	20862	1
19920	5893	1
5739	6187	1
20863	20864	1
16355	4751	1
6934	17123	1
7622	9276	1
3356	15169	1
4720	18176	1
2637	20865	1
4246	7776	1
2420	1556	1
5766	1930	1
5206	9777	1
4816	14066	1
20866	20866	1
1556	2420	1
855	670	1
17856	20679	1
8252	5345	1
998	20273	1
17880	18359	1
5175	5185	1
5045	10244	1
