2653	6002	1
14849	2422	1
2616	4754	1
19915	19626	1
2422	14849	1
7909	12744	1
7543	4930	1
2215	18186	1
21157	13492	1
18317	3361	1
9738	3361	1
7345	10893	1
3723	3949	1
15628	3160	1
8998	9693	1
1584	4789	1
21159	21160	1
7361	10620	1
1469	3949	1
387	2571	1
10856	3160	1
3870	3227	1
20533	8085	1
10620	7361	1
505	492	1
19626	19915	1
3949	3723	1
5715	4561	1
7429	7319	1
5896	5217	1
12899	6127	1
2935	6670	1
6475	12175	1
12464	2315	1
6035	9138	1
15482	15988	1
20039	6395	1
7602	20183	1
9675	2315	1
2297	4789	1
11565	10208	1
4754	2616	1
12664	12650	1
6127	12899	1
8702	12174	1
7504	7505	1
7505	7504	1
14308	15232	1
12258	12958	1
863	20919	1
12174	8702	1
4754	3502	1
12961	16535	1
20602	2537	1
2616	3502	1
7622	9276	1
19233	8710	1
10968	21079	1
8443	21152	1
17246	21017	1
16933	10784	1
543	616	1
3502	4754	1
21079	21161	1
9276	7622	1
9360	4487	1
8499	8498	1
9359	4487	1
9138	6035	1
16522	10410	1
6303	17797	1
5972	18	1
1224	5742	1
374	15422	1
6433	5411	1
11817	18901	1
8333	8676	1
9742	329	1
2422	16745	1
156	2771	1
8973	5906	1
5068	7158	1
3826	4597	1
5463	13990	1
19730	18653	1
14420	5690	1
8177	3344	1
2563	10646	1
16230	8490	1
89	1731	1
275	275	1
10041	12837	1
2517	14392	1
4485	7604	1
3344	8177	1
3567	1731	1
20919	863	1
19646	3660	1
493	2897	1
21146	9117	1
7615	11527	1
200	887	1
6600	14215	1
1059	5774	1
12945	12180	1
872	873	1
20273	3383	1
3957	5409	1
16486	6246	1
2051	1558	1
8036	19646	1
3660	19646	1
4102	15203	1
13925	13927	1
17089	20854	1
6053	3068	1
406	11826	1
12300	12029	1
275	475	1
10413	20033	1
5690	14420	1
5068	1786	1
8038	8038	1
10413	20032	1
2247	4898	1
19730	16497	1
2304	425	1
19194	16516	1
16230	10932	1
19730	16516	1
9001	20898	1
4405	18849	1
5451	8929	1
19644	8929	1
541	1365	1
12096	8909	1
2106	14321	1
5321	19438	1
2084	1432	1
4523	328	1
9777	15539	1
2304	16112	1
2737	1356	1
1833	2336	1
4864	4863	1
12945	18016	1
18797	12816	1
5321	5072	1
6657	10730	1
14357	2260	1
6053	2492	1
2901	2260	1
5072	5321	1
3606	1741	1
12371	3775	1
2935	2533	1
13548	16009	1
21162	15617	1
21163	21129	1
10768	9204	1
21129	21163	1
3567	1677	1
14357	6458	1
14682	14682	1
3276	7499	1
4720	18176	1
5789	16199	1
20260	3600	1
6827	6828	1
5983	15724	1
4157	4873	1
1931	71	1
7084	16222	1
5047	11124	1
16355	4751	1
6228	7204	1
21164	11614	1
21152	8443	1
2771	156	1
21165	8776	1
5843	625	1
4706	4707	1
8676	10250	1
14375	8776	1
8181	4873	1
21144	21120	1
20593	21120	1
21129	21129	1
12483	15925	1
6649	8899	1
8111	7997	1
10072	20157	1
3180	14886	1
21166	21166	1
14321	2106	1
11858	21167	1
6053	7084	1
21168	11815	1
20531	20185	1
5818	5110	1
21169	1637	1
1517	3383	1
19676	19597	1
11274	8897	1
16230	20926	1
4504	4122	1
2203	4781	1
7861	974	1
9368	8490	1
1637	13847	1
6576	5782	1
5357	7521	1
8909	12096	1
6213	1599	1
4751	16355	1
1599	6213	1
802	3537	1
4358	4358	1
9275	13023	1
3029	5684	1
2336	5004	1
20391	21170	1
9541	6836	1
17797	6303	1
9480	10663	1
411	7388	1
14357	7388	1
21169	13847	1
3783	3600	1
14490	3480	1
10120	3480	1
5742	1224	1
18176	4720	1
10179	9069	1
1731	89	1
13165	816	1
524	816	1
19962	89	1
15422	374	1
411	5671	1
11817	19237	1
2260	2901	1
13911	13117	1
11463	7688	1
10685	17697	1
6116	6116	1
5366	5920	1
14855	18046	1
13574	15226	1
11690	3433	1
7951	1423	1
20760	20760	1
21171	2785	1
1822	2379	1
3288	20887	1
540	5078	1
3606	5068	1
3029	9391	1
10988	6883	1
13150	18494	1
12610	5920	1
1931	4559	1
6183	8035	1
14654	2749	1
2820	3019	1
6160	6160	1
24	243	1
5068	3606	1
3567	3017	1
14969	13392	1
19560	6337	1
11817	496	1
19333	7143	1
2420	2611	1
5068	8803	1
9109	5920	1
1674	2611	1
5378	3007	1
20032	10413	1
2611	8910	1
8910	2611	1
11161	3170	1
1512	21	1
20675	20675	1
4246	15561	1
4524	21109	1
12945	6015	1
16774	6883	1
21138	16012	1
4174	10158	1
625	5843	1
14201	15162	1
13048	13315	1
5321	5499	1
10706	6781	1
3170	11161	1
8681	7715	1
1093	9731	1
16230	17783	1
3027	3028	1
4940	7556	1
5409	3957	1
3796	2894	1
1822	3892	1
13675	1605	1
6053	1869	1
5300	3042	1
3567	3707	1
17922	44	1
21172	21172	1
21171	17090	1
410	9136	1
15561	4246	1
1642	14765	1
15724	5983	1
1188	6765	1
10765	7868	1
6765	1188	1
3908	3907	1
21	1512	1
3029	5096	1
18977	15401	1
5219	4592	1
2658	12817	1
16230	2647	1
2408	12314	1
3370	4592	1
7556	4940	1
8490	9368	1
5307	4592	1
7311	4592	1
16287	6037	1
11817	15589	1
16199	5789	1
5310	9680	1
3535	1323	1
6576	3213	1
4485	5783	1
21173	3528	1
8381	3380	1
1958	7465	1
17031	19670	1
14805	8777	1
3320	19670	1
2043	5778	1
3235	5354	1
18086	10609	1
1822	2480	1
13023	5862	1
95	15686	1
19561	19562	1
13389	19562	1
1441	21	1
10706	8676	1
8963	4903	1
20392	20392	1
5923	1700	1
10706	10387	1
20995	16227	1
6845	10968	1
458	459	1
10815	6361	1
7756	7757	1
5248	20362	1
4409	3950	1
21174	20624	1
2611	1674	1
19646	8036	1
144	19962	1
18747	16560	1
89	19962	1
2866	9248	1
5884	15177	1
2611	9722	1
19670	17031	1
15177	5884	1
7162	9816	1
5789	12344	1
8897	11274	1
10384	10384	1
18928	17226	1
5368	2979	1
20977	17055	1
12744	7909	1
10706	1134	1
6053	1461	1
3689	3332	1
453	515	1
948	4074	1
19701	19701	1
21	1441	1
1767	1439	1
12945	16633	1
21175	18711	1
14494	1829	1
1830	1829	1
17268	17977	1
18711	21175	1
10968	6845	1
10639	17762	1
2632	2631	1
21176	7505	1
15586	13884	1
13990	5463	1
16230	13204	1
21079	6845	1
11465	1459	1
1224	2064	1
19154	1686	1
13261	9771	1
9117	21146	1
15435	17321	1
9956	3695	1
15678	21017	1
5194	4547	1
5357	17321	1
21177	246	1
7997	17321	1
1497	3706	1
21171	21171	1
2084	4696	1
21178	21178	1
18297	20717	1
4903	8963	1
19543	6883	1
2611	2420	1
5862	13023	1
3950	4409	1
5247	10796	1
4418	8051	1
636	3012	1
15422	10158	1
17321	15435	1
12779	5366	1
3491	3493	1
17326	17324	1
6053	2165	1
9322	1390	1
6037	16287	1
10777	10777	1
3567	2440	1
13869	9242	1
6053	623	1
16871	8722	1
11690	2863	1
49	50	1
15205	12804	1
4291	4064	1
7604	4485	1
10706	11767	1
4597	3826	1
1064	2616	1
835	2935	1
16516	19194	1
11314	9722	1
431	2504	1
10930	20161	1
9722	11314	1
20991	13767	1
972	7746	1
21179	20579	1
15750	19760	1
4487	9359	1
8899	6649	1
5366	12779	1
19802	7425	1
18960	8089	1
8776	14375	1
21180	10158	1
6467	886	1
6467	23	1
411	15632	1
16951	7291	1
10158	15422	1
6119	5931	1
6467	4179	1
5768	5569	1
19399	20882	1
20882	19399	1
8051	4418	1
19482	5419	1
3567	2883	1
13763	1662	1
3382	11296	1
21181	1237	1
2653	5187	1
10706	14917	1
14201	12535	1
13590	16613	1
10074	16354	1
20926	16516	1
21182	10774	1
2935	835	1
3438	4757	1
6649	15038	1
18780	11039	1
13614	9193	1
19269	20040	1
5068	2052	1
3606	2052	1
5258	5773	1
2616	3673	1
8843	14277	1
21017	15678	1
2161	3673	1
1662	13763	1
8150	16731	1
13315	13048	1
8609	6241	1
21171	6151	1
18695	8018	1
20574	14235	1
2900	9389	1
13671	21183	1
2336	428	1
6840	3307	1
6259	10458	1
6241	8609	1
2311	2368	1
7622	7495	1
16560	18747	1
16516	20926	1
21112	3101	1
7891	16708	1
15203	4102	1
18644	19073	1
3029	3030	1
6720	7505	1
12302	10997	1
21184	15557	1
21081	10849	1
6396	11455	1
19948	15596	1
18695	6765	1
9587	13573	1
