7487	1397	1
2114	20823	1
11844	5893	1
8214	14066	1
20969	9433	1
3569	13747	1
5485	3561	1
6352	3723	1
19120	4914	1
7126	12477	1
5509	4114	1
5893	11844	1
3949	3723	1
5378	14360	1
14914	16537	1
3723	3949	1
12550	20992	1
15641	10784	1
20993	20994	1
3545	3315	1
19752	15760	1
8619	11836	1
2009	15760	1
4247	4017	1
2756	4664	1
20995	20211	1
20996	4017	1
13665	510	1
5089	13933	1
8280	7088	1
6316	2698	1
18428	17031	1
1416	3268	1
5418	12900	1
18852	18853	1
7916	5979	1
4328	5979	1
3177	20997	1
12587	12743	1
6135	5415	1
3315	3545	1
2480	3545	1
13626	5979	1
3545	7108	1
12936	12304	1
905	5979	1
20838	12304	1
5979	7916	1
6977	8401	1
13851	3315	1
6104	8609	1
275	11476	1
2698	6316	1
8976	8763	1
20998	11120	1
7894	4655	1
3177	9208	1
10461	8706	1
3623	18212	1
8903	11387	1
12743	12587	1
7650	4900	1
3545	2480	1
1416	212	1
7086	15618	1
4888	4900	1
11397	5892	1
3323	18512	1
4258	10562	1
8706	11078	1
6637	9300	1
5191	15528	1
6264	6142	1
5585	3058	1
1397	7487	1
11031	12496	1
20999	14535	1
988	62	1
13032	10435	1
5511	12895	1
1441	11527	1
10988	10988	1
6142	6264	1
12323	9816	1
7108	3545	1
12496	11031	1
17510	9816	1
6840	11321	1
7162	9816	1
8972	3274	1
8369	3744	1
9568	9816	1
3177	1740	1
3569	15013	1
3569	14754	1
13573	10140	1
963	6214	1
12881	1606	1
5690	17	1
5797	7543	1
5997	7465	1
3583	3438	1
12895	5511	1
8162	10118	1
3438	3583	1
3722	4346	1
3569	1229	1
510	13665	1
2756	6783	1
8333	8676	1
2203	3438	1
2620	5203	1
4900	4888	1
13350	14754	1
6849	8323	1
12693	12693	1
11476	275	1
5813	2480	1
19089	6298	1
3568	2480	1
7922	7213	1
6385	11643	1
18852	5581	1
6840	3946	1
3438	10226	1
4864	4863	1
16985	5825	1
1669	5106	1
8262	4039	1
14535	20999	1
4384	4956	1
6185	5825	1
5581	18853	1
5160	1005	1
3901	10274	1
5711	7933	1
4940	8522	1
4956	4384	1
20853	20854	1
13032	7311	1
5893	5047	1
10206	12584	1
20653	19237	1
1742	17002	1
15682	3870	1
7088	8280	1
5047	5893	1
1606	12881	1
13884	10649	1
12584	10206	1
9126	4459	1
15076	15076	1
7543	5893	1
4459	9126	1
6132	4459	1
5636	7361	1
2408	12314	1
5678	6646	1
7012	7291	1
8363	13442	1
8774	7291	1
5893	7543	1
11417	5248	1
19235	7291	1
10484	3048	1
7922	5892	1
20434	17926	1
21000	3110	1
21001	6300	1
3110	21000	1
14377	6772	1
5628	6854	1
7622	9276	1
4172	1900	1
6840	3426	1
14424	6772	1
3438	2203	1
1005	5160	1
16817	9470	1
4039	8262	1
6186	10756	1
3509	6700	1
3917	17287	1
655	68	1
19401	20916	1
8327	19501	1
5022	7841	1
14881	14881	1
4739	2552	1
17355	19201	1
13851	1987	1
14754	13350	1
3509	2653	1
17	5690	1
640	5690	1
17758	13705	1
2323	11593	1
1201	11593	1
10607	11593	1
10473	2484	1
21002	21003	1
15234	4532	1
13725	14074	1
13726	14074	1
3833	1869	1
5719	6294	1
8401	6977	1
7922	6294	1
573	526	1
13691	14932	1
11095	7930	1
1523	1338	1
9388	9388	1
9300	390	1
12300	13869	1
13032	20005	1
3644	7932	1
11593	6058	1
1990	2901	1
5581	18852	1
12779	5366	1
3091	5733	1
20521	18188	1
8820	5830	1
7933	5711	1
20211	20995	1
15664	6883	1
4017	4247	1
392	625	1
14186	12079	1
7833	12079	1
623	12079	1
5705	12079	1
9359	12079	1
9131	12079	1
9949	12079	1
10284	12079	1
8570	12079	1
11386	12079	1
7083	5531	1
7922	6315	1
3462	4247	1
18188	20521	1
758	1379	1
2999	4247	1
3485	4247	1
7922	4801	1
16001	4247	1
3528	4247	1
6927	4247	1
12334	4247	1
4755	6183	1
19993	16343	1
2941	10541	1
7543	5797	1
1338	5660	1
15094	3743	1
9533	2425	1
11602	18644	1
7922	5568	1
7922	14165	1
15722	8776	1
12304	12936	1
13032	1622	1
21004	2611	1
16230	20889	1
14375	8776	1
3509	1232	1
16289	11640	1
20104	6668	1
1913	1232	1
6513	16537	1
7305	16962	1
6248	6801	1
1193	4209	1
10838	535	1
12862	5715	1
13834	6883	1
4755	1392	1
6668	20104	1
10896	5096	1
6294	7922	1
18040	16962	1
13032	3203	1
1855	16009	1
6315	7922	1
20228	21005	1
4801	7922	1
20919	4595	1
4710	2611	1
5568	7922	1
14165	7922	1
6183	4755	1
16009	1855	1
19605	16071	1
4996	4996	1
1884	7695	1
9138	7000	1
8333	7695	1
8162	2950	1
2246	2211	1
9300	6637	1
2004	5955	1
3717	21006	1
1339	3514	1
6242	1019	1
1661	2353	1
9945	3514	1
7744	1378	1
3509	1378	1
4528	2735	1
3794	16197	1
5778	9311	1
3644	718	1
4172	15013	1
12895	12587	1
11758	14645	1
11593	1558	1
11820	6936	1
730	1451	1
11643	6385	1
15748	8824	1
15718	8824	1
7595	254	1
11767	9385	1
21007	18256	1
7922	8843	1
21007	18934	1
9612	5085	1
10171	18928	1
2211	2246	1
3509	6379	1
13724	6765	1
3509	11635	1
886	374	1
642	374	1
10609	18086	1
9722	2611	1
6577	4696	1
3509	8018	1
9311	5778	1
3514	9945	1
4829	16533	1
16817	7120	1
19197	18046	1
2106	14382	1
17543	18046	1
9718	8705	1
16854	2248	1
1249	20114	1
21008	21009	1
13145	20114	1
17926	20434	1
7922	11562	1
5359	426	1
2759	1452	1
8323	8260	1
16817	14398	1
730	1452	1
18405	18405	1
3822	2454	1
20187	20187	1
20854	20853	1
6248	15988	1
5817	5642	1
18212	3623	1
8820	1273	1
18928	10171	1
5636	10620	1
1194	1928	1
20990	20653	1
8644	4281	1
19237	20653	1
16533	4829	1
21010	21011	1
8410	6845	1
476	3792	1
7922	6897	1
14382	2106	1
1188	1612	1
390	9300	1
19700	15137	1
13032	2631	1
8609	6104	1
20114	3885	1
89	19962	1
2632	2631	1
3823	4169	1
21012	3274	1
236	16312	1
6765	13724	1
2660	3788	1
5436	2247	1
6674	7683	1
20961	11965	1
17917	20075	1
8705	11078	1
10466	86	1
2106	6997	1
2347	500	1
21013	2506	1
19700	3170	1
5546	10158	1
5423	8512	1
20702	20702	1
7922	7336	1
3823	10562	1
6646	5678	1
6997	2106	1
3091	221	1
4763	4561	1
20114	13145	1
10938	20405	1
7291	7012	1
8705	9718	1
3509	11758	1
12540	6901	1
21014	6297	1
1022	6927	1
11120	20998	1
3182	6297	1
7922	4439	1
3170	16714	1
20400	16523	1
1031	3103	1
16666	9922	1
20882	453	1
730	238	1
12123	6297	1
13433	1802	1
960	12196	1
15942	19984	1
14305	20400	1
453	20882	1
6843	6297	1
2506	21013	1
21015	21015	1
13984	15420	1
3509	2616	1
19962	12121	1
4528	2616	1
7922	15334	1
861	437	1
16475	4238	1
737	1081	1
625	392	1
12100	14663	1
11012	14314	1
7922	16703	1
21016	470	1
5107	1532	1
13196	8443	1
18046	14855	1
4172	11465	1
13433	13847	1
3091	644	1
3549	2800	1
16873	1081	1
1305	2653	1
20653	20990	1
5357	7521	1
1452	730	1
238	730	1
13433	16132	1
8443	13196	1
1081	16873	1
1451	730	1
5715	4561	1
5923	1700	1
1311	1740	1
15438	21017	1
3509	4341	1
8059	16302	1
1053	1709	1
1919	107	1
3967	1709	1
2351	1709	1
8542	1709	1
2203	1709	1
11372	14398	1
4346	3722	1
6097	6458	1
7175	20882	1
3091	756	1
7465	5997	1
6625	11513	1
4172	1897	1
18494	13150	1
4946	7164	1
21017	15438	1
18238	3274	1
4172	4789	1
1897	3332	1
13985	15438	1
3274	18238	1
7085	10623	1
20746	18238	1
15438	13985	1
14197	3315	1
4528	9409	1
18644	11602	1
10623	7085	1
15390	15314	1
7689	11858	1
18512	3323	1
3701	17561	1
8243	5650	1
3509	5008	1
17645	17646	1
785	14612	1
3950	6171	1
9060	3323	1
14612	785	1
940	7178	1
20118	8008	1
3461	1956	1
8330	7744	1
10283	2303	1
3729	5550	1
15835	2369	1
21010	21010	1
7291	8803	1
3644	3462	1
3333	14263	1
3509	7308	1
1372	9270	1
1355	3051	1
9550	4580	1
5811	279	1
14725	7178	1
19598	19597	1
144	19962	1
2355	1108	1
19597	19598	1
16900	8545	1
16840	1199	1
3908	3907	1
14375	82	1
5673	10096	1
19626	9472	1
12580	10028	1
21018	21019	1
7164	4946	1
20034	18901	1
3724	13549	1
6898	1548	1
21020	21020	1
4251	3944	1
20862	20862	1
11414	406	1
8172	7465	1
13593	1802	1
17946	10096	1
6017	13366	1
1199	16840	1
3644	3516	1
8972	4588	1
13610	13610	1
9270	1372	1
382	3564	1
3091	5742	1
14132	18357	1
9470	21017	1
4760	3564	1
3091	5717	1
16137	12297	1
3091	5068	1
6414	4250	1
14535	5442	1
5519	6361	1
414	243	1
9629	19422	1
3823	7480	1
16893	16894	1
1700	5923	1
10118	8162	1
1641	886	1
4343	3105	1
10788	19459	1
21021	21022	1
10922	3105	1
21012	6062	1
14652	1919	1
14968	5087	1
3085	6289	1
13433	300	1
21021	21021	1
5411	11486	1
5650	8243	1
4247	12334	1
5678	16502	1
11465	1459	1
1919	2511	1
13538	16502	1
392	5062	1
426	5359	1
13933	5089	1
14744	21023	1
19073	11602	1
6703	3239	1
6936	11820	1
1081	737	1
1411	5166	1
17163	16789	1
9527	4034	1
2454	3822	1
21024	21024	1
1459	11465	1
265	266	1
320	366	1
2106	14321	1
1897	4172	1
19962	144	1
1532	5107	1
4504	6022	1
18357	14132	1
16502	13538	1
4034	9527	1
14932	13691	1
1900	4172	1
6901	12540	1
7922	12540	1
19529	6270	1
3509	547	1
15137	19700	1
9691	547	1
4528	4528	1
18700	9683	1
4172	3892	1
7452	7988	1
406	11414	1
2611	9722	1
86	84	1
4047	8967	1
13734	1273	1
4466	3940	1
6506	12464	1
4172	4909	1
20094	7853	1
21007	11841	1
8669	8669	1
14165	6901	1
14132	6361	1
5922	5	1
10796	5247	1
13032	10015	1
7988	7452	1
7922	8338	1
5955	2004	1
5715	12862	1
3234	7810	1
1268	2017	1
14807	14869	1
9076	11610	1
21025	21025	1
10096	17946	1
12255	13630	1
3315	13851	1
3041	6513	1
15889	19699	1
12304	20838	1
15115	15116	1
6171	3950	1
20990	16703	1
3528	2985	1
9276	7622	1
5086	6258	1
2132	21026	1
4247	2985	1
11610	9076	1
16962	7305	1
13559	13560	1
9825	2985	1
20407	3542	1
6258	5086	1
6297	6843	1
5366	12779	1
5700	5640	1
2496	4034	1
3274	8972	1
5660	1338	1
13278	14204	1
20407	5697	1
14814	11497	1
5280	10774	1
8338	7922	1
9673	4775	1
7922	7466	1
19274	12965	1
12417	10651	1
2722	18647	1
10774	5280	1
5442	14535	1
7922	11007	1
14940	1149	1
15663	3246	1
17358	11641	1
21027	21028	1
10807	6414	1
18204	18204	1
3644	2478	1
5110	5818	1
20990	8361	1
14716	10208	1
6441	7049	1
16789	17163	1
7466	7922	1
12758	19928	1
10759	2096	1
11007	7922	1
20698	14180	1
20829	14095	1
12540	7922	1
6414	10807	1
7687	4126	1
2311	17609	1
16031	14397	1
3823	76	1
11246	7561	1
3743	15094	1
5087	14968	1
2255	15642	1
16703	7922	1
9411	9303	1
15334	7922	1
6977	13571	1
4439	7922	1
4287	13571	1
12787	18263	1
19400	800	1
3268	1416	1
8490	15137	1
3177	2935	1
15137	8490	1
1990	2488	1
18852	3138	1
21029	9303	1
212	1416	1
5354	12379	1
7465	1958	1
19928	12758	1
11602	19073	1
17029	12758	1
2585	6424	1
7804	1270	1
7916	5191	1
4172	7764	1
20183	3679	1
4432	20528	1
238	1761	1
159	1761	1
15038	6721	1
18644	19073	1
6923	17787	1
4172	1469	1
3583	6424	1
4528	6325	1
717	9736	1
4172	1667	1
5191	7916	1
13032	2555	1
5122	4374	1
5248	11417	1
9966	7334	1
11562	7922	1
1774	4692	1
18086	10609	1
19277	3079	1
7668	6384	1
14804	3079	1
3138	18853	1
6507	2646	1
16502	5678	1
2496	2646	1
8453	8452	1
15461	15474	1
20057	20057	1
11836	8619	1
7921	9680	1
15300	16341	1
7334	9966	1
12900	5418	1
89	12121	1
14250	20472	1
6384	7668	1
12544	11855	1
5896	5217	1
8512	5423	1
20528	4432	1
15137	21030	1
6547	5345	1
8683	9342	1
8492	4724	1
3274	21012	1
5678	13311	1
2420	1009	1
20718	8196	1
4034	2496	1
20316	16715	1
21030	7899	1
7899	21030	1
14132	9894	1
2484	4871	1
7622	7495	1
1761	299	1
7922	10938	1
294	5434	1
299	1761	1
5191	8364	1
3644	2545	1
2484	10473	1
3121	635	1
12693	4146	1
4724	8492	1
3950	5442	1
3555	8897	1
14197	7108	1
13032	13248	1
10938	7922	1
9599	8331	1
18149	18149	1
4034	2434	1
7561	11246	1
7662	510	1
3105	10922	1
2480	5813	1
1599	2545	1
7922	7345	1
17917	5444	1
12134	5419	1
1503	882	1
5442	3950	1
3509	4589	1
13366	6017	1
14132	15639	1
7744	8330	1
4233	3447	1
7922	4020	1
1928	1194	1
13311	5678	1
3975	5411	1
518	8141	1
6372	4167	1
14204	13278	1
16371	4167	1
2646	6507	1
13032	5534	1
17101	2480	1
7495	7622	1
2513	277	1
437	2683	1
4328	6119	1
9582	9583	1
13433	17885	1
21030	16229	1
12483	15925	1
7345	10893	1
5190	5904	1
3079	14804	1
3509	7032	1
8824	15718	1
6984	18075	1
15639	14132	1
7570	18075	1
5818	5110	1
18221	18075	1
9894	14132	1
21031	18075	1
11605	18075	1
9671	18075	1
13515	18075	1
7810	3234	1
14844	18075	1
5411	3975	1
12965	19274	1
10435	18075	1
3447	4233	1
20364	9015	1
4687	2910	1
16229	21030	1
14019	2692	1
1622	10435	1
21032	18075	1
1163	16456	1
2234	696	1
19840	18075	1
3509	6265	1
19224	18075	1
6056	6057	1
12932	18075	1
16179	18075	1
14132	4167	1
1584	3190	1
8756	18075	1
9624	18075	1
7739	18075	1
5419	12134	1
15194	18075	1
20831	20832	1
15681	6069	1
14132	7302	1
13032	6265	1
13808	12777	1
13900	18075	1
19670	18075	1
3949	1456	1
11059	1897	1
412	7179	1
21030	9409	1
4126	7687	1
1585	18727	1
12777	13808	1
1228	1227	1
7179	412	1
1761	238	1
7801	8247	1
10116	10116	1
15339	6901	1
435	4206	1
8210	6901	1
5745	3561	1
6893	5537	1
13032	10811	1
11168	12488	1
11497	14814	1
5456	10811	1
1990	9426	1
7235	20183	1
4218	12174	1
5300	10667	1
6901	15339	1
6069	15681	1
17787	6923	1
5537	6893	1
6901	12568	1
8774	8820	1
13571	6977	1
2829	7204	1
4146	12693	1
6248	20643	1
12568	6901	1
2773	2773	1
7922	13710	1
16024	16023	1
16565	12472	1
10432	19277	1
3951	2403	1
7957	7958	1
4034	8571	1
2646	7857	1
7302	14132	1
4167	14132	1
14968	3021	1
19269	20040	1
3761	15818	1
9777	8084	1
7922	14277	1
10054	13710	1
4470	15818	1
