9150	16035	1
16163	371	1
1193	493	1
5411	7543	1
4727	9138	1
7375	2588	1
6297	12123	1
6700	6100	1
18653	19730	1
19730	18653	1
2749	488	1
12502	10335	1
496	1234	1
10335	12502	1
12568	6901	1
10246	9300	1
7334	15106	1
4861	20945	1
20961	11965	1
15339	6901	1
9383	8896	1
16358	10765	1
8210	6901	1
3723	3949	1
7868	10765	1
12337	21047	1
6901	12568	1
3344	6034	1
11965	20961	1
14044	13215	1
8896	9383	1
3949	3723	1
17944	7232	1
16855	9383	1
1469	3949	1
4602	4047	1
1134	8676	1
2480	3545	1
15598	11563	1
9303	8591	1
2900	9389	1
8333	8676	1
7568	447	1
9383	16855	1
16792	4692	1
11500	447	1
11563	15598	1
10023	5066	1
15789	123	1
18239	447	1
447	7568	1
5318	7786	1
6845	21079	1
9150	11632	1
8196	20718	1
2611	1674	1
16922	11965	1
10968	21079	1
9872	1419	1
4100	14360	1
8944	328	1
2864	6908	1
5076	21122	1
12664	12650	1
16230	18439	1
3994	328	1
8490	18439	1
5411	5893	1
2201	2648	1
6908	2864	1
21123	21124	1
11767	3306	1
3761	8603	1
16884	9389	1
5893	5797	1
21079	2801	1
12100	13390	1
13824	13390	1
1227	1228	1
1617	3761	1
8699	9436	1
5468	5783	1
9517	3673	1
5463	1884	1
5441	3905	1
3334	9239	1
11022	10320	1
7224	11267	1
6918	1361	1
9436	8699	1
13900	15837	1
13951	8490	1
12693	12693	1
11387	8896	1
5970	20943	1
1390	1746	1
10320	11022	1
7085	5894	1
5325	5691	1
10067	20943	1
20943	10067	1
3870	3227	1
15825	5382	1
13473	5849	1
5894	7085	1
8037	6552	1
6901	15339	1
12495	7690	1
3503	15153	1
9138	4727	1
2616	9409	1
5797	5893	1
3738	4209	1
12259	15528	1
1232	889	1
20698	14180	1
13311	9409	1
19700	20368	1
21125	7110	1
3523	20368	1
6513	6576	1
20653	19237	1
12411	12411	1
2371	3999	1
3547	3380	1
21086	21126	1
16486	6246	1
6513	1987	1
4174	6562	1
20990	20653	1
21127	21128	1
14137	20653	1
3233	6411	1
20040	19269	1
2829	20653	1
1064	12899	1
19237	20653	1
20919	863	1
6562	12932	1
20827	20616	1
8973	5906	1
11414	11826	1
645	3241	1
6245	7332	1
12932	6562	1
5650	8243	1
1224	5742	1
5893	5047	1
5047	5893	1
8243	5650	1
23	7746	1
13023	9275	1
9275	13023	1
4167	6372	1
6727	6040	1
5671	7196	1
412	20770	1
635	3704	1
19069	6490	1
3833	3704	1
6513	2379	1
7551	3286	1
5411	5047	1
19795	20882	1
8544	7832	1
3738	3690	1
635	6344	1
15021	6344	1
6513	16523	1
200	870	1
11826	4092	1
6419	9202	1
4358	14122	1
4346	3722	1
4358	4407	1
561	21129	1
3949	1469	1
4812	3546	1
20770	412	1
21122	5076	1
11826	11414	1
16163	10676	1
21130	21131	1
20032	10413	1
6564	10413	1
15750	14672	1
3297	11455	1
2616	4522	1
9704	3215	1
4751	16355	1
16744	14482	1
4289	2722	1
18579	18579	1
7801	8364	1
19730	8421	1
15750	12450	1
2722	4289	1
5042	12582	1
3262	16143	1
863	864	1
20365	19936	1
2139	16343	1
5742	1224	1
11565	10208	1
5062	625	1
20421	20421	1
18188	15438	1
8676	1134	1
10054	6897	1
6475	7152	1
20653	20990	1
20446	16992	1
20365	20985	1
21132	21042	1
15566	3335	1
8379	12197	1
6490	19069	1
2616	4280	1
20759	20759	1
12540	6901	1
447	11500	1
814	3740	1
15835	2369	1
5789	16199	1
8328	6490	1
5283	3860	1
6901	12540	1
19556	13847	1
3227	3870	1
447	18239	1
6562	15988	1
6513	1839	1
7228	9041	1
4863	4864	1
814	6959	1
1388	5413	1
14180	20698	1
594	13	1
11767	6346	1
7196	5671	1
8820	7952	1
1940	16666	1
4083	14592	1
5455	9273	1
3623	3307	1
19968	18409	1
16163	14816	1
384	4606	1
8774	7952	1
1280	1368	1
295	107	1
18058	7671	1
3722	4346	1
3485	3528	1
17946	10096	1
21131	21130	1
9731	1093	1
13	594	1
20990	16703	1
4092	11826	1
11233	13048	1
18188	11372	1
4504	4122	1
4975	7849	1
16343	2139	1
1599	1517	1
6552	8037	1
17787	6035	1
696	1517	1
21133	14881	1
18487	18622	1
2616	4589	1
6513	4589	1
814	11932	1
5134	7944	1
7684	10954	1
16716	7042	1
2616	8181	1
5604	3229	1
10794	6417	1
1517	1599	1
5413	1388	1
8512	18016	1
21134	12626	1
4409	763	1
4139	9680	1
12383	12383	1
6228	7204	1
2264	4209	1
1220	985	1
8776	14375	1
3823	76	1
1584	4789	1
12383	6924	1
15750	4489	1
540	5078	1
6153	6154	1
9165	6986	1
4466	622	1
3777	1218	1
11860	2194	1
1715	1716	1
2894	3796	1
19597	19598	1
4534	5622	1
2304	17541	1
9550	4580	1
11161	3170	1
16516	6859	1
10413	6564	1
16742	6859	1
16163	2552	1
16112	2304	1
4803	4804	1
20246	20427	1
200	887	1
4034	13724	1
4057	2360	1
16122	9000	1
625	5843	1
662	5312	1
887	200	1
7680	2304	1
3212	2304	1
2194	11860	1
2339	2304	1
17541	2304	1
1397	1345	1
3383	2984	1
19915	19626	1
15071	15071	1
16163	19551	1
13473	1580	1
14370	7756	1
5684	7012	1
13724	4034	1
3984	4078	1
123	15789	1
15908	9687	1
4251	3944	1
2984	3383	1
144	19962	1
15385	1556	1
16668	15911	1
18622	18487	1
15566	8443	1
10532	12791	1
11414	18803	1
20823	4950	1
13140	2734	1
10741	6128	1
6513	9330	1
1556	15385	1
7757	7756	1
1347	20774	1
19626	19915	1
21135	20429	1
3783	16222	1
19931	8443	1
2616	7332	1
20170	20887	1
18242	19934	1
5878	5878	1
14471	19641	1
11274	8897	1
6213	8933	1
543	722	1
7592	7593	1
7831	12456	1
15365	12456	1
5066	10023	1
9300	10246	1
1005	5160	1
19505	19934	1
1887	2360	1
4083	515	1
322	322	1
19443	11246	1
6146	7323	1
3019	5531	1
7741	5800	1
7031	5800	1
11414	6883	1
9778	6447	1
15504	20664	1
11414	2205	1
13884	14237	1
4037	6883	1
15750	14559	1
8676	8333	1
16884	13808	1
11372	18188	1
20960	17090	1
9730	2360	1
173	4444	1
12816	18797	1
9426	2360	1
3794	4257	1
622	4466	1
8036	19646	1
13474	13589	1
14803	4218	1
13273	4218	1
7085	6783	1
20882	371	1
12345	272	1
243	1397	1
5047	5411	1
6894	6859	1
18731	6859	1
662	660	1
7739	5021	1
1397	243	1
4578	10933	1
10620	14573	1
20853	20854	1
7690	12495	1
18180	5732	1
2364	4257	1
660	662	1
11624	19432	1
10206	130	1
7989	2863	1
9141	14597	1
6783	7085	1
18188	18179	1
13215	14044	1
20854	20853	1
2839	2997	1
3741	1009	1
1711	3736	1
19432	11624	1
5318	18179	1
9704	15109	1
6513	2480	1
13985	18179	1
18150	3852	1
3082	5282	1
4666	19482	1
4580	9550	1
14876	18179	1
1948	76	1
16454	18087	1
4804	4803	1
6898	18179	1
12582	5042	1
18653	16139	1
5711	17513	1
16139	18653	1
3792	2467	1
3669	17513	1
3826	18179	1
11011	18179	1
11372	18179	1
20653	14137	1
16454	16455	1
14420	14420	1
4444	173	1
7592	11868	1
13432	7056	1
4767	11868	1
18087	16454	1
16132	12727	1
2504	431	1
16199	5789	1
10413	20032	1
21136	6337	1
18582	5150	1
1884	5463	1
7810	6108	1
10080	16098	1
14237	13884	1
17321	7997	1
16098	10080	1
800	19400	1
763	4409	1
15586	13884	1
941	5305	1
4111	5305	1
8897	11274	1
5775	15438	1
11826	18635	1
13884	15586	1
12197	7178	1
940	7178	1
7257	5	1
5922	5	1
3170	11161	1
15911	16668	1
4358	2005	1
10749	3315	1
16732	3109	1
16884	11161	1
5382	15825	1
21137	2337	1
12197	8379	1
5944	14201	1
18179	18188	1
6262	5580	1
19934	19505	1
814	974	1
21109	4725	1
13219	8690	1
15837	13900	1
14321	2106	1
20760	20760	1
2127	2807	1
6513	2611	1
5579	5580	1
7233	5571	1
14661	14662	1
19869	20375	1
6035	9296	1
4977	2611	1
5964	7179	1
3085	6289	1
8535	756	1
18016	8512	1
3315	10749	1
6160	6160	1
7334	3950	1
5800	7031	1
15106	7334	1
8976	12134	1
3950	7334	1
9704	19431	1
2420	2611	1
16266	15474	1
20664	15504	1
2616	3673	1
11565	14844	1
15474	16266	1
2106	14321	1
7983	11514	1
1674	2611	1
1282	788	1
89	19962	1
6346	11767	1
16163	2610	1
635	752	1
54	4913	1
10504	10504	1
4361	9300	1
3970	5586	1
14573	10620	1
2807	2127	1
814	5684	1
14150	9680	1
6039	7345	1
21079	2354	1
9300	4361	1
7543	4930	1
3523	8222	1
7012	5684	1
2075	4074	1
4218	13273	1
2354	21079	1
7012	3160	1
16343	19993	1
3479	11387	1
3660	19646	1
17321	15435	1
14804	9735	1
5800	7741	1
9771	13261	1
17486	3110	1
4078	3984	1
14037	11632	1
7786	5318	1
16012	21138	1
16009	3605	1
814	3947	1
1517	696	1
5121	5120	1
11741	11741	1
21099	21098	1
6700	21139	1
2611	2420	1
3605	16009	1
19962	89	1
2360	2227	1
7671	6900	1
2386	20870	1
21140	21140	1
10620	13737	1
6108	7810	1
6035	17787	1
2616	3502	1
4754	2616	1
6513	17646	1
21017	272	1
11814	17059	1
21141	21141	1
17246	21017	1
12727	16132	1
20990	8361	1
6765	5799	1
20988	20827	1
20616	20827	1
6220	8724	1
19646	3660	1
11514	7983	1
21142	20883	1
814	1338	1
2804	1135	1
1248	740	1
12900	5418	1
14239	10938	1
8690	13219	1
11511	9120	1
8261	18223	1
7622	7495	1
5366	12779	1
4358	9015	1
2247	4898	1
3514	1339	1
9616	15679	1
12456	15365	1
10938	14239	1
1091	2589	1
1653	4962	1
18223	8261	1
6258	5086	1
20558	20558	1
6189	11451	1
981	7522	1
3110	17486	1
4975	5629	1
5418	12900	1
6267	20073	1
19673	7868	1
18342	18342	1
20827	20988	1
19935	411	1
10765	7868	1
3741	21143	1
9693	8998	1
206	16041	1
814	6105	1
9977	3420	1
2985	4247	1
4345	4346	1
13737	10620	1
8899	6649	1
4246	15561	1
4346	4345	1
11074	11111	1
4522	2616	1
4280	2616	1
19482	4666	1
4432	4898	1
4589	2616	1
15679	9616	1
8181	2616	1
5086	6258	1
5752	6225	1
2086	11641	1
12544	7868	1
13433	1802	1
14478	14496	1
16884	5799	1
5380	6059	1
10954	7684	1
21120	21144	1
5939	6105	1
19962	144	1
13586	4217	1
14968	9776	1
7495	7622	1
3502	2616	1
8750	8575	1
13574	15226	1
20375	19869	1
11296	17344	1
8422	6844	1
16635	16221	1
20208	4781	1
9120	11511	1
2616	3509	1
3509	2616	1
20882	8526	1
13132	16751	1
13482	11766	1
3019	2820	1
7179	5964	1
7602	20183	1
3315	13851	1
16884	14239	1
16289	11640	1
6513	20183	1
3356	7255	1
7337	11439	1
21145	2801	1
20183	7602	1
5684	3160	1
4409	3950	1
10651	12417	1
9117	21146	1
12263	12649	1
5341	4271	1
12779	5366	1
12174	8702	1
3950	4409	1
21147	5247	1
13590	16613	1
5312	16013	1
2227	2360	1
10483	8263	1
7521	5357	1
6433	835	1
6039	8177	1
3420	9977	1
2483	5381	1
9776	14968	1
7319	7429	1
814	9428	1
21079	12194	1
2616	9092	1
14263	4555	1
7449	8700	1
8700	7449	1
110	5252	1
18777	16522	1
5951	5929	1
21148	1226	1
9541	6836	1
21149	21150	1
11439	7337	1
17927	14592	1
7731	7179	1
7465	8172	1
12456	7831	1
909	21112	1
7492	6752	1
8490	13951	1
2552	6752	1
20870	2386	1
14597	9141	1
21151	4398	1
21152	8443	1
17321	5357	1
16632	16632	1
16658	14844	1
13724	13724	1
2616	2016	1
21153	17390	1
14765	1642	1
14315	14844	1
2452	21112	1
4754	4755	1
21112	2452	1
4696	2084	1
10839	6045	1
1432	2084	1
6576	9330	1
9669	18487	1
6317	257	1
4660	10634	1
4170	2084	1
2016	2616	1
9388	17224	1
9138	6035	1
6045	10839	1
1072	2634	1
5783	4485	1
20602	13590	1
20185	20531	1
12899	4755	1
11424	944	1
6070	7126	1
3736	1711	1
21154	9118	1
15953	15953	1
8976	6887	1
16992	16671	1
1632	3349	1
5078	540	1
6513	16980	1
13864	3690	1
13687	12650	1
16745	2422	1
2422	14849	1
2420	1009	1
2479	2479	1
21155	11815	1
4217	13586	1
6513	2912	1
944	11424	1
19646	8036	1
10634	4660	1
1087	864	1
21156	2537	1
11766	13482	1
12953	6151	1
9173	20718	1
9721	7423	1
5247	21147	1
4950	20823	1
16839	17080	1
6789	11057	1
21017	17246	1
4257	13586	1
2897	493	1
5778	2043	1
21157	21157	1
3042	5300	1
2336	1833	1
1390	9322	1
4755	12899	1
7334	8425	1
16312	236	1
541	1365	1
5411	6433	1
20882	515	1
6127	12899	1
21158	21158	1
16933	10784	1
7126	9005	1
