795	5578	1
12795	16804	1
15691	20647	1
2725	387	1
2995	5227	1
11836	10100	1
14849	9962	1
13292	12537	1
10968	3216	1
3216	9085	1
16873	15590	1
11943	14779	1
6929	9456	1
180	2096	1
3073	9085	1
1884	5463	1
7931	2192	1
15656	12534	1
3216	10968	1
14563	16638	1
14814	6424	1
6048	6938	1
3975	10968	1
10968	3975	1
20848	19915	1
10968	12635	1
12635	10968	1
18644	19073	1
9436	16802	1
5463	1884	1
15164	16992	1
8810	17270	1
14624	20616	1
7622	9276	1
9934	21378	1
6564	10413	1
14073	12693	1
8719	9381	1
8500	2294	1
3949	3723	1
21039	21039	1
12664	12650	1
13273	1563	1
17002	11361	1
20616	14624	1
8141	6539	1
8243	5650	1
5062	624	1
9436	13951	1
7228	13289	1
20282	20282	1
21097	19883	1
15724	20461	1
13924	7639	1
18536	478	1
21238	11205	1
2976	666	1
16601	2012	1
4106	5875	1
10960	6765	1
13421	11562	1
1661	95	1
15795	21342	1
20357	666	1
17659	4304	1
21378	9934	1
1837	1838	1
5710	6765	1
16900	9997	1
3723	3949	1
11361	17002	1
10413	6564	1
10100	11836	1
11562	13421	1
7859	11259	1
4573	616	1
16667	11007	1
17388	1893	1
8172	14992	1
2258	7481	1
7319	7944	1
14992	8172	1
10389	8172	1
13951	9436	1
8157	8038	1
14478	16166	1
13538	2773	1
20470	20470	1
11053	21079	1
20180	19578	1
7072	14404	1
16039	9391	1
19143	21167	1
21082	21082	1
9423	18121	1
5343	6222	1
624	13770	1
6927	1103	1
6765	5710	1
17101	18612	1
16592	16594	1
5288	4490	1
9383	8896	1
11701	4812	1
11137	1105	1
4113	4812	1
10319	11511	1
13770	624	1
20647	15691	1
15664	15691	1
1093	4459	1
4751	16355	1
21409	21409	1
9388	17224	1
5259	12481	1
68	655	1
10157	6475	1
9276	7622	1
655	68	1
20576	68	1
15897	13621	1
1852	1101	1
4034	5701	1
5944	15642	1
7570	9550	1
21410	21410	1
8357	2484	1
6294	4777	1
879	878	1
8772	8772	1
3005	625	1
8512	13095	1
4589	8876	1
8038	4390	1
9997	16900	1
4390	8038	1
10948	15990	1
15607	15607	1
5200	5549	1
7772	424	1
12537	13292	1
13470	1053	1
9423	2192	1
2012	16601	1
3691	3480	1
15126	11191	1
4461	4263	1
4462	4263	1
8896	9383	1
16900	8153	1
4437	4980	1
19799	21247	1
15590	16873	1
7783	5357	1
10186	1122	1
9087	21408	1
8488	4312	1
1469	3723	1
7429	7319	1
2732	16104	1
5258	5773	1
21411	21412	1
21413	1270	1
6055	4135	1
20461	15724	1
156	155	1
15724	10390	1
6529	10687	1
6068	10687	1
4462	4838	1
6068	6230	1
6530	2902	1
16104	2732	1
229	845	1
1101	1852	1
3910	845	1
3723	1469	1
20470	21414	1
13095	8512	1
20185	20531	1
12437	4521	1
4504	6022	1
16355	4751	1
13292	2083	1
12481	5259	1
5368	2979	1
3472	3574	1
21415	21415	1
14173	14197	1
19505	19934	1
9456	8071	1
17985	17986	1
8071	9456	1
20718	9173	1
9662	6649	1
19708	18005	1
1362	2733	1
1053	13470	1
6001	123	1
10780	5895	1
4902	1224	1
3472	2555	1
6068	6417	1
15985	16358	1
11511	10319	1
8488	16321	1
19934	19505	1
17986	17985	1
8488	10651	1
1323	6155	1
2707	13470	1
16594	16592	1
6155	1323	1
5880	6155	1
21379	15457	1
10065	2904	1
2985	11144	1
11007	16667	1
11387	8896	1
12693	14073	1
10065	4795	1
8896	11387	1
13775	6458	1
5821	7020	1
763	20852	1
2904	10065	1
19673	12544	1
1224	222	1
5549	1750	1
6093	7662	1
6006	6184	1
4355	2383	1
5409	46	1
2732	519	1
16900	15469	1
21385	6059	1
12779	5366	1
9154	9155	1
2915	6765	1
2408	12314	1
4461	3278	1
16483	2411	1
11702	261	1
1177	13072	1
5842	13072	1
11334	730	1
4346	3722	1
8153	16900	1
3136	718	1
4812	11701	1
845	3910	1
11396	15053	1
1092	6372	1
3405	3404	1
1247	1229	1
46	5409	1
3472	2611	1
3304	8261	1
5321	3499	1
1699	3837	1
5366	5920	1
4812	4113	1
15203	18622	1
21407	16091	1
2995	16657	1
1750	5549	1
6644	5	1
7662	6093	1
18612	17101	1
2732	3227	1
222	1224	1
5348	5349	1
222	1000	1
9807	9695	1
8779	7273	1
21416	18384	1
6228	456	1
7273	8779	1
21417	9378	1
1000	222	1
6068	896	1
4461	2182	1
261	11702	1
4777	6294	1
4461	3169	1
21416	5016	1
4780	4034	1
2807	4034	1
7592	19003	1
7595	19003	1
21418	3739	1
4262	1869	1
4462	3278	1
10319	8975	1
21	1512	1
5386	1869	1
2915	15307	1
1512	21	1
21337	6409	1
4824	17868	1
1459	11465	1
20823	8967	1
2411	16483	1
19854	21154	1
5442	3950	1
3950	5442	1
625	624	1
2467	20557	1
8488	7764	1
3591	7329	1
3065	1897	1
16900	11451	1
15642	5944	1
11451	16900	1
17433	4598	1
18005	19708	1
9381	8719	1
9695	9807	1
8876	4589	1
2560	395	1
4504	4122	1
7020	5821	1
12955	12954	1
2226	508	1
5217	21256	1
5380	7152	1
21419	9219	1
11702	550	1
13932	7004	1
4461	3671	1
7074	8647	1
14851	6453	1
2801	21161	1
9477	5678	1
3618	6453	1
10464	11556	1
3472	6573	1
46	972	1
1838	4525	1
2732	3225	1
21420	16535	1
4461	173	1
3472	1353	1
12716	3608	1
6529	914	1
20328	20328	1
2997	14068	1
3472	159	1
9269	21318	1
16289	11640	1
2660	3427	1
16031	12981	1
3014	3015	1
6155	5880	1
243	414	1
21421	21422	1
21138	16012	1
2698	5043	1
3804	21423	1
16209	12580	1
1229	6270	1
21424	21424	1
5534	19543	1
12580	7481	1
10353	3079	1
16667	7213	1
12954	539	1
7602	3079	1
4126	3769	1
10550	3607	1
16627	8196	1
5191	14066	1
3607	10550	1
12795	1064	1
2420	1009	1
1064	12795	1
19578	20180	1
2480	3545	1
11465	1459	1
8185	15567	1
11602	17261	1
2660	3788	1
14971	7411	1
17046	11175	1
424	7772	1
9074	10651	1
4890	3849	1
14603	4981	1
12954	12955	1
7411	14971	1
3849	4890	1
11259	7859	1
4981	14603	1
16900	13237	1
12580	9250	1
1586	6927	1
18075	16179	1
13844	3827	1
5922	5	1
261	490	1
4462	2503	1
16920	21400	1
21140	21140	1
16920	14082	1
13261	20861	1
269	19087	1
21285	21285	1
8488	2145	1
7411	17591	1
21425	9278	1
21387	11455	1
2732	8959	1
13237	16900	1
2887	1508	1
14979	11488	1
5043	2698	1
7492	16163	1
16210	6573	1
5191	2698	1
6727	2698	1
7008	4252	1
13048	13315	1
89	7046	1
2331	2331	1
897	690	1
2739	2488	1
8488	9116	1
5026	5027	1
11556	10464	1
6068	6883	1
11773	11416	1
4461	6058	1
21426	21426	1
2258	3602	1
7126	9250	1
13884	5325	1
11605	11855	1
490	261	1
878	879	1
19761	20075	1
11416	11773	1
4393	3138	1
14154	951	1
16502	13538	1
3827	13844	1
2698	6727	1
11767	3306	1
6573	16210	1
18179	5318	1
3015	3014	1
8364	3817	1
4657	4885	1
18075	10457	1
9207	15459	1
8228	8579	1
5366	12779	1
13212	9300	1
13665	510	1
5195	5196	1
21358	12264	1
10167	5783	1
13002	9662	1
6097	19154	1
21345	2955	1
5729	6135	1
6068	9759	1
663	8543	1
1625	17361	1
21414	20470	1
6521	8092	1
19869	14850	1
8579	8228	1
16055	2260	1
4692	4727	1
21427	21428	1
6409	21337	1
11466	9028	1
17493	16743	1
7056	13432	1
2415	12173	1
18747	16560	1
17246	13445	1
4977	4257	1
70	71	1
18797	11935	1
11563	9897	1
1420	5717	1
4252	7008	1
6247	5717	1
9897	11563	1
3853	14012	1
2139	5182	1
13432	7056	1
21429	21430	1
1887	20638	1
17261	11602	1
21389	1759	1
