3472	238	1
624	13770	1
20373	7963	1
17655	17654	1
11455	21387	1
3444	3731	1
14328	14816	1
7622	14478	1
8333	8676	1
16166	14478	1
8460	6428	1
11836	16485	1
2260	16055	1
19154	6097	1
3472	11144	1
18197	18197	1
4459	9126	1
134	11361	1
19112	17987	1
3077	6390	1
18866	1391	1
11602	17261	1
16012	21138	1
8082	18197	1
16716	7042	1
7051	13101	1
3297	7042	1
10831	8553	1
20094	7853	1
11563	9897	1
928	929	1
21431	21431	1
420	2585	1
7859	11259	1
336	62	1
6894	9300	1
21191	21191	1
14478	7622	1
13851	1987	1
13473	5849	1
9423	3010	1
6286	6613	1
7966	19432	1
10075	10101	1
6166	7127	1
7319	7944	1
2801	21079	1
4024	7944	1
6346	15212	1
6135	5729	1
21432	21433	1
7602	14771	1
6234	4431	1
10623	7085	1
21368	10101	1
10982	9897	1
2051	1558	1
7815	1406	1
6613	6286	1
9028	11466	1
18291	13083	1
6135	7213	1
1030	4677	1
21434	10247	1
17027	17027	1
6428	8460	1
13599	8460	1
13212	13246	1
6122	6017	1
7495	7622	1
10982	5386	1
13973	5294	1
7622	7495	1
14804	5294	1
13477	21435	1
3950	5442	1
12795	13777	1
6319	5442	1
115	1833	1
7211	5524	1
13777	12795	1
4257	4977	1
6135	4655	1
11724	5670	1
11465	1459	1
8789	9872	1
414	243	1
1813	8020	1
3438	8814	1
8488	2330	1
9695	9807	1
12312	19237	1
6622	6621	1
5894	6059	1
21385	6059	1
15069	15239	1
5205	5204	1
11826	18635	1
14478	16166	1
8196	16627	1
8182	9464	1
115	5938	1
1987	21393	1
5343	6222	1
5442	6319	1
4106	5875	1
18622	15203	1
16485	11836	1
20861	13261	1
18901	11846	1
8228	8579	1
2408	12314	1
12312	7495	1
3849	5496	1
2609	10968	1
4461	1558	1
3216	10968	1
7233	10749	1
6135	5009	1
15663	5922	1
12312	10836	1
6234	5560	1
7012	3160	1
802	15875	1
7276	14807	1
10639	9773	1
21436	4555	1
7602	4555	1
13770	624	1
115	1250	1
21437	16755	1
15554	9773	1
4909	1900	1
5450	1411	1
11767	1238	1
10461	1238	1
20094	7066	1
9402	21296	1
16055	2260	1
13397	6113	1
12312	9924	1
6135	8541	1
19957	15988	1
3354	5707	1
10982	9388	1
6135	6079	1
7491	7416	1
2698	6316	1
6236	9330	1
10075	3826	1
2043	6981	1
1859	17609	1
5368	2979	1
5196	5195	1
8242	1389	1
6155	5880	1
14818	9342	1
6144	9779	1
5318	11455	1
21438	5842	1
5234	6788	1
115	2194	1
6135	7535	1
21408	6024	1
12312	15911	1
1166	2192	1
3704	21439	1
14154	1190	1
5234	4363	1
883	5824	1
19007	6535	1
635	1270	1
7602	19617	1
5181	8967	1
17985	17986	1
5592	5897	1
4724	7108	1
9378	21417	1
8512	4027	1
3668	4999	1
4762	7158	1
1224	222	1
20108	20108	1
9096	7158	1
21440	21441	1
14818	15110	1
9779	6144	1
3723	3949	1
2169	8335	1
11547	9070	1
11702	12819	1
6234	2785	1
6135	21015	1
8789	10772	1
2940	10772	1
21	1441	1
4024	4478	1
9123	8959	1
21442	1416	1
16755	21437	1
7815	2439	1
6234	7673	1
10982	13408	1
21393	1987	1
1193	493	1
14305	12937	1
4404	4398	1
2186	3635	1
3817	8364	1
6444	9085	1
11466	9028	1
5195	5196	1
8339	3998	1
9217	7555	1
7602	14117	1
8789	11092	1
5857	5824	1
7602	6444	1
7602	9085	1
8975	10319	1
12312	496	1
12540	6901	1
5524	7211	1
8242	5455	1
9773	10639	1
2748	2420	1
9767	6121	1
4813	1321	1
2498	3514	1
2748	7932	1
800	3514	1
20246	20427	1
5442	3950	1
7602	16560	1
12535	2712	1
7158	4762	1
15110	14818	1
9342	14818	1
5650	8243	1
3949	1469	1
3949	3723	1
3985	3103	1
16627	8196	1
1031	3103	1
4024	5742	1
4677	1030	1
21435	13477	1
1509	4333	1
5970	623	1
21417	9378	1
5469	11817	1
6135	1987	1
4024	2126	1
7602	20183	1
6135	5504	1
21443	6901	1
3343	2894	1
5234	5191	1
8909	12096	1
455	3602	1
20066	1832	1
21444	7154	1
508	2226	1
2197	9237	1
8242	2321	1
10319	8975	1
2753	8797	1
2753	1022	1
2748	1202	1
10997	12302	1
484	5401	1
21389	4018	1
2748	3641	1
6135	7894	1
3965	6059	1
10749	7233	1
1228	1560	1
6901	21443	1
399	398	1
5234	11556	1
8243	5650	1
11899	6448	1
12541	16274	1
7772	424	1
11396	13620	1
7602	2086	1
7989	2863	1
3998	8339	1
8242	12364	1
6135	6048	1
14779	11943	1
5294	13973	1
5234	10415	1
2901	10380	1
2866	9248	1
1674	1674	1
19921	18398	1
7602	4905	1
5234	9248	1
6901	12540	1
11943	14779	1
21445	21446	1
6017	6122	1
16560	18747	1
9248	2866	1
5182	16343	1
1022	1176	1
9335	2617	1
15925	5298	1
8789	3068	1
1469	3949	1
5684	7012	1
21447	21448	1
21449	21449	1
21450	349	1
16657	2995	1
3938	840	1
5181	13021	1
5880	6155	1
17471	7276	1
5234	10778	1
13139	6038	1
6234	16561	1
6135	10677	1
14807	7276	1
21451	9970	1
3897	11444	1
11767	17201	1
11634	2801	1
17	18	1
20058	5434	1
5318	3826	1
11387	8903	1
7126	7481	1
21452	17986	1
7319	7429	1
17201	11767	1
21453	18435	1
2446	15744	1
3800	7626	1
4868	2051	1
8649	13021	1
19237	12312	1
7495	12312	1
10836	12312	1
9924	12312	1
5234	5353	1
15911	12312	1
4589	6513	1
3333	14263	1
21454	21454	1
496	12312	1
4856	1862	1
5995	18694	1
21455	20382	1
2315	1427	1
18384	21416	1
398	399	1
6458	13775	1
6730	7345	1
13292	9941	1
19073	18644	1
21456	3015	1
18605	9422	1
8909	13701	1
2186	387	1
5259	12481	1
14833	8908	1
8789	6453	1
6234	6380	1
5325	13884	1
10982	5717	1
635	20882	1
6234	5717	1
20789	20382	1
3015	21456	1
20882	635	1
12586	1787	1
7602	3079	1
5939	4485	1
8038	4390	1
15094	7403	1
2140	2140	1
13884	10649	1
17785	18238	1
5325	10649	1
4504	4122	1
580	3079	1
6573	2440	1
16274	12541	1
3897	10531	1
3998	5466	1
14706	10531	1
18747	16560	1
8439	20861	1
20333	20533	1
9872	20533	1
8085	20533	1
5469	2590	1
2585	420	1
18204	6854	1
10982	2588	1
5343	21454	1
14448	98	1
16199	17882	1
19761	20075	1
21336	21336	1
8242	13439	1
4801	7922	1
222	1000	1
623	5970	1
21138	16012	1
4024	5798	1
21290	1143	1
18852	18853	1
3228	3229	1
2051	4868	1
19156	19156	1
15687	19563	1
3950	6171	1
5910	5910	1
18644	19073	1
21457	5630	1
6171	3950	1
20360	20360	1
5545	1886	1
4977	4257	1
21458	8228	1
7543	6771	1
5234	4939	1
7429	7319	1
13713	15661	1
1987	13851	1
7979	15179	1
1000	222	1
4900	4888	1
9962	14849	1
7345	6730	1
2801	6845	1
11855	11605	1
8903	11387	1
20139	12113	1
10610	21459	1
5076	800	1
18197	8082	1
14833	19967	1
8814	3438	1
424	7772	1
953	6022	1
19578	20180	1
21336	3356	1
663	13018	1
914	16166	1
15772	9713	1
14263	3333	1
3346	3590	1
4611	1791	1
16751	13399	1
7922	4801	1
10982	8723	1
4343	3105	1
8723	10982	1
6839	1499	1
21156	2537	1
3545	2480	1
20643	6248	1
2748	3358	1
13323	8932	1
16166	914	1
21460	6248	1
10537	11411	1
3125	3105	1
1996	3547	1
10922	3105	1
2748	2876	1
21337	6409	1
16343	5182	1
6845	2801	1
5893	4034	1
21090	718	1
2239	1893	1
7602	4206	1
2186	11824	1
3590	3346	1
16028	10023	1
7602	3853	1
7602	20955	1
5743	2172	1
6183	4755	1
4034	5893	1
4755	6183	1
15136	13291	1
13018	663	1
5181	4084	1
5181	5888	1
4002	19761	1
7873	2823	1
16372	8935	1
5181	8260	1
20593	15770	1
15320	3438	1
2801	18398	1
493	4209	1
12080	12080	1
9388	16523	1
5678	9409	1
3901	579	1
115	3483	1
15770	20593	1
3438	15320	1
13781	20061	1
1198	17761	1
16199	5789	1
6185	5576	1
16523	9388	1
625	5062	1
20823	4836	1
1590	1091	1
12160	14624	1
6576	6513	1
9330	6513	1
113	2353	1
7602	2912	1
4250	2912	1
9759	6068	1
139	1930	1
5022	6340	1
5435	10116	1
10266	2478	1
6417	6068	1
11387	6930	1
6230	6068	1
10687	6068	1
8222	18661	1
6135	5415	1
14046	6068	1
8364	3817	1
11643	9300	1
20823	4950	1
3897	4341	1
8364	5191	1
6448	11899	1
21387	5318	1
4487	9360	1
7602	21461	1
8959	9123	1
564	4119	1
3718	6621	1
18104	12848	1
4589	8876	1
3641	2031	1
6419	11564	1
12312	16668	1
12176	7927	1
10982	14790	1
14818	14967	1
6513	9330	1
5461	6055	1
4389	1998	1
21436	4101	1
21462	21462	1
638	10396	1
16483	2411	1
9564	5513	1
13756	1535	1
5353	6059	1
18661	8222	1
1786	20461	1
6080	10984	1
4457	4485	1
9360	4487	1
7853	8057	1
11126	13973	1
4912	10839	1
14173	14197	1
1108	5969	1
8130	7333	1
6357	12488	1
4265	447	1
14807	14869	1
11500	447	1
5234	13665	1
4485	4457	1
8898	3975	1
5678	5678	1
14624	12160	1
8490	20889	1
15320	9897	1
9150	11632	1
2612	3082	1
7815	8968	1
6668	13111	1
3523	21349	1
13325	14366	1
3849	579	1
222	1224	1
7815	6265	1
20889	8490	1
5191	8364	1
8553	10831	1
8789	5799	1
6135	6061	1
10632	13408	1
15320	15320	1
12108	12108	1
16289	11640	1
20533	9872	1
17080	15229	1
7370	15453	1
9300	6894	1
16147	17282	1
16762	16535	1
8549	12326	1
5234	5027	1
2525	1558	1
7558	11235	1
6994	15229	1
8903	10814	1
6769	2151	1
2753	3795	1
4526	5290	1
9123	8172	1
20094	6337	1
16857	227	1
5234	8172	1
5062	624	1
3176	3422	1
10982	6056	1
8335	2169	1
7682	162	1
227	16857	1
2654	4921	1
2525	3412	1
8093	5516	1
2172	5743	1
20331	20331	1
5711	4921	1
5380	3022	1
15760	16958	1
15076	2016	1
3022	5380	1
21343	9385	1
3513	3513	1
20170	8943	1
7274	6564	1
13950	10900	1
295	107	1
1830	1925	1
15229	17080	1
5711	4084	1
6183	8035	1
4287	10687	1
10116	5435	1
5660	1338	1
14366	13325	1
7360	2105	1
849	1229	1
5041	5351	1
8717	20997	1
10687	4287	1
5351	5041	1
19393	16958	1
20024	899	1
437	861	1
5881	2725	1
12488	6357	1
4024	750	1
19999	19432	1
6316	4084	1
6236	7495	1
16670	21015	1
1071	3574	1
10100	8695	1
4485	5939	1
11259	7859	1
8695	10100	1
3274	7267	1
9488	12429	1
12774	5894	1
5086	5087	1
6135	10510	1
21349	7375	1
1623	21463	1
15951	20226	1
6234	5206	1
1338	5660	1
21463	1623	1
16840	15617	1
