1339	3514	1
2127	8526	1
3597	3671	1
13136	13136	1
21203	7495	1
11916	11830	1
4034	2496	1
4551	1378	1
2496	4034	1
17946	6952	1
6037	5540	1
2649	1617	1
7020	1269	1
19923	15504	1
737	1081	1
19476	17934	1
21204	5455	1
5434	5447	1
7780	16397	1
14290	1731	1
16784	19967	1
20832	20831	1
7162	5791	1
3741	1009	1
5000	4901	1
4551	7162	1
13129	13129	1
19802	7425	1
14969	5970	1
6122	4300	1
8547	890	1
16279	16876	1
20047	17758	1
14494	1829	1
1830	1829	1
9872	20533	1
6259	10458	1
5843	5844	1
7508	9058	1
14388	17845	1
8177	11767	1
3240	4071	1
9196	11767	1
13020	2102	1
7622	9276	1
20040	19269	1
9276	7622	1
12580	7481	1
554	1364	1
8443	21152	1
6728	10914	1
10437	9250	1
18383	12678	1
9342	7020	1
10413	20032	1
13165	972	1
20533	9872	1
6122	6017	1
3088	6017	1
19948	15596	1
7783	1269	1
16486	8092	1
9148	10615	1
12348	1163	1
11598	14277	1
1120	1119	1
19538	18367	1
159	2712	1
1176	2645	1
21147	5247	1
19548	2645	1
1602	1602	1
14277	11598	1
16289	11640	1
2181	20021	1
5676	20557	1
13140	9101	1
8547	6151	1
2132	15988	1
6804	4084	1
2247	4898	1
7020	9342	1
5843	625	1
1182	11598	1
6315	9364	1
5687	107	1
16731	8150	1
1163	3568	1
6315	6155	1
17847	3153	1
2102	13020	1
7147	2589	1
21205	14676	1
3852	18150	1
12736	14676	1
4287	10687	1
3852	4064	1
15039	8932	1
8691	4408	1
19401	19401	1
11914	20788	1
5068	3091	1
9872	14346	1
5525	5525	1
14867	1407	1
5843	12832	1
21206	21207	1
21208	21209	1
21210	12342	1
14346	9872	1
1081	737	1
8600	21211	1
14944	21211	1
9330	6513	1
6573	16210	1
296	1241	1
3162	16043	1
10687	4287	1
5843	7258	1
7388	5309	1
3485	3528	1
8111	7997	1
7989	5309	1
6804	13350	1
17847	6700	1
16266	17379	1
9722	9723	1
3133	20824	1
11012	14314	1
6952	17946	1
17946	17946	1
8092	16486	1
296	5188	1
20120	5188	1
6315	16703	1
17847	6228	1
8159	8092	1
5778	2043	1
2360	9426	1
5843	5691	1
6685	1771	1
17062	4206	1
5687	12403	1
10663	2941	1
6804	8290	1
3568	1163	1
6315	7922	1
9616	7427	1
7056	13432	1
2084	4170	1
20664	478	1
21212	12334	1
21213	1633	1
12334	21212	1
21213	12537	1
5867	3929	1
3918	2368	1
8420	14816	1
18564	3929	1
8691	17415	1
21214	21215	1
16849	10347	1
5843	10896	1
3227	3870	1
1228	3929	1
21216	21217	1
5791	7162	1
886	6467	1
23	6467	1
8547	15334	1
6804	6316	1
11564	20914	1
4485	4983	1
9477	8333	1
16502	13538	1
10765	10765	1
2941	10663	1
7179	7731	1
13538	16502	1
5266	1619	1
3621	13509	1
20914	11564	1
5447	5434	1
16209	13050	1
21218	21219	1
15468	6649	1
19945	2690	1
10069	379	1
1845	1069	1
13140	17031	1
21220	3496	1
12744	14804	1
7783	17321	1
6804	4320	1
4901	5000	1
20945	4861	1
14193	19543	1
21221	8959	1
5188	296	1
14804	12744	1
6419	11564	1
1069	1845	1
13140	6344	1
21222	21222	1
11830	11916	1
17199	21184	1
441	21184	1
17029	12758	1
4801	3853	1
9148	15744	1
15631	18631	1
8333	9477	1
21223	16947	1
20926	8490	1
11530	15469	1
17719	12121	1
17226	18928	1
16181	16181	1
10938	14239	1
840	3938	1
20120	2315	1
7731	7179	1
20831	20832	1
8507	8507	1
6122	2546	1
6315	4883	1
13140	14238	1
1059	5774	1
9718	6562	1
13590	16613	1
18595	18595	1
15773	9613	1
21148	20265	1
2554	2435	1
20265	21148	1
16230	18312	1
9872	16666	1
19130	15927	1
6122	3088	1
6017	3088	1
3854	5496	1
1940	16666	1
11113	12124	1
12744	10093	1
10093	12744	1
296	1740	1
1619	5266	1
9388	17224	1
14816	8420	1
8813	9258	1
8579	17703	1
12421	9426	1
15116	15115	1
11631	19432	1
2209	6113	1
19999	19432	1
12546	19432	1
14018	17878	1
4052	329	1
5932	10560	1
7455	16321	1
17440	17440	1
6727	6040	1
9613	15773	1
9626	12666	1
8150	16731	1
19130	5475	1
16043	3162	1
3274	21109	1
1855	2870	1
11158	26	1
8222	3523	1
2368	3918	1
6622	6622	1
1232	1913	1
13140	12624	1
15552	7152	1
11767	8177	1
12381	12545	1
5977	2172	1
13985	18179	1
20880	20880	1
8587	5535	1
13665	510	1
9148	9498	1
3610	21224	1
21225	9498	1
12779	5366	1
2870	1855	1
21226	21226	1
4769	12562	1
11943	14779	1
14779	11943	1
13140	8707	1
10615	9148	1
15744	9148	1
8721	1840	1
16099	16100	1
5962	5331	1
6315	12429	1
379	10069	1
6804	7340	1
1740	296	1
8932	15039	1
21227	21185	1
17321	7783	1
9015	16450	1
6485	6845	1
1269	7783	1
15135	15135	1
15177	5884	1
21228	21228	1
10457	11855	1
