7083	322	1
17379	16266	1
8451	15239	1
15106	7334	1
21536	1055	1
3041	8876	1
16355	4751	1
7367	4777	1
20848	19915	1
1229	2397	1
16465	8490	1
10507	9067	1
8876	3041	1
8490	16465	1
4408	5154	1
9000	10246	1
2114	6501	1
23	29	1
3788	6501	1
10374	16319	1
13751	15618	1
12314	2408	1
5227	3438	1
3181	3182	1
10610	16319	1
21336	21336	1
8880	20335	1
6488	4059	1
2480	15618	1
3738	4209	1
10129	10067	1
6958	13550	1
8499	16319	1
3796	2894	1
13377	14198	1
15320	6424	1
14844	10522	1
5154	4408	1
4842	334	1
10531	16825	1
20832	20831	1
21537	14153	1
11455	3297	1
11724	5670	1
15411	5000	1
16585	6564	1
21538	16783	1
5613	12861	1
20316	13497	1
7334	15106	1
13671	1664	1
8243	5650	1
645	3241	1
5533	304	1
3723	3949	1
4246	15561	1
3817	4514	1
14503	3297	1
5650	8243	1
3949	3723	1
10262	4228	1
7449	8699	1
8285	19315	1
18128	20061	1
2483	5382	1
998	13392	1
7876	212	1
8242	3361	1
13366	13366	1
3949	1469	1
8822	18635	1
4059	6488	1
3616	4045	1
2478	4045	1
3009	717	1
3457	4045	1
3545	2480	1
16153	16085	1
1469	3949	1
1635	21539	1
21080	17526	1
2315	4045	1
3458	4045	1
7622	9276	1
824	3974	1
8444	8444	1
16910	4009	1
3026	6475	1
10266	2478	1
10794	7723	1
17609	7568	1
21286	21285	1
2480	3545	1
8699	7449	1
8233	6100	1
15541	21428	1
1503	5327	1
21427	21428	1
6367	14783	1
9278	21425	1
5088	5822	1
10246	9000	1
10253	21540	1
5017	5033	1
21212	21285	1
13911	3923	1
15686	95	1
4201	4200	1
5382	2483	1
8388	12551	1
13212	2205	1
15320	3438	1
20543	20543	1
2569	7673	1
10002	6585	1
21541	5630	1
4217	14827	1
12099	6539	1
8699	16808	1
1635	13145	1
21542	6071	1
5442	14535	1
18932	18036	1
8388	12540	1
1397	1345	1
8388	7864	1
7074	8647	1
19142	17783	1
12046	1842	1
1923	7495	1
6071	21542	1
2277	2256	1
10330	13694	1
623	5970	1
12585	4102	1
2408	12314	1
3138	5581	1
13580	21513	1
14825	21513	1
3881	7481	1
7375	21349	1
7074	19850	1
13273	9718	1
21543	563	1
2445	884	1
4092	6156	1
17798	14178	1
5822	5088	1
13231	20183	1
15822	7291	1
5779	4399	1
5459	4883	1
2940	10772	1
14836	895	1
17987	10461	1
20428	10080	1
89	12121	1
387	4399	1
5069	4616	1
7432	7433	1
6765	1677	1
2201	16	1
645	1859	1
3606	14565	1
16947	2902	1
11660	16933	1
15061	16933	1
12748	2902	1
16980	14807	1
12842	835	1
7723	13314	1
4246	1113	1
17543	5240	1
7086	4555	1
20114	346	1
15610	15610	1
21544	21544	1
2017	5349	1
8496	11283	1
11415	11283	1
13367	11283	1
7321	12918	1
6919	4454	1
3837	8276	1
10405	15504	1
17638	8029	1
14449	15894	1
16477	11247	1
3545	3315	1
1411	5450	1
5166	5450	1
2051	1558	1
13675	5134	1
4200	4201	1
6901	21443	1
11455	10562	1
4271	5341	1
1222	3775	1
3695	5712	1
5970	623	1
994	3940	1
15897	15897	1
3240	3202	1
1113	4246	1
5920	5366	1
15561	4246	1
2096	7659	1
4666	5351	1
19137	8483	1
2051	3411	1
2596	2842	1
1635	6183	1
2769	2194	1
12488	6357	1
21545	21545	1
4777	7367	1
3092	21257	1
3794	5608	1
2038	11936	1
4399	387	1
21546	10831	1
1854	11536	1
2256	2277	1
21138	16012	1
16282	6926	1
5861	4830	1
10802	431	1
21542	2523	1
14875	5058	1
5300	11163	1
11927	19677	1
19605	16071	1
6367	6903	1
9239	7469	1
4862	9731	1
6562	3070	1
12488	5839	1
914	16166	1
17436	17436	1
21547	21548	1
1635	2555	1
1635	8314	1
1411	7767	1
3472	8776	1
11876	15440	1
8434	21528	1
6262	5150	1
2938	2938	1
5415	16594	1
6580	5679	1
1257	2616	1
2420	1009	1
13694	10330	1
3092	9498	1
2589	18798	1
1635	2420	1
13713	15661	1
2234	3383	1
10435	8314	1
5860	12180	1
8031	2109	1
1055	21536	1
21450	349	1
6783	3669	1
8388	8903	1
6006	6184	1
14431	12095	1
4346	3722	1
3837	9807	1
5366	5920	1
9541	5977	1
1213	5142	1
4666	2501	1
5861	6922	1
4666	3947	1
20028	5977	1
2017	2380	1
5217	12477	1
3051	1279	1
13574	15226	1
21513	15226	1
2912	7411	1
4912	4912	1
1077	635	1
11204	17047	1
1643	19597	1
187	1146	1
12095	14431	1
11540	3383	1
5678	9409	1
10794	6417	1
4666	9397	1
3689	3332	1
14431	8092	1
14302	3467	1
7175	17642	1
518	17642	1
8962	3453	1
5045	6854	1
1740	17642	1
21349	3523	1
1787	11500	1
4102	12585	1
21549	21550	1
19142	5227	1
13076	21551	1
3438	5227	1
9240	4577	1
10461	9992	1
4666	1045	1
4666	1268	1
10192	16676	1
19142	16923	1
20470	21414	1
20882	6888	1
21257	9942	1
12818	3537	1
19142	9436	1
2017	897	1
13433	1802	1
3020	11058	1
14929	18510	1
18423	6530	1
5715	4561	1
2523	21542	1
8038	8157	1
12856	13469	1
15438	4383	1
9992	10461	1
3092	10062	1
4383	15438	1
17131	6962	1
6888	20882	1
4666	19482	1
13724	20987	1
14197	7108	1
2017	5190	1
6653	3198	1
3347	5039	1
1727	1055	1
4171	1055	1
3545	7108	1
1072	11824	1
20389	19173	1
6485	6845	1
8153	13083	1
13083	8153	1
2616	1257	1
15835	21516	1
16310	15908	1
6248	15555	1
6962	17131	1
21552	16075	1
3523	21349	1
1635	2363	1
17655	13957	1
1635	5706	1
7033	16773	1
7741	5800	1
1641	886	1
14876	7416	1
29	23	1
13433	13593	1
20392	20392	1
3104	3862	1
7223	226	1
15555	6248	1
5932	7215	1
2555	18747	1
18005	15741	1
5381	10387	1
18798	2589	1
6783	5924	1
17367	14900	1
95	15686	1
3085	1101	1
6272	11740	1
21552	11538	1
21553	11538	1
8934	6883	1
698	3894	1
18330	18828	1
13212	13211	1
4905	6765	1
7215	5932	1
3202	3240	1
3923	13911	1
5573	4612	1
1096	8141	1
7673	2569	1
21554	21554	1
4649	21513	1
21505	21505	1
10080	20428	1
12250	12250	1
21555	8140	1
17201	8194	1
12771	8141	1
7108	3545	1
8388	4789	1
3092	3920	1
4791	9526	1
3623	2902	1
2720	896	1
17404	19127	1
3092	896	1
15741	18005	1
16956	6344	1
3092	15407	1
4106	5875	1
1635	3069	1
5839	12488	1
5679	6580	1
7060	21556	1
5750	2480	1
16255	7416	1
21557	18728	1
1287	11569	1
13018	17286	1
1093	7262	1
3669	6783	1
6564	755	1
4666	8763	1
3950	6171	1
3333	2480	1
7321	17055	1
15745	2480	1
4755	2740	1
2740	4755	1
5750	2379	1
21349	7375	1
8141	1096	1
4755	4755	1
2572	2884	1
21223	2902	1
14827	4217	1
5039	3347	1
16160	6059	1
3741	2740	1
21558	21496	1
13392	998	1
2720	4135	1
10157	6475	1
905	5979	1
19043	8443	1
2209	4448	1
5750	15013	1
23	3411	1
478	17729	1
4612	5573	1
16160	3965	1
7388	21513	1
10892	552	1
21559	11576	1
11485	7416	1
11242	12488	1
6245	9862	1
16671	2611	1
15661	13713	1
4794	1146	1
9276	7622	1
19931	8443	1
4868	3411	1
15773	10784	1
13593	13433	1
1802	13433	1
6513	2914	1
18727	4119	1
3894	469	1
16287	6037	1
21560	21415	1
12217	8285	1
4061	20852	1
21513	7388	1
13211	13212	1
19516	18041	1
19315	8285	1
21561	2914	1
1635	9126	1
8681	17289	1
1599	3119	1
5861	3756	1
1278	366	1
21562	21562	1
21563	21079	1
7416	16255	1
13977	11372	1
1222	2348	1
5441	3905	1
16399	10000	1
16825	10531	1
3085	6289	1
5900	20768	1
3176	3411	1
5134	7944	1
1853	7372	1
14016	7138	1
21540	11630	1
1756	5812	1
3545	4660	1
7138	14016	1
21564	9680	1
8285	12217	1
18828	18330	1
21565	21565	1
5196	5195	1
1069	5549	1
13408	10632	1
2056	1900	1
5972	18	1
1635	3528	1
21191	1220	1
5216	12142	1
4033	1628	1
8388	13492	1
12533	7614	1
12488	11242	1
1237	1323	1
6713	6562	1
4660	3545	1
3092	4087	1
16910	5064	1
21566	6190	1
14535	5442	1
10632	13408	1
4448	2209	1
7012	7291	1
19646	19647	1
1179	1408	1
2611	10715	1
8725	3153	1
886	1641	1
2956	9926	1
5861	2343	1
7416	11485	1
788	1282	1
16376	11040	1
5750	5051	1
4711	1714	1
5628	6854	1
2552	11040	1
72	13875	1
21385	7109	1
14878	5577	1
12196	4657	1
3839	4558	1
1411	3716	1
4657	12196	1
16160	4485	1
7291	7012	1
2997	3561	1
13875	6018	1
20210	17048	1
11824	1072	1
2678	2749	1
2749	2678	1
7919	5390	1
3092	13807	1
13875	72	1
17729	478	1
10522	14844	1
842	1135	1
11058	3020	1
1282	788	1
13976	16098	1
10461	17987	1
10420	8967	1
21567	16103	1
21568	16694	1
17558	9549	1
11398	11067	1
6903	6367	1
14783	6367	1
274	5314	1
4112	14540	1
1149	14540	1
5750	2399	1
3202	518	1
21569	17452	1
15194	10208	1
10	1108	1
9002	3786	1
4838	4960	1
3092	9066	1
19142	19920	1
13122	7073	1
10611	17916	1
144	19962	1
6562	6713	1
5484	6614	1
447	11500	1
802	803	1
10633	6614	1
4094	6614	1
1628	4033	1
2380	2017	1
897	2017	1
12246	5096	1
5190	2017	1
10	768	1
5581	3138	1
8924	4783	1
4393	3138	1
5800	7741	1
5750	5043	1
5750	1535	1
768	10	1
14678	2544	1
5806	14816	1
15021	6344	1
8174	14535	1
12690	13816	1
9754	9474	1
9042	16062	1
328	4523	1
5842	1177	1
2420	2611	1
2017	12173	1
7568	17609	1
16062	9042	1
7543	2284	1
19011	19176	1
5366	12779	1
2611	2420	1
14968	6816	1
4092	1681	1
1681	4092	1
5861	5514	1
4666	6079	1
19399	19341	1
16594	5415	1
15052	15741	1
2589	1091	1
13652	2616	1
6352	4227	1
2573	2571	1
10080	14699	1
1940	16666	1
21524	15626	1
21561	3853	1
12259	7989	1
5066	5514	1
717	3009	1
3240	4071	1
19035	6443	1
972	2229	1
4980	4437	1
2017	824	1
1962	1770	1
6816	14968	1
3722	2712	1
14263	4613	1
8507	13717	1
3258	7602	1
6816	6171	1
345	21305	1
6171	6816	1
1605	21298	1
1392	1617	1
20188	20183	1
16694	21568	1
2756	1508	1
2720	1845	1
6212	9764	1
5750	4519	1
5205	5204	1
13140	12816	1
1091	2589	1
20641	20641	1
20435	9837	1
2017	5462	1
21298	8876	1
10209	15717	1
8388	9736	1
645	1108	1
1987	13851	1
4005	2194	1
2397	21570	1
9955	9955	1
17326	17324	1
2380	208	1
7602	3258	1
20134	20134	1
15709	10810	1
13851	1987	1
5195	5196	1
8909	13701	1
10810	15709	1
4446	4660	1
15282	21513	1
7868	4632	1
9240	9388	1
8388	13962	1
16933	11457	1
6765	4905	1
1411	1531	1
21553	14931	1
7321	5058	1
6171	3950	1
17140	6562	1
13152	13167	1
2017	3190	1
9378	7179	1
4437	4980	1
1635	585	1
5750	2397	1
6112	16745	1
2749	173	1
20882	2245	1
14178	17798	1
3092	2428	1
11943	15306	1
5750	4988	1
21571	9389	1
431	10802	1
7989	2863	1
10620	13737	1
16098	13976	1
6901	7639	1
509	13580	1
4832	4812	1
21513	13580	1
4812	4832	1
3455	20644	1
7278	5259	1
5442	5442	1
1643	19598	1
8141	6556	1
1005	21542	1
12173	2017	1
3383	11540	1
21496	21558	1
840	3938	1
5750	4832	1
5442	3950	1
20335	8880	1
19962	11576	1
21377	21377	1
1119	1120	1
18358	2532	1
3950	5442	1
1299	899	1
20312	20364	1
10118	8162	1
17543	9388	1
9015	20364	1
14029	456	1
9388	17543	1
11815	11815	1
10796	5895	1
875	8867	1
173	2749	1
8721	1840	1
20537	20695	1
7614	12533	1
7179	9378	1
1956	3461	1
4522	2902	1
12936	14437	1
2631	2440	1
2297	1897	1
21572	5952	1
20364	9015	1
13660	19026	1
21561	6612	1
16560	18747	1
731	5314	1
6612	21561	1
4592	2948	1
9837	20435	1
6901	12568	1
20644	3455	1
7235	14114	1
21573	18692	1
5750	4626	1
6248	21460	1
12481	3618	1
824	2017	1
5952	21572	1
6612	3853	1
691	13550	1
3853	6612	1
4960	4838	1
12666	10345	1
9662	7715	1
14603	10666	1
12174	10754	1
17321	15435	1
8141	12771	1
17646	1987	1
11500	447	1
12340	1897	1
7416	14876	1
9912	5797	1
15691	20647	1
16745	6112	1
16255	14876	1
15554	10183	1
1711	18341	1
3258	3258	1
4981	14603	1
12441	21574	1
10666	14603	1
14603	4981	1
21285	21212	1
15306	11943	1
5227	7974	1
323	2777	1
21514	19237	1
7974	5227	1
7693	21542	1
15554	12498	1
12779	5366	1
21076	4786	1
8162	10118	1
4489	4026	1
3771	21575	1
10345	12666	1
14431	6265	1
10794	4418	1
14453	14453	1
15393	10266	1
2496	16980	1
21513	14825	1
12535	16149	1
16289	11640	1
4084	6316	1
3722	4346	1
10000	3429	1
16486	16486	1
13677	9717	1
14969	19301	1
4657	8216	1
1185	4346	1
14969	12565	1
17550	19716	1
9067	10507	1
9717	13677	1
15435	17321	1
3153	8725	1
5979	905	1
635	1077	1
16855	12175	1
7236	6977	1
21274	6816	1
4287	10687	1
20647	15691	1
6363	6346	1
661	5423	1
10266	10266	1
7543	11910	1
18747	16560	1
15908	16310	1
1249	3885	1
2480	3333	1
3149	7345	1
10687	4287	1
19915	20848	1
16234	10179	1
13258	13258	1
21576	16627	1
5972	7514	1
20028	5743	1
8860	21577	1
13900	20848	1
12099	17442	1
20664	478	1
11390	21290	1
