7334	15106	1
12488	5839	1
845	229	1
5939	4485	1
13717	8507	1
15106	7334	1
12848	13850	1
8789	9131	1
6104	6241	1
6930	11387	1
4948	21464	1
6104	8609	1
11564	6419	1
10086	8079	1
1229	849	1
17080	15229	1
5563	8780	1
849	1229	1
8789	12252	1
9202	6419	1
2504	3414	1
3486	5092	1
4921	5711	1
13366	6017	1
6048	6938	1
6938	6048	1
5353	8609	1
4084	6316	1
4084	5711	1
3723	3949	1
10531	5411	1
1469	3949	1
5729	6135	1
13025	16326	1
8242	5092	1
3949	3723	1
6368	4485	1
5411	10531	1
4655	6135	1
7108	4724	1
9872	5317	1
5419	899	1
5181	9480	1
5009	6135	1
17	18	1
3157	4443	1
6135	5009	1
8541	6135	1
6079	6135	1
4490	5288	1
4714	21465	1
5894	12774	1
15661	13713	1
3897	1858	1
11605	11855	1
1987	21393	1
7267	3274	1
7375	21349	1
16147	12758	1
3157	2555	1
21015	6135	1
12774	5894	1
19838	2647	1
16767	16222	1
18661	8222	1
12580	9250	1
5227	3438	1
8243	5650	1
5375	6419	1
1539	2584	1
5650	8243	1
4734	5510	1
7273	8779	1
16387	6564	1
510	13665	1
7602	2480	1
5269	4212	1
6017	13366	1
12596	9378	1
2866	9248	1
7714	7753	1
4092	19637	1
7861	6768	1
5234	10464	1
1925	1830	1
13665	510	1
4477	9963	1
20045	20046	1
16418	1537	1
21290	21290	1
4431	6234	1
7291	12259	1
6562	10685	1
7411	17591	1
1830	1925	1
12312	9385	1
2031	3641	1
6135	5043	1
1108	424	1
6234	2785	1
7673	6234	1
3826	5318	1
9300	6894	1
8261	3304	1
10982	17926	1
6135	3196	1
624	5062	1
7810	4346	1
964	3304	1
6894	9300	1
12580	7481	1
1897	12340	1
2911	7481	1
7178	4006	1
229	845	1
20562	20563	1
8512	4027	1
8649	20698	1
15552	2242	1
2754	7271	1
11025	11025	1
5062	624	1
2773	13538	1
6556	6854	1
21466	2022	1
11346	13538	1
2725	5881	1
20882	9897	1
6564	16387	1
11468	10749	1
20882	1599	1
15552	7152	1
8078	10749	1
9369	7291	1
6380	6234	1
15552	3668	1
1176	1022	1
4355	2383	1
5717	6234	1
17029	12758	1
2016	15076	1
7624	15572	1
7595	7592	1
17375	7336	1
271	272	1
8321	277	1
19003	7592	1
13747	4029	1
3438	8814	1
12544	19673	1
8141	12771	1
5206	6234	1
11243	9222	1
10569	3668	1
4611	174	1
3240	4071	1
4942	18913	1
16059	3232	1
4029	1900	1
1859	5088	1
7403	15094	1
1900	4029	1
10461	1238	1
12497	5684	1
655	68	1
4724	1238	1
7260	370	1
6241	6104	1
8609	6104	1
21467	21467	1
20882	3017	1
267	9921	1
9666	5463	1
14716	3170	1
3621	5897	1
5088	1859	1
5481	2585	1
15552	10569	1
7656	3380	1
5944	16502	1
7012	5684	1
16084	8723	1
14522	14522	1
1452	20557	1
6135	6079	1
20882	419	1
5617	5197	1
9622	1176	1
548	4184	1
19605	16071	1
6508	2708	1
14535	4696	1
4346	7810	1
21468	6183	1
18852	5581	1
19636	7989	1
3794	5608	1
8336	7631	1
18724	20803	1
1176	9622	1
14328	6883	1
15617	16840	1
424	1108	1
1249	20114	1
6495	2719	1
3794	3912	1
7319	7944	1
8079	10086	1
8504	8638	1
15664	6883	1
20482	6375	1
12497	12024	1
12848	18104	1
18342	13187	1
13149	16326	1
6429	16326	1
2259	16326	1
5520	16326	1
3509	9862	1
21469	1005	1
6039	8177	1
3559	4936	1
12587	12743	1
6811	14025	1
13007	3862	1
2915	15307	1
21470	1622	1
12743	12587	1
914	16166	1
5711	1345	1
21426	21426	1
8814	3438	1
18803	6883	1
16166	914	1
5269	1359	1
19881	1008	1
8222	14886	1
21165	8776	1
174	4611	1
20882	1311	1
275	3980	1
9956	3537	1
19881	5895	1
5513	9564	1
9375	7852	1
5318	18179	1
20882	19399	1
10415	5234	1
15179	2611	1
6901	21443	1
7033	15209	1
13187	18342	1
4660	4446	1
10435	8314	1
20114	1249	1
7178	3335	1
20882	944	1
5839	12488	1
6357	12488	1
5348	4361	1
7178	940	1
1966	3433	1
2203	3808	1
10332	9846	1
12716	3608	1
447	4265	1
7086	4555	1
3344	3345	1
21349	3523	1
9518	5897	1
3304	2977	1
6864	8233	1
21471	2067	1
20602	8062	1
5783	10167	1
4265	4265	1
7370	15453	1
2977	3304	1
19942	18606	1
3438	5227	1
5269	4920	1
21462	7308	1
4724	8492	1
2067	21471	1
5642	5485	1
21324	11868	1
586	11868	1
76	141	1
12061	8843	1
15209	7033	1
3523	21349	1
20882	4873	1
13340	20760	1
4487	9360	1
20656	20760	1
20882	1692	1
6100	21472	1
15552	6428	1
21472	6100	1
19761	4002	1
12811	12810	1
4018	21389	1
4724	7108	1
2807	1265	1
2611	15179	1
4228	10262	1
609	4782	1
10541	3176	1
19921	18398	1
15612	15612	1
363	6066	1
18763	21473	1
242	241	1
14620	12025	1
12771	8141	1
9184	6394	1
12497	4950	1
5294	16855	1
11387	8903	1
8903	11387	1
14315	6765	1
17031	16836	1
7345	10893	1
10737	10569	1
6267	2977	1
16855	5294	1
16516	20853	1
11745	15827	1
5234	10415	1
21474	21475	1
20557	1452	1
1265	2807	1
21443	6084	1
4724	8160	1
12497	6380	1
6599	9330	1
21476	9872	1
9361	7120	1
993	7520	1
11768	7078	1
7520	993	1
19636	5972	1
14886	8222	1
19127	19127	1
12197	8379	1
12312	15911	1
11372	6898	1
10121	8160	1
2456	2457	1
15822	7291	1
3176	10541	1
16477	11247	1
424	15786	1
20882	10108	1
20316	17434	1
6248	15555	1
10792	1379	1
15555	6248	1
13973	11126	1
4169	6927	1
4724	8691	1
10749	8078	1
19401	18743	1
6495	388	1
17945	6783	1
14699	14277	1
7291	9369	1
7291	15822	1
2754	3240	1
6927	4169	1
4573	616	1
4107	9369	1
6783	17945	1
16857	6551	1
15694	2048	1
7873	20967	1
9541	2116	1
8843	7944	1
20823	8967	1
6128	10741	1
20482	717	1
19962	144	1
17945	6367	1
17543	18046	1
9541	5977	1
6495	9300	1
18006	17995	1
6495	266	1
6765	3940	1
15473	15438	1
7452	744	1
7085	10623	1
13477	21435	1
17563	3317	1
20205	21215	1
15438	15473	1
12029	12300	1
16084	3383	1
14956	12450	1
2754	3940	1
9622	3940	1
518	6375	1
20244	4506	1
15750	12450	1
19649	7656	1
5204	5205	1
3559	5630	1
6419	11564	1
21154	19854	1
16005	278	1
3722	4346	1
11768	710	1
21477	21478	1
7656	19649	1
16666	9922	1
1508	2756	1
277	8321	1
21479	21479	1
10569	10737	1
1163	2914	1
21443	6906	1
20568	14710	1
6294	896	1
21478	21477	1
20470	21414	1
21468	3383	1
12450	14956	1
6472	385	1
21480	20287	1
20882	2420	1
13018	17286	1
21339	5164	1
19915	20848	1
20557	21015	1
1431	366	1
20533	20333	1
21481	12334	1
10093	11242	1
530	614	1
20882	635	1
12936	20838	1
5042	12582	1
270	20352	1
4038	14571	1
7308	21462	1
15039	13900	1
8038	8157	1
9330	6236	1
21482	21482	1
5258	5773	1
18815	19579	1
16255	15438	1
5773	5258	1
2554	3383	1
3433	1966	1
12540	6901	1
5381	10387	1
5294	6119	1
1830	3493	1
10927	8490	1
12726	7853	1
6906	21443	1
8490	10927	1
16518	2813	1
4506	20244	1
12254	492	1
6899	272	1
3808	2203	1
5630	3559	1
21266	21211	1
10167	5783	1
4346	4345	1
13185	13185	1
342	246	1
4368	3493	1
16084	12902	1
5616	2963	1
3493	1830	1
246	342	1
2842	2042	1
9299	15724	1
16502	5944	1
18086	10609	1
3738	5128	1
16084	2588	1
371	1096	1
328	272	1
366	1431	1
12497	9375	1
16308	9577	1
10623	7085	1
7178	3822	1
13621	11563	1
20853	11563	1
6901	12540	1
2042	2842	1
16084	11905	1
12344	5789	1
16317	1345	1
6513	4589	1
144	19962	1
8172	10389	1
1900	3545	1
15005	4013	1
8691	4724	1
15550	7543	1
3545	1900	1
5628	6854	1
18565	7204	1
17163	16790	1
16552	16667	1
4724	4408	1
14	9680	1
13851	1987	1
5380	5456	1
4064	129	1
4146	12693	1
625	5062	1
16345	16250	1
20882	11542	1
6119	5294	1
15229	6994	1
2977	5006	1
5812	1756	1
19154	6095	1
15552	5456	1
1416	213	1
5804	10853	1
4847	15438	1
3512	4577	1
6901	7695	1
5351	5041	1
13844	3827	1
13315	13048	1
1756	5812	1
6248	21460	1
15748	18953	1
13933	5089	1
2916	9846	1
10000	16399	1
19088	2428	1
1347	20774	1
2428	19088	1
1711	10754	1
9681	21483	1
1987	6135	1
5504	6135	1
21460	6248	1
12008	15628	1
7894	6135	1
5797	9912	1
16586	11868	1
21484	21484	1
5041	5351	1
6048	6135	1
13111	6668	1
3824	10487	1
19854	21154	1
5348	5349	1
957	883	1
15067	883	1
7334	3950	1
21485	10869	1
4724	3323	1
3974	824	1
1987	13851	1
13580	11779	1
5415	6135	1
14739	5941	1
19011	19176	1
3528	1869	1
6061	6135	1
4696	14535	1
8296	1869	1
15259	10719	1
18330	10719	1
296	1869	1
5269	4521	1
7622	9276	1
1461	1869	1
883	15067	1
622	1869	1
19295	1869	1
6135	5415	1
2511	1869	1
10563	6424	1
9211	9212	1
224	4595	1
2884	1869	1
11530	11691	1
4438	10716	1
4595	224	1
8233	6100	1
15807	7480	1
5043	6135	1
737	14051	1
7446	6100	1
3196	6135	1
5711	4084	1
2480	9330	1
6495	15938	1
21486	6081	1
14165	6901	1
19563	15687	1
6100	7446	1
11387	6930	1
627	5090	1
6081	21486	1
6236	9330	1
10413	20033	1
21443	16729	1
4668	5090	1
3950	7334	1
11536	5893	1
12693	4146	1
6375	20482	1
13013	12164	1
7930	5090	1
11536	3763	1
717	20482	1
241	242	1
6066	363	1
7639	6901	1
213	1416	1
3485	20785	1
19636	13809	1
21487	3170	1
5532	5559	1
5972	13809	1
4171	21466	1
11497	11497	1
13580	509	1
2397	1229	1
6270	1229	1
3383	2554	1
20653	14137	1
883	883	1
19026	13660	1
868	1266	1
16862	8259	1
5009	7179	1
11563	13621	1
6899	271	1
5047	6246	1
7179	5009	1
7952	8820	1
3849	579	1
21488	4257	1
16758	4822	1
11164	12413	1
20785	3485	1
16168	21400	1
5893	2284	1
1229	6270	1
849	6270	1
1523	1338	1
10281	9586	1
9541	11600	1
4724	3546	1
18330	3345	1
19978	744	1
6316	4084	1
8377	13871	1
3345	18330	1
9541	16657	1
8492	4724	1
3453	8962	1
2282	3181	1
4408	5154	1
5509	10347	1
3323	4724	1
16980	21400	1
6093	7662	1
8062	16799	1
21400	16980	1
13508	14370	1
3414	2504	1
20188	9085	1
14137	20653	1
7800	5415	1
20990	20653	1
13900	15039	1
9776	9085	1
2611	1674	1
8533	16009	1
8062	20602	1
2705	10116	1
2977	6267	1
705	20602	1
6495	6056	1
17946	17946	1
18635	11826	1
4724	4812	1
9276	7622	1
883	957	1
21400	16168	1
1905	2288	1
13884	14237	1
21489	21489	1
21247	17433	1
21443	12540	1
20882	371	1
15179	20896	1
3136	3270	1
12664	12650	1
14370	13508	1
6419	5375	1
1897	2297	1
993	3270	1
3849	6361	1
9762	6849	1
14807	16980	1
21490	21490	1
3567	18438	1
13573	21491	1
6994	15229	1
5893	11536	1
15687	19563	1
20065	12119	1
8609	5353	1
2659	1675	1
8017	6297	1
11372	13977	1
13871	8377	1
9470	13977	1
21492	20500	1
4812	4724	1
5154	4408	1
1635	9126	1
19044	19044	1
16729	21443	1
6270	5353	1
2646	1469	1
5353	6270	1
21464	4948	1
12540	21443	1
12429	9488	1
15407	7200	1
8909	13701	1
2397	6270	1
2239	1893	1
10562	141	1
4724	4445	1
7200	15407	1
1478	7775	1
5415	7800	1
887	888	1
2106	9488	1
4981	14603	1
9369	4107	1
8703	8703	1
13809	5972	1
14603	4981	1
21443	8666	1
15438	4847	1
17562	9364	1
8609	3965	1
4950	20823	1
9541	12842	1
1148	5109	1
3965	8609	1
10570	8222	1
13882	8815	1
17691	16522	1
20823	4950	1
12413	11164	1
4466	2901	1
5091	424	1
11455	3581	1
10347	5509	1
20882	515	1
20482	18118	1
7276	17471	1
9910	10427	1
21493	21494	1
8333	9488	1
8130	13261	1
6551	16857	1
21495	1558	1
3026	3668	1
2288	3940	1
509	13580	1
15334	8547	1
4445	4724	1
13932	8544	1
4977	8361	1
11779	13580	1
21378	4970	1
11031	7049	1
8361	4977	1
16309	16310	1
5608	3794	1
11768	295	1
3912	3794	1
20882	15744	1
3073	9085	1
8544	13932	1
20980	9085	1
15825	5382	1
19130	8228	1
4159	18150	1
4345	4346	1
8490	20889	1
16855	8896	1
10427	9910	1
3170	8707	1
21407	19836	1
129	4064	1
20670	8322	1
8692	7912	1
1135	15375	1
21496	21496	1
21407	16092	1
10067	16310	1
6495	1108	1
2525	1108	1
12111	10179	1
628	1108	1
3641	2031	1
5743	2172	1
18779	18779	1
6513	3041	1
3041	6513	1
1108	628	1
6270	849	1
20500	21492	1
12096	12571	1
8460	13932	1
15678	21017	1
8529	7804	1
4589	6513	1
12312	12403	1
14624	12160	1
1414	3725	1
8820	7952	1
14849	3855	1
15536	15181	1
12571	12096	1
8339	3998	1
5723	9217	1
3855	14849	1
5278	10179	1
5564	5564	1
5062	7048	1
10982	9389	1
10609	18086	1
3998	5466	1
7602	3258	1
1092	6372	1
9962	14849	1
9934	6060	1
5217	6614	1
8259	16862	1
16240	10698	1
564	7048	1
4653	8824	1
3270	3136	1
3323	16827	1
8547	15334	1
8824	4653	1
1935	4522	1
17882	16199	1
11605	1093	1
1112	9942	1
10716	4438	1
8779	7273	1
21497	21497	1
4265	447	1
2555	1384	1
9330	2480	1
8425	11296	1
2760	1295	1
17	8936	1
744	7452	1
13031	5577	1
8141	17442	1
20889	8490	1
21240	18090	1
2051	4868	1
16230	8490	1
5942	6145	1
12758	16308	1
1824	4064	1
5951	5929	1
744	19978	1
10735	7403	1
3923	13911	1
4522	1935	1
11826	18635	1
6975	18475	1
9212	9211	1
4375	5893	1
7791	4303	1
3738	4327	1
