10158	10042	1
8150	16731	1
20578	21185	1
11483	3007	1
16799	8062	1
20616	14624	1
12802	17383	1
768	5802	1
5755	345	1
14624	20616	1
13770	624	1
10561	12111	1
9541	6836	1
21255	21255	1
10413	20033	1
5205	5204	1
16708	20610	1
17031	12624	1
12550	20992	1
1913	1232	1
11259	10305	1
3286	7551	1
8195	12202	1
7671	6900	1
5518	3785	1
8333	8676	1
12535	11912	1
10305	12736	1
1134	8676	1
15283	13442	1
14413	11773	1
2702	2703	1
5893	5047	1
10174	13421	1
4668	5691	1
4801	7922	1
5258	5773	1
20016	3170	1
5567	7465	1
7303	8386	1
1069	3306	1
6492	5924	1
4287	10687	1
16672	13223	1
17193	14001	1
16358	496	1
8734	8323	1
6810	3839	1
13165	972	1
20032	10413	1
21256	21256	1
2239	12837	1
14904	10478	1
17123	19044	1
4288	3361	1
19626	19915	1
13765	9537	1
726	3224	1
5461	6055	1
19044	17123	1
13253	13253	1
7253	4634	1
21079	2801	1
2801	21079	1
10623	7085	1
7733	5939	1
5662	9223	1
10938	8336	1
12779	5366	1
8336	10938	1
3894	698	1
183	698	1
54	4913	1
7730	252	1
12173	3826	1
18366	18367	1
19538	18367	1
7660	816	1
4343	10922	1
3105	10922	1
4950	8967	1
11709	7893	1
11973	11973	1
16944	18594	1
12630	3383	1
9015	4358	1
2704	488	1
5631	19376	1
20699	12000	1
8062	16799	1
5518	3262	1
4523	328	1
5645	888	1
538	2993	1
888	5645	1
20335	8880	1
4251	3948	1
14969	10457	1
12319	12334	1
8181	2616	1
21086	21085	1
17894	17895	1
2408	12314	1
16817	21072	1
1105	5812	1
19802	7425	1
12202	8195	1
6637	9300	1
9281	10651	1
14612	15926	1
21257	4087	1
17324	17326	1
10976	2508	1
20166	17765	1
17765	20166	1
13482	11766	1
3170	10772	1
4345	4346	1
15290	2315	1
712	712	1
5569	5768	1
5310	9680	1
6248	15555	1
4251	1619	1
16758	751	1
21248	8788	1
7952	8935	1
8972	17948	1
8880	20335	1
3860	2909	1
17787	1113	1
4052	3827	1
12173	2415	1
7730	861	1
5163	3380	1
7622	9276	1
21225	9498	1
6649	19388	1
13973	5316	1
8196	18692	1
1532	5107	1
5386	5107	1
2127	8526	1
19432	19432	1
13553	9644	1
3467	14302	1
6077	6077	1
18747	16560	1
13538	12565	1
5163	203	1
12565	13538	1
61	6501	1
14321	19432	1
21258	14816	1
12174	8162	1
10997	5131	1
7235	4555	1
12006	12006	1
5047	5893	1
4748	484	1
5694	15579	1
1459	9481	1
4174	12837	1
2482	2922	1
6006	6184	1
9675	1278	1
2383	4355	1
9141	14597	1
310	1761	1
4346	648	1
16886	5613	1
17433	16107	1
19120	19120	1
5762	14929	1
5354	3235	1
14144	13270	1
7715	8681	1
5316	13973	1
4034	17543	1
5518	6452	1
4346	4345	1
11605	10012	1
6259	10458	1
16560	18747	1
4914	19120	1
4174	15976	1
8313	10458	1
16181	16181	1
12535	8339	1
12173	4084	1
4150	4151	1
1859	475	1
14612	8492	1
15926	14612	1
6045	10839	1
8492	14612	1
5586	313	1
19432	14321	1
21259	13458	1
8162	12174	1
12319	7932	1
5678	3453	1
3413	4788	1
12664	12650	1
1232	889	1
313	5586	1
6513	9330	1
5026	5027	1
4358	9015	1
1799	6447	1
5378	1921	1
1504	858	1
7952	14103	1
5005	1483	1
5567	3978	1
2749	1541	1
14115	8896	1
11766	13482	1
17433	7705	1
10305	11259	1
9388	17224	1
17543	4034	1
21260	21260	1
21261	21261	1
1822	4668	1
4676	4668	1
4574	4619	1
13884	14715	1
5893	7543	1
7543	5893	1
14715	13884	1
15784	9388	1
13884	10649	1
13270	14144	1
1541	2749	1
18618	9492	1
9623	7308	1
12111	10561	1
1954	3160	1
10368	21262	1
10415	5026	1
7020	9342	1
5479	42	1
8425	7334	1
1872	2546	1
5366	12779	1
2496	12541	1
3453	5678	1
11858	15990	1
10706	10250	1
2589	18798	1
4346	3722	1
9253	11632	1
12111	10179	1
8141	12771	1
12315	10179	1
1368	1280	1
21263	15312	1
17002	15533	1
19210	9389	1
3539	9472	1
12532	21253	1
6669	14446	1
8492	4724	1
12736	10305	1
6452	6637	1
21264	8765	1
14623	14623	1
4251	3944	1
4531	658	1
13023	5862	1
3315	13851	1
7966	1422	1
2346	21069	1
5518	7412	1
633	21265	1
17787	7291	1
6055	5461	1
4724	8492	1
5307	1532	1
21266	21211	1
3682	74	1
1997	1784	1
15632	9300	1
14657	19110	1
8600	21211	1
200	870	1
4526	5345	1
5204	5205	1
7136	1742	1
6233	11466	1
7810	6108	1
5835	6286	1
3138	13938	1
18568	17327	1
17379	16266	1
16031	14397	1
20574	14235	1
13704	13704	1
1913	1425	1
7521	5357	1
17321	5357	1
7989	2863	1
21267	3651	1
21268	21268	1
10458	6259	1
4294	11466	1
3794	3912	1
6334	6562	1
1584	3190	1
4748	5719	1
3965	11269	1
9300	15632	1
4251	14713	1
5488	5892	1
3383	12630	1
6868	9690	1
9690	6868	1
4174	6562	1
8975	4842	1
4052	3418	1
15181	162	1
11713	4257	1
11466	14676	1
12173	2017	1
8779	1662	1
15372	19092	1
12535	2712	1
7952	8820	1
11132	3136	1
5510	5808	1
4487	4437	1
13851	1987	1
14676	11466	1
4020	7922	1
18866	6562	1
12837	4174	1
5357	7521	1
5000	15411	1
20161	9116	1
17761	7521	1
5378	7143	1
3912	3794	1
21182	10774	1
10179	12315	1
5567	5125	1
3817	8330	1
7465	14913	1
3203	13032	1
2909	10761	1
21122	17424	1
10892	552	1
345	5755	1
2297	10893	1
14014	9300	1
4151	4150	1
10761	2909	1
5318	11455	1
7922	4020	1
11455	5318	1
7126	9005	1
21240	18090	1
3190	1584	1
4174	740	1
5719	4748	1
2617	9335	1
11368	10713	1
19915	19626	1
9335	2617	1
4159	3852	1
9251	10389	1
4251	7764	1
3545	6185	1
14165	6901	1
10774	21182	1
12173	5190	1
10761	2294	1
6185	5576	1
13032	3203	1
18478	1572	1
3514	1339	1
845	13573	1
15471	13573	1
17987	12774	1
140	322	1
