7731	7179	1
21227	21227	1
261	11702	1
7179	7731	1
1431	1432	1
19305	3372	1
1619	5266	1
12899	1064	1
10458	6259	1
13473	5849	1
12744	15988	1
5884	15177	1
1064	12899	1
7334	15106	1
296	11160	1
4888	12917	1
387	4399	1
4921	7592	1
6122	16568	1
8251	4681	1
20668	438	1
15773	9613	1
19003	7592	1
12553	4555	1
3170	11161	1
11268	9389	1
13140	11161	1
702	17646	1
16666	9922	1
17646	702	1
14239	10938	1
5280	14931	1
14931	9389	1
6804	6443	1
11161	3170	1
7505	21176	1
14277	11598	1
10938	14239	1
5166	1411	1
20274	5650	1
13687	12650	1
12124	11113	1
1411	5166	1
2408	12314	1
3170	10772	1
1045	4666	1
8600	21211	1
18179	13985	1
4363	4360	1
17326	17324	1
4676	1584	1
20161	2330	1
7543	8668	1
4439	7213	1
4801	7213	1
18215	9375	1
9150	11632	1
9616	9889	1
15942	19984	1
3479	16078	1
17270	610	1
21229	21229	1
1897	11059	1
11844	12795	1
7162	5791	1
20643	6248	1
496	16358	1
14741	14740	1
2386	772	1
2172	20028	1
7027	7555	1
4360	4363	1
5461	8609	1
20831	20831	1
16502	5944	1
6122	6017	1
6017	6122	1
4751	16355	1
4666	1045	1
4715	10937	1
17296	653	1
3088	6017	1
2127	8526	1
6185	5576	1
4983	4485	1
16220	16220	1
1633	21213	1
12537	21213	1
9586	14932	1
3153	17847	1
6700	17847	1
6228	17847	1
18580	7891	1
1609	1099	1
9052	7260	1
4801	5678	1
9374	7040	1
21230	1269	1
17787	5684	1
3281	4704	1
13989	5684	1
5506	2645	1
10948	15990	1
2675	16847	1
1431	320	1
5654	5654	1
8587	5535	1
10937	4715	1
6958	13550	1
4801	4439	1
7560	427	1
14559	14672	1
21231	21232	1
21232	21232	1
2601	2602	1
21233	21232	1
2675	1612	1
4676	4408	1
5506	1612	1
1409	19930	1
19605	16071	1
5659	5659	1
15106	7334	1
15990	10948	1
19742	16675	1
19639	12129	1
21234	8788	1
7986	12970	1
1422	15988	1
3623	2902	1
4801	7780	1
13937	13937	1
20835	20835	1
14929	5762	1
4801	16703	1
6160	6160	1
6079	5537	1
9722	2611	1
2420	2611	1
1248	15564	1
4776	610	1
6013	6012	1
18148	16516	1
19639	16516	1
18653	16516	1
9767	5107	1
5778	610	1
1762	21235	1
11650	21235	1
21236	21235	1
2478	21235	1
3458	21235	1
17646	1987	1
5806	4873	1
4801	11007	1
12345	272	1
14792	5793	1
3339	8613	1
1369	4873	1
17379	16266	1
12006	15120	1
18653	2611	1
15678	21017	1
329	4052	1
16354	10074	1
12319	21237	1
11702	261	1
15438	18188	1
11455	3581	1
6486	17966	1
1081	9409	1
9322	13833	1
13851	1987	1
4246	15561	1
4801	5041	1
2216	2392	1
14969	12439	1
16355	4751	1
21041	21041	1
20120	16009	1
21225	9498	1
20521	18188	1
4935	9724	1
3918	8352	1
18653	16139	1
786	10749	1
21238	21239	1
1269	21230	1
7826	9268	1
10663	9480	1
12111	10561	1
16731	8150	1
12970	7986	1
5160	1005	1
10080	16098	1
2675	10563	1
5331	5962	1
15642	5944	1
14969	4260	1
20289	17765	1
20919	4595	1
8909	12096	1
14969	5970	1
7521	11344	1
885	885	1
17765	20289	1
122	21240	1
3281	1126	1
3376	2884	1
21235	11650	1
13623	16222	1
4801	6897	1
19639	13989	1
4801	4525	1
16160	8446	1
9013	9783	1
12571	12096	1
19044	4227	1
21241	11469	1
2400	3723	1
12177	1980	1
12606	3108	1
15561	4246	1
10651	9281	1
21240	18090	1
5684	13989	1
10561	12111	1
122	18090	1
11344	7521	1
13550	6958	1
7592	16142	1
17543	4034	1
11530	15469	1
18721	7735	1
1650	1532	1
12482	12919	1
4801	4020	1
1432	1431	1
5386	1532	1
7841	9734	1
1532	5386	1
15639	14132	1
14969	4034	1
9426	2360	1
10604	657	1
5960	17463	1
14392	2517	1
1064	8614	1
9872	490	1
4504	4122	1
490	9872	1
2673	3558	1
7178	18239	1
2675	4190	1
3989	8100	1
10568	3404	1
15922	20339	1
14144	13270	1
7602	9085	1
12606	8533	1
21242	13201	1
6949	8276	1
12787	12787	1
4730	4409	1
2674	3671	1
3723	4783	1
16135	16135	1
13201	21242	1
427	7560	1
2611	9722	1
6337	21046	1
18653	20887	1
9375	7066	1
524	13165	1
11268	9897	1
20610	16708	1
271	18467	1
3621	3621	1
1224	5742	1
16708	20610	1
4801	5742	1
4801	12540	1
8777	1459	1
2611	2420	1
5005	1483	1
12748	2902	1
4801	6787	1
21243	21244	1
9330	6513	1
8150	16855	1
8336	19967	1
4676	7695	1
4676	7466	1
6013	6501	1
1727	953	1
19543	14193	1
8483	953	1
13270	14144	1
18653	12403	1
14009	9584	1
13833	9322	1
11268	12381	1
3281	3370	1
14969	12072	1
14969	10457	1
5837	2587	1
3021	635	1
3009	717	1
19948	15596	1
5944	16502	1
4227	19044	1
21234	5299	1
18692	8196	1
10431	5447	1
7470	6946	1
9584	14009	1
5678	14165	1
15686	95	1
7826	6132	1
11585	13717	1
2116	16946	1
8451	15239	1
14969	14117	1
8374	16946	1
9369	6193	1
5962	5331	1
7841	4883	1
5381	5382	1
7730	5456	1
7066	9375	1
12990	21237	1
11048	9546	1
9546	11048	1
16855	8150	1
7505	18953	1
18215	7066	1
20241	19419	1
14672	14559	1
6900	7671	1
13365	5473	1
15648	21245	1
20586	12164	1
6410	17210	1
11973	4755	1
9258	8813	1
9480	10663	1
6375	6375	1
918	12415	1
21246	21246	1
18467	271	1
1451	2553	1
18681	18438	1
2675	8707	1
13985	18179	1
3514	1339	1
11767	3306	1
4510	5107	1
5701	4034	1
2193	2349	1
16358	496	1
7521	17761	1
19388	6649	1
4921	5711	1
21017	15678	1
10413	6564	1
20956	19239	1
10889	7932	1
5920	11124	1
11268	12545	1
9015	16054	1
751	16758	1
17433	21247	1
4822	16758	1
17403	5464	1
12562	4769	1
19708	18005	1
11427	11033	1
11268	14700	1
13165	524	1
9018	6850	1
3738	4327	1
6013	2114	1
16031	7267	1
11356	2190	1
7810	3234	1
21248	8788	1
2114	6013	1
6012	6013	1
1686	2190	1
21249	5123	1
7671	6900	1
5537	6079	1
4801	4318	1
3404	21250	1
14165	5678	1
13626	17871	1
4390	4525	1
3453	5678	1
15547	19454	1
2114	6501	1
19013	3843	1
993	21251	1
13063	21251	1
19101	7071	1
12624	17031	1
4801	3853	1
559	972	1
9394	5709	1
14969	15927	1
4174	6562	1
5711	4921	1
12541	2496	1
3281	1203	1
15533	6501	1
3513	10609	1
1747	2180	1
11483	11484	1
19454	15547	1
15664	8522	1
8788	21248	1
5645	4673	1
11598	14277	1
10659	7680	1
11815	21168	1
11113	12124	1
5641	3101	1
6097	3101	1
5506	2616	1
5382	5381	1
4034	5701	1
8777	15938	1
6417	15071	1
12664	12650	1
14969	13840	1
4724	8492	1
3706	1497	1
10794	15071	1
15071	6417	1
1339	3514	1
12630	16802	1
2360	9426	1
16560	19617	1
12023	21252	1
4801	11562	1
2675	18841	1
6562	9718	1
11565	10208	1
21167	3573	1
17327	18568	1
3972	2392	1
2897	493	1
5300	3042	1
14703	14703	1
12164	20586	1
12591	13723	1
20956	20956	1
159	6902	1
18653	11043	1
9718	6562	1
18653	9897	1
1220	985	1
1532	5107	1
7783	5357	1
19443	11246	1
13851	3315	1
10654	5357	1
21253	12532	1
3682	76	1
20064	7465	1
5366	12779	1
5107	1532	1
18635	11826	1
5184	6438	1
11268	9863	1
20639	8649	1
21254	21254	1
8446	16160	1
1954	3160	1
4810	5314	1
276	243	1
10550	3607	1
21213	1633	1
3607	10550	1
18911	18911	1
10749	786	1
10552	4496	1
4174	10158	1
15071	15071	1
295	107	1
8903	11387	1
9922	16666	1
16486	6246	1
5506	5889	1
13723	12591	1
