21269	18271	1
2297	5691	1
4748	7930	1
4174	6475	1
7012	3160	1
5518	1842	1
13976	15339	1
19729	13091	1
17002	6501	1
21270	10241	1
2127	8526	1
5613	16886	1
4842	8975	1
6258	5086	1
6562	6334	1
18188	20521	1
8141	2873	1
2730	1362	1
3190	8676	1
538	5289	1
689	1623	1
538	3029	1
13834	17090	1
1133	8676	1
21140	21140	1
291	2202	1
1422	1422	1
7175	9724	1
9388	15784	1
15632	411	1
6419	21271	1
1662	8779	1
13207	13017	1
842	5304	1
17123	19044	1
16210	6573	1
5894	4133	1
14804	3404	1
17743	936	1
12319	4260	1
19802	7425	1
21272	8172	1
6334	6562	1
9300	21273	1
21269	21269	1
5572	1408	1
7455	16321	1
2635	2294	1
243	276	1
7193	19409	1
17817	4525	1
9736	717	1
493	1193	1
8779	1662	1
4196	717	1
12596	9378	1
19210	4883	1
8404	4883	1
1740	717	1
10774	5280	1
3138	4393	1
6646	717	1
8975	4842	1
6816	21274	1
15196	19154	1
18715	4426	1
7622	4426	1
13989	10772	1
5862	13023	1
5280	10774	1
7033	16773	1
14804	5294	1
2589	5264	1
595	18367	1
13676	13048	1
5944	16502	1
13538	16502	1
3203	13032	1
3329	11217	1
5684	17787	1
1113	17787	1
7291	17787	1
6562	18866	1
21275	9364	1
21276	12018	1
12124	11113	1
13989	5684	1
10758	7397	1
10248	15263	1
3722	4346	1
7286	14172	1
3464	8967	1
12731	12649	1
18609	14672	1
12429	9488	1
21063	21064	1
2779	4044	1
15339	13976	1
20578	21185	1
7632	10831	1
5013	19899	1
7585	10831	1
6622	6930	1
10241	21270	1
3224	726	1
5318	11455	1
7585	7740	1
13573	15471	1
15784	9388	1
15196	2779	1
21046	6337	1
18866	6562	1
6210	6706	1
12584	1844	1
7499	3276	1
3788	7699	1
17090	13834	1
8908	14833	1
3794	5608	1
5742	1224	1
4170	833	1
7602	3258	1
13834	6883	1
2708	2863	1
1844	12584	1
5013	7932	1
6185	3545	1
2779	143	1
14929	5762	1
3822	3581	1
6622	2357	1
2698	4084	1
19210	2127	1
5802	768	1
4806	6266	1
17765	20289	1
20289	17765	1
7499	7474	1
9160	9161	1
15438	6898	1
6017	5219	1
17070	636	1
124	590	1
7521	17761	1
8676	1134	1
7416	16255	1
13851	3315	1
10561	12111	1
8681	7715	1
12881	1606	1
20028	2172	1
21277	21277	1
15438	5775	1
13032	7902	1
21278	11868	1
2876	6074	1
412	7179	1
5409	6161	1
11466	4294	1
5013	2291	1
3254	3254	1
20533	20333	1
6898	15438	1
6562	4174	1
20882	912	1
5775	15438	1
6185	5576	1
4174	6562	1
6901	1316	1
5684	13989	1
2779	15196	1
16560	18747	1
7930	4748	1
4439	7345	1
9212	9212	1
15664	6883	1
21279	3233	1
7179	9378	1
3404	14804	1
5294	14804	1
5613	9545	1
7345	4439	1
3723	3949	1
6730	7345	1
15894	14449	1
8908	14486	1
18515	3250	1
13473	13473	1
5811	1036	1
12356	10563	1
13023	5862	1
5324	6874	1
1038	95	1
16893	16894	1
10317	5544	1
17286	5773	1
8677	5773	1
17170	19437	1
5469	18545	1
15471	13573	1
12624	17031	1
21280	4087	1
676	1093	1
14144	13270	1
13884	10649	1
4523	5054	1
3315	3545	1
5847	15438	1
3860	13621	1
6266	4806	1
16678	15438	1
18747	16560	1
19966	16962	1
5424	8975	1
17644	7675	1
7715	2776	1
7033	5305	1
5488	5892	1
10090	12747	1
21281	7273	1
7989	12259	1
19210	9389	1
6074	2876	1
4574	4575	1
13772	642	1
4709	5020	1
6185	5825	1
15649	518	1
10896	12381	1
14620	12025	1
16255	7416	1
2471	1139	1
8975	5424	1
2722	3618	1
3545	3315	1
12747	10090	1
5402	2776	1
9872	20333	1
3618	2722	1
13165	2255	1
2779	5871	1
8438	7336	1
11556	6788	1
9545	5613	1
12774	17987	1
12466	4059	1
20333	9872	1
3418	4052	1
692	718	1
4059	12466	1
16502	13538	1
3617	3500	1
13270	14144	1
3827	4052	1
6669	14446	1
4751	16355	1
3794	5485	1
14925	1451	1
2330	20161	1
3737	7235	1
14714	5594	1
7086	4555	1
8950	5563	1
15239	8451	1
1030	12804	1
2636	2546	1
6443	2532	1
15312	21263	1
17431	9724	1
5134	7944	1
21263	15312	1
4294	11466	1
5013	7480	1
6006	6184	1
13985	18179	1
11817	18901	1
4432	20528	1
2304	15807	1
12804	1030	1
9141	3798	1
8512	5691	1
5762	14929	1
953	9375	1
5870	5735	1
9375	953	1
21282	6059	1
16947	4268	1
11397	5892	1
18326	18326	1
10413	20032	1
8153	18541	1
5013	16163	1
2517	2237	1
7235	3737	1
21283	21283	1
19934	19505	1
9364	21275	1
7484	6485	1
11072	6958	1
12381	10896	1
18134	2648	1
5613	7495	1
6742	1737	1
19210	1265	1
14850	19869	1
15639	7800	1
7551	3286	1
472	473	1
8141	4755	1
642	13772	1
9330	6236	1
12259	7989	1
18350	9375	1
1674	2611	1
15664	5033	1
12544	19673	1
21284	2358	1
5513	9564	1
5219	6017	1
19626	19915	1
6788	11556	1
16168	16168	1
5033	15664	1
17987	12774	1
1625	2673	1
8438	5278	1
1064	12899	1
6183	3673	1
5359	426	1
3405	5294	1
13976	10080	1
5928	3451	1
18040	16962	1
21285	21286	1
2673	3558	1
21287	21287	1
10765	12861	1
17170	15952	1
18179	13985	1
20882	453	1
14667	2065	1
2065	14667	1
5366	12779	1
17895	17894	1
7989	2863	1
12899	1064	1
10072	20157	1
1619	5266	1
5335	3244	1
12861	10765	1
1338	10698	1
690	897	1
17326	17324	1
12173	7786	1
795	5578	1
5577	13031	1
15196	4647	1
15438	16678	1
8438	7143	1
21288	21288	1
21256	5217	1
18564	3929	1
5013	4970	1
3512	4034	1
6612	5217	1
16040	16040	1
5825	6185	1
12630	16802	1
3404	10568	1
18428	11161	1
5125	5567	1
7495	5613	1
5578	795	1
887	888	1
15196	2190	1
20032	10413	1
14564	8722	1
3276	7499	1
13710	6897	1
3723	4227	1
7499	3513	1
6958	11072	1
21152	8989	1
7474	7499	1
12731	12263	1
3513	7499	1
19269	19269	1
5013	623	1
3545	7108	1
12153	20816	1
5800	7741	1
888	887	1
14992	14932	1
4809	5858	1
11858	906	1
5217	21256	1
2704	10116	1
17916	17916	1
15628	3160	1
8676	3190	1
10199	271	1
14951	20852	1
19973	12379	1
15290	9248	1
5026	10415	1
2779	1514	1
4393	3138	1
10799	11943	1
1819	6229	1
11943	10799	1
21289	13842	1
7286	19602	1
6443	6270	1
8438	10118	1
4668	5691	1
7622	14117	1
4030	4257	1
17954	21290	1
14932	14992	1
3234	7810	1
6845	6485	1
5473	13365	1
6135	7213	1
15678	21017	1
7066	20900	1
21291	20680	1
13432	7056	1
19778	13050	1
7810	3234	1
2229	1016	1
12748	3623	1
636	17070	1
17948	8972	1
17459	6371	1
10200	3623	1
17016	9300	1
7801	6270	1
5857	14117	1
13470	3940	1
9957	14117	1
14969	14117	1
17324	17326	1
17171	18757	1
13122	11170	1
14165	11170	1
5862	14117	1
8699	14117	1
4575	4574	1
9936	2578	1
16486	6246	1
10639	9773	1
7585	8575	1
2708	776	1
1177	13072	1
1742	7136	1
6513	8876	1
13365	5473	1
8876	6513	1
12779	5366	1
21017	15678	1
15579	5694	1
5893	4034	1
12731	3361	1
21246	21246	1
124	18993	1
5474	5490	1
21087	7804	1
4034	5893	1
21292	7930	1
6270	1229	1
20528	4898	1
3965	8609	1
3451	5928	1
4135	5560	1
17170	9015	1
7916	3335	1
10101	10101	1
1224	4902	1
1323	6155	1
1174	2180	1
2829	20653	1
7897	13807	1
2646	1457	1
20990	20653	1
2114	20823	1
832	8360	1
21293	21293	1
6443	3230	1
20823	2114	1
21294	21294	1
21087	11563	1
4084	2698	1
21190	2698	1
12785	12408	1
1514	2779	1
5871	2779	1
14238	13140	1
143	2779	1
18239	940	1
5920	5366	1
1404	10890	1
2505	1005	1
16533	12870	1
16355	4751	1
5773	5258	1
21295	6062	1
8609	3965	1
9402	21296	1
559	20976	1
3623	10200	1
16678	15468	1
4533	15796	1
16745	6977	1
11746	20382	1
12748	10200	1
5567	5125	1
4902	1224	1
2961	2595	1
11563	21087	1
13989	563	1
15196	1455	1
2595	2961	1
563	13989	1
4836	20823	1
5613	8235	1
4950	20823	1
17592	14163	1
12587	12743	1
4355	2383	1
12748	14238	1
16671	3257	1
6994	15229	1
9754	9474	1
21297	14359	1
8361	20990	1
82	14375	1
6030	10464	1
20653	20990	1
12572	6787	1
15407	21257	1
16703	20990	1
21240	18090	1
20382	11746	1
6787	12572	1
19903	18112	1
5608	3794	1
6371	17459	1
4786	21076	1
5485	3794	1
11300	7983	1
6622	1373	1
3839	6810	1
7108	3545	1
21298	8876	1
15796	4533	1
21299	11043	1
3824	10487	1
20653	2829	1
7983	11300	1
10464	6030	1
21300	21300	1
8972	17948	1
21085	21086	1
9773	10639	1
8425	9894	1
11424	3017	1
4361	1009	1
11043	21299	1
624	13770	1
21086	21085	1
1532	5307	1
6573	16210	1
10437	7832	1
11972	5589	1
2371	18849	1
18993	124	1
12842	5977	1
4332	8618	1
5840	3561	1
5977	12842	1
936	17743	1
18849	2371	1
14197	3315	1
496	16358	1
17334	12777	1
19487	9488	1
1016	2229	1
17817	6015	1
6193	9369	1
20161	2330	1
17170	1761	1
5510	5808	1
15770	21301	1
2779	9087	1
7622	9276	1
13770	624	1
2132	15988	1
5407	8618	1
