3897	15583	1
2480	4789	1
18358	6270	1
5893	4375	1
20896	15179	1
6495	11370	1
10853	5804	1
18150	3852	1
4653	8824	1
12160	14624	1
2546	2354	1
9541	13547	1
17403	3912	1
3949	3723	1
14041	13381	1
8824	4653	1
8465	1833	1
2354	2546	1
20381	7008	1
14237	13884	1
6460	5107	1
12261	7008	1
15458	14436	1
190	222	1
12693	12693	1
19112	7085	1
3559	5630	1
1093	11605	1
21498	21498	1
9942	1112	1
2585	5481	1
16199	17882	1
888	887	1
21499	21500	1
14753	16461	1
12096	12571	1
5646	5559	1
3723	3949	1
2678	173	1
8815	13882	1
4676	5577	1
5577	4676	1
15334	8547	1
1557	1581	1
2940	10772	1
9872	5317	1
5154	4408	1
21501	17783	1
9962	3855	1
13884	14237	1
16855	12274	1
12274	16855	1
11538	4956	1
5943	6037	1
15456	7832	1
14237	10649	1
4133	4241	1
3824	3822	1
2956	9926	1
11556	10415	1
3849	5496	1
1838	1837	1
3438	8814	1
5628	6854	1
18046	17543	1
10713	15365	1
8647	7074	1
7662	6093	1
12413	11164	1
7476	1411	1
4936	2270	1
7570	17543	1
17031	3587	1
17442	8141	1
1599	6213	1
21131	20595	1
16477	2546	1
10820	12906	1
4257	21488	1
16319	16323	1
3998	8339	1
10118	8162	1
12174	8162	1
2813	16518	1
4504	4122	1
15039	13900	1
4504	5630	1
2655	2555	1
21502	2555	1
10170	18503	1
3104	17513	1
7622	9276	1
13884	5325	1
8177	6039	1
20602	705	1
16029	4649	1
13790	13790	1
9369	7291	1
645	628	1
15822	7291	1
14066	3344	1
4504	14082	1
4485	5939	1
12881	16339	1
7085	19112	1
20848	19915	1
2901	1321	1
3817	4514	1
5900	20768	1
15628	12008	1
8683	13477	1
1311	20882	1
18475	6975	1
7668	6156	1
18087	19593	1
3170	16714	1
4786	21076	1
3110	3234	1
887	870	1
6887	12134	1
16714	3170	1
8763	12134	1
3817	8214	1
5325	13884	1
10449	4729	1
8683	1269	1
5812	1105	1
21503	19237	1
5294	6119	1
6270	849	1
2172	5743	1
3803	1461	1
211	68	1
16980	14807	1
8973	5906	1
19593	18087	1
8425	5924	1
16308	9577	1
15773	10784	1
5360	2255	1
1958	2255	1
16933	10784	1
7291	15822	1
10027	10027	1
16	3828	1
21295	6062	1
15554	9009	1
16308	12758	1
8683	9342	1
3345	14151	1
5463	3351	1
8936	17	1
4816	12300	1
14030	21504	1
16355	4751	1
14029	21504	1
13381	14041	1
8162	12174	1
19662	19239	1
16550	2639	1
710	5690	1
21505	21505	1
2255	1958	1
645	519	1
14540	4576	1
21456	2537	1
2865	2616	1
21488	4257	1
645	508	1
7723	6307	1
3794	5608	1
21015	20557	1
12861	5613	1
645	3617	1
4523	328	1
15795	14456	1
221	222	1
10476	9418	1
15407	21257	1
13818	6384	1
2038	2420	1
2655	2420	1
3493	4368	1
5893	11536	1
472	473	1
447	11500	1
16827	3323	1
1105	5812	1
4408	5154	1
10814	8903	1
20770	11874	1
3763	11536	1
4504	6022	1
14151	3345	1
2761	3940	1
14	9680	1
2383	4355	1
914	16166	1
14150	9680	1
7921	9680	1
21506	18408	1
10346	6898	1
16092	21407	1
21507	12613	1
19867	21395	1
6213	1599	1
6039	8177	1
2655	9268	1
4026	4489	1
5271	4742	1
3870	896	1
645	896	1
13185	3278	1
19383	19383	1
2765	3380	1
21017	15678	1
3177	11113	1
8700	6562	1
645	768	1
645	21508	1
768	645	1
21508	645	1
4146	12693	1
10609	18086	1
21509	793	1
13340	623	1
645	3335	1
3827	9846	1
10129	1913	1
15002	13516	1
5463	2210	1
4246	15561	1
15561	4246	1
13516	15002	1
7501	2735	1
7684	10954	1
2237	2517	1
15678	21017	1
14963	21510	1
3433	2863	1
5530	5247	1
8050	3024	1
11690	2863	1
9244	14075	1
2765	3655	1
424	5091	1
7361	10620	1
7319	7944	1
13744	3568	1
14540	1149	1
20244	4506	1
14075	9244	1
1611	5091	1
2297	4789	1
3794	3912	1
8547	15334	1
5085	9612	1
3738	4209	1
4241	4133	1
5091	1611	1
9318	2046	1
7345	3149	1
4438	10716	1
16319	10610	1
14315	9862	1
21154	19854	1
1323	1237	1
2114	6501	1
1853	7372	1
3788	6501	1
20602	8062	1
16799	8062	1
2038	4491	1
4506	20244	1
788	4491	1
11779	3361	1
16836	13048	1
4983	4561	1
15533	6501	1
5222	9273	1
1923	7495	1
21483	9681	1
21511	21511	1
4504	13255	1
6286	6613	1
548	19007	1
1411	7476	1
16319	10374	1
16372	5684	1
21502	16873	1
3852	18150	1
645	858	1
17543	18046	1
2408	12314	1
18428	18046	1
21512	8535	1
2653	11167	1
4742	5271	1
19605	16071	1
13048	16836	1
455	3602	1
2765	8959	1
940	1414	1
3493	11167	1
2655	5006	1
7305	1414	1
323	990	1
940	7178	1
8535	21512	1
3950	4027	1
2765	11164	1
6419	20914	1
12690	13974	1
1461	3803	1
2655	1537	1
16028	14949	1
20914	6419	1
2760	1233	1
13974	12690	1
5929	5951	1
15438	13977	1
5335	385	1
4696	14535	1
8709	17220	1
1431	366	1
2655	6132	1
4649	16029	1
3741	19687	1
4504	7019	1
13014	3186	1
5463	3077	1
13355	3186	1
366	1431	1
12197	7178	1
11779	21513	1
18705	15532	1
3862	13007	1
16372	8935	1
13744	2914	1
7178	12197	1
2865	4589	1
2038	2492	1
15365	10713	1
8050	6207	1
2517	2237	1
5932	10560	1
13977	15438	1
6135	3196	1
12496	12274	1
10228	6056	1
10810	15709	1
7723	6417	1
518	17642	1
2766	2153	1
21240	18090	1
18798	2589	1
2065	698	1
7224	21454	1
1228	3929	1
16917	7059	1
1681	4092	1
13671	1664	1
14825	21513	1
14344	20759	1
13185	1733	1
15390	7059	1
21513	14825	1
13361	21513	1
7521	13531	1
645	644	1
13547	1096	1
1163	2480	1
13744	2480	1
1268	8335	1
7469	9239	1
3085	6289	1
21513	11779	1
2611	5459	1
20774	1347	1
18384	5016	1
2735	7501	1
20759	14344	1
16840	2979	1
13809	5972	1
692	718	1
14831	2677	1
11164	2765	1
8959	2765	1
14540	4112	1
11309	6424	1
1163	2914	1
21454	7224	1
10765	7868	1
6930	11387	1
9731	4862	1
21513	21513	1
4383	15438	1
9273	5222	1
21514	7501	1
10328	11387	1
8465	9973	1
6279	4862	1
200	870	1
7059	15390	1
4233	3447	1
21462	7308	1
12544	7868	1
7059	16917	1
16947	2902	1
19788	14740	1
16179	4862	1
14827	4217	1
7868	10765	1
15438	4383	1
2631	2440	1
21296	9402	1
9239	7469	1
4755	4755	1
11113	3177	1
6421	9912	1
15203	18622	1
13497	20316	1
18118	20482	1
8161	1935	1
8162	10118	1
9428	974	1
7278	5259	1
9213	5259	1
21361	21515	1
1897	3065	1
18158	15229	1
2270	4936	1
2765	3603	1
2585	8614	1
6562	8700	1
1664	13671	1
8699	18439	1
4504	3603	1
2655	1850	1
19443	11246	1
6845	6485	1
7514	21513	1
9426	2360	1
12134	6887	1
21516	15835	1
6419	11564	1
17674	4936	1
6898	10346	1
14344	3914	1
13737	10620	1
10568	5812	1
2817	2297	1
21515	21361	1
20644	13627	1
5972	13809	1
21513	13361	1
4257	13586	1
7324	11246	1
18927	4524	1
12336	2018	1
8328	18271	1
7866	7813	1
21232	21231	1
9365	7813	1
2766	6089	1
952	7042	1
7442	10412	1
8903	10814	1
2018	12336	1
6577	1504	1
16319	8499	1
5366	5920	1
3020	9356	1
37	5780	1
2765	6023	1
5259	7278	1
2765	2769	1
16648	2818	1
9942	21257	1
11536	5893	1
16840	15617	1
12099	7597	1
7491	15579	1
5704	15579	1
2297	10893	1
5419	899	1
10158	21180	1
2546	16477	1
4862	6279	1
14740	19788	1
21443	16729	1
2818	16648	1
8929	14235	1
6093	7662	1
20823	8967	1
17286	13018	1
1508	5233	1
1674	2611	1
2611	1674	1
9488	2106	1
5459	2611	1
2766	5715	1
2296	1279	1
7495	1923	1
13900	9723	1
2546	2948	1
21502	976	1
13875	72	1
14081	14075	1
5951	5929	1
801	15878	1
905	4576	1
17916	15691	1
2948	2546	1
14995	966	1
4454	6919	1
15748	18953	1
20882	1311	1
3447	4233	1
698	2065	1
645	13807	1
6934	6454	1
13884	15586	1
1740	1311	1
1781	16036	1
12535	14201	1
9422	18605	1
13340	6188	1
21349	7375	1
13614	19432	1
1504	6577	1
5804	10853	1
6786	6354	1
3669	6783	1
7647	6883	1
13615	13615	1
994	3940	1
11536	1854	1
9471	19432	1
6354	6786	1
9942	15818	1
12632	6354	1
5217	6614	1
8172	9123	1
20746	8820	1
19031	18953	1
16372	8820	1
19154	19239	1
323	110	1
4504	4246	1
940	110	1
21517	4246	1
5670	11724	1
940	2817	1
15586	13884	1
6783	3669	1
21518	21519	1
21513	7514	1
21520	6424	1
8050	15840	1
9492	15748	1
6100	8233	1
1674	20882	1
12220	21521	1
20542	11513	1
12497	16021	1
21033	21049	1
8909	13701	1
5348	5349	1
6932	11167	1
19237	21503	1
5592	3810	1
20882	1674	1
13407	14715	1
8610	6307	1
1402	2284	1
14715	13407	1
14783	6367	1
10411	11351	1
5839	12488	1
21522	21523	1
16933	5439	1
645	573	1
7308	21462	1
1351	5343	1
4801	7922	1
2765	5627	1
20744	14250	1
16518	2813	1
10002	6585	1
3344	14066	1
6975	18475	1
3545	3315	1
21524	15626	1
21	1512	1
2760	6883	1
7723	6883	1
6023	2765	1
8164	4909	1
2769	2765	1
4816	5531	1
6824	6825	1
323	4613	1
9276	7622	1
14287	13476	1
1512	21	1
3570	20235	1
2360	9426	1
4862	16179	1
12336	8967	1
1237	1323	1
16012	21138	1
21525	21526	1
418	3756	1
3756	418	1
6307	8610	1
5627	2765	1
2180	1624	1
4092	7328	1
20882	2245	1
7597	15921	1
10325	15921	1
14791	15921	1
12614	15921	1
21527	15921	1
6220	15921	1
11377	11377	1
8265	15921	1
4265	4265	1
10240	15921	1
15886	15921	1
7212	15921	1
11106	271	1
6286	15921	1
15602	15921	1
10413	20033	1
3315	3545	1
3722	4346	1
16676	10192	1
16166	914	1
13185	1389	1
12246	5096	1
15691	17916	1
14083	2164	1
9436	16802	1
16319	16570	1
6258	5086	1
19274	8404	1
4092	6156	1
7868	4632	1
6374	937	1
9613	10784	1
7568	17609	1
21528	8434	1
2865	8452	1
5678	9409	1
15051	21529	1
13757	10784	1
18908	18908	1
19582	21529	1
13438	21529	1
14801	21529	1
19091	21529	1
16546	8261	1
13515	8261	1
5715	4561	1
12779	5366	1
5896	5217	1
7813	9365	1
1002	3510	1
4246	21517	1
17031	17772	1
19796	10656	1
10458	8313	1
7334	15106	1
8200	7735	1
2655	1203	1
13567	11472	1
8404	19274	1
21408	2600	1
15106	7334	1
349	21450	1
6668	3190	1
2265	1842	1
4950	4836	1
16933	11660	1
16933	15061	1
9887	11397	1
14411	11397	1
14992	11397	1
5351	5041	1
8049	11397	1
10903	11397	1
974	9428	1
5041	5351	1
12498	11397	1
7927	12176	1
173	3827	1
8195	2308	1
11015	11397	1
2308	8195	1
9253	11632	1
4836	4950	1
13586	4257	1
9862	6245	1
5442	3950	1
20668	438	1
8820	20746	1
3950	5442	1
5000	15411	1
11134	10072	1
8962	10674	1
19915	20848	1
2912	7411	1
510	13665	1
232	5774	1
3827	173	1
21530	10054	1
4912	4912	1
7411	2912	1
5343	6222	1
14807	16980	1
10054	21530	1
4389	4856	1
17187	20848	1
16745	6112	1
4524	18927	1
12906	10820	1
8829	3438	1
2456	2457	1
12176	7927	1
9356	3020	1
10968	3216	1
6104	8609	1
5442	9028	1
2038	12338	1
7952	21531	1
21463	21463	1
9028	5442	1
2201	17724	1
10674	8962	1
3628	8594	1
2339	8594	1
15504	18060	1
8141	1096	1
19516	18041	1
929	928	1
861	437	1
16414	16055	1
15021	6344	1
1311	1740	1
16956	6344	1
5414	1667	1
20135	12848	1
9058	19605	1
503	2130	1
13627	20644	1
863	21465	1
4504	8932	1
518	1241	1
4533	11282	1
2179	9280	1
13794	15184	1
19239	19154	1
17916	10611	1
15856	17706	1
18060	15504	1
1503	882	1
509	13580	1
18635	8822	1
2765	899	1
12585	4102	1
14198	13377	1
8050	5752	1
11777	13206	1
9327	16522	1
3041	8876	1
4504	12161	1
7791	11236	1
8707	9113	1
5086	6258	1
13580	509	1
2106	9488	1
7505	6720	1
9964	10314	1
6135	7213	1
15504	10405	1
16149	12535	1
11236	7791	1
940	2818	1
3485	20785	1
2496	16980	1
9422	11065	1
9000	10246	1
5650	8243	1
6901	12568	1
13933	5089	1
21532	21533	1
11824	1072	1
6845	10968	1
12568	6901	1
21499	21499	1
14896	13508	1
8243	5650	1
5608	3794	1
2478	10266	1
8285	12217	1
7639	12568	1
8976	8763	1
16056	16491	1
4398	4404	1
6530	1462	1
6585	10002	1
15320	3438	1
19393	16958	1
5871	2341	1
10266	2478	1
12477	5217	1
8609	6104	1
9776	9085	1
2865	2864	1
645	1970	1
5660	4537	1
2038	370	1
5812	10568	1
18503	10170	1
10066	8966	1
13200	467	1
16541	5598	1
10722	370	1
21534	21534	1
19432	12546	1
8896	6562	1
2127	8526	1
645	11727	1
18441	4832	1
16980	2496	1
6372	1092	1
16371	1092	1
3545	2480	1
10116	2705	1
8876	3041	1
2180	2363	1
15878	801	1
4577	9240	1
11163	5300	1
6562	8896	1
2480	3545	1
8214	3817	1
2673	3558	1
2276	3558	1
7659	2096	1
645	1219	1
4102	12585	1
1219	645	1
11015	13083	1
7179	9378	1
7514	11779	1
17038	10475	1
14661	14662	1
7989	12259	1
11282	4533	1
336	54	1
2091	19418	1
10246	9000	1
6578	613	1
16310	10067	1
2646	2496	1
21535	7946	1
8683	14818	1
13751	7086	1
8696	1696	1
