7514	5972	1
16456	11387	1
13550	691	1
3950	5442	1
6977	7236	1
17164	6296	1
5442	3950	1
16310	15908	1
16783	21538	1
20848	13900	1
9613	10784	1
5972	7514	1
17324	17326	1
16917	16151	1
17646	16313	1
2119	14535	1
4257	21488	1
13900	20848	1
14437	12936	1
12119	20065	1
2172	5743	1
6443	19035	1
3163	12073	1
11196	6585	1
15822	6585	1
905	564	1
8216	4657	1
12336	2018	1
2017	968	1
5514	5066	1
9365	7813	1
6367	14783	1
6812	7481	1
3305	6893	1
12535	15162	1
6069	17558	1
6562	12175	1
17987	10461	1
10174	13421	1
12546	19432	1
1635	4260	1
4568	650	1
11910	7543	1
7989	12259	1
8280	8280	1
10666	14603	1
7345	3149	1
9541	5977	1
3723	3949	1
12174	8162	1
5086	6258	1
5134	7944	1
88	13	1
21578	21579	1
12936	14437	1
3949	3723	1
14825	21513	1
21580	21580	1
13884	10649	1
21577	5581	1
884	2445	1
5581	21577	1
12488	5839	1
16144	20380	1
9022	4981	1
9132	21513	1
8986	19482	1
17031	7375	1
17362	20642	1
21561	5581	1
6248	15555	1
5500	5501	1
7375	17031	1
636	89	1
6372	4167	1
10510	4842	1
4657	8216	1
3492	3492	1
5896	9960	1
89	636	1
4981	9022	1
3149	7345	1
16469	636	1
13884	7128	1
1120	1119	1
5450	5166	1
2801	6485	1
20795	20578	1
21275	8724	1
6346	6363	1
5227	3438	1
12153	10582	1
17841	21513	1
4516	4517	1
246	21513	1
10886	8724	1
1260	13643	1
13900	9409	1
18046	17224	1
370	10722	1
2573	2571	1
13528	7514	1
15554	4910	1
2209	4448	1
11397	14992	1
8339	15162	1
5711	16646	1
4252	3160	1
7514	13528	1
6585	15822	1
5537	6893	1
3347	5039	1
89	12121	1
4384	8452	1
2408	12314	1
20461	1786	1
7622	9276	1
3333	2480	1
11946	5548	1
11910	2284	1
6284	14075	1
4842	10510	1
5548	11946	1
18649	9695	1
3923	13911	1
12784	277	1
15162	8339	1
6585	11196	1
19399	7084	1
9211	9212	1
4842	15013	1
3234	3110	1
16980	2496	1
16646	5711	1
9212	9211	1
13884	5979	1
11767	6562	1
526	573	1
11767	3306	1
10820	12906	1
12176	7927	1
16355	4751	1
5789	12344	1
9764	6212	1
819	4206	1
18993	20245	1
7084	19399	1
3455	20644	1
437	861	1
1611	896	1
20578	20795	1
4516	2260	1
18035	17882	1
14565	3606	1
5932	7215	1
819	7446	1
7128	13884	1
19237	21514	1
12906	10820	1
6562	11767	1
5896	11511	1
10722	370	1
4408	5154	1
18358	10634	1
4133	4664	1
13361	21513	1
21581	6830	1
5678	9409	1
2242	240	1
13667	13668	1
1181	3438	1
11568	4171	1
4842	8975	1
21548	21547	1
887	870	1
13012	13012	1
20574	14235	1
4662	13476	1
1508	2756	1
819	6700	1
5896	7481	1
13884	5325	1
3198	6653	1
4133	4241	1
9612	5085	1
13668	13667	1
3110	3234	1
10749	11468	1
16317	2973	1
7543	6771	1
14755	6068	1
9388	17224	1
5896	1483	1
1038	6556	1
3493	3628	1
819	2616	1
3022	2248	1
1509	1985	1
709	7605	1
15541	21427	1
7223	226	1
8243	5650	1
5084	5931	1
6842	2142	1
13747	5684	1
4346	3722	1
4133	6883	1
8934	6883	1
887	888	1
6012	14605	1
11468	10749	1
8162	12174	1
4838	4960	1
11485	7416	1
6056	10228	1
7416	11485	1
23	3411	1
17163	16790	1
1737	21582	1
19021	19022	1
4364	4365	1
19201	3411	1
5896	2725	1
1175	1050	1
16085	16153	1
10228	6056	1
12472	1314	1
4516	2420	1
239	250	1
5870	14144	1
6043	6044	1
8707	3170	1
14507	7763	1
12582	5042	1
5581	21561	1
14137	20653	1
4133	4662	1
18659	12580	1
17441	20653	1
9755	2616	1
20990	20653	1
2829	20653	1
4842	4257	1
19482	8986	1
8141	6120	1
2646	7857	1
1757	932	1
4890	3849	1
21257	21257	1
8450	5146	1
12779	5366	1
5154	4408	1
4433	4432	1
17655	6898	1
4257	4842	1
8975	4842	1
426	1289	1
4950	4836	1
1119	294	1
2759	6458	1
2359	4202	1
3849	5496	1
2725	3008	1
2940	10772	1
819	3171	1
5411	4743	1
4133	4282	1
15673	422	1
5297	5774	1
3237	422	1
4328	16044	1
10802	431	1
1509	3383	1
4838	422	1
21570	2397	1
4257	1504	1
17486	1727	1
3274	1727	1
1504	4257	1
819	21583	1
14277	14277	1
21584	422	1
13647	8592	1
9388	9388	1
14572	21585	1
3237	3325	1
3381	511	1
12006	15120	1
4516	13147	1
3008	2725	1
16823	15440	1
5085	9612	1
8690	13021	1
16488	21586	1
21587	21513	1
6183	4755	1
4842	9863	1
16816	16815	1
8934	10924	1
5597	8160	1
5305	7033	1
2765	899	1
751	8592	1
9240	9388	1
2265	1842	1
13371	11315	1
806	9410	1
10736	16820	1
251	252	1
15438	6624	1
7033	5305	1
14783	6367	1
666	4559	1
8976	8763	1
5704	15579	1
17101	18612	1
9912	6421	1
8592	751	1
861	437	1
5039	3347	1
5972	21513	1
17659	18179	1
5474	5490	1
5490	6397	1
819	6379	1
2948	4592	1
5234	6788	1
13900	13900	1
13851	3315	1
9883	18612	1
17928	17929	1
6416	5490	1
14946	18612	1
3579	3580	1
16523	16546	1
1750	5549	1
4586	5490	1
15162	12535	1
15795	14456	1
7852	11972	1
18089	18090	1
3741	19687	1
7962	12936	1
8335	1268	1
17906	16610	1
21549	21550	1
13014	18612	1
17031	18612	1
5650	8243	1
2040	2677	1
15284	18177	1
8725	3153	1
11126	6625	1
1268	8335	1
3738	4327	1
20916	17752	1
2051	1558	1
3153	8725	1
17659	15438	1
12304	12936	1
5723	4006	1
5107	9767	1
7605	709	1
2496	16980	1
5812	777	1
19399	11120	1
9767	5107	1
15438	17659	1
5386	5107	1
819	976	1
21513	246	1
1249	3885	1
18046	19197	1
7741	5800	1
14321	14382	1
12259	7989	1
3628	3493	1
3982	1891	1
13884	15586	1
13737	10620	1
5573	1408	1
21218	21219	1
6807	6808	1
12314	2408	1
2480	15745	1
9863	4842	1
3347	2902	1
3170	10772	1
7568	385	1
3804	4008	1
14382	14321	1
5628	6854	1
1119	6854	1
2973	16317	1
1622	15320	1
888	887	1
12886	6424	1
15320	1622	1
6893	3305	1
13289	12773	1
15586	13884	1
21588	21414	1
19892	6873	1
19455	11315	1
6665	6666	1
8704	10145	1
11576	19962	1
4133	6783	1
16546	16523	1
4257	6783	1
21513	5972	1
1113	19630	1
3176	3411	1
10067	8314	1
5683	3213	1
7060	21556	1
7215	5932	1
16151	8314	1
21589	12747	1
18150	3852	1
2018	12336	1
4662	4133	1
4049	11950	1
6522	708	1
708	6522	1
15583	15583	1
9276	14478	1
9087	21408	1
20180	19578	1
240	438	1
19193	11569	1
14503	7042	1
6783	4257	1
10774	10774	1
5985	5985	1
9297	2114	1
13012	21590	1
13212	13211	1
1727	3274	1
4092	1681	1
6047	18145	1
4444	21015	1
10968	6845	1
1119	213	1
15745	2480	1
2968	2363	1
1611	5091	1
3333	15866	1
5743	2172	1
13884	19482	1
12419	21015	1
387	2571	1
15442	3837	1
4171	11568	1
19999	9872	1
11631	9872	1
3547	1410	1
819	6251	1
819	1037	1
10975	11000	1
6234	5560	1
8137	1410	1
16657	11563	1
4550	1410	1
19778	418	1
7451	4002	1
95	15686	1
10072	20157	1
12344	5789	1
6058	1558	1
12872	418	1
11120	19399	1
3696	950	1
3083	5297	1
4462	2130	1
8508	13509	1
20435	9837	1
5062	624	1
17103	16368	1
21087	20853	1
14876	16255	1
819	2436	1
5549	1750	1
2765	8173	1
19399	3020	1
20065	12119	1
21298	21298	1
10087	9300	1
6421	9912	1
13211	13212	1
2801	11043	1
3489	3502	1
1146	4794	1
15691	20647	1
5692	6643	1
16666	9922	1
4842	229	1
3136	3502	1
19226	16959	1
3020	19399	1
4577	15784	1
4078	5697	1
6086	6363	1
3502	3136	1
819	13390	1
3404	6625	1
21591	2441	1
20642	17362	1
13884	8280	1
3491	3493	1
9388	17543	1
12420	11382	1
19647	19646	1
777	5812	1
7085	5598	1
4009	16910	1
3849	4890	1
10475	6625	1
19399	990	1
14075	6284	1
824	582	1
10089	10090	1
19716	21592	1
15686	95	1
850	95	1
14321	19432	1
16151	16917	1
21532	21593	1
4842	5783	1
21594	21595	1
19610	21593	1
5506	11382	1
4064	5203	1
3017	9724	1
19881	5895	1
21596	11181	1
20057	20057	1
13458	21259	1
5549	2052	1
19962	12121	1
7178	18239	1
10560	5932	1
4257	6035	1
940	18239	1
21513	9132	1
17383	9820	1
14827	4217	1
13884	14237	1
4006	5723	1
19866	142	1
4355	2383	1
793	21509	1
1854	11438	1
6625	11126	1
16255	15468	1
16666	1940	1
16176	11438	1
13137	11438	1
21513	13580	1
12252	11438	1
6127	11438	1
5584	5092	1
17646	1987	1
10620	13737	1
19399	6888	1
4992	6370	1
755	6564	1
19646	19647	1
242	241	1
8447	20033	1
13156	6370	1
13318	1450	1
469	3894	1
16933	11660	1
1579	1580	1
160	3834	1
12892	10896	1
16266	17379	1
17103	20352	1
4842	12381	1
1323	1237	1
400	4180	1
5297	1879	1
3717	5020	1
3083	1879	1
990	19399	1
6888	19399	1
20157	10072	1
21597	15239	1
160	3380	1
9276	7622	1
4364	74	1
5203	4064	1
21227	21185	1
3176	10541	1
14444	7120	1
20814	20814	1
819	628	1
12894	6859	1
229	4842	1
21259	13458	1
11709	7893	1
13573	10258	1
5783	4842	1
819	14494	1
4057	16674	1
12601	12601	1
663	13018	1
4134	13974	1
5259	4349	1
10541	3176	1
431	10802	1
3837	15442	1
10461	9992	1
5234	6030	1
18612	18112	1
15664	6883	1
239	240	1
13106	15390	1
205	395	1
7120	14444	1
3429	10000	1
6927	1586	1
16917	19057	1
3085	6289	1
2390	2355	1
16627	21576	1
1586	4349	1
20882	11936	1
4349	1586	1
20670	2550	1
10003	15106	1
4729	7004	1
2355	2390	1
20647	15691	1
2414	5778	1
13694	10330	1
20848	19915	1
8896	12175	1
21223	4349	1
6113	5463	1
2420	2611	1
16627	12900	1
905	4576	1
1119	1120	1
1627	5974	1
10003	7535	1
4113	2308	1
1410	3547	1
10003	7334	1
7621	5736	1
10003	7780	1
5234	10464	1
20258	5078	1
7215	7625	1
20620	16931	1
13884	14031	1
4133	9889	1
7487	7488	1
2801	1241	1
14016	13965	1
15106	10003	1
14144	5870	1
7334	10003	1
7780	10003	1
11344	10410	1
3258	20188	1
20188	3258	1
228	229	1
17123	19044	1
10214	21598	1
10663	2941	1
7521	11344	1
8909	5640	1
4589	6513	1
12580	9250	1
5234	12024	1
2220	828	1
385	7568	1
6055	5869	1
5932	10560	1
6562	3070	1
14816	5806	1
13580	21513	1
9586	6625	1
6370	4992	1
12773	13289	1
20653	20990	1
4047	8967	1
14190	7338	1
3182	3181	1
3202	3240	1
5922	5	1
6513	1839	1
5325	13884	1
21599	21599	1
9253	11632	1
3181	3182	1
16100	17638	1
213	1119	1
8490	9368	1
5800	7741	1
6017	13366	1
979	5314	1
5896	6812	1
18612	17101	1
8404	5411	1
15320	16847	1
12197	7178	1
8903	11387	1
160	87	1
21462	21462	1
294	1119	1
5411	8404	1
18612	17031	1
21413	21413	1
582	824	1
18852	18852	1
15789	123	1
13667	3337	1
5381	10387	1
8934	12855	1
4250	2912	1
10266	15393	1
5972	18	1
3337	13667	1
20882	1692	1
20002	17031	1
11465	18694	1
10258	13573	1
13381	14041	1
9368	8490	1
2480	17366	1
20853	20854	1
9864	9005	1
16029	4649	1
1468	3012	1
1996	3547	1
21513	4649	1
21600	21600	1
4649	21513	1
3383	11540	1
5463	6113	1
6813	6812	1
10737	17512	1
6258	5086	1
10003	4027	1
1516	1162	1
6376	19995	1
17512	10737	1
14041	13381	1
819	2807	1
10457	4649	1
5366	12779	1
71	70	1
13174	8749	1
1586	6927	1
20380	16144	1
19154	3497	1
8909	13701	1
4715	10937	1
5327	1503	1
19428	19429	1
15153	11074	1
5726	2284	1
13691	4949	1
17366	2480	1
2941	10663	1
229	845	1
3910	845	1
6166	7127	1
21601	17188	1
11661	16535	1
11687	6193	1
4217	14827	1
845	229	1
13851	1987	1
4949	13691	1
70	71	1
13884	13407	1
6055	5904	1
11660	16933	1
9904	13595	1
7543	11910	1
13366	6017	1
8757	13574	1
19399	20882	1
6081	21486	1
21602	20446	1
19915	20848	1
13688	8162	1
1987	13851	1
20882	19399	1
5146	8450	1
737	13974	1
3315	13851	1
17433	16107	1
6936	11820	1
12970	7986	1
4662	20746	1
17558	21513	1
7927	12176	1
15745	1674	1
9300	10811	1
13407	14715	1
14535	8174	1
2801	3084	1
13574	8757	1
5896	12477	1
14715	13407	1
10003	3950	1
10811	9300	1
6596	5668	1
10188	8162	1
3745	20945	1
4640	64	1
20853	13900	1
240	2242	1
4517	4516	1
6777	9028	1
13122	11170	1
8174	14535	1
1119	23	1
21603	19883	1
4257	10634	1
506	868	1
19399	3761	1
8611	5096	1
19907	19906	1
5353	9402	1
14197	7309	1
8977	16980	1
109	1408	1
10937	4715	1
3761	19399	1
5353	8609	1
6625	3404	1
6765	17365	1
14992	11397	1
5896	4090	1
6782	5754	1
5190	2017	1
5896	7126	1
15474	15461	1
14066	5191	1
4399	2571	1
6562	15988	1
13476	14478	1
2017	5190	1
19716	19716	1
14114	7235	1
14197	7108	1
8228	2900	1
21604	20956	1
11021	20339	1
14478	13599	1
6812	6813	1
10003	7213	1
19044	17123	1
16758	4822	1
17379	16266	1
15461	15474	1
2677	2040	1
12965	17365	1
13599	14478	1
20382	20789	1
16664	16480	1
4650	15151	1
13974	737	1
8547	15334	1
20644	3455	1
21286	21285	1
18692	21573	1
4399	387	1
334	4842	1
5234	12785	1
21060	5310	1
4257	9479	1
4812	4832	1
6454	6934	1
5896	8619	1
12086	8591	1
21212	21285	1
5490	4586	1
9695	18649	1
5894	6059	1
3738	13864	1
2067	21471	1
13573	845	1
17987	17987	1
15807	2304	1
3497	19154	1
9402	5353	1
8609	5353	1
4133	6730	1
5036	21471	1
6564	755	1
12732	14573	1
21513	17558	1
6934	13917	1
3274	17080	1
3520	4563	1
13	88	1
15194	10208	1
21	388	1
7235	14114	1
644	3091	1
5191	14066	1
414	4204	1
11201	6066	1
3041	13974	1
13207	13017	1
13884	7495	1
19229	19229	1
3863	80	1
21605	8783	1
17592	14163	1
11802	2465	1
6846	2915	1
10143	10143	1
6262	5150	1
6706	5307	1
21389	1759	1
10814	8903	1
14577	16372	1
11387	8903	1
15555	20643	1
11943	15306	1
19239	19154	1
15306	11943	1
18852	18853	1
1162	1516	1
9456	4294	1
5351	896	1
4294	9456	1
13481	6079	1
16266	15474	1
1674	15745	1
21606	21595	1
21607	21595	1
13884	9763	1
8934	6848	1
4133	6848	1
1299	14297	1
16947	12748	1
10761	2909	1
1031	3091	1
10375	16276	1
16980	8977	1
6795	21422	1
21608	382	1
12748	16947	1
1617	1392	1
13573	21491	1
184	17734	1
17220	8709	1
21609	21609	1
2734	16714	1
5896	9735	1
1173	13710	1
4842	8802	1
20183	13231	1
14754	14535	1
21610	21610	1
7020	10179	1
18087	12881	1
4026	1791	1
5667	4988	1
11517	15017	1
10054	4020	1
3240	4071	1
4020	13710	1
14376	14312	1
4888	4900	1
16947	2902	1
