1008	10780	1
10808	21355	1
3458	718	1
375	718	1
3549	2800	1
10799	11943	1
4389	4856	1
7291	17987	1
7622	9276	1
20774	1347	1
21364	1226	1
2873	6120	1
14178	15567	1
4856	4389	1
1081	2855	1
17987	7291	1
5816	19793	1
68	655	1
853	14150	1
13685	564	1
15106	7334	1
4157	15590	1
4034	5893	1
5893	4034	1
1280	2673	1
10179	15818	1
2276	2673	1
4141	8681	1
3723	3949	1
11031	7049	1
21365	15590	1
1008	8177	1
2955	21345	1
15691	15664	1
655	68	1
7260	515	1
9897	5540	1
3444	2725	1
11713	4257	1
3949	3723	1
7020	7333	1
4045	2315	1
6166	7127	1
18121	9423	1
14150	853	1
9675	2315	1
4936	3559	1
15985	16358	1
5979	13626	1
15774	14314	1
1232	2585	1
21332	12439	1
10437	9250	1
2725	5072	1
2163	696	1
2995	15818	1
21366	3577	1
737	1081	1
2247	4898	1
5072	2725	1
17592	14163	1
5797	5893	1
16003	8460	1
16074	17031	1
2927	21367	1
14987	14987	1
7989	2863	1
1820	2071	1
2855	1081	1
837	4568	1
5893	5797	1
1155	2109	1
4687	2910	1
3014	2537	1
7309	5890	1
19802	7425	1
21296	9402	1
6899	272	1
21368	2781	1
5515	9627	1
2192	3010	1
10761	2909	1
8500	2909	1
2780	2781	1
7138	6860	1
2399	5750	1
13136	13136	1
9281	10651	1
7333	7020	1
5325	13884	1
14131	3344	1
13207	13017	1
6703	9865	1
6845	21079	1
12344	5789	1
2420	1009	1
5299	21234	1
21079	6845	1
3512	13911	1
3512	4034	1
19239	19154	1
14297	65	1
20329	21369	1
15574	21370	1
9239	6845	1
5217	21256	1
6426	14663	1
3333	2480	1
21371	21371	1
3512	4374	1
10807	9511	1
71	65	1
190	65	1
16085	20004	1
7860	2242	1
11846	18901	1
20004	16085	1
9302	3438	1
8815	13421	1
21372	21372	1
3082	2612	1
20429	10788	1
6860	7138	1
4249	4309	1
11598	14277	1
13770	624	1
8814	3438	1
6242	6242	1
628	5289	1
6242	2242	1
6039	8177	1
19920	5893	1
19647	19646	1
1620	11259	1
5893	19920	1
12943	9133	1
2242	6242	1
6845	9239	1
3512	16301	1
21373	21373	1
1427	2315	1
19978	883	1
17566	17944	1
9423	18121	1
4662	18121	1
420	2585	1
8404	4883	1
4568	837	1
7412	5518	1
6452	5518	1
3262	5518	1
3785	5518	1
1645	6017	1
17787	1113	1
5813	1163	1
6184	6017	1
6380	2052	1
19548	2645	1
24	243	1
17380	17503	1
6409	21337	1
9438	10390	1
13989	5684	1
12758	16308	1
21374	20586	1
13640	13145	1
19983	20494	1
7020	9342	1
4045	7932	1
4361	9724	1
5455	19961	1
879	878	1
13640	6183	1
4751	16355	1
878	879	1
6193	7980	1
638	637	1
638	4927	1
20494	19983	1
1220	985	1
19646	19647	1
21342	15795	1
3410	16008	1
12781	3432	1
3626	4361	1
20521	18188	1
2646	7857	1
1224	4902	1
7540	3918	1
4946	3347	1
98	1109	1
21256	5217	1
16289	11640	1
18579	18579	1
3626	5796	1
2052	6380	1
3172	2260	1
2546	6161	1
5820	5821	1
2725	7481	1
13713	15661	1
3914	21346	1
375	10199	1
6958	13550	1
3512	9388	1
14	441	1
380	9574	1
2140	15744	1
2094	1891	1
4252	13325	1
10199	375	1
6898	9331	1
4758	4758	1
6927	2884	1
10457	14892	1
4956	11538	1
1855	1485	1
14197	3315	1
395	2560	1
2725	5239	1
21375	9683	1
15229	6994	1
13492	15044	1
21266	21211	1
9331	6898	1
3626	2343	1
6552	8037	1
13021	8649	1
3347	4946	1
12666	9626	1
4150	4151	1
19239	20831	1
65	14297	1
5027	5026	1
399	3671	1
9132	18251	1
3172	13149	1
1109	3148	1
21376	8166	1
3651	3190	1
1314	10759	1
15566	8443	1
15312	21263	1
20528	4432	1
6665	6666	1
1586	16222	1
2052	1483	1
1355	3051	1
5889	5506	1
5506	5506	1
3834	4679	1
8815	5982	1
21377	21377	1
4218	13273	1
13884	10649	1
3258	4422	1
65	14345	1
861	437	1
8810	8700	1
7126	9005	1
5342	18457	1
3014	3015	1
7108	3315	1
180	264	1
13458	21350	1
1120	1119	1
9161	9160	1
13019	6898	1
3170	8707	1
3315	14197	1
375	12345	1
2995	16657	1
8810	6334	1
10199	12345	1
16113	16112	1
431	10802	1
10960	5799	1
10788	20429	1
5789	12344	1
7033	5305	1
12060	17700	1
5628	6854	1
9488	19487	1
7931	6207	1
3908	3907	1
1854	7543	1
9675	2934	1
9160	9161	1
10413	6564	1
5581	14197	1
10118	8438	1
3304	2224	1
8815	18731	1
12345	10199	1
12566	19543	1
15590	16873	1
7000	9138	1
5409	46	1
1796	46	1
9138	7000	1
1832	46	1
10802	431	1
13754	16077	1
16112	16113	1
2224	3304	1
2725	7126	1
3907	3908	1
2291	20760	1
3010	2192	1
159	1761	1
5305	7033	1
13074	9116	1
15869	3522	1
9342	7020	1
2511	1022	1
385	3239	1
3172	7399	1
7345	10893	1
10319	8975	1
5020	4709	1
14165	6901	1
3671	399	1
9527	9388	1
5381	10387	1
5577	13031	1
21234	5299	1
10219	7204	1
16107	7705	1
13140	7308	1
628	5987	1
12345	375	1
19487	9488	1
99	195	1
628	814	1
16804	14210	1
2995	8421	1
1347	20774	1
5026	5027	1
10118	13691	1
14210	16804	1
11669	7059	1
9992	10461	1
2870	1855	1
7716	19929	1
2698	6727	1
1163	5813	1
3522	15869	1
11072	20362	1
887	200	1
10960	9268	1
16804	17543	1
5750	2399	1
12025	14620	1
3512	6781	1
7853	14724	1
3190	3651	1
21378	13756	1
13889	5133	1
17543	16804	1
5816	7901	1
3512	7407	1
3626	3380	1
15044	13492	1
2140	4755	1
14494	3784	1
4252	7104	1
7085	10623	1
382	615	1
3176	1759	1
8339	3766	1
16452	4206	1
11883	12924	1
19315	6877	1
9069	5000	1
11555	7104	1
828	9375	1
3258	20183	1
9273	5222	1
20183	3258	1
17190	17844	1
4422	3258	1
6006	6184	1
6901	1316	1
21379	15457	1
4045	3457	1
13851	3315	1
15390	12010	1
3512	16980	1
628	896	1
3020	3088	1
7689	906	1
5351	896	1
16657	2995	1
10623	7085	1
19239	394	1
10807	1145	1
1142	3380	1
21380	15095	1
1611	4074	1
2995	6440	1
1585	18727	1
3136	976	1
16477	19854	1
6440	2995	1
3491	3493	1
15212	6346	1
384	1218	1
7360	5773	1
5258	5773	1
9554	5948	1
4252	6107	1
7969	5948	1
10570	14173	1
12892	5948	1
10084	5948	1
5843	5948	1
18188	20521	1
10461	9992	1
8815	3182	1
2169	6527	1
5890	7309	1
7980	6193	1
380	291	1
18653	16139	1
21381	21381	1
9138	6788	1
16139	18653	1
7931	2383	1
5386	14239	1
7367	3561	1
6788	9138	1
623	1461	1
10960	6453	1
21382	16676	1
4038	16289	1
4006	7178	1
3626	1483	1
14851	6453	1
20759	20759	1
2995	16516	1
18644	19073	1
4809	2114	1
200	887	1
20638	1887	1
16873	15590	1
4045	2478	1
4983	4763	1
6927	1103	1
21246	21246	1
5862	12936	1
4045	3616	1
21383	13655	1
6370	8291	1
8600	4137	1
11382	4137	1
12936	5862	1
8177	6039	1
3383	6103	1
3136	4137	1
11132	4137	1
14494	17147	1
3304	964	1
20392	20392	1
17170	21384	1
4252	5164	1
2114	4809	1
12887	12887	1
4491	788	1
13626	5979	1
3397	385	1
1793	4346	1
18241	2868	1
15126	7535	1
17868	4824	1
447	11500	1
8815	10638	1
13691	10118	1
15385	1817	1
18642	18487	1
12340	1897	1
8443	15566	1
193	2231	1
6727	2698	1
1040	1194	1
2231	193	1
2995	6845	1
1898	1897	1
20211	159	1
1531	3549	1
690	897	1
1897	12340	1
1618	8173	1
6564	10413	1
4346	1793	1
3626	3230	1
16358	15985	1
2408	12314	1
20521	15438	1
5857	5824	1
1506	3669	1
17031	16074	1
8160	10121	1
10302	10302	1
7979	11563	1
14494	6353	1
172	4464	1
5811	4021	1
5674	14314	1
7429	7319	1
6107	4021	1
3487	5092	1
13851	1987	1
14494	9409	1
16274	12541	1
9270	6200	1
10807	6414	1
3210	7680	1
5922	5	1
10759	1314	1
1618	9375	1
17512	11078	1
243	24	1
7223	226	1
11457	12362	1
7689	9375	1
9402	21296	1
1750	5549	1
467	3281	1
7689	9087	1
18911	18911	1
628	5844	1
4757	4765	1
9375	6783	1
10199	272	1
10960	12095	1
478	18536	1
4838	615	1
220	225	1
8049	3404	1
15457	21379	1
5227	3438	1
6783	9375	1
3438	5227	1
2611	1674	1
16601	12104	1
861	7730	1
447	4265	1
10437	12472	1
2771	156	1
9865	6703	1
6066	363	1
2732	16104	1
15229	17080	1
12664	19869	1
12472	10437	1
16355	4751	1
7020	5821	1
4252	8959	1
5642	3561	1
21385	3965	1
16163	2610	1
3512	2546	1
13573	845	1
385	8722	1
15624	13248	1
11708	21386	1
14108	6129	1
9375	1618	1
4487	13248	1
2807	13248	1
13515	13248	1
5000	9069	1
21264	21386	1
9876	13248	1
15170	13248	1
3937	3542	1
12090	13248	1
14366	7688	1
6155	1323	1
4939	5234	1
20114	13248	1
3910	229	1
2585	420	1
11843	13248	1
8025	13248	1
1517	13248	1
7026	13248	1
628	3412	1
455	3602	1
2086	3333	1
21387	5318	1
13432	7056	1
7319	7429	1
3669	1506	1
6552	9263	1
21388	21388	1
8500	6246	1
3333	2086	1
5811	1036	1
2941	1781	1
6184	6006	1
2995	12902	1
6938	6048	1
628	319	1
4252	4021	1
2725	14172	1
6957	11072	1
18251	9132	1
6958	11072	1
4958	5502	1
2708	6508	1
6428	8460	1
3626	4876	1
21076	4786	1
21389	412	1
11556	6788	1
11556	9138	1
2749	14654	1
229	3910	1
7689	5191	1
8259	6084	1
4836	4950	1
412	21389	1
7689	20513	1
4950	4836	1
6084	1238	1
16638	14563	1
21369	20329	1
6185	5576	1
2698	5191	1
2698	11196	1
7135	7135	1
1128	5264	1
21390	21391	1
3512	5240	1
6646	14871	1
12601	14871	1
16676	16676	1
9862	14871	1
7532	14871	1
20960	14871	1
12541	2496	1
18631	19376	1
7935	14871	1
21392	14871	1
10965	14871	1
5827	14871	1
6110	14871	1
10312	14871	1
4252	3160	1
19597	9272	1
8500	3212	1
10192	16676	1
156	2771	1
6527	2169	1
9276	7622	1
1987	21393	1
16289	4038	1
9381	8719	1
21394	21395	1
13640	21396	1
1103	6927	1
1884	1238	1
6539	8141	1
7543	1854	1
21346	3914	1
8810	6562	1
12871	13929	1
3626	5692	1
1229	5622	1
6901	14165	1
8975	10319	1
14016	7138	1
8681	4141	1
14238	16523	1
46	1796	1
426	1289	1
21397	21398	1
20146	10715	1
6437	7722	1
3512	21399	1
13122	7073	1
4128	17944	1
16804	12795	1
14455	17944	1
2140	3384	1
628	1504	1
16031	17944	1
180	1504	1
14066	5191	1
3512	13595	1
12795	16804	1
21400	16920	1
7465	17944	1
10390	15724	1
1900	4909	1
4002	19761	1
17844	17190	1
778	20531	1
1632	20531	1
1563	13273	1
15706	15706	1
19761	4002	1
21290	11390	1
14807	7276	1
1096	1517	1
7451	4002	1
3549	1531	1
19292	21401	1
16836	17031	1
4445	1238	1
21402	21402	1
21403	17930	1
21329	4411	1
9138	11556	1
1289	426	1
6788	11556	1
18102	17844	1
13522	8638	1
9042	8638	1
1761	159	1
16062	8638	1
12010	15390	1
11943	14779	1
10294	6424	1
8810	7449	1
6475	12175	1
4490	5288	1
21378	9934	1
21404	7207	1
5402	15468	1
4304	17659	1
8860	13275	1
8425	6977	1
1913	1425	1
2137	5355	1
8909	12096	1
21389	8021	1
21239	21238	1
9335	2617	1
2172	5743	1
13275	8860	1
979	5314	1
426	5359	1
666	2976	1
14779	11943	1
8021	21389	1
21405	17321	1
8071	9456	1
7689	9100	1
5318	21387	1
1081	9409	1
3512	9389	1
8243	5650	1
21406	21387	1
4459	1093	1
19401	18743	1
1674	2611	1
21087	7804	1
16092	21407	1
8815	6894	1
21408	9087	1
9662	7715	1
19836	21407	1
6100	8951	1
