6024	21408	1
2569	2199	1
9202	21980	1
5907	8208	1
15807	2304	1
166	21979	1
3723	3949	1
9872	5317	1
16166	7389	1
3949	3723	1
4120	15153	1
17442	2829	1
8609	5353	1
10468	9479	1
8280	1656	1
15517	11909	1
2480	3545	1
8150	12932	1
19186	20445	1
17002	15533	1
11766	13482	1
15153	4120	1
20521	11372	1
9049	9049	1
14993	20590	1
19137	8483	1
17816	3849	1
10845	8498	1
12869	9009	1
6867	9009	1
1229	6270	1
7760	21882	1
9586	14932	1
800	3514	1
845	229	1
20861	18918	1
11687	8247	1
5904	4135	1
10468	13390	1
20653	21275	1
15628	15179	1
4167	1092	1
8498	10845	1
6294	4777	1
21981	12174	1
3240	3202	1
14535	14754	1
8512	8512	1
7367	4777	1
11163	6868	1
20065	12119	1
14754	14535	1
16371	1092	1
10968	21079	1
447	1339	1
10468	4781	1
7650	4900	1
1516	2532	1
21982	19237	1
8285	19315	1
7145	9100	1
1567	8476	1
7085	5894	1
20938	21983	1
418	3756	1
15533	17002	1
292	330	1
7260	515	1
3138	4293	1
20653	14137	1
9897	515	1
5845	3450	1
385	2578	1
17080	21882	1
3450	2958	1
5628	6854	1
3569	3568	1
5894	7085	1
2958	3450	1
4836	20823	1
13007	1756	1
3404	4657	1
2677	6052	1
18653	16139	1
19482	12134	1
5690	467	1
16139	18653	1
16792	11701	1
11485	5847	1
1559	8519	1
86	4555	1
8508	1169	1
11740	11741	1
20004	5931	1
5353	8609	1
4777	6294	1
3088	3020	1
12748	16947	1
12134	19482	1
628	3651	1
6457	5798	1
5723	7085	1
5929	5951	1
14537	9300	1
18197	18197	1
7257	7568	1
1059	5774	1
10938	14976	1
18342	3358	1
2578	385	1
5348	5349	1
11485	17379	1
9753	1606	1
19715	1478	1
3450	5845	1
12086	18197	1
1606	9753	1
5107	5386	1
8243	5650	1
20783	21874	1
14889	13826	1
5951	5929	1
2399	11390	1
5798	6457	1
18204	6854	1
11514	10478	1
5386	5107	1
16947	12748	1
370	2180	1
9580	2180	1
17193	14001	1
5076	9155	1
2616	4907	1
17987	10461	1
12048	12048	1
4799	7944	1
1660	4293	1
8361	2483	1
14137	20653	1
21275	20653	1
12123	13421	1
2829	20653	1
2635	2636	1
4334	21443	1
20990	20653	1
6652	8609	1
20653	20990	1
3481	86	1
8676	13476	1
4037	8280	1
1656	8280	1
5711	16646	1
9155	5076	1
6111	6465	1
5509	6614	1
2978	7501	1
6017	6122	1
3834	4383	1
8803	9100	1
5922	8057	1
15385	6700	1
14366	18358	1
2347	5088	1
20653	19237	1
4857	9100	1
17208	7215	1
4630	4629	1
19629	7735	1
19538	18367	1
17031	1060	1
3763	7543	1
6446	5560	1
5796	2721	1
15179	7143	1
21191	1220	1
5853	18	1
12123	10896	1
1681	11826	1
4092	11826	1
5862	13023	1
6426	14663	1
17697	10685	1
7257	8121	1
15385	1817	1
6066	3030	1
16526	9906	1
2808	2973	1
1681	4092	1
16840	2979	1
1681	7086	1
86	3999	1
15179	15401	1
17031	3320	1
3014	2537	1
7446	7446	1
11365	11365	1
6122	6017	1
11564	6419	1
20914	6419	1
9202	6419	1
2180	370	1
10479	7128	1
5257	16341	1
54	4913	1
18649	9695	1
11835	15754	1
20823	4836	1
21984	20563	1
5999	5998	1
21985	13019	1
8855	8153	1
4651	749	1
5779	2571	1
7257	3606	1
2484	4871	1
6270	1229	1
7085	10623	1
580	6436	1
4112	14540	1
6458	945	1
11512	2901	1
2606	3671	1
9277	3671	1
21986	13516	1
18378	16230	1
7543	3763	1
1847	4607	1
2383	4355	1
928	929	1
19966	16962	1
10623	7085	1
17110	1254	1
5258	5773	1
9695	18649	1
5773	5258	1
15179	6132	1
15223	17926	1
3849	579	1
21987	21987	1
13481	4666	1
12932	8150	1
4907	2616	1
3671	9277	1
13255	14917	1
13482	11766	1
18948	17659	1
4629	4630	1
8855	8545	1
9080	3370	1
7267	7267	1
14851	2722	1
5779	4559	1
21988	21988	1
21989	21989	1
3104	3862	1
863	864	1
14535	10623	1
8078	4370	1
21175	17367	1
21990	6599	1
2556	5064	1
21857	2369	1
2017	1268	1
20333	7358	1
13544	12810	1
5300	12395	1
2183	7102	1
18378	3885	1
20316	17434	1
1409	550	1
11932	21585	1
4355	2383	1
18417	18417	1
5853	2194	1
21962	21962	1
20278	12420	1
21991	21991	1
15223	710	1
3984	5594	1
18378	7089	1
4532	15461	1
2180	9580	1
17427	15988	1
7389	16166	1
3104	17513	1
5091	424	1
12970	8788	1
6852	328	1
9277	6377	1
16980	9117	1
271	328	1
940	7178	1
1497	3706	1
328	6852	1
7257	4525	1
7257	8140	1
5840	3561	1
86	87	1
3794	3561	1
86	359	1
1523	9062	1
7085	5723	1
7980	6193	1
9314	8192	1
2456	2457	1
1726	8058	1
15153	8172	1
21992	21993	1
21994	21995	1
4196	3009	1
972	8172	1
11644	8172	1
2106	2106	1
7421	5663	1
4652	8258	1
14476	10494	1
8848	905	1
9356	11058	1
5275	323	1
6112	5756	1
842	3005	1
3030	6066	1
86	84	1
1120	869	1
6385	6397	1
15744	515	1
2456	1996	1
18928	10769	1
5779	3664	1
996	6265	1
4510	8405	1
19505	19934	1
7873	2823	1
16648	16649	1
9273	3617	1
2219	15431	1
2818	16648	1
21996	21996	1
5745	4537	1
2194	4053	1
16649	16648	1
802	5332	1
11390	13938	1
5853	21618	1
847	3176	1
2721	5796	1
14182	17955	1
3999	86	1
84	86	1
4395	8499	1
4345	4346	1
16399	8466	1
359	86	1
3985	3103	1
16516	16516	1
17031	12544	1
6649	7715	1
1340	1523	1
1808	7024	1
13215	21570	1
14917	13255	1
5167	10588	1
21980	9202	1
6419	9202	1
2192	21714	1
8208	5907	1
6784	3166	1
4053	2194	1
8280	4037	1
13800	11980	1
3617	9273	1
13538	12565	1
1756	13007	1
9276	4747	1
6133	16088	1
8855	13573	1
14182	4037	1
6467	5796	1
1908	11160	1
3366	5365	1
1628	10769	1
7178	940	1
5088	2347	1
20278	10811	1
16646	5711	1
5993	5850	1
11980	13800	1
7922	4514	1
2183	2442	1
6303	869	1
17088	6716	1
1876	6716	1
7521	11344	1
5845	5612	1
16713	21215	1
17259	2164	1
17088	17088	1
3664	5779	1
5612	5845	1
21938	21938	1
6649	4741	1
3756	418	1
16215	16215	1
2770	3068	1
12872	418	1
2456	3456	1
17031	10457	1
15223	10982	1
21997	14211	1
4577	4374	1
1726	6801	1
21998	21998	1
3029	12497	1
3849	5496	1
21999	7042	1
7967	13343	1
4859	4239	1
10334	8640	1
624	13476	1
22000	21513	1
5650	8243	1
19388	5332	1
4735	3166	1
4706	4707	1
17758	16715	1
21939	1548	1
8361	11767	1
16962	19966	1
13691	10188	1
7592	16142	1
1618	8173	1
11344	7521	1
423	3914	1
11767	9385	1
18398	16715	1
7033	5305	1
12395	5300	1
21513	22000	1
7012	17787	1
5796	3166	1
14398	2151	1
13476	624	1
18378	16715	1
13503	17787	1
2151	14398	1
17648	17787	1
5122	12464	1
16647	10061	1
3625	6355	1
4707	4706	1
2977	12485	1
16715	17758	1
13140	7308	1
14156	3567	1
3680	15988	1
10496	3567	1
11014	13573	1
8788	12970	1
2866	4559	1
869	6303	1
9541	5977	1
21933	21932	1
22001	2118	1
3852	129	1
2678	173	1
8361	12540	1
17566	21513	1
12464	5122	1
16648	2818	1
10982	15223	1
15390	15390	1
19057	15390	1
10374	10230	1
4034	16523	1
3567	14156	1
842	7861	1
19978	4410	1
18499	5707	1
16523	4034	1
17787	13503	1
21835	22002	1
129	3852	1
2456	3547	1
4941	4941	1
710	15223	1
4668	13477	1
15835	2369	1
5922	5	1
5779	10147	1
7257	5200	1
11058	9356	1
4890	3849	1
11390	2399	1
5332	19388	1
7308	13140	1
842	1135	1
18378	18622	1
4346	4345	1
14345	65	1
5142	12656	1
385	4308	1
5490	6397	1
1340	573	1
5000	4901	1
15223	12381	1
21454	8791	1
8508	4579	1
11416	12598	1
17326	17324	1
10061	16647	1
1508	5233	1
5663	7421	1
3569	12447	1
21998	17695	1
11972	17462	1
10461	9992	1
12598	11416	1
321	101	1
9605	7801	1
12383	3817	1
4653	8824	1
2456	3380	1
861	3456	1
13960	7452	1
17031	10468	1
1220	985	1
5853	205	1
8508	13509	1
12258	12958	1
17031	14239	1
6213	8933	1
7789	13538	1
4233	3447	1
21962	13671	1
9131	14541	1
418	12872	1
12123	6843	1
5853	4868	1
5041	12776	1
3138	4393	1
14541	9131	1
387	6031	1
14239	21030	1
9211	9212	1
5365	3366	1
8591	8061	1
9959	2511	1
16537	18863	1
21940	5593	1
1782	1781	1
13453	387	1
17314	5875	1
12381	15223	1
21030	14239	1
17926	15223	1
432	4952	1
9264	1268	1
3005	1234	1
18378	18276	1
7257	519	1
8609	6652	1
1681	858	1
5779	387	1
2073	2074	1
13544	11043	1
6957	11072	1
21030	21030	1
2573	2571	1
12970	7986	1
5459	2611	1
17031	17772	1
242	241	1
11377	6055	1
22003	22003	1
173	2678	1
2511	19808	1
2074	2073	1
2479	3542	1
869	1120	1
12664	12650	1
16194	4120	1
6530	2902	1
2977	5006	1
1681	4885	1
11014	8545	1
275	7618	1
3481	4067	1
11113	12124	1
2102	1921	1
15223	12545	1
20557	2467	1
7852	11972	1
22004	22005	1
17182	9665	1
210	530	1
13913	5064	1
6607	10698	1
17031	7375	1
12545	15223	1
22006	18656	1
15471	13573	1
1204	2600	1
19223	5183	1
15179	2611	1
2770	3177	1
867	22007	1
905	8457	1
5189	3803	1
4393	3138	1
1681	3262	1
21874	18835	1
3138	13938	1
3975	9550	1
842	2849	1
9550	3975	1
3163	12073	1
4445	4724	1
9992	10461	1
13088	17609	1
1459	11465	1
7334	11514	1
8492	4724	1
11514	7334	1
5779	3930	1
2456	13807	1
8716	4268	1
7200	18769	1
12599	13404	1
14540	4112	1
9959	3356	1
7986	12970	1
387	13453	1
6551	227	1
944	2420	1
8160	4724	1
9249	8587	1
9687	2647	1
3104	3125	1
2390	2355	1
6713	14688	1
8172	15153	1
18378	19171	1
5510	5808	1
3803	5189	1
3138	5581	1
20445	19186	1
2051	1558	1
3925	16271	1
6868	11163	1
2606	2607	1
22008	22008	1
1106	6395	1
4799	4445	1
5191	4816	1
15385	6344	1
14165	13900	1
15223	10783	1
2364	2365	1
14688	14688	1
22009	4751	1
3447	4233	1
8361	7695	1
9009	6867	1
15223	13900	1
1832	1796	1
10188	13691	1
4751	22009	1
4724	4445	1
22010	16050	1
21777	11513	1
3185	5600	1
4724	8492	1
3657	5580	1
10713	8583	1
14932	9586	1
7148	12364	1
4006	9799	1
5845	435	1
227	16857	1
749	4651	1
21167	17934	1
2734	16714	1
294	7721	1
4901	5000	1
4385	9669	1
12788	7254	1
13900	15223	1
8150	17080	1
10479	12540	1
22011	21811	1
7300	5316	1
20371	7054	1
2456	9347	1
8150	7258	1
4485	3561	1
5366	12779	1
11018	3079	1
86	1139	1
19237	20653	1
3029	8214	1
22009	5461	1
7291	4662	1
9799	4006	1
8855	9997	1
8587	16904	1
14968	3021	1
9966	15106	1
12970	5352	1
14494	2211	1
9117	20669	1
2611	985	1
2978	14117	1
7446	14494	1
16904	8587	1
17648	3569	1
5227	3438	1
21962	3989	1
6813	6812	1
8860	6812	1
3438	5227	1
10839	6045	1
2483	8361	1
12540	6901	1
874	18	1
6812	8860	1
7455	16321	1
13564	22012	1
21805	8191	1
18623	15774	1
22013	22014	1
8220	6135	1
15039	8932	1
12134	8763	1
9100	8803	1
1139	86	1
8609	3965	1
2606	3367	1
9277	3367	1
22015	13989	1
21417	9378	1
8192	9314	1
13989	22015	1
86	10821	1
7922	13261	1
6045	10839	1
2770	2935	1
7801	9605	1
2977	16847	1
9117	16980	1
9496	7404	1
8303	18124	1
9138	7000	1
12900	3382	1
11512	21513	1
22016	595	1
8162	16900	1
2776	9626	1
22017	22017	1
17031	11931	1
3618	2935	1
2611	21956	1
16355	4751	1
7404	9496	1
8932	15039	1
8220	9381	1
15223	16980	1
15438	15476	1
998	2935	1
17324	17326	1
8248	21999	1
8336	17098	1
4794	21506	1
22009	10760	1
7276	16980	1
12123	8815	1
22018	22019	1
5411	4905	1
17031	12981	1
21948	12173	1
2804	1135	1
14321	9488	1
8259	15151	1
14066	5191	1
20237	20237	1
12970	4810	1
7138	4939	1
8258	4652	1
9248	4939	1
2297	2817	1
8855	7443	1
854	13072	1
10760	22009	1
15130	2199	1
18852	18853	1
1063	45	1
6711	1266	1
8773	7901	1
3514	800	1
5893	17098	1
323	5275	1
22020	22020	1
14504	14688	1
21513	11512	1
4905	5411	1
5684	6923	1
5711	2017	1
14345	64	1
13019	21985	1
17861	16911	1
1268	2017	1
22021	8104	1
2817	2297	1
5779	12532	1
14132	9894	1
3808	10522	1
3382	12900	1
10821	86	1
21413	7154	1
8975	4842	1
3021	14968	1
10461	17987	1
4939	9248	1
2355	2390	1
22019	22018	1
4939	7138	1
8220	19080	1
22009	17987	1
11835	19080	1
5191	14066	1
11972	7852	1
6843	15914	1
5411	7543	1
1338	4537	1
1077	4064	1
22022	22023	1
8220	12053	1
10186	17156	1
22024	16055	1
1120	1119	1
22025	22025	1
17221	10461	1
14546	15911	1
8141	12771	1
22023	22022	1
19819	8539	1
9067	6625	1
15223	9863	1
12771	8141	1
19663	14917	1
2183	9014	1
2652	5547	1
398	399	1
2894	2634	1
17367	21175	1
3480	10120	1
3079	11018	1
6625	9067	1
17098	5893	1
6648	5598	1
22009	7690	1
21932	21933	1
19482	7109	1
13424	5598	1
595	22016	1
4346	3722	1
5133	5317	1
6234	6380	1
15014	8702	1
21967	22026	1
2978	4815	1
14137	17441	1
18238	18238	1
6080	5161	1
2456	3297	1
15720	13455	1
4675	1988	1
9541	9876	1
8583	10713	1
9777	7049	1
8015	9876	1
10147	5779	1
387	5779	1
8702	15014	1
11120	1718	1
21178	11175	1
3930	5779	1
22027	7375	1
774	5884	1
9718	6562	1
12532	5779	1
5779	4399	1
13261	7922	1
3073	3216	1
12595	21981	1
13989	20032	1
4489	5130	1
9253	11632	1
11065	11065	1
12174	21981	1
11902	14688	1
19244	4026	1
6562	9718	1
5674	8306	1
7107	6564	1
14917	19663	1
19966	17550	1
13991	5022	1
9007	3137	1
1718	2670	1
5352	12970	1
15223	5888	1
15911	14546	1
4810	12970	1
21981	12595	1
10174	13421	1
16857	227	1
3112	11387	1
1573	555	1
14345	3865	1
4906	4608	1
15223	6804	1
8220	8541	1
10663	2941	1
14870	14870	1
5600	3185	1
6564	7107	1
2941	10663	1
8889	22028	1
12870	7336	1
20407	3493	1
10230	10374	1
8043	7993	1
5536	5537	1
8361	22029	1
2420	1009	1
9876	6836	1
5167	2119	1
18378	12006	1
1619	5266	1
22030	2941	1
16372	14577	1
4747	9276	1
2941	22030	1
12344	5789	1
14345	2765	1
12544	7868	1
17841	21513	1
15652	20990	1
8220	7535	1
5294	3404	1
