4650	21671	1
11455	4043	1
7862	7731	1
21740	21542	1
3258	7602	1
8425	11296	1
18873	18873	1
13933	5089	1
10896	7188	1
1229	2397	1
14503	3297	1
21741	21655	1
5789	12344	1
20333	20533	1
7188	10896	1
7731	7862	1
6612	8748	1
7622	9276	1
21742	5219	1
6119	6448	1
484	6024	1
21655	21741	1
3073	7602	1
21300	21300	1
15555	6811	1
20914	6419	1
7602	3073	1
17207	21743	1
3138	4393	1
7979	8421	1
15745	1674	1
3723	3949	1
10651	21693	1
6539	8421	1
12955	12954	1
3073	3975	1
19647	14119	1
5857	5824	1
21744	20533	1
2585	3744	1
12172	17449	1
3949	3723	1
1469	3949	1
10774	21745	1
8830	16289	1
21149	8610	1
6343	4883	1
8293	8594	1
6325	2091	1
9700	21015	1
6245	1064	1
7602	9250	1
195	15938	1
14536	17130	1
13665	510	1
2116	8213	1
14050	1606	1
6188	1428	1
11344	10410	1
20382	20789	1
5294	16855	1
13547	1096	1
11427	11033	1
2205	3033	1
6297	3182	1
12932	16088	1
13150	2652	1
7318	18350	1
13263	2204	1
20823	8967	1
3568	2532	1
13095	8512	1
6813	6812	1
12624	9786	1
510	13665	1
1506	5745	1
2342	2534	1
14978	6306	1
18651	18651	1
7086	10758	1
21513	15491	1
3849	5496	1
18350	7318	1
6539	3944	1
13982	1842	1
4942	18913	1
9837	20435	1
15586	13884	1
14240	16992	1
10968	3216	1
371	8526	1
10130	8975	1
6419	20914	1
20316	17758	1
4418	8051	1
14381	16055	1
13884	13407	1
5008	13048	1
3020	3088	1
17916	15664	1
4026	19244	1
7614	14101	1
16274	4555	1
14101	7614	1
2116	18350	1
14825	4281	1
4984	5941	1
12572	16703	1
7614	7614	1
4059	6488	1
21577	10474	1
12587	14870	1
20001	17031	1
4393	3138	1
7505	18953	1
13884	5325	1
5039	5733	1
6214	4951	1
8404	4883	1
2204	13263	1
4092	6156	1
2866	9248	1
6201	4883	1
2205	13212	1
3324	20258	1
5382	2483	1
6118	6236	1
5039	5039	1
16992	14240	1
9040	6267	1
5650	8243	1
13528	15151	1
10769	14240	1
1064	6267	1
13751	15618	1
21746	21746	1
21747	21747	1
5045	6854	1
16274	8222	1
6343	11044	1
3324	4170	1
16021	18030	1
11044	6343	1
11702	490	1
8243	5650	1
8847	12650	1
12051	12650	1
9276	4747	1
13590	6222	1
5628	6854	1
5688	9397	1
2408	12314	1
6783	4106	1
7282	4274	1
21748	21686	1
3744	2585	1
3745	2579	1
21749	6248	1
485	937	1
17080	16839	1
2017	10905	1
21686	21748	1
9397	5688	1
3516	3401	1
19353	17251	1
8213	5688	1
7899	6453	1
183	9757	1
13770	624	1
9388	17224	1
14137	17441	1
19443	11246	1
16358	15985	1
10330	15985	1
13140	7308	1
1900	2056	1
16703	12572	1
8162	5300	1
1050	1175	1
10667	5300	1
6242	3037	1
3037	6242	1
13198	13198	1
16715	20666	1
8159	5047	1
7291	15822	1
3324	3839	1
8774	15822	1
21310	9578	1
15039	12572	1
9897	5540	1
8306	12937	1
972	973	1
11186	11102	1
2174	887	1
21750	6930	1
4762	4797	1
5337	6769	1
455	1611	1
455	3380	1
8315	3380	1
15064	21718	1
3324	391	1
5008	6183	1
3324	3976	1
3324	3325	1
3533	20005	1
18852	18853	1
21635	6473	1
6539	2260	1
3837	3838	1
4043	11455	1
3217	11650	1
5039	11883	1
6419	11564	1
2861	13201	1
4281	14825	1
19239	20956	1
20474	9437	1
16355	4751	1
15368	1075	1
4747	9276	1
7979	11563	1
6932	16031	1
1074	1075	1
6155	5880	1
2748	4247	1
17558	9549	1
3613	483	1
20246	20259	1
8280	5774	1
5047	11124	1
21565	21565	1
9966	6727	1
8051	4418	1
21718	15064	1
21751	500	1
9681	9681	1
6552	8037	1
13111	6668	1
16742	12696	1
14302	3467	1
7654	5688	1
10461	9992	1
5368	2979	1
17588	21722	1
5660	4537	1
455	29	1
2723	2723	1
11102	5875	1
11205	18186	1
10325	7919	1
9305	9078	1
2532	3568	1
16857	6551	1
2226	508	1
2298	917	1
6213	1599	1
6539	5753	1
11760	1599	1
1016	7204	1
1599	6213	1
1422	15461	1
5688	8213	1
835	2935	1
5581	18853	1
21711	966	1
18350	9863	1
2776	15461	1
447	11500	1
4777	896	1
4532	15461	1
9863	18350	1
8484	966	1
3826	966	1
2264	4209	1
8611	5096	1
12666	9262	1
21752	21608	1
19605	16071	1
11476	3980	1
1262	5222	1
18457	18458	1
2823	13778	1
2297	4789	1
5642	5485	1
6343	18963	1
6268	4789	1
15681	21513	1
11072	6958	1
2230	11846	1
20746	4662	1
7430	1349	1
382	21608	1
21722	17588	1
13590	4810	1
21753	21753	1
5796	2721	1
1674	15745	1
6201	8897	1
16274	15745	1
9262	12666	1
3479	6883	1
7084	16222	1
5288	4490	1
5542	4955	1
13770	4122	1
2480	15745	1
531	435	1
1361	8080	1
21744	21744	1
9897	6236	1
410	9136	1
4662	20746	1
17449	12172	1
2056	1900	1
435	531	1
10179	9069	1
20880	20880	1
3004	11517	1
455	8031	1
2226	17670	1
6201	3514	1
11011	11372	1
6769	8031	1
366	20880	1
4390	4525	1
2965	1599	1
5717	1420	1
11459	16301	1
144	19962	1
15938	195	1
18030	16836	1
8610	8610	1
5039	4374	1
12937	8306	1
13581	12656	1
5008	2869	1
2106	14321	1
2866	4559	1
2861	4189	1
15985	10330	1
3438	5227	1
15760	18408	1
3583	5227	1
18030	16021	1
3119	4516	1
6727	17926	1
5577	6222	1
17088	17088	1
17178	17177	1
2091	1420	1
2203	5227	1
5584	5092	1
4368	9528	1
21754	7941	1
2091	6325	1
16869	21755	1
17024	7997	1
3176	186	1
9786	12624	1
6727	9966	1
6084	4334	1
17926	6727	1
5039	1854	1
13770	7952	1
16788	8157	1
4864	4735	1
6769	4653	1
21731	18068	1
3166	4735	1
8820	7952	1
18727	4119	1
16274	2297	1
4803	4804	1
455	7746	1
9440	13974	1
7054	20371	1
7893	6236	1
21756	19578	1
6769	2151	1
2861	2868	1
12080	12080	1
20371	7054	1
21757	19578	1
4864	6052	1
12580	2172	1
722	543	1
20666	16715	1
7952	8820	1
7919	10163	1
207	6143	1
6539	17442	1
4462	1558	1
2940	10772	1
8458	18106	1
8339	17538	1
21758	21758	1
3901	10274	1
13493	2578	1
5039	4577	1
3651	17513	1
4890	3849	1
13778	2823	1
5510	5808	1
2911	226	1
3088	3020	1
11287	18801	1
15229	18158	1
11618	1081	1
17441	14137	1
6562	8810	1
13770	6298	1
13528	4650	1
1081	15583	1
21671	4650	1
2091	11618	1
18239	7178	1
7449	8810	1
14199	14049	1
15664	17916	1
21225	21225	1
6539	12447	1
424	5091	1
15171	7042	1
4406	4025	1
4355	2383	1
4650	13528	1
15583	1081	1
15397	6135	1
1059	5774	1
21759	8460	1
13025	2294	1
5485	3561	1
5642	3561	1
16274	12541	1
12541	16274	1
5227	3438	1
737	1081	1
6819	4538	1
2985	11144	1
3404	12732	1
15397	6061	1
5039	7974	1
15583	15583	1
884	18671	1
8379	12197	1
4751	16355	1
16888	17235	1
21513	15681	1
21760	21760	1
2546	6161	1
4064	5203	1
1361	80	1
13273	4218	1
21761	21761	1
7989	12259	1
18428	8490	1
5393	9549	1
6214	4282	1
543	616	1
9872	8173	1
18458	18457	1
5300	3042	1
243	24	1
5008	15716	1
385	13847	1
6769	9067	1
3907	3908	1
15355	1808	1
13590	9200	1
3583	3438	1
7925	3541	1
4120	3503	1
3533	6095	1
6201	19446	1
8315	438	1
21638	8614	1
2843	2832	1
2646	12565	1
6783	4133	1
7178	12197	1
4577	5039	1
7974	5039	1
5315	4525	1
12197	7178	1
14927	14927	1
13590	9423	1
2578	13493	1
4724	8492	1
13974	9440	1
2579	3745	1
6352	5051	1
24	243	1
21762	21762	1
18759	7178	1
17080	17080	1
13132	9966	1
455	3232	1
7979	4437	1
4025	4406	1
15355	1134	1
387	1184	1
12366	15818	1
15355	14277	1
11598	14277	1
18885	15818	1
4660	4446	1
5796	6467	1
6214	7512	1
1071	3574	1
21763	9015	1
9015	21763	1
2555	18747	1
1075	15368	1
3514	6201	1
5017	5033	1
12173	7786	1
16274	11059	1
4755	2740	1
21764	21765	1
16962	19966	1
5979	14031	1
10000	2589	1
19966	16962	1
18350	17676	1
21766	21767	1
14099	15438	1
2740	4755	1
937	485	1
5260	5261	1
16274	17366	1
14865	1038	1
8498	10845	1
7979	3084	1
8847	11513	1
9597	3671	1
10845	8498	1
3438	3583	1
21513	9577	1
3849	4890	1
7979	14239	1
15397	19080	1
5039	2116	1
8591	8061	1
5039	710	1
9609	15469	1
608	2611	1
777	5812	1
5847	15438	1
21768	11399	1
8251	4681	1
5039	7543	1
11387	16456	1
21735	7562	1
16671	2611	1
21769	21769	1
19099	17433	1
8810	6562	1
1900	3525	1
1228	3929	1
2056	3525	1
10561	905	1
7979	2611	1
5039	2611	1
207	4728	1
4983	4561	1
8490	2647	1
7979	8317	1
3236	11300	1
17207	10743	1
5579	5580	1
8315	5628	1
167	166	1
2260	4547	1
7178	18239	1
12747	14055	1
1038	14865	1
7592	16142	1
4864	7368	1
13019	2342	1
5654	2973	1
472	473	1
8315	7317	1
13314	12720	1
13455	15720	1
16317	2973	1
2205	11414	1
12720	13314	1
4940	11414	1
4864	5463	1
9388	8668	1
15720	13455	1
16330	16742	1
20371	14657	1
17376	11414	1
861	7730	1
7688	8680	1
14201	14019	1
21770	16698	1
4346	4345	1
12383	3817	1
7584	5	1
21443	1134	1
21170	21170	1
17797	636	1
13660	19160	1
13200	5355	1
3503	4120	1
7804	1270	1
1884	7730	1
21675	21675	1
4763	12052	1
14150	9680	1
14240	10153	1
1493	6021	1
5091	424	1
11598	7466	1
6544	21638	1
6630	15988	1
11598	6182	1
14917	19663	1
5039	18690	1
10304	13455	1
13553	17809	1
1146	187	1
2226	593	1
12664	12650	1
6539	8141	1
18150	3852	1
21771	21771	1
1802	2548	1
11414	4940	1
8775	13409	1
19527	6202	1
21486	6081	1
13713	15661	1
3908	3907	1
10896	21772	1
21345	2955	1
98	1104	1
455	23	1
5463	4864	1
20926	16516	1
6267	9040	1
4346	3722	1
14657	20371	1
2416	7254	1
1943	14240	1
6564	755	1
21772	10896	1
21638	6544	1
58	11312	1
1361	7113	1
11414	2205	1
9582	9583	1
19277	10432	1
9583	9582	1
15724	9299	1
3722	4346	1
2226	188	1
830	4164	1
8031	6769	1
9067	6769	1
2589	10000	1
4525	4390	1
13409	8775	1
6214	19372	1
19197	18046	1
16923	18046	1
2172	12580	1
5742	3503	1
7254	2416	1
18158	15229	1
12051	6769	1
21772	20032	1
2973	16317	1
16139	10715	1
4167	1092	1
6316	4084	1
11387	8903	1
2698	2194	1
15188	3105	1
9109	9345	1
295	107	1
11820	11078	1
3105	15188	1
20188	7602	1
455	4426	1
16274	2496	1
2844	3105	1
5842	21438	1
21773	9754	1
4343	3105	1
20574	14235	1
8152	14792	1
2641	2642	1
3975	3073	1
20598	19993	1
12498	19914	1
20188	3258	1
7012	7980	1
750	11965	1
4164	830	1
3077	6390	1
21721	5482	1
7081	12300	1
5981	1910	1
11846	2230	1
17977	16904	1
5041	5351	1
5742	4976	1
5351	5041	1
17997	20079	1
7639	1316	1
15004	8614	1
5205	5204	1
15561	12815	1
16982	19011	1
8640	3017	1
4233	3447	1
14132	7945	1
4454	6919	1
15397	6849	1
6135	13701	1
424	19839	1
18030	13455	1
5549	5028	1
1184	387	1
394	19239	1
21774	9126	1
14277	11598	1
8137	1410	1
11517	3004	1
3125	4126	1
12954	12955	1
12606	8614	1
3447	4233	1
11815	18399	1
7466	11598	1
19663	14917	1
5026	5027	1
10982	9388	1
7730	861	1
3826	5318	1
21772	5096	1
21775	16310	1
7952	7945	1
2227	2234	1
16310	21775	1
9240	20672	1
18399	11815	1
15461	2776	1
6158	18179	1
9388	10982	1
19244	4026	1
2698	4084	1
4084	6316	1
380	2202	1
10102	9735	1
17543	9388	1
14804	21776	1
455	5690	1
8929	14235	1
10464	6788	1
5196	5195	1
1092	4167	1
12173	4084	1
8172	14916	1
4126	3125	1
6697	14916	1
578	2109	1
8512	13095	1
8876	6513	1
5195	5196	1
166	167	1
8142	8540	1
3079	16160	1
17187	20848	1
16274	1897	1
10609	17687	1
13455	10304	1
10541	3176	1
5411	11758	1
8540	8142	1
20435	9837	1
19359	12161	1
4345	4346	1
8315	6854	1
6380	13084	1
15161	18727	1
5750	2399	1
2467	20557	1
16160	3079	1
5039	5797	1
3949	1469	1
21772	5789	1
222	190	1
3065	1897	1
11914	20788	1
13084	6380	1
6788	13084	1
5789	21772	1
7980	6193	1
6788	10464	1
16947	2902	1
11758	5411	1
19962	144	1
6539	3240	1
17	98	1
1392	1122	1
9942	4087	1
11513	21777	1
16399	14457	1
10778	13084	1
4735	3166	1
9117	16980	1
15428	4939	1
7741	4087	1
5800	4087	1
7072	7073	1
9123	13084	1
4864	4863	1
4435	2620	1
4205	8860	1
453	20882	1
15401	7773	1
18106	8458	1
19442	20738	1
21778	12439	1
5402	6562	1
2264	3607	1
453	515	1
2573	2571	1
15933	4087	1
7662	7730	1
20079	17997	1
3849	9790	1
3062	13385	1
6306	14978	1
12579	515	1
2496	1457	1
9546	3754	1
5719	3449	1
2091	762	1
5341	15380	1
9966	13132	1
861	4346	1
14860	19761	1
21750	12965	1
21577	8860	1
21779	11828	1
14145	13973	1
18047	7951	1
11598	9736	1
9380	3170	1
12565	3041	1
3449	5719	1
3041	12565	1
20971	17797	1
3840	10522	1
9736	11598	1
4939	15428	1
7056	14025	1
3914	423	1
13973	14145	1
98	17	1
12565	7408	1
2611	16671	1
6897	3449	1
6488	4059	1
13455	18030	1
1881	1880	1
6769	7451	1
3852	3852	1
13884	15586	1
9897	10783	1
8490	18428	1
19160	13660	1
9992	10461	1
455	3508	1
3516	7932	1
8860	4205	1
11530	2788	1
6513	8876	1
2788	11530	1
2399	5750	1
4457	6122	1
12724	9736	1
12568	6901	1
8860	8860	1
8610	21149	1
19325	8936	1
16784	13020	1
4026	1928	1
6668	13111	1
11296	8425	1
5008	6325	1
490	11702	1
6539	314	1
3449	6897	1
6820	8962	1
15745	2480	1
277	8321	1
12051	12498	1
8492	4724	1
10374	10225	1
9735	10102	1
9253	11632	1
17787	6563	1
6630	5439	1
9051	8942	1
16787	4724	1
2017	12173	1
6901	12568	1
2308	4113	1
10411	15210	1
5101	5289	1
1687	31	1
3110	5289	1
10109	4922	1
13367	4206	1
2422	4113	1
18885	7744	1
3671	9597	1
5418	5504	1
207	72	1
5008	1537	1
21638	3730	1
8023	4064	1
17588	15840	1
21443	1133	1
11500	447	1
13084	10778	1
5039	6765	1
8875	5406	1
4922	10109	1
8942	9051	1
1740	7866	1
5977	2172	1
15802	14107	1
1173	13710	1
3240	7866	1
455	708	1
755	6564	1
15698	6196	1
786	1079	1
21780	17031	1
4346	4602	1
9687	15908	1
9756	299	1
