21306	16236	1
4890	7309	1
20980	9085	1
11514	9966	1
3794	4257	1
1996	9966	1
7622	9276	1
4888	7650	1
20316	11537	1
17365	11537	1
12164	14277	1
7650	4888	1
9753	594	1
17714	21817	1
11702	261	1
426	6737	1
8810	7449	1
11537	17365	1
9020	3954	1
7071	12308	1
13367	21870	1
14816	21862	1
7258	10896	1
2701	17500	1
5247	10722	1
21862	14816	1
5902	5707	1
6111	7465	1
19543	5534	1
3954	9020	1
9388	17224	1
10315	17224	1
6843	4666	1
6874	7673	1
7432	7433	1
1585	17934	1
21337	6409	1
21899	208	1
14277	12164	1
11783	5368	1
14182	21514	1
6382	8018	1
9718	6562	1
4978	6071	1
17592	14163	1
10067	677	1
821	822	1
5316	5316	1
6382	835	1
8763	12134	1
2939	2712	1
48	1397	1
21071	21071	1
15908	9687	1
8973	5906	1
16189	1662	1
5134	7944	1
19538	18367	1
15438	15476	1
6887	12134	1
10728	5808	1
17758	20316	1
16947	2902	1
11537	20316	1
9169	20104	1
3170	10772	1
20783	21874	1
3723	3949	1
17080	16839	1
2738	758	1
6642	3380	1
7178	18759	1
1996	3380	1
8583	20698	1
5033	6883	1
11163	9009	1
1219	7792	1
4410	1656	1
8694	8600	1
8172	17904	1
14150	18201	1
11689	16892	1
1340	573	1
10569	10737	1
14804	5294	1
7309	4890	1
4346	3722	1
2084	4696	1
1231	3722	1
5690	467	1
3404	5294	1
21275	19440	1
9480	4406	1
3083	5774	1
3817	21464	1
14075	8347	1
6843	4640	1
5852	5851	1
21225	9498	1
6771	16021	1
48	655	1
14366	7688	1
5510	5808	1
3605	6424	1
13650	6542	1
21714	2192	1
2260	4181	1
21835	21835	1
5851	5852	1
18993	20245	1
1361	1360	1
21900	21185	1
8575	14877	1
21901	6997	1
1149	14540	1
17934	1585	1
16477	19854	1
21566	3215	1
12561	1085	1
9966	11514	1
1599	20816	1
3803	5189	1
21902	21902	1
8065	14982	1
11537	1674	1
9391	2289	1
15476	15438	1
4523	328	1
18197	18197	1
623	5013	1
16215	16215	1
3079	2911	1
10988	12353	1
1333	13423	1
48	1135	1
387	2571	1
15023	6727	1
13825	20809	1
261	11702	1
3949	3723	1
3170	14569	1
14804	10569	1
21829	5096	1
10421	7079	1
21903	20563	1
2237	2517	1
1897	4555	1
561	21129	1
3723	4783	1
2700	2701	1
16322	1388	1
4890	3849	1
3722	4346	1
7688	8680	1
5756	12117	1
21513	15491	1
6887	13408	1
1388	16322	1
9488	2322	1
1846	4599	1
10821	86	1
2103	2311	1
8379	12197	1
12717	9420	1
2675	9420	1
12207	9420	1
2890	9420	1
8772	9420	1
3368	4010	1
6448	6119	1
8369	9420	1
11352	9420	1
1369	9420	1
4688	9420	1
16309	9420	1
8733	9420	1
14290	9420	1
16977	9420	1
6164	9420	1
6725	1071	1
1674	11537	1
21904	9420	1
6591	9420	1
21905	21513	1
4437	9268	1
9073	6203	1
4100	9797	1
1846	3826	1
15491	21513	1
14540	4112	1
7704	7705	1
20402	9378	1
4649	21513	1
21906	21906	1
4406	9480	1
9009	11163	1
21907	1180	1
6901	21443	1
7360	7688	1
3785	9385	1
21464	3817	1
5707	5902	1
14496	14477	1
5742	5902	1
1897	5857	1
2289	5553	1
6737	426	1
7126	8555	1
3215	21566	1
21893	14041	1
21543	21908	1
11273	8880	1
1897	12340	1
2274	426	1
7126	12477	1
2297	4789	1
2274	4986	1
8959	5902	1
13989	20033	1
16904	8587	1
1030	12804	1
1656	4410	1
5316	7300	1
21909	21909	1
7899	16657	1
5247	15567	1
7451	13782	1
8591	8061	1
2573	2571	1
14814	6424	1
2832	2843	1
821	1185	1
3903	2357	1
9356	11058	1
12379	19973	1
13660	16077	1
8623	1250	1
4522	2902	1
1897	11059	1
16166	7389	1
19516	18041	1
1996	2457	1
21862	4100	1
1229	6270	1
6119	6448	1
6562	9718	1
21910	21910	1
17216	11993	1
9797	4100	1
5450	5166	1
18367	19538	1
1756	5812	1
428	427	1
5537	5536	1
518	1939	1
7433	7432	1
48	3602	1
5670	6958	1
1897	1900	1
10427	9910	1
11702	12819	1
5294	14804	1
10569	14804	1
20572	20572	1
11220	13455	1
8688	9404	1
10758	12312	1
11273	3234	1
10796	5247	1
18150	3852	1
6659	3084	1
1897	3065	1
14813	2891	1
7919	10208	1
12664	12650	1
8583	10713	1
4112	14540	1
10413	20033	1
7382	1422	1
12558	14019	1
18378	21733	1
21911	21912	1
3347	4946	1
6871	7049	1
10639	21776	1
1897	13275	1
9201	216	1
6899	271	1
12202	10285	1
21882	12224	1
15678	21017	1
12899	4755	1
3903	3315	1
9385	3785	1
4890	5150	1
21913	21373	1
6262	5150	1
7389	16166	1
11113	12124	1
14115	13423	1
9001	9479	1
3138	5581	1
2229	1549	1
17156	10186	1
19210	2127	1
130	1886	1
21914	21915	1
10080	16098	1
19962	144	1
1619	5266	1
5545	1886	1
16098	10080	1
5266	1619	1
13255	19663	1
14041	21893	1
3235	1611	1
4034	3752	1
9479	9001	1
7609	7175	1
427	428	1
3752	4034	1
11273	9366	1
5755	345	1
9276	7622	1
14663	6426	1
5487	5871	1
1897	2480	1
2127	4374	1
5662	705	1
10599	7716	1
18470	21916	1
5386	10982	1
20861	20078	1
1897	6414	1
328	4523	1
12400	4939	1
5932	10560	1
821	5747	1
9687	15908	1
21916	18470	1
3903	3004	1
19699	15889	1
8172	15976	1
6840	3307	1
1996	2559	1
8688	8968	1
20842	6025	1
13174	9005	1
3059	19899	1
23	424	1
11058	9356	1
21513	21905	1
5534	19543	1
3545	2480	1
5366	12779	1
15540	11211	1
14992	11078	1
5670	4036	1
21917	15358	1
8139	9496	1
8688	2351	1
6887	8763	1
21817	17714	1
8688	2873	1
1897	8137	1
937	6711	1
2850	8722	1
19864	16958	1
11516	8815	1
13165	972	1
10982	9388	1
1250	8623	1
8749	13174	1
21918	21919	1
747	13490	1
3073	9085	1
299	9756	1
8323	6849	1
3062	13385	1
4946	3347	1
12117	5756	1
13477	4668	1
21920	21921	1
15635	21922	1
9388	10982	1
19641	14471	1
19186	20445	1
4577	4374	1
9756	299	1
2127	19210	1
19663	13255	1
14917	13255	1
12124	11113	1
10285	12202	1
17934	21167	1
12779	5366	1
1512	21	1
21923	21846	1
13525	11722	1
1219	3865	1
1929	10756	1
8688	1026	1
4652	8258	1
6871	2532	1
14699	14277	1
14559	14560	1
2114	2202	1
4210	4931	1
20782	3641	1
10457	11773	1
20371	7054	1
6066	11201	1
11031	7049	1
5412	5412	1
1897	14612	1
6122	6017	1
6901	12568	1
6849	8323	1
6017	6122	1
9100	7145	1
14197	7108	1
14567	20073	1
7916	7145	1
20078	20861	1
6193	8040	1
9456	10123	1
1219	3194	1
21924	5253	1
9248	4939	1
6788	7145	1
21017	15678	1
3088	3450	1
8303	18124	1
10477	623	1
7436	3250	1
1796	19761	1
7108	14197	1
3301	3250	1
1996	3547	1
5013	623	1
16282	5090	1
3450	5090	1
3450	3088	1
5368	11783	1
3840	3170	1
7145	7916	1
3768	7764	1
13031	18758	1
6887	12173	1
467	5690	1
11397	5892	1
7505	6720	1
3059	623	1
5584	5092	1
19611	650	1
3170	3840	1
18653	10409	1
21893	21893	1
2480	3545	1
6278	1182	1
2985	9825	1
5210	5210	1
7511	14041	1
4724	16787	1
11688	11943	1
4165	9846	1
10409	18653	1
11516	9910	1
4755	12899	1
10856	5707	1
5294	3404	1
4240	6535	1
21925	3389	1
20445	19186	1
385	1703	1
14870	19231	1
12900	3382	1
15782	6811	1
86	10821	1
3138	18853	1
5806	14816	1
5958	8152	1
14816	5806	1
14825	15226	1
15300	635	1
12861	20052	1
8466	16399	1
20004	5931	1
9117	16980	1
18378	5806	1
2347	12383	1
11608	7993	1
21926	21927	1
6899	272	1
9910	11516	1
1897	5824	1
6887	6729	1
6871	6893	1
14982	8065	1
14066	5191	1
12568	6901	1
20188	3021	1
4491	1499	1
14165	6901	1
663	13018	1
5191	14066	1
14277	16729	1
21831	4034	1
1469	3949	1
4034	16523	1
16729	14277	1
16523	4034	1
11943	11688	1
6812	8222	1
1182	6278	1
389	8251	1
2642	2641	1
5773	7360	1
2489	9687	1
1897	8222	1
1410	3547	1
8222	6812	1
7688	7360	1
21928	21928	1
10885	21831	1
5863	4408	1
8688	7543	1
21929	21929	1
15110	14482	1
2957	9010	1
16956	6344	1
14607	6921	1
3382	12900	1
3777	1218	1
7654	5906	1
4034	16980	1
8587	16904	1
16980	4034	1
9687	2489	1
11273	4647	1
2274	2346	1
17340	8488	1
7465	6111	1
8688	5799	1
21513	10225	1
1637	13847	1
6319	18852	1
14624	21811	1
18852	5581	1
21811	14624	1
5581	18852	1
8759	21872	1
819	6251	1
6576	6513	1
5419	8007	1
5812	1756	1
8623	3420	1
9496	8139	1
14540	1149	1
3182	3181	1
20590	14993	1
6251	16523	1
13960	12096	1
10938	13538	1
17814	17815	1
18622	18398	1
7008	3101	1
10574	13538	1
6887	12946	1
21930	19566	1
16980	5240	1
18852	6319	1
9022	4981	1
16282	19237	1
6811	15782	1
10968	6845	1
4939	9248	1
9910	10427	1
4167	1092	1
21887	9018	1
7715	6649	1
6024	21931	1
14804	12744	1
21898	21897	1
6887	19482	1
4277	188	1
8361	17951	1
16601	12104	1
12776	5041	1
3248	4864	1
5767	15442	1
15106	7334	1
8259	15151	1
9117	20669	1
7334	15106	1
10831	17153	1
7465	15151	1
5440	18648	1
20624	21174	1
3571	6488	1
13018	15151	1
5000	4901	1
21932	21933	1
19401	11161	1
2734	13140	1
15889	19699	1
18223	12998	1
7639	6901	1
17153	10831	1
4046	4704	1
13174	8749	1
4034	5893	1
11161	19401	1
6649	7715	1
2885	10765	1
4968	2560	1
5386	5280	1
21413	7154	1
17951	8361	1
4946	16525	1
5305	7033	1
13255	14917	1
1674	1674	1
802	5332	1
16017	7624	1
6118	6901	1
6901	1316	1
9009	8152	1
4901	5000	1
5893	4034	1
4504	13880	1
3041	6513	1
5048	854	1
3794	3561	1
3438	10226	1
5840	3561	1
12580	7481	1
5147	3295	1
