21300	21844	1
13455	15720	1
2338	4046	1
15720	13455	1
2704	10116	1
9959	5247	1
740	2260	1
7804	9300	1
21845	21846	1
20364	9015	1
8012	8012	1
10722	5247	1
16450	9015	1
2511	5247	1
4853	9065	1
2646	10968	1
863	20919	1
19854	21154	1
9300	7804	1
10796	5247	1
7945	14132	1
7369	4666	1
14137	20653	1
5320	9480	1
15438	15476	1
6900	951	1
1928	10116	1
7645	3353	1
21154	19854	1
98	4589	1
5248	5670	1
10285	12202	1
9687	15908	1
5247	9959	1
12732	3404	1
20919	863	1
3723	3949	1
5667	5175	1
2646	7857	1
6507	7857	1
3949	3723	1
9994	9174	1
8519	2771	1
878	3056	1
10982	18350	1
17040	8452	1
526	573	1
20099	6937	1
1830	2909	1
879	3056	1
9834	10654	1
3545	2480	1
16980	9117	1
14263	2480	1
13000	7775	1
6184	6017	1
9126	21774	1
5380	7916	1
3950	6816	1
3795	18385	1
2511	1869	1
10374	21513	1
10379	21513	1
2936	4992	1
4790	1731	1
10654	10654	1
13203	21513	1
21847	2276	1
14825	4281	1
12417	13685	1
7085	10623	1
2169	564	1
564	2169	1
156	2771	1
5191	14066	1
17101	10350	1
21848	21848	1
6017	6184	1
16166	7389	1
21539	9237	1
15774	14314	1
12787	12787	1
1321	11160	1
9237	21539	1
1674	1674	1
21225	9498	1
11487	11160	1
16855	5294	1
6382	9380	1
1523	1338	1
15476	15438	1
12837	2239	1
5490	3230	1
7309	9790	1
12124	2352	1
17758	20316	1
21824	5558	1
2298	917	1
7145	9100	1
5510	5808	1
15855	15761	1
1720	14678	1
6231	9100	1
17355	15761	1
9100	6231	1
3695	14330	1
20168	15761	1
6727	9100	1
6382	835	1
15732	9409	1
7989	12259	1
6111	7465	1
2773	7407	1
18447	2482	1
10845	5254	1
7819	924	1
18659	9100	1
5047	5797	1
13590	16612	1
2239	12837	1
21849	21850	1
21577	18853	1
14678	1720	1
518	3009	1
9480	5320	1
12312	16205	1
964	5797	1
9100	18659	1
5581	3138	1
12622	835	1
5836	4592	1
12202	10285	1
2976	666	1
7260	515	1
11109	16220	1
21780	19544	1
20653	14137	1
10183	11078	1
8544	7860	1
9718	11078	1
7407	2773	1
7429	7944	1
9318	15773	1
17080	16839	1
5684	3160	1
888	887	1
6901	1316	1
3849	5496	1
14869	14807	1
16217	8222	1
7276	14807	1
15761	20168	1
14375	960	1
3056	878	1
573	526	1
655	68	1
4346	3722	1
7020	9342	1
8328	6490	1
1491	1135	1
636	17797	1
5729	8153	1
168	21616	1
887	888	1
1456	8166	1
9300	4335	1
3138	5581	1
7429	7319	1
16358	7868	1
8336	753	1
3230	5490	1
3056	879	1
5254	10845	1
3009	518	1
20185	7444	1
1372	9270	1
1321	295	1
1072	2634	1
10623	7085	1
9818	21851	1
7916	5380	1
4596	4595	1
295	1321	1
7444	20185	1
6213	19124	1
9100	6727	1
9253	11632	1
19124	6213	1
6826	342	1
10350	21852	1
18609	10355	1
21731	12886	1
5558	21824	1
12364	7148	1
7429	12572	1
9160	9161	1
14724	21853	1
21774	9126	1
3695	12470	1
16766	10484	1
483	718	1
5893	4034	1
16900	8545	1
4034	5893	1
4335	9300	1
824	582	1
4649	16029	1
867	6439	1
7126	2725	1
16523	3924	1
9325	21513	1
4435	1849	1
4421	9300	1
9184	4034	1
13744	14895	1
7868	4632	1
5581	18853	1
10572	4134	1
21854	12434	1
2170	2901	1
2901	2170	1
17798	21341	1
5463	2210	1
6382	17811	1
4406	4920	1
17841	21513	1
12656	5142	1
399	398	1
7054	20371	1
4193	8998	1
12819	11702	1
21616	168	1
13042	21425	1
2170	990	1
11702	12819	1
19949	12470	1
1321	1381	1
13031	18758	1
3642	1997	1
1231	2735	1
5204	5205	1
5577	1997	1
8544	8460	1
4890	3849	1
11968	5134	1
7651	19899	1
2917	2425	1
4505	4506	1
19899	7651	1
5219	21742	1
15922	20339	1
75	1997	1
1333	13423	1
1855	1567	1
10158	6562	1
1567	1855	1
518	18574	1
2346	2517	1
6382	8018	1
990	2170	1
3695	5004	1
84	21794	1
3020	3088	1
20643	6248	1
4890	5150	1
21830	18957	1
7257	5	1
10000	16399	1
21414	20470	1
1231	9409	1
800	3514	1
6772	14659	1
6100	14659	1
11271	17090	1
3695	1662	1
6119	6448	1
7469	8571	1
6382	7974	1
3695	5712	1
7082	6613	1
12758	14012	1
1231	4346	1
19610	21593	1
11705	4092	1
18861	4092	1
3404	12732	1
9300	9000	1
5294	16855	1
6286	6613	1
8544	4282	1
16399	10000	1
9342	7020	1
17029	14012	1
17953	6193	1
5585	5586	1
9000	9300	1
12474	1871	1
9767	13497	1
5736	9300	1
768	2232	1
869	6303	1
6111	15151	1
1135	1491	1
8466	16399	1
861	437	1
20521	18188	1
18188	20521	1
10241	21270	1
211	22	1
11767	16729	1
17797	636	1
14992	21855	1
3088	3020	1
21856	21857	1
2482	1311	1
1456	1457	1
16147	17282	1
21858	18831	1
2170	3020	1
4257	11713	1
518	1869	1
11201	6066	1
8040	6193	1
3854	3849	1
15290	2315	1
2315	15290	1
8280	8280	1
21852	10350	1
13737	10620	1
4422	1869	1
14413	11416	1
6927	1869	1
16029	4649	1
16399	8466	1
16217	9391	1
2832	2843	1
17486	1055	1
14277	10080	1
16729	11767	1
21536	1055	1
15138	6337	1
4317	4978	1
6234	2785	1
12336	3817	1
20642	17362	1
6382	2873	1
6562	11767	1
4753	6450	1
10802	431	1
16533	10080	1
4978	4317	1
5942	4317	1
17324	17326	1
5586	5585	1
10639	17762	1
1360	1361	1
8544	8241	1
3170	10772	1
4506	4505	1
6843	10772	1
2480	3545	1
6450	4753	1
16523	4034	1
10620	13737	1
4333	2543	1
14612	8492	1
1231	1064	1
21859	21859	1
7154	21413	1
5922	5	1
1321	12464	1
6562	10158	1
1800	738	1
17326	17324	1
18758	13031	1
2482	1034	1
7060	21556	1
3623	2902	1
21	388	1
8454	5808	1
1231	8614	1
11196	15822	1
20823	4836	1
21180	10158	1
19397	10205	1
2253	3765	1
21860	17998	1
20333	7358	1
16560	18747	1
4406	5533	1
10896	7258	1
14150	9680	1
923	14993	1
7470	625	1
18957	21830	1
21861	21861	1
2901	15716	1
8051	10820	1
7650	21851	1
12336	11111	1
5972	972	1
3753	7416	1
14537	15552	1
12886	21731	1
2253	6461	1
15552	14537	1
14537	7152	1
21862	4100	1
8852	5064	1
8533	16064	1
3490	1188	1
7258	10896	1
4281	14825	1
7389	16166	1
3333	15866	1
61	2202	1
19973	12379	1
21863	7009	1
10820	8051	1
11111	12336	1
12932	13050	1
10811	6123	1
6937	20099	1
2260	5834	1
2408	12314	1
7211	5524	1
4422	6123	1
9093	3276	1
2253	2273	1
3817	12336	1
7367	6123	1
5561	5535	1
6977	13571	1
10299	10299	1
9300	6123	1
6123	9300	1
21864	16464	1
21817	9924	1
625	375	1
6448	6119	1
4034	16523	1
2170	8814	1
16537	18863	1
16464	21864	1
3088	2284	1
10409	18653	1
1231	2618	1
8544	13932	1
4603	6071	1
21270	10241	1
15691	15664	1
3849	3854	1
14807	14869	1
4345	4346	1
14066	5191	1
365	366	1
7429	12540	1
1388	16322	1
21865	13044	1
10384	20882	1
11946	5548	1
2172	3250	1
5729	5625	1
9797	4100	1
6298	21866	1
21866	6298	1
6111	3797	1
4941	11065	1
13595	12937	1
20316	11537	1
7331	5845	1
6419	11564	1
1188	12044	1
12474	3260	1
3753	13985	1
5845	7331	1
19544	21780	1
4409	3950	1
964	2935	1
9314	3950	1
6816	3950	1
13497	9767	1
18072	21748	1
2901	15217	1
13573	21687	1
3950	6171	1
2901	4815	1
2253	1264	1
5247	21147	1
1231	3502	1
3695	67	1
1997	75	1
9117	16980	1
15338	1830	1
15789	19993	1
4332	8339	1
2322	9488	1
21805	8191	1
9276	7622	1
16368	6609	1
375	625	1
6564	16595	1
16050	16056	1
19993	15789	1
2170	6188	1
10206	130	1
21867	21867	1
16056	16050	1
1231	70	1
9037	8803	1
21687	13573	1
483	3613	1
5729	18039	1
1828	2468	1
20882	10384	1
5548	11946	1
4421	2065	1
19674	7042	1
20719	14439	1
13492	11952	1
1687	31	1
6790	9594	1
20175	8572	1
1690	9594	1
1800	9272	1
16904	8587	1
14747	10522	1
1456	3949	1
2482	6221	1
2260	740	1
1231	2712	1
21868	21731	1
9076	11610	1
3037	6242	1
1064	6245	1
6242	3037	1
4406	4025	1
21869	17325	1
4890	7309	1
7309	4890	1
17208	7215	1
2482	16301	1
2482	5934	1
5288	3503	1
1456	6352	1
1800	3503	1
2901	4917	1
3014	3015	1
5247	10722	1
1512	21	1
13365	13364	1
9979	7589	1
21870	13367	1
21748	18072	1
518	9080	1
6382	4781	1
1886	3827	1
8544	7004	1
12540	7429	1
3015	3014	1
10413	20032	1
6111	6129	1
12572	7429	1
7319	7429	1
21	1512	1
21871	3101	1
5366	12779	1
3451	5928	1
21425	13042	1
20032	20033	1
8759	21872	1
21593	19610	1
21772	20033	1
623	4963	1
6901	14165	1
14165	6901	1
21873	21873	1
20032	20032	1
7618	275	1
1742	7136	1
15623	3105	1
12779	5366	1
9080	518	1
2253	7746	1
16143	3262	1
9276	4747	1
2170	15004	1
9022	12096	1
1321	9752	1
18835	21874	1
5942	8843	1
11713	4257	1
13295	13295	1
3104	3105	1
2546	2948	1
8031	8460	1
6337	15138	1
20316	17758	1
21875	21619	1
21377	21377	1
3514	1339	1
2620	1096	1
15552	8460	1
16839	17080	1
3743	5791	1
5970	9436	1
2482	423	1
18158	17080	1
9436	5970	1
13367	21870	1
9270	1372	1
18635	11826	1
11610	9076	1
972	5972	1
18747	16560	1
8460	8031	1
19233	17772	1
21513	9325	1
3797	6111	1
2901	1461	1
12477	7126	1
7868	16358	1
10266	14814	1
17878	3398	1
21876	4838	1
1208	9	1
3398	17878	1
7465	6111	1
10765	16358	1
10352	16190	1
6382	4905	1
3866	3398	1
1456	7764	1
14814	10266	1
12805	12606	1
1585	17934	1
13273	4218	1
5318	7786	1
275	7618	1
15297	8309	1
6183	12154	1
3785	9385	1
18102	17844	1
4033	4755	1
18188	6898	1
7429	16703	1
2726	3103	1
2482	2922	1
6100	8951	1
21811	14624	1
1321	1249	1
14145	3404	1
14885	1249	1
8555	7126	1
20032	10413	1
21742	5219	1
7411	17591	1
394	19239	1
17934	1585	1
4946	3347	1
3503	5288	1
3753	10742	1
21749	6248	1
21844	21300	1
6562	9718	1
3151	21840	1
