17997	20079	1
8936	19325	1
21147	5247	1
1200	3931	1
4113	4303	1
150	342	1
14041	14041	1
14277	10080	1
2172	5743	1
17994	2663	1
7318	8619	1
15825	5880	1
8640	710	1
12173	7786	1
11048	5372	1
1295	2199	1
4346	7810	1
17997	13685	1
4457	564	1
427	428	1
4812	4832	1
4532	15461	1
7974	16179	1
2776	15461	1
6869	7309	1
5641	3101	1
12100	16179	1
944	2116	1
274	5808	1
5411	11758	1
4303	4113	1
15641	10784	1
1585	17934	1
20666	19567	1
20653	14137	1
8820	6193	1
7108	3545	1
11758	5411	1
8454	5808	1
4547	2260	1
8051	4418	1
7602	20183	1
17934	1585	1
20698	14180	1
11779	13775	1
12718	15914	1
3443	2904	1
4418	8051	1
15179	15628	1
14180	20698	1
11643	6385	1
317	1217	1
20183	7602	1
82	960	1
564	4457	1
3950	6816	1
944	6700	1
879	2718	1
8640	4572	1
156	2771	1
18188	5694	1
2772	2771	1
6927	16222	1
6816	3950	1
274	4810	1
20079	17997	1
4169	16222	1
13685	17997	1
2004	3186	1
2725	7126	1
6183	8035	1
7040	12217	1
9754	9754	1
13455	15720	1
14137	20653	1
11571	15720	1
1713	3392	1
9517	3673	1
16005	16005	1
3723	3949	1
13048	3673	1
1064	6267	1
8619	7318	1
4581	10769	1
1469	3949	1
964	11120	1
4978	4317	1
17306	16188	1
3949	3723	1
3949	1469	1
17326	17324	1
4626	12728	1
1535	12728	1
2646	6507	1
7613	8092	1
14263	2480	1
4777	896	1
16784	16784	1
17977	16904	1
6113	10390	1
8121	6107	1
5894	7085	1
5301	16237	1
9980	12472	1
3654	3655	1
16215	16215	1
16237	5301	1
6107	8121	1
11858	906	1
271	272	1
18927	10685	1
10685	18927	1
5424	3965	1
10827	5553	1
3965	5424	1
10831	867	1
8121	8234	1
9253	11632	1
4832	4812	1
10030	7501	1
18574	518	1
2646	3949	1
1182	11630	1
21772	21772	1
3392	1713	1
3532	2902	1
5047	5797	1
395	1338	1
12832	9248	1
12535	15162	1
1326	12375	1
3996	1338	1
17289	8681	1
867	10831	1
11246	19443	1
9863	18350	1
7015	50	1
2019	2276	1
6901	1316	1
5323	5323	1
1062	1119	1
5101	5289	1
788	1282	1
98	5323	1
995	4570	1
11390	3931	1
10457	11773	1
130	10206	1
15039	4977	1
16274	6492	1
19239	20831	1
9300	13212	1
21820	21820	1
2094	3169	1
21412	310	1
6287	6103	1
4977	15039	1
5641	3100	1
16031	10304	1
13212	9300	1
16947	2902	1
89	12121	1
7085	10623	1
8609	6059	1
2745	9781	1
4346	861	1
7407	5678	1
7974	6786	1
6449	8177	1
6748	7048	1
5893	5047	1
1414	3725	1
10080	14277	1
14969	21488	1
6563	17787	1
20718	9600	1
5988	822	1
996	1380	1
21821	8315	1
17619	20563	1
2646	5240	1
5862	14277	1
7786	9400	1
6287	4483	1
7465	8543	1
13219	13132	1
16868	17505	1
17505	17505	1
21547	21548	1
5301	7922	1
5797	5047	1
9400	7786	1
9300	4335	1
13215	4195	1
4126	3125	1
13132	13219	1
2276	2019	1
9994	12803	1
2646	3021	1
11982	3529	1
20956	19239	1
9777	15539	1
6449	6436	1
21822	21822	1
3186	2004	1
10390	6113	1
7444	20185	1
5678	7407	1
5203	4064	1
21259	13458	1
22	211	1
2745	4137	1
8121	10311	1
10080	16533	1
1119	5628	1
14343	5830	1
20371	7054	1
10304	16031	1
7126	2725	1
4383	3834	1
2646	3723	1
4842	1215	1
9863	5830	1
12545	5830	1
9	768	1
6925	625	1
10982	5830	1
3240	5830	1
5640	5830	1
5717	5830	1
6056	5830	1
2771	156	1
5351	5830	1
2519	2518	1
2646	1457	1
3447	4233	1
1215	4842	1
7592	16142	1
4254	1214	1
2466	21699	1
9	1483	1
9300	2420	1
6287	6722	1
6287	3383	1
4525	2802	1
867	6439	1
50	49	1
2802	4525	1
12832	4717	1
12832	8763	1
10835	5201	1
2511	21785	1
2518	2519	1
960	82	1
16355	4751	1
18350	9863	1
964	10154	1
2511	15770	1
3498	2023	1
11565	14315	1
11072	6958	1
5248	6958	1
173	2749	1
10623	7085	1
20595	3097	1
6449	5419	1
4335	9300	1
2420	9300	1
1055	17486	1
21823	2269	1
3506	5210	1
7810	8283	1
5103	15566	1
481	588	1
17578	21569	1
95	850	1
2646	3829	1
768	1347	1
11271	9215	1
9300	6951	1
13538	12565	1
8545	21687	1
13573	21687	1
2976	15533	1
6133	16088	1
6450	4753	1
385	5335	1
98	17	1
1509	3383	1
8525	7480	1
98	7480	1
888	887	1
2511	7480	1
7916	3335	1
9594	1690	1
20774	1347	1
10379	6613	1
14277	5862	1
9994	10203	1
16855	6562	1
15678	5000	1
13586	20895	1
9215	11271	1
371	425	1
964	8159	1
5047	5893	1
7082	6613	1
16274	15745	1
3287	3489	1
1321	1599	1
2055	10890	1
2198	6613	1
6722	6287	1
2048	1514	1
3383	6287	1
5177	833	1
2646	3041	1
16188	17306	1
1599	1321	1
964	3119	1
824	582	1
9924	1910	1
1347	768	1
98	84	1
98	3948	1
2646	3948	1
7178	14725	1
1563	1349	1
850	95	1
14725	7178	1
1347	20774	1
12832	7138	1
11271	17090	1
1508	5233	1
19521	19575	1
5584	5092	1
12989	2450	1
12259	7989	1
14959	14388	1
2842	2042	1
7989	12259	1
6449	16911	1
6449	5562	1
6513	12565	1
2646	3944	1
14290	1731	1
19993	16343	1
1071	6725	1
21345	2955	1
5188	9230	1
7223	6314	1
14843	512	1
4522	2616	1
1142	71	1
21687	13573	1
4064	5203	1
15476	15438	1
512	14843	1
7704	7705	1
6314	7223	1
7922	5301	1
20339	15922	1
2963	4155	1
12788	869	1
13900	20853	1
1146	768	1
11936	8914	1
1119	869	1
1462	5187	1
7239	1921	1
964	3634	1
543	722	1
5743	2172	1
869	12788	1
385	13847	1
21815	9570	1
6900	7821	1
12579	8526	1
15628	15179	1
20065	12119	1
7108	14197	1
964	1461	1
13547	1096	1
21824	21825	1
18747	16560	1
13219	5678	1
14956	12450	1
1074	1074	1
15691	20647	1
15761	15719	1
1055	21536	1
5301	14904	1
18759	7178	1
15436	7997	1
20956	6737	1
9300	10246	1
1740	3520	1
9300	3520	1
21714	2192	1
21826	20482	1
869	1119	1
2749	173	1
5310	21060	1
7786	7444	1
16766	2673	1
11487	1935	1
1516	1162	1
7308	13140	1
12832	12413	1
17672	21827	1
2192	21714	1
21699	8057	1
1120	1119	1
17090	11271	1
12565	6513	1
6134	6709	1
1113	4246	1
20895	13586	1
15561	4246	1
14825	21513	1
15745	16274	1
21825	21824	1
20132	17199	1
447	4265	1
17324	17326	1
2616	4522	1
4649	21513	1
20746	8820	1
2480	3545	1
4399	2571	1
18797	3287	1
21413	7154	1
19238	21513	1
21612	11102	1
3287	18797	1
995	5340	1
18612	10350	1
13219	12671	1
6287	6344	1
2511	4064	1
14814	11497	1
71	1142	1
19239	344	1
2745	1858	1
964	1858	1
1579	1580	1
3520	1740	1
6100	3578	1
964	3068	1
7866	3240	1
1740	3240	1
9150	11632	1
3077	1921	1
7687	978	1
21675	561	1
12119	20065	1
2227	4057	1
3240	1740	1
20853	13900	1
2646	7710	1
15786	424	1
964	8358	1
98	168	1
4246	15561	1
2976	11148	1
12565	13900	1
862	812	1
21828	21828	1
16516	20926	1
21829	5096	1
1958	5360	1
12472	9980	1
6071	4603	1
16537	18863	1
3854	18863	1
21512	8535	1
12832	3463	1
16962	7305	1
19239	6095	1
17164	6296	1
205	395	1
6811	14025	1
7444	7786	1
16560	18747	1
7718	13646	1
17758	20316	1
3578	6100	1
9994	7040	1
5796	6467	1
2511	1022	1
8820	20746	1
867	6004	1
12138	12138	1
11259	10538	1
5558	21824	1
8998	4193	1
13219	13021	1
4144	4206	1
3824	3822	1
7305	16962	1
2454	3822	1
5849	13473	1
13473	5849	1
5008	3502	1
9300	9000	1
8827	6354	1
9	10	1
10568	6928	1
18863	16537	1
19239	394	1
12565	13538	1
11161	3170	1
11874	12324	1
2260	4547	1
10845	8499	1
475	19978	1
12164	14277	1
17511	4821	1
4410	19978	1
4506	4505	1
11207	18953	1
10295	21761	1
8121	8967	1
1064	3502	1
18155	18955	1
2745	6875	1
10116	1928	1
6070	5355	1
2901	623	1
2646	3502	1
18350	10982	1
14197	14173	1
3356	15169	1
12092	12092	1
2023	3498	1
7025	5107	1
3701	17561	1
17578	17452	1
16855	8896	1
6782	5754	1
6562	16855	1
6562	8896	1
1338	3996	1
13140	2734	1
3545	7108	1
15436	17321	1
2511	2294	1
8896	6562	1
8121	10615	1
15436	9610	1
16308	15938	1
11920	6448	1
21339	2343	1
10246	9300	1
2734	13140	1
15691	15664	1
3520	9300	1
5360	1958	1
242	241	1
15186	20158	1
15908	9687	1
21824	21824	1
628	1108	1
9000	9300	1
3275	12562	1
13219	6771	1
10183	9718	1
964	16992	1
4589	6513	1
2646	2496	1
9718	10183	1
15664	6883	1
5000	15678	1
10350	17101	1
8260	9894	1
6354	8827	1
4857	5133	1
14173	14197	1
8492	14612	1
1936	6132	1
98	323	1
6315	9364	1
17841	246	1
7786	5318	1
3502	1064	1
16343	19993	1
17246	17246	1
8121	21420	1
1423	7951	1
2480	14263	1
18957	21830	1
4753	6450	1
14917	7081	1
9994	1215	1
1162	1516	1
9300	15632	1
9594	6790	1
3834	4383	1
512	20352	1
12816	13140	1
21831	10885	1
10402	7668	1
9541	5977	1
7081	14917	1
11130	13140	1
5270	8074	1
15632	9300	1
13336	5347	1
9369	10084	1
4812	4724	1
6490	8328	1
10615	8121	1
21420	8121	1
17452	17578	1
3722	4346	1
21721	4113	1
13492	11952	1
16029	4649	1
9924	21817	1
21832	10180	1
241	242	1
2758	10494	1
6613	7082	1
13219	11977	1
964	12010	1
1512	21	1
1022	12010	1
4113	21721	1
7267	17618	1
1108	628	1
13677	6848	1
5297	5774	1
9894	8260	1
20882	19399	1
7505	6720	1
5366	12779	1
21833	19189	1
13744	1410	1
2611	16671	1
3190	13111	1
13687	12664	1
12664	13687	1
13803	21816	1
8404	5229	1
15092	6361	1
157	1703	1
2973	4136	1
19399	20882	1
4043	1703	1
3849	6361	1
12779	5366	1
16190	10352	1
16456	11387	1
11387	16456	1
13851	1987	1
19239	19154	1
6155	1323	1
370	10722	1
13791	11260	1
12580	2172	1
1884	9824	1
1005	1383	1
5820	5821	1
3258	7602	1
4084	6316	1
14376	14312	1
1791	4288	1
15436	15435	1
17578	21834	1
7602	3258	1
5347	13336	1
15763	4258	1
2172	12580	1
6720	7505	1
21	1512	1
21835	3290	1
3950	6171	1
978	7687	1
635	634	1
2172	5977	1
16399	10000	1
2956	700	1
5977	2172	1
17321	15435	1
4857	17293	1
9211	9212	1
2496	2646	1
16520	16055	1
3949	2646	1
6513	4589	1
16023	19628	1
4724	4812	1
6507	2646	1
9230	5188	1
9300	10531	1
9994	9846	1
18873	18873	1
7502	3380	1
68	655	1
16301	8594	1
14968	3021	1
2646	7764	1
2749	1541	1
10174	13421	1
16161	18112	1
14753	16461	1
6612	3768	1
8640	10334	1
15106	7334	1
16220	11109	1
5823	7764	1
15733	21809	1
7389	16166	1
8172	14916	1
10531	9300	1
6456	5635	1
3242	2902	1
6171	3950	1
11260	13791	1
2482	18447	1
10420	8967	1
4409	3950	1
20861	8439	1
9314	3950	1
9994	1791	1
4288	1791	1
4836	4950	1
3950	4409	1
8439	20861	1
9570	21815	1
2450	12989	1
1656	3834	1
20647	15691	1
18503	10170	1
7786	12173	1
3021	14968	1
2422	19229	1
4345	3722	1
15664	15691	1
20168	21836	1
7602	3021	1
4064	2620	1
12832	12274	1
10186	17156	1
437	861	1
3087	4913	1
9239	8973	1
7916	5380	1
2511	2909	1
12832	18822	1
1881	1880	1
14277	12164	1
2771	8519	1
20188	3021	1
20955	3021	1
3722	4345	1
3485	1570	1
9994	2832	1
13948	7442	1
5593	13829	1
12666	9262	1
917	2298	1
10345	9262	1
4346	2712	1
3138	5581	1
13571	6977	1
139	1930	1
9246	9246	1
5301	14066	1
4950	4836	1
15394	16055	1
3021	20955	1
3021	20188	1
2416	7254	1
3383	8594	1
5555	3768	1
4218	13273	1
9051	21563	1
12568	6901	1
10722	370	1
15365	10713	1
14165	6901	1
9314	9402	1
21837	21837	1
8547	8547	1
19978	744	1
21811	14624	1
12477	7481	1
11372	15579	1
12432	17415	1
6004	867	1
2646	12965	1
2037	9996	1
4084	10003	1
10102	7481	1
3950	9314	1
4836	20823	1
9541	12842	1
9402	9314	1
14624	21811	1
10003	4084	1
6316	4084	1
18658	21838	1
21839	21839	1
15210	10411	1
8676	13476	1
1987	21393	1
9	1208	1
5318	7786	1
20407	3542	1
20188	14968	1
9876	9389	1
6901	12568	1
9769	5380	1
20382	11746	1
14968	20188	1
2339	8594	1
9300	7804	1
10183	11078	1
7804	9300	1
5822	3854	1
7254	2416	1
1541	2749	1
19854	21154	1
13219	20450	1
634	635	1
2289	2290	1
6513	2914	1
3151	21840	1
8934	10553	1
6958	5670	1
5692	7551	1
19978	7551	1
824	2017	1
21513	13203	1
21841	17318	1
12816	762	1
4595	4596	1
7551	5692	1
20316	17758	1
9270	1372	1
7411	17591	1
9300	6637	1
6637	9300	1
266	3350	1
5210	3506	1
2901	2260	1
21842	1797	1
21154	19854	1
21655	21655	1
8587	16904	1
10116	2704	1
10520	7088	1
17797	636	1
6813	6812	1
8332	21843	1
