11161	19401	1
16525	4946	1
5357	7783	1
19401	11161	1
6021	1493	1
4506	20244	1
7012	3160	1
18594	3975	1
4682	6920	1
21934	21934	1
21153	17390	1
4939	7138	1
19761	20075	1
14624	21811	1
2572	1234	1
4034	5893	1
3214	1549	1
5000	4901	1
6513	3041	1
3651	628	1
5893	4034	1
8707	3170	1
5388	10226	1
854	5048	1
7764	5823	1
4946	16525	1
3170	8707	1
2948	5673	1
7622	9276	1
12716	3608	1
9276	7622	1
7375	21349	1
6097	6095	1
6278	1182	1
14816	21862	1
16787	4724	1
1219	2951	1
7495	7622	1
8152	9009	1
5818	5110	1
2817	2297	1
12546	20333	1
6661	1941	1
9009	8152	1
15598	15598	1
5951	6783	1
2448	20075	1
8867	15614	1
4900	12917	1
15782	15988	1
5715	4763	1
797	913	1
4133	6783	1
2963	2963	1
8063	9389	1
4064	8023	1
4100	21862	1
4106	6783	1
1897	3949	1
2073	2074	1
3903	5340	1
17785	6783	1
21935	21936	1
20734	6927	1
15678	21017	1
4975	4763	1
10000	16399	1
11163	9009	1
4422	3216	1
12580	7481	1
4890	3849	1
2114	6501	1
1941	6661	1
61	6501	1
8619	3767	1
7107	6564	1
16355	4751	1
2653	6932	1
13407	8280	1
6811	14025	1
13156	4992	1
3456	861	1
21741	15453	1
9253	11632	1
21655	15453	1
16098	10080	1
19812	7300	1
19186	20445	1
5205	5204	1
5325	8280	1
7145	9100	1
3569	7012	1
195	99	1
8280	5325	1
4037	8280	1
7645	3353	1
6251	819	1
3042	5300	1
3181	3182	1
21449	21449	1
2801	6845	1
6783	5951	1
19399	17475	1
8280	4037	1
13880	4504	1
4218	13273	1
21925	371	1
3383	2420	1
6212	6499	1
5797	5047	1
14536	18385	1
13989	20033	1
15517	11909	1
5368	11783	1
16317	2973	1
21937	21937	1
21855	14992	1
11102	21612	1
16029	15840	1
21902	21902	1
8243	5650	1
16619	17504	1
5650	8243	1
5510	5808	1
1897	3545	1
21938	2284	1
15442	5767	1
1484	3004	1
3004	1484	1
21939	21939	1
11136	6034	1
18927	4524	1
4992	13156	1
319	569	1
5062	624	1
8609	6104	1
20569	20445	1
12553	11245	1
5862	13023	1
2965	1599	1
3009	4196	1
7817	7040	1
4755	12899	1
8172	7465	1
15782	6811	1
7919	10208	1
420	2441	1
142	19866	1
3743	5791	1
7265	14117	1
3167	3168	1
16911	6449	1
5	6644	1
14814	6424	1
3834	3999	1
10728	5808	1
6448	6119	1
21940	13829	1
3236	7860	1
9511	6414	1
8404	4883	1
8062	16799	1
21941	384	1
6104	8609	1
21942	21943	1
21811	14624	1
4384	14035	1
1484	519	1
7728	1036	1
242	241	1
5200	1640	1
7054	20371	1
19538	18367	1
14579	11010	1
252	19378	1
21944	17668	1
3568	3569	1
11724	4036	1
1756	5812	1
21945	6248	1
15438	18188	1
16259	21946	1
10477	2420	1
15552	6428	1
11485	7521	1
4857	3464	1
4135	5904	1
12322	17798	1
2713	2059	1
10835	20348	1
3042	2964	1
13023	5862	1
1484	21015	1
14150	9680	1
11485	11372	1
5288	4490	1
7389	16166	1
2311	2103	1
8763	11983	1
21017	15678	1
6901	14165	1
15614	8867	1
2420	3383	1
6119	6448	1
6711	937	1
10477	11650	1
1484	17818	1
21936	21935	1
21612	11102	1
16648	2818	1
16166	7389	1
4869	6424	1
10158	21180	1
12984	8707	1
21731	12886	1
19761	1796	1
4258	15763	1
20333	7358	1
11485	11344	1
21947	19936	1
2074	2073	1
1830	15338	1
21948	21949	1
19249	19250	1
3479	15720	1
21911	8776	1
6538	17055	1
16541	12224	1
14165	4801	1
5883	3566	1
11485	5694	1
10232	3234	1
9912	3763	1
13476	8676	1
21566	3215	1
8333	8676	1
9850	6332	1
16893	16894	1
15474	16255	1
518	3202	1
5663	17668	1
628	627	1
3240	3202	1
7175	515	1
15581	13977	1
21950	21935	1
2818	16648	1
3668	3026	1
14579	3257	1
21951	21513	1
8258	4652	1
13751	4555	1
2532	6871	1
1484	11002	1
564	6527	1
2726	3103	1
12568	1316	1
4652	8258	1
5200	3470	1
6719	7885	1
21905	21513	1
7283	16631	1
6043	6044	1
3144	6266	1
1062	455	1
21731	21868	1
2162	4265	1
7523	16836	1
14579	2735	1
9126	20816	1
303	352	1
1219	2683	1
14825	15226	1
18653	10409	1
10477	7308	1
7215	17208	1
89	428	1
14165	6901	1
13255	19663	1
8716	4268	1
21174	20624	1
1484	709	1
15976	8172	1
7465	8172	1
5110	5818	1
3233	13955	1
17904	8172	1
15628	15179	1
16289	11640	1
10463	385	1
6538	385	1
9850	13457	1
2653	1567	1
7291	9909	1
5332	802	1
17427	15988	1
21862	14816	1
21952	21953	1
6811	15782	1
980	1567	1
21349	7375	1
11485	3306	1
14122	11554	1
3233	4432	1
5047	5797	1
8152	5958	1
15179	15401	1
4651	749	1
13199	21953	1
17002	15533	1
21954	7833	1
5048	854	1
10414	12175	1
12886	21731	1
16836	14598	1
9356	11058	1
3233	6411	1
21955	21955	1
19699	15889	1
18242	21939	1
21868	21731	1
5200	1618	1
2829	441	1
6475	15552	1
4763	4975	1
16168	9391	1
6380	6234	1
16274	14728	1
5717	1420	1
2806	6600	1
4524	18927	1
6266	3144	1
11516	19625	1
2532	1162	1
8172	972	1
8923	3160	1
15438	15476	1
1516	1162	1
15004	8614	1
6306	5852	1
16399	8466	1
5482	8975	1
6485	6845	1
12814	3602	1
4033	8024	1
5	27	1
4422	10070	1
6845	6485	1
84	21794	1
303	7104	1
4507	6485	1
10070	4422	1
4523	5054	1
6485	4507	1
11485	16255	1
5581	14728	1
4075	17642	1
1512	21	1
3236	6294	1
1661	2353	1
15476	15438	1
14515	12788	1
821	5659	1
17261	891	1
7367	6294	1
11783	5368	1
4800	3773	1
5951	5929	1
16671	2611	1
16247	3160	1
1092	4167	1
1229	6270	1
5315	4525	1
3738	4209	1
1954	3160	1
12447	14211	1
4903	8963	1
5247	10796	1
13737	11909	1
21857	21856	1
5670	16504	1
10962	21888	1
21856	21857	1
21956	2611	1
21178	2611	1
12528	20744	1
14728	16274	1
10968	6845	1
299	9756	1
3026	3668	1
3202	3240	1
6332	9850	1
2489	9687	1
4907	2616	1
3569	5684	1
8024	4033	1
9756	299	1
21957	21957	1
19625	11516	1
4685	13145	1
16631	10435	1
11485	9262	1
7952	21556	1
1162	2532	1
4864	3248	1
24	243	1
2370	2786	1
5659	6953	1
1484	6783	1
13538	7789	1
17475	19399	1
10713	8583	1
17879	15790	1
11485	7028	1
2532	2330	1
7376	7341	1
1222	2348	1
10468	13311	1
2330	2532	1
16159	10805	1
5753	20086	1
4629	4630	1
17787	7012	1
15790	17879	1
21958	21959	1
11201	6066	1
13473	5513	1
15533	17002	1
472	473	1
4733	16308	1
9594	1690	1
9909	7291	1
19085	12023	1
19836	21407	1
2641	2642	1
10639	4031	1
9897	10783	1
18367	19538	1
16980	5240	1
11485	7416	1
5513	13473	1
802	5332	1
10831	10550	1
371	21925	1
10829	3239	1
18398	18622	1
3389	21925	1
9469	5812	1
5091	424	1
7259	13671	1
12568	6901	1
4912	4912	1
21862	4100	1
9797	4100	1
5715	4561	1
10550	10831	1
18893	13140	1
6449	8177	1
18486	18486	1
21960	16270	1
10808	21355	1
16868	17505	1
12023	19085	1
5859	3849	1
4031	10639	1
8583	10713	1
4266	6987	1
1484	5642	1
2543	4333	1
6127	12899	1
8172	17904	1
16168	10930	1
14101	6879	1
2297	7086	1
4504	4122	1
1567	2653	1
12322	2223	1
12804	1030	1
6527	564	1
13074	18543	1
8591	8061	1
8177	6449	1
12096	13960	1
18659	17416	1
1149	14540	1
15179	15628	1
3182	6859	1
3767	21961	1
19091	2616	1
6564	7107	1
89	19962	1
10461	9992	1
12899	6127	1
20445	19186	1
1484	5289	1
16265	9375	1
10358	9715	1
303	2666	1
12832	9022	1
21015	8285	1
21962	21962	1
21938	5516	1
5	207	1
9100	7145	1
2544	14678	1
20827	20616	1
5200	375	1
21963	9647	1
6530	4755	1
16322	1388	1
9942	15818	1
5812	9469	1
4755	6530	1
6987	4266	1
9850	6646	1
21964	14026	1
13208	21965	1
5200	4531	1
5922	5	1
16836	8499	1
19676	19598	1
6052	2677	1
5366	12779	1
937	6711	1
14678	2544	1
8810	5343	1
569	319	1
5381	10387	1
5167	2028	1
21966	21915	1
6932	2653	1
14122	5244	1
8172	15153	1
3976	3229	1
21824	21825	1
6538	1763	1
3969	3970	1
217	83	1
4100	9797	1
12282	13386	1
2722	14851	1
15889	19699	1
3420	8623	1
12516	7558	1
14851	21731	1
21967	3618	1
1250	8623	1
21874	20783	1
16840	2979	1
6123	10811	1
17031	21780	1
12580	9250	1
3088	3020	1
10805	14851	1
21968	2201	1
144	19962	1
11180	1384	1
12756	11948	1
5200	5022	1
13165	524	1
10120	3480	1
2223	12322	1
14471	19641	1
8172	11644	1
21969	5225	1
3722	4346	1
2305	16215	1
6881	2152	1
12664	12650	1
21657	16215	1
6901	12568	1
3464	4857	1
21644	7760	1
20188	3258	1
6262	5150	1
891	17261	1
7622	7495	1
1599	2965	1
12779	5366	1
241	242	1
5130	4489	1
6234	6380	1
13977	15581	1
9008	6893	1
5000	15411	1
7618	275	1
15476	5847	1
229	845	1
21815	2653	1
19641	14471	1
18124	8303	1
15411	5000	1
8975	5482	1
6112	6977	1
14101	7614	1
9769	3546	1
9392	9392	1
11904	10257	1
1564	21970	1
14122	3747	1
4685	7412	1
6111	6465	1
16168	7276	1
3315	2914	1
3021	14968	1
14968	3021	1
14101	5509	1
1635	6183	1
21561	2914	1
16839	17080	1
19716	16962	1
5	6066	1
5684	7012	1
3202	518	1
5087	5086	1
11948	12756	1
17441	20653	1
4900	7650	1
20783	21874	1
14122	13605	1
5386	5107	1
5280	5107	1
8222	6812	1
7012	5684	1
11554	14122	1
14137	20653	1
2829	20653	1
21275	20653	1
849	2017	1
19237	20653	1
8172	8695	1
13691	10188	1
6812	6813	1
3618	2935	1
478	18536	1
10468	17031	1
3949	1469	1
21838	18658	1
3185	334	1
6977	6112	1
18536	478	1
5181	5180	1
10477	2091	1
7760	21644	1
2616	4907	1
2935	3618	1
21971	21971	1
12383	2347	1
21848	21848	1
8923	3030	1
10257	11904	1
15664	6883	1
19899	3059	1
21780	17031	1
1516	2532	1
5743	2172	1
5674	14314	1
4657	3404	1
6414	9511	1
7145	7780	1
5524	7211	1
303	4346	1
4026	19244	1
9248	4939	1
17072	17073	1
11983	8763	1
7138	4939	1
12666	10345	1
3138	5581	1
5711	2017	1
11018	3079	1
5770	5770	1
5654	4570	1
2362	3614	1
12029	12300	1
11556	7000	1
8923	7672	1
16842	5357	1
241	636	1
5227	3438	1
945	6458	1
15837	21161	1
636	241	1
21972	7926	1
21785	19808	1
4346	3722	1
3229	3976	1
19636	13809	1
13809	19636	1
5977	2172	1
21067	11711	1
7783	5357	1
2484	4871	1
10188	13691	1
5581	18853	1
12300	12029	1
8285	21015	1
19716	19716	1
5069	2237	1
1268	2017	1
6888	7308	1
5357	16842	1
8763	12134	1
16947	2902	1
11014	13929	1
6112	12898	1
10468	14239	1
788	1282	1
7543	3763	1
10345	12666	1
3763	7543	1
21604	20956	1
20244	4506	1
3073	9085	1
5086	5087	1
20653	2829	1
2691	1428	1
3503	4006	1
8280	13407	1
1182	6278	1
5861	6922	1
3438	5227	1
4006	3503	1
2532	1516	1
2611	5459	1
13851	1987	1
14101	12498	1
5180	5181	1
6922	5861	1
12119	20065	1
15153	12300	1
11711	21067	1
749	4651	1
20065	12119	1
4939	9248	1
5442	3950	1
3079	11018	1
4368	6530	1
11058	9356	1
3950	5442	1
4521	1408	1
4801	14165	1
16947	12748	1
563	6859	1
16980	9117	1
7993	11608	1
5338	5339	1
9992	10461	1
5840	3561	1
10930	16168	1
9391	16168	1
1339	447	1
7276	16168	1
8208	5907	1
5227	6424	1
3794	3561	1
627	628	1
9117	16980	1
12748	16947	1
4741	6649	1
2106	14382	1
1469	3949	1
4980	1499	1
19315	8285	1
21973	21974	1
14382	2106	1
10230	10374	1
4570	4571	1
3512	4034	1
16168	16980	1
4293	3138	1
334	3185	1
14326	7057	1
18735	3546	1
2017	5711	1
6465	6111	1
3747	11422	1
2228	835	1
424	5091	1
21975	21976	1
12898	6112	1
20273	10197	1
5756	6112	1
10285	12202	1
21977	21977	1
3020	3088	1
5281	6287	1
15914	6843	1
15038	6649	1
3545	2480	1
20521	11372	1
3949	3723	1
14182	4037	1
3723	3949	1
3059	19899	1
5353	8609	1
3400	5051	1
5564	11258	1
12500	9735	1
4037	14182	1
10345	6552	1
11372	20521	1
21978	9113	1
12870	7336	1
10179	9069	1
7308	6888	1
17031	14182	1
3233	3577	1
14101	4910	1
21979	166	1
7602	3021	1
14026	21964	1
14122	2280	1
4574	4619	1
188	4277	1
