18866	1391	1
13455	15720	1
16274	14117	1
21781	20956	1
2911	7223	1
7625	21513	1
4538	6819	1
16947	2902	1
4939	13710	1
12340	7223	1
17038	15014	1
19231	14870	1
16904	17977	1
6816	3950	1
3489	3502	1
4150	4151	1
3996	2135	1
6171	3950	1
9600	20718	1
2172	5977	1
3559	20945	1
3950	6816	1
4828	855	1
4390	4525	1
3723	3949	1
7951	18047	1
14049	1120	1
5977	2172	1
4233	3447	1
2234	2227	1
3949	3723	1
10213	16937	1
9479	16802	1
3095	5897	1
6562	5402	1
3449	6897	1
8164	7223	1
10066	8966	1
10418	4385	1
4857	9100	1
9669	4385	1
6730	7345	1
19647	14119	1
9126	21774	1
10568	6928	1
11936	1336	1
3949	1469	1
21772	5789	1
6897	3449	1
5789	21772	1
6922	5861	1
3754	9546	1
11643	1833	1
12815	15561	1
17619	20563	1
1469	3949	1
11758	5411	1
7979	7891	1
6713	159	1
395	2135	1
9100	4857	1
17073	20104	1
5861	6922	1
11767	3306	1
17072	20104	1
18727	15161	1
21513	13203	1
17002	3788	1
8321	277	1
3138	21577	1
4547	2260	1
8860	21577	1
12040	20106	1
3125	4126	1
6811	15555	1
21782	3361	1
5898	5897	1
3503	5742	1
4976	5742	1
11965	750	1
2772	2771	1
21783	19656	1
15152	15014	1
640	5690	1
3502	3489	1
12498	19914	1
15162	8339	1
10982	16722	1
20371	7054	1
10080	14277	1
4724	8492	1
16139	10715	1
1733	3155	1
8519	2771	1
3503	4120	1
4120	3503	1
20106	12040	1
12051	3404	1
11161	3170	1
19274	8404	1
750	11965	1
16179	6100	1
5504	5418	1
3170	11161	1
10569	12650	1
3068	896	1
9368	8490	1
4810	6222	1
21577	3138	1
21784	21784	1
21785	11487	1
9270	6200	1
6201	6294	1
12837	12837	1
3088	6017	1
20945	3559	1
18046	17224	1
7078	5690	1
17543	17224	1
13203	21513	1
15586	13884	1
2973	16317	1
15825	10387	1
2997	3561	1
14455	21513	1
5642	3561	1
2297	10893	1
3176	10541	1
16317	2973	1
16980	9117	1
2887	10147	1
18963	6343	1
5033	11661	1
6100	16179	1
9992	10461	1
16	2201	1
21686	15031	1
6279	6700	1
15126	11191	1
12719	278	1
15985	16358	1
21786	15550	1
6122	6017	1
2255	5360	1
10721	13770	1
4748	2004	1
14535	14754	1
18290	4393	1
4840	6135	1
15825	5381	1
21787	2004	1
7154	21513	1
15541	21427	1
3795	1091	1
5671	7196	1
4524	18927	1
9276	7622	1
8492	4724	1
15550	21786	1
15773	10784	1
5979	11676	1
5017	5033	1
82	2138	1
21788	5088	1
29	424	1
14754	14535	1
20853	20854	1
8745	12483	1
4136	2973	1
6919	4454	1
8640	3017	1
1096	13547	1
21513	7625	1
3443	14172	1
15561	1113	1
1229	849	1
8650	7024	1
13048	13601	1
89	12121	1
11948	516	1
16215	16215	1
11676	5979	1
18885	2260	1
5088	21788	1
1941	6661	1
4393	18290	1
10607	16950	1
15162	14201	1
21789	21789	1
6134	1813	1
1091	3795	1
11643	2336	1
1535	2379	1
4087	15933	1
3596	14321	1
16055	2260	1
382	383	1
4287	10687	1
1133	21443	1
5742	4976	1
7622	9276	1
21566	3215	1
1113	4246	1
4794	18408	1
5897	3095	1
5671	1339	1
17008	21738	1
9150	7115	1
18885	6429	1
7178	12197	1
1336	11936	1
8914	11936	1
6128	10741	1
4258	15763	1
6491	1008	1
4525	4390	1
4516	3119	1
10541	3176	1
3447	4233	1
9117	16980	1
14321	3596	1
21790	21790	1
13655	21791	1
1703	1704	1
5028	5549	1
16553	15820	1
15461	4532	1
7382	21792	1
1215	9156	1
5670	6958	1
3745	2579	1
1077	5862	1
2887	1786	1
2304	15807	1
10574	8724	1
3005	12375	1
13881	6962	1
16289	11640	1
10200	12748	1
8860	11640	1
3716	1485	1
625	6925	1
11457	12362	1
3897	1913	1
4464	8443	1
17798	21341	1
2138	82	1
469	8443	1
7389	16166	1
5893	4034	1
10574	4525	1
16179	12936	1
9431	16341	1
6017	6122	1
12540	6901	1
8886	13573	1
15471	13573	1
16671	2611	1
2995	16657	1
2116	9541	1
5671	9136	1
5614	3545	1
12936	16179	1
5360	2255	1
4334	6084	1
666	3998	1
18885	4892	1
1081	737	1
6786	9213	1
15162	11908	1
5222	9273	1
6198	18484	1
5	27	1
6901	1316	1
15561	12815	1
2004	3186	1
12748	10200	1
8247	10420	1
31	1687	1
17687	10609	1
13132	13219	1
13573	15471	1
16255	5775	1
14281	1618	1
1703	385	1
2835	1071	1
16031	6932	1
3186	2004	1
5297	5774	1
20647	15691	1
4167	1092	1
21792	7382	1
21722	17588	1
15664	15691	1
20765	20766	1
3446	357	1
21793	15218	1
1071	2835	1
6337	8057	1
5497	5498	1
3849	4890	1
2004	4748	1
4890	3849	1
2779	4044	1
11487	2611	1
12366	5706	1
3088	3020	1
9161	9160	1
274	275	1
6786	7813	1
17588	15840	1
13621	8336	1
5871	2341	1
4790	2369	1
563	564	1
15691	15664	1
10002	4363	1
10352	5987	1
6354	13014	1
3443	20658	1
16179	13390	1
10574	1134	1
604	13042	1
12366	4980	1
3144	1537	1
10200	2902	1
11591	19293	1
9150	16035	1
21774	9126	1
14870	19231	1
12324	11874	1
17031	21780	1
1215	1558	1
10084	9369	1
19993	16343	1
4863	4864	1
6901	12540	1
3037	6242	1
1113	15561	1
3706	1497	1
6786	6354	1
9150	11632	1
7469	8571	1
84	21794	1
14382	2107	1
11961	3583	1
11730	6139	1
18885	7084	1
18046	19197	1
384	6846	1
11497	14814	1
12779	5366	1
14715	3015	1
1703	4043	1
2887	5779	1
7033	5305	1
2802	4525	1
3015	14715	1
310	21412	1
7304	16962	1
15555	6811	1
16842	5357	1
18966	18966	1
9273	5222	1
6786	7078	1
7810	8283	1
14197	3545	1
9897	11563	1
6985	3479	1
17449	12172	1
21741	15453	1
13219	13132	1
3545	14197	1
9837	20435	1
10109	4922	1
21795	21795	1
14887	12988	1
222	901	1
21428	13384	1
1897	7223	1
270	246	1
1997	3642	1
6135	4840	1
6017	3088	1
21796	6467	1
7813	6786	1
6354	6786	1
7078	6786	1
13390	16179	1
10574	6346	1
344	9335	1
3860	1093	1
16166	7389	1
21797	21426	1
4246	1113	1
5671	3536	1
8280	6184	1
17922	44	1
18477	44	1
17797	20971	1
21513	7154	1
18885	7719	1
7366	7215	1
1618	14281	1
7501	10030	1
9150	6792	1
20241	19419	1
21798	21635	1
18927	4524	1
1232	1854	1
13852	16561	1
830	4164	1
5402	6562	1
913	797	1
18408	4794	1
2376	11563	1
625	5062	1
1215	2832	1
15179	16021	1
1093	3860	1
1854	1232	1
1813	6134	1
17367	21175	1
15681	21513	1
15491	21513	1
9820	17383	1
246	21513	1
13063	13064	1
1806	418	1
18870	8664	1
4448	21465	1
564	4457	1
8072	21799	1
4983	6329	1
10620	10461	1
21800	7178	1
10461	10620	1
1703	157	1
5485	3561	1
16179	15194	1
5196	5195	1
13895	6479	1
16188	17306	1
5332	19388	1
15461	16773	1
2506	11129	1
6158	18179	1
7085	10623	1
18179	6158	1
14728	14728	1
10623	8506	1
11643	9300	1
7366	10437	1
431	431	1
3849	9790	1
1220	985	1
15714	12855	1
1935	8783	1
18366	19538	1
604	1642	1
15938	4330	1
1599	20816	1
12562	3275	1
15438	18188	1
8306	12937	1
7786	18179	1
21801	3251	1
1642	604	1
371	8526	1
2771	2772	1
2276	2673	1
17486	1055	1
18188	15438	1
4330	15938	1
21802	21761	1
21536	1055	1
14411	14573	1
13200	5355	1
3251	21801	1
18451	18451	1
2023	3498	1
1333	6296	1
9360	5006	1
10574	5678	1
7019	14277	1
9754	9474	1
7407	5678	1
13042	604	1
5335	385	1
5325	13884	1
6962	13881	1
21803	10896	1
6811	14025	1
6287	6103	1
10660	18047	1
4603	6246	1
5775	16255	1
16399	10000	1
6564	755	1
27	5	1
5922	5	1
2652	13150	1
3026	14537	1
8889	18642	1
295	107	1
11483	11484	1
18642	8889	1
5614	4064	1
6665	6666	1
18179	7786	1
21780	3587	1
20698	6897	1
1987	21393	1
275	274	1
6897	20698	1
3275	12562	1
21465	4448	1
1215	12545	1
21804	15760	1
4696	2084	1
6184	8280	1
7980	7012	1
6467	5796	1
1410	8137	1
7730	7662	1
16179	5862	1
13710	4939	1
15428	4939	1
7569	3561	1
4676	5298	1
1806	2386	1
18047	10660	1
10352	10741	1
3404	12051	1
5694	18188	1
12498	12051	1
385	5335	1
5614	5436	1
6769	12051	1
755	6564	1
10163	7919	1
5411	11758	1
21805	8191	1
4768	5016	1
867	10831	1
1215	508	1
8716	4268	1
5298	4676	1
6267	1064	1
6183	8035	1
3479	6985	1
6551	3012	1
453	15659	1
21806	21801	1
13751	15618	1
4601	246	1
2887	1508	1
3897	11683	1
11259	10538	1
9367	8290	1
5678	7407	1
3105	4343	1
3097	20595	1
2048	1690	1
3825	1062	1
20595	3097	1
16031	6681	1
21807	17659	1
11643	2157	1
10420	8247	1
12937	8306	1
6211	5955	1
10461	9992	1
19388	5332	1
2084	4696	1
10574	13900	1
10574	13538	1
3545	10634	1
883	957	1
7040	12217	1
15210	10411	1
18713	12777	1
4724	7108	1
12109	6270	1
12545	1215	1
1185	1837	1
2832	1215	1
11936	21785	1
2260	4547	1
4790	1731	1
4727	5920	1
8260	9894	1
5261	5260	1
2855	1081	1
5671	5630	1
1739	13900	1
10030	7501	1
10408	11542	1
274	2534	1
9894	8260	1
16179	9409	1
16098	8680	1
1134	13538	1
4034	5893	1
1392	1122	1
21393	1987	1
7804	1270	1
5424	3965	1
13851	1987	1
16298	858	1
21438	5842	1
14366	7688	1
10538	11259	1
21030	13900	1
3138	858	1
14268	13870	1
16864	7061	1
13446	13870	1
2710	5233	1
6242	3037	1
5579	5579	1
5584	5092	1
21721	21721	1
6212	9764	1
13900	21030	1
266	265	1
6958	11072	1
14814	11497	1
3443	3444	1
3520	1740	1
1215	1998	1
5418	5504	1
21117	12116	1
265	266	1
11554	14657	1
1802	13433	1
5357	16842	1
10002	6585	1
14807	7276	1
5922	15663	1
19544	21780	1
3520	2420	1
113	131	1
10741	10352	1
15691	20647	1
9211	9212	1
15745	2480	1
3965	5424	1
18197	18197	1
11129	2506	1
6932	16031	1
4626	2185	1
15825	2483	1
1535	2185	1
1119	6854	1
16343	19993	1
13084	9123	1
9755	9474	1
14712	12650	1
21785	11936	1
7000	10464	1
18190	12361	1
2749	173	1
8323	6849	1
8609	6059	1
10574	13787	1
3453	4503	1
12572	15039	1
8243	5650	1
6849	8323	1
5862	16179	1
8339	15162	1
1837	1185	1
14201	15162	1
16160	3079	1
15194	16179	1
11908	15162	1
1215	3056	1
19239	394	1
5482	21721	1
5526	4221	1
6783	5951	1
12263	12649	1
7455	16321	1
16839	17080	1
3456	5084	1
17926	10982	1
11534	4976	1
3854	5822	1
10982	17926	1
1215	4842	1
14634	14211	1
21808	11815	1
6635	19176	1
12172	17449	1
17816	4890	1
21710	13282	1
12173	2017	1
20381	20356	1
5979	9373	1
8609	5353	1
9150	4949	1
5366	12779	1
16194	4120	1
21687	8545	1
5353	8609	1
10411	15210	1
1103	6927	1
6104	8609	1
10845	10845	1
15210	6314	1
5553	10827	1
9150	5161	1
6792	9150	1
3215	21566	1
7108	3545	1
15733	21809	1
7366	7126	1
4922	10109	1
20435	9837	1
5047	5893	1
16033	14741	1
14201	14201	1
4977	4977	1
8903	11387	1
10593	9607	1
4613	14263	1
2480	14263	1
5195	5196	1
8283	7810	1
18188	5694	1
4949	9150	1
3258	20188	1
1584	3190	1
19967	18545	1
20188	3258	1
5671	8962	1
8336	11047	1
18545	19967	1
14904	5301	1
15925	12483	1
13581	14531	1
8863	8862	1
11047	8336	1
21810	14153	1
6585	10002	1
7267	16031	1
10574	1880	1
8774	8820	1
16031	7267	1
21811	14624	1
6030	6924	1
5299	5793	1
5348	5349	1
20104	17073	1
3190	1584	1
4503	3453	1
10304	16031	1
5393	9549	1
992	572	1
18030	16031	1
21735	21734	1
5258	5773	1
21513	9577	1
2243	3363	1
15746	3449	1
21812	2620	1
15162	12535	1
274	9423	1
1323	6155	1
6786	12252	1
9423	274	1
12842	5977	1
2887	6494	1
20698	3449	1
12252	6786	1
4207	5248	1
13528	4650	1
12541	4977	1
8142	8540	1
16179	12100	1
6135	13701	1
13455	13455	1
21813	20848	1
5977	12842	1
4650	13528	1
3079	16160	1
2135	395	1
2771	156	1
15914	12718	1
10464	7000	1
6901	12568	1
1215	1862	1
6812	6813	1
2130	191	1
4418	8051	1
2276	2019	1
12568	6901	1
4812	4832	1
274	6222	1
21814	21814	1
4832	4812	1
7901	14849	1
10350	18612	1
1897	3065	1
6958	5248	1
14849	7901	1
21534	21815	1
18047	7951	1
3258	7602	1
6843	10488	1
13646	7718	1
5754	6782	1
4589	6513	1
3881	6168	1
13803	21816	1
14822	5908	1
9044	2200	1
13721	276	1
191	2130	1
1662	16189	1
21745	21182	1
14624	21811	1
3723	5111	1
6513	4589	1
1661	95	1
10000	16399	1
3545	7108	1
5111	3723	1
8540	8142	1
3392	1713	1
14197	7108	1
11033	11427	1
14916	8172	1
21687	13573	1
5650	8243	1
11530	15469	1
10352	15469	1
15720	13455	1
8027	17365	1
18350	9863	1
4661	8880	1
21807	12345	1
7919	10325	1
7786	12173	1
10035	9375	1
7223	2911	1
3576	21015	1
14197	3315	1
3722	2712	1
3605	3605	1
20823	8967	1
4626	6270	1
7006	4287	1
1897	12340	1
8948	8051	1
21817	9924	1
7223	12340	1
6507	7857	1
17365	8027	1
964	8181	1
4170	833	1
21818	21818	1
3085	6289	1
342	150	1
4265	447	1
6433	2284	1
5537	6893	1
9452	6499	1
19043	5195	1
21443	4334	1
5688	5588	1
20698	13021	1
6786	7974	1
16179	7974	1
7810	4346	1
9897	10783	1
15690	15690	1
20823	4836	1
10329	10329	1
9373	5979	1
10623	7085	1
16031	18030	1
427	7560	1
5614	4488	1
4836	20823	1
7919	10163	1
905	10561	1
15436	17289	1
6316	4084	1
7662	7730	1
2940	10772	1
13021	20698	1
10488	6843	1
5134	7944	1
3449	20698	1
9365	21819	1
12217	7040	1
17618	7267	1
20158	15186	1
16899	3938	1
