10778	10464	1
5660	1338	1
9735	5294	1
1353	1352	1
12172	17449	1
16560	18747	1
18747	16560	1
3996	395	1
5818	5110	1
8731	11267	1
6380	13084	1
15500	15500	1
21703	3158	1
10778	13084	1
5813	2914	1
9253	11632	1
2197	9237	1
15639	7800	1
13573	845	1
14180	20698	1
2636	6161	1
4531	658	1
319	569	1
4464	3231	1
12899	6127	1
3723	3949	1
3965	9180	1
437	861	1
6052	4047	1
1539	1679	1
20032	20033	1
2306	9781	1
21655	15453	1
21704	21704	1
7868	5090	1
11077	16876	1
863	864	1
11812	7481	1
11077	13840	1
4126	1931	1
18735	9639	1
1611	2076	1
21561	2914	1
16627	15229	1
2849	15530	1
13084	6380	1
9863	12545	1
11972	7852	1
878	2573	1
7868	16358	1
1338	5660	1
14066	7568	1
3791	5796	1
13573	8836	1
13380	7158	1
20098	17031	1
2721	5796	1
21015	4485	1
15106	7334	1
21405	17321	1
8836	13573	1
6814	8846	1
6368	4485	1
3438	3885	1
6427	5189	1
2239	12837	1
4047	6052	1
906	2836	1
15555	6811	1
2306	9204	1
6325	2668	1
19274	9960	1
4809	3169	1
3881	835	1
510	13665	1
6816	2914	1
1580	1579	1
10473	2914	1
277	9250	1
9452	6911	1
6562	15988	1
21700	19442	1
2132	15988	1
12991	6037	1
3568	2532	1
6297	16516	1
10759	9872	1
20154	2116	1
6155	16085	1
13084	6788	1
268	21705	1
636	17797	1
8778	8638	1
11368	6577	1
7602	9250	1
7449	8699	1
12272	9411	1
8699	7449	1
2076	1611	1
16601	2012	1
14579	3257	1
2116	6700	1
8328	12580	1
3064	21694	1
2114	3671	1
2116	2115	1
2963	16178	1
3430	7486	1
11476	275	1
15725	14604	1
664	7465	1
4939	7138	1
14366	18358	1
16850	21706	1
6073	9397	1
9397	6073	1
21275	20653	1
7153	12895	1
10140	10141	1
21443	8680	1
13273	12932	1
5357	7783	1
1512	21	1
19567	20666	1
4525	18315	1
21513	10225	1
3404	12732	1
742	10580	1
5045	6854	1
8638	8778	1
5628	6854	1
6475	3153	1
21707	1611	1
3153	6475	1
427	428	1
10758	7086	1
13084	10778	1
8774	15822	1
2012	16601	1
9992	10461	1
7465	664	1
17787	7291	1
15822	7291	1
68	655	1
16308	12758	1
5690	6848	1
173	2270	1
956	379	1
13596	7363	1
19527	15393	1
19647	14119	1
4762	4797	1
18735	5684	1
11111	5684	1
11476	1220	1
13925	13927	1
10458	8313	1
15461	1422	1
12871	13929	1
21	1512	1
15002	13516	1
13429	3606	1
21577	3138	1
5822	2270	1
6788	3335	1
1074	1075	1
5549	5549	1
18399	11815	1
15110	16370	1
21708	13298	1
7138	4939	1
21709	16370	1
4415	2560	1
994	1075	1
21513	21587	1
6297	6859	1
14243	4087	1
7033	16773	1
18197	18197	1
7033	5305	1
9204	2306	1
10475	17038	1
13282	21710	1
3015	14715	1
18103	17014	1
2461	7913	1
2209	2210	1
7734	11702	1
1075	1074	1
550	11702	1
12246	5096	1
7389	16166	1
484	4918	1
16855	9383	1
20718	9600	1
698	3804	1
13392	12899	1
4064	5203	1
2017	5349	1
5203	4064	1
21657	21657	1
2270	173	1
15586	13884	1
7188	14886	1
4601	3348	1
1069	3103	1
17956	21513	1
21658	21659	1
4755	12899	1
9391	8680	1
5318	11455	1
6562	9718	1
3258	3975	1
21387	11455	1
3297	11455	1
7389	6883	1
21711	966	1
10920	2018	1
15793	21513	1
15491	21513	1
21712	21713	1
13203	21513	1
6119	6448	1
9581	12732	1
2019	2018	1
21513	17956	1
4890	3849	1
7020	9342	1
14914	5982	1
8051	4418	1
11515	10266	1
2194	10494	1
20848	17187	1
3508	455	1
3013	2439	1
9581	6094	1
9246	8176	1
16370	15110	1
16360	3170	1
21714	2192	1
11455	21387	1
20001	5227	1
17816	14728	1
9581	6015	1
5459	2611	1
2677	6052	1
13429	19148	1
5922	5	1
5195	5196	1
5581	14728	1
13429	9498	1
7389	6307	1
21587	21513	1
17700	12060	1
8908	14833	1
9000	15860	1
14240	7867	1
5286	5286	1
7389	14193	1
1611	21707	1
13552	9837	1
2116	2192	1
18315	4525	1
21349	3523	1
6019	3450	1
21079	10968	1
2116	2611	1
11762	2735	1
18541	1786	1
1534	4599	1
2116	8451	1
21715	21715	1
16330	16756	1
387	1184	1
7723	15664	1
2532	3568	1
3088	3020	1
3467	14302	1
3523	21349	1
16273	19475	1
5615	18727	1
6513	8876	1
17474	16403	1
21716	19628	1
7466	8843	1
859	19625	1
861	437	1
5674	14314	1
8825	21513	1
6898	11372	1
14914	19625	1
2192	21714	1
11602	21513	1
14150	9680	1
18292	13927	1
4599	1534	1
11372	6898	1
14240	9409	1
14535	14754	1
16502	13350	1
4006	5723	1
15438	6898	1
13282	10311	1
12748	2902	1
6946	4916	1
6527	6527	1
12545	9863	1
6185	5576	1
13750	18479	1
10767	21513	1
9581	11909	1
2116	7974	1
10022	8386	1
18186	11205	1
4370	708	1
6898	15438	1
2130	4462	1
6267	9040	1
7867	14240	1
3138	21577	1
14914	10061	1
2411	848	1
21717	16078	1
1060	3587	1
4293	2699	1
2051	1558	1
7536	8460	1
14620	12025	1
6052	2677	1
6727	6727	1
12899	4755	1
18905	3587	1
18179	6898	1
9342	7020	1
12022	13442	1
18478	4182	1
4033	4755	1
11517	3004	1
10332	2758	1
8876	6513	1
2636	2546	1
1163	2914	1
12344	5789	1
6576	2914	1
4755	4033	1
344	9335	1
9335	344	1
12025	14620	1
6783	17785	1
18188	6898	1
13132	16751	1
15372	15372	1
2040	2677	1
20882	2611	1
6115	5671	1
20896	15179	1
15179	20896	1
3967	2160	1
1184	387	1
3791	6877	1
18367	1692	1
6788	10464	1
4940	7556	1
7556	4940	1
3217	3217	1
6213	1599	1
2652	13150	1
6898	18179	1
2065	21039	1
2546	6161	1
1599	6213	1
7979	2900	1
6898	18188	1
1943	14240	1
21718	15064	1
7551	7543	1
16756	16330	1
5047	7543	1
849	3651	1
986	88	1
1298	2176	1
7224	1813	1
5745	1506	1
9583	9582	1
2116	5991	1
994	1074	1
9581	10620	1
742	3815	1
17925	11072	1
9872	8173	1
18005	15741	1
9369	4107	1
5176	5977	1
10667	5300	1
840	3938	1
2116	1145	1
2364	4257	1
2560	4415	1
16000	1276	1
17797	636	1
8214	14066	1
17581	7525	1
4281	14066	1
1645	854	1
7568	14066	1
16147	17282	1
715	2672	1
11129	2506	1
10332	2194	1
18046	16923	1
5775	16255	1
19399	15583	1
707	8141	1
635	3600	1
2116	17431	1
12771	8141	1
7979	8717	1
10332	9846	1
10437	3033	1
11194	3033	1
16166	7389	1
14193	7389	1
9581	14573	1
15004	8614	1
5789	12344	1
10461	9992	1
5995	18694	1
3864	3837	1
3071	8600	1
5641	3992	1
17841	21513	1
16426	3420	1
10414	21665	1
3013	6265	1
14066	5191	1
1661	2353	1
4251	3944	1
7979	11563	1
14825	21513	1
2116	10811	1
3013	10811	1
15387	15387	1
3557	1795	1
3920	1797	1
14151	3345	1
2116	3084	1
246	21513	1
6304	6052	1
16855	5294	1
21109	4524	1
6052	6304	1
10324	3345	1
19475	16273	1
5628	1119	1
2116	5845	1
19393	16958	1
12060	17700	1
14715	3015	1
10632	13408	1
20001	5706	1
3189	2602	1
12363	9404	1
7389	3480	1
186	3176	1
1091	1088	1
5920	11124	1
2116	4522	1
13770	10721	1
21719	21719	1
3091	644	1
7543	5047	1
5723	4006	1
10567	6928	1
13973	14145	1
10669	21719	1
21720	21719	1
5294	16855	1
21721	21721	1
4237	8803	1
11936	8914	1
13196	21717	1
6118	6236	1
5191	14066	1
8157	16788	1
12698	12699	1
5348	5349	1
5319	10634	1
4370	243	1
16836	18030	1
21443	6906	1
1737	21608	1
14031	5979	1
1579	1580	1
7790	21608	1
13884	11391	1
17581	17581	1
7525	17581	1
6480	7178	1
11106	271	1
7291	15822	1
18358	14366	1
3236	3442	1
21713	21712	1
1880	20173	1
3042	4898	1
20032	20032	1
21513	246	1
3033	10437	1
2348	1222	1
3021	1051	1
13778	2823	1
7622	9276	1
2517	2346	1
17449	12172	1
5196	5195	1
21513	8825	1
17014	18103	1
2699	4293	1
20785	18957	1
12515	11086	1
10569	12650	1
14525	384	1
19934	21680	1
21722	17588	1
21717	13196	1
13084	9123	1
15164	16992	1
21723	2337	1
16719	17082	1
16787	4812	1
13408	10632	1
8600	3071	1
2116	12313	1
2337	21723	1
1813	7224	1
46	1796	1
2677	2040	1
9581	6879	1
8935	6614	1
3849	4890	1
14754	14535	1
7429	7319	1
12630	3383	1
4370	455	1
13429	334	1
21349	4206	1
9581	9067	1
8159	5047	1
10457	4649	1
5084	5931	1
2911	226	1
19011	16982	1
5857	5824	1
940	4195	1
9276	7622	1
20001	5717	1
6735	21724	1
8613	562	1
4975	4666	1
20001	9239	1
1420	5717	1
7622	7495	1
13590	16612	1
5684	18735	1
6901	21443	1
12837	2239	1
21388	21388	1
6158	18179	1
3383	12630	1
7919	10163	1
18179	6158	1
11754	11754	1
7209	10911	1
21443	6901	1
21725	18118	1
4370	10911	1
8295	8425	1
6811	15555	1
6123	870	1
742	2037	1
8975	10130	1
334	13429	1
6186	10634	1
17954	21726	1
9080	21727	1
8785	10609	1
8774	7291	1
7074	1869	1
8949	14137	1
6906	21443	1
8439	20861	1
13289	12773	1
3433	13291	1
4504	4122	1
6901	1316	1
16342	15468	1
5880	6155	1
1119	5628	1
5442	3950	1
18086	10609	1
5261	5410	1
12540	6901	1
1368	1625	1
14075	14081	1
20931	15988	1
6901	12540	1
12664	12650	1
4890	11414	1
14728	5581	1
14728	17816	1
21728	21728	1
12022	6131	1
564	4457	1
2506	19432	1
563	4457	1
1422	15461	1
384	13095	1
10723	13509	1
9487	15461	1
2364	4084	1
5662	21454	1
8791	21454	1
10457	10457	1
14779	11943	1
13095	384	1
11414	4890	1
9581	13095	1
20653	21275	1
905	861	1
17441	21275	1
5932	10560	1
18479	13750	1
6297	21014	1
21729	18433	1
7319	7429	1
11943	14779	1
14886	7188	1
861	905	1
8540	8142	1
7223	226	1
384	14525	1
16372	8935	1
18797	12816	1
7495	7622	1
261	8650	1
2668	6325	1
5258	5773	1
8935	8820	1
8820	8935	1
2506	11129	1
11555	5164	1
4666	4975	1
1619	5266	1
11618	6325	1
1469	3949	1
5047	11124	1
21513	14825	1
3545	7223	1
4523	5054	1
20439	20439	1
14914	9250	1
18541	766	1
10300	3230	1
3949	3723	1
623	5970	1
15461	9487	1
21577	3079	1
3346	2867	1
20823	4836	1
6539	17196	1
3773	4074	1
4107	9369	1
21225	9498	1
3079	21577	1
5485	3561	1
3345	14151	1
14457	16399	1
6700	12816	1
5407	8702	1
435	531	1
4300	16568	1
14914	16537	1
6306	14978	1
10353	3079	1
8702	5407	1
12816	6700	1
16943	4658	1
6236	6118	1
3170	12816	1
20001	10067	1
8774	8214	1
531	435	1
1082	2392	1
14914	12472	1
9211	9212	1
20001	9172	1
15530	2849	1
3105	15188	1
13429	3985	1
5047	8159	1
20861	8439	1
4389	2849	1
20359	9752	1
19388	5332	1
7223	3545	1
8650	261	1
2296	1279	1
7828	7828	1
9582	9583	1
14968	21730	1
4078	21731	1
13775	11779	1
21732	21732	1
3930	2571	1
10158	21180	1
4524	21109	1
9212	9211	1
5243	16773	1
7980	7012	1
6297	6843	1
3383	2554	1
14072	3577	1
6554	6843	1
14547	9234	1
1625	1368	1
21366	3577	1
13263	2204	1
15038	6721	1
21454	5662	1
3013	2440	1
2861	7136	1
12022	18536	1
11465	1459	1
5970	623	1
18541	8153	1
3258	9250	1
4828	855	1
1469	3723	1
16839	17080	1
15504	7326	1
3043	1850	1
19208	20010	1
3033	11194	1
10639	5314	1
18378	21733	1
16160	3079	1
15552	14537	1
21734	21735	1
14537	15552	1
8820	20746	1
3852	18150	1
19432	2506	1
3723	1469	1
6414	10807	1
3949	1469	1
21736	5228	1
17916	17916	1
12640	8650	1
1229	2532	1
2364	2712	1
9262	12666	1
17441	14137	1
2532	1229	1
11131	11791	1
2704	10116	1
11713	4257	1
20666	16715	1
7254	2416	1
12732	3404	1
13884	15586	1
605	12121	1
13687	12650	1
2611	16671	1
15365	12456	1
3079	16160	1
20108	20108	1
13646	7718	1
21735	21734	1
3324	11992	1
855	4828	1
2699	14869	1
5547	12606	1
384	4606	1
10609	18086	1
4996	8645	1
5357	16842	1
6135	13701	1
277	2273	1
11815	18399	1
10807	6414	1
2204	13263	1
12606	5547	1
12816	3170	1
16031	6932	1
3345	10324	1
3275	12562	1
21737	21386	1
5086	5087	1
5979	13626	1
5087	5086	1
12456	15365	1
17925	691	1
13429	229	1
10634	967	1
13429	10615	1
5778	3868	1
14081	14075	1
19244	4026	1
952	15171	1
5051	6352	1
3013	5925	1
6357	12488	1
12022	9610	1
13200	5355	1
8080	1361	1
15698	9015	1
21577	8860	1
229	845	1
5294	6119	1
845	229	1
4836	20823	1
1276	16000	1
6119	5294	1
14917	19663	1
6448	6119	1
3262	16143	1
2091	11618	1
4574	4776	1
15860	9000	1
19663	14917	1
6325	11618	1
2364	6119	1
13493	2578	1
21738	17008	1
11476	2194	1
9099	4857	1
21671	15151	1
6613	10379	1
6212	9764	1
12773	13289	1
4857	9099	1
9764	6212	1
11618	2091	1
21739	15474	1
21671	4650	1
1229	6270	1
2397	6270	1
4812	16787	1
383	382	1
4418	8051	1
13528	4650	1
7718	13646	1
20973	17658	1
6294	896	1
6270	1229	1
14240	10769	1
3013	15120	1
4598	17561	1
581	20823	1
6270	2397	1
702	2853	1
2543	2543	1
10163	7919	1
2116	1674	1
16612	13590	1
14263	2480	1
18852	18853	1
12568	6901	1
8243	5650	1
2431	1453	1
15745	2480	1
6969	11893	1
4650	15151	1
4983	4561	1
17742	2506	1
10937	4715	1
8374	6121	1
6769	5337	1
20001	6845	1
1341	2506	1
4650	13528	1
7952	8820	1
7455	16321	1
18030	16021	1
8037	6552	1
15466	18042	1
1784	3682	1
20789	20382	1
15642	2255	1
6668	13111	1
