6475	12175	1
12599	6156	1
15678	21017	1
4676	4726	1
5247	16506	1
9966	10335	1
9600	20718	1
15194	10208	1
8071	9456	1
17156	10186	1
10404	2842	1
13122	11170	1
2935	835	1
5743	835	1
20799	21513	1
17655	8037	1
1144	5712	1
4250	3216	1
3723	3949	1
7175	3216	1
4422	3216	1
20718	9600	1
19839	424	1
9334	15436	1
1469	3949	1
3022	2248	1
10582	8860	1
6055	1620	1
13818	6384	1
18241	21645	1
10374	9009	1
4372	21608	1
16827	3323	1
11660	16933	1
2185	13756	1
89	1731	1
6816	21274	1
1535	13756	1
11563	15598	1
2544	1508	1
2555	2435	1
13851	20183	1
2817	20214	1
21655	21655	1
15598	11563	1
3949	3723	1
4051	19432	1
11465	1459	1
5093	4901	1
6624	15468	1
4666	19482	1
1514	2077	1
5862	13976	1
16533	4287	1
13976	5862	1
17449	12172	1
505	492	1
10680	21656	1
10228	6056	1
3853	4783	1
20653	21275	1
6748	15151	1
835	5743	1
17246	17246	1
7543	7551	1
4921	1884	1
5176	5743	1
19838	2647	1
17512	10737	1
10677	7780	1
16367	10377	1
10677	9314	1
4777	896	1
6346	13787	1
19228	19228	1
21542	13538	1
15017	11517	1
14132	7945	1
11483	1845	1
10676	1103	1
9248	4939	1
16367	20915	1
1721	13677	1
19300	2229	1
18947	20485	1
15552	2242	1
7033	16773	1
875	10765	1
6242	2242	1
2242	6242	1
1731	89	1
6689	16773	1
10677	15126	1
6119	5294	1
19208	20010	1
14478	13476	1
15232	15232	1
19432	16773	1
14197	7309	1
7495	1923	1
352	4865	1
1410	1410	1
3795	17140	1
6562	17140	1
17549	17140	1
7836	3651	1
3651	7836	1
3949	1469	1
6901	21443	1
10871	21657	1
5581	858	1
21658	21659	1
16313	17646	1
10677	8541	1
5606	8541	1
1845	11483	1
3538	16691	1
18258	18258	1
17659	5357	1
18993	20245	1
18303	3480	1
13140	9101	1
21017	15678	1
10654	5357	1
12748	2902	1
424	19839	1
3071	2315	1
287	3707	1
21175	18711	1
21660	12440	1
4901	5093	1
123	15789	1
6894	9300	1
20739	17840	1
16147	17282	1
4287	10687	1
11563	16657	1
15179	12324	1
10261	11767	1
10677	14849	1
4939	9248	1
5357	17659	1
9300	14068	1
20156	16788	1
8812	12324	1
4329	3244	1
14137	20653	1
21275	20653	1
21579	21578	1
10677	8287	1
3375	10335	1
1813	7224	1
3489	6046	1
12784	21661	1
21662	21662	1
12862	6849	1
6846	384	1
7162	5791	1
5305	7033	1
6931	11812	1
4815	3212	1
3393	2148	1
1504	4585	1
17002	15533	1
10687	4287	1
6562	10685	1
8860	21577	1
5735	14144	1
10963	631	1
10677	7535	1
191	2130	1
3489	3502	1
5606	7535	1
1268	8335	1
13516	15002	1
5258	5773	1
12748	3623	1
3489	7079	1
13083	11015	1
13471	12381	1
3017	1692	1
13671	1692	1
2383	4355	1
371	1692	1
3707	1692	1
11943	11943	1
21608	382	1
3651	5711	1
6898	18188	1
3623	12748	1
2408	12314	1
3353	7645	1
384	4606	1
18315	4525	1
3950	5442	1
2962	1692	1
385	13847	1
5357	16842	1
7602	3079	1
5196	5195	1
432	5513	1
8976	896	1
15789	123	1
10677	7334	1
20235	3570	1
19625	859	1
5025	5195	1
11858	21663	1
4334	6084	1
14827	4217	1
5660	1338	1
4816	12300	1
7309	14197	1
10335	9966	1
13581	6887	1
7945	14132	1
875	723	1
3682	1784	1
16074	21664	1
5195	5196	1
10261	7952	1
6428	16003	1
7767	5993	1
4355	2383	1
15717	15865	1
6110	10966	1
7953	19312	1
9101	13140	1
16855	8896	1
8896	16855	1
11598	11598	1
1727	2508	1
10940	2252	1
9754	9474	1
13471	9966	1
2517	2237	1
16627	6994	1
5191	14066	1
5343	1351	1
3877	3603	1
6994	16627	1
5934	11044	1
14240	8572	1
21665	8767	1
17775	17695	1
12900	7004	1
3804	698	1
6849	12862	1
2654	4921	1
7495	7622	1
10677	12086	1
5504	15391	1
3908	3907	1
2546	2354	1
16601	12104	1
3950	15391	1
12259	7989	1
1134	8676	1
287	9865	1
6690	10564	1
15391	5504	1
8757	1750	1
1133	8676	1
484	4184	1
17716	12357	1
13174	8749	1
229	3910	1
1791	4026	1
2315	3071	1
7004	12900	1
2836	906	1
13361	21513	1
2402	16703	1
9076	11610	1
5348	5349	1
11161	19401	1
835	2935	1
5711	3651	1
1770	1962	1
4037	19543	1
10261	1808	1
3393	7078	1
3489	7078	1
11812	6931	1
14715	3015	1
19401	16898	1
261	5947	1
21659	21658	1
10262	2260	1
18212	2902	1
16560	18747	1
11610	9076	1
18747	16560	1
1923	7495	1
7622	7495	1
16980	2496	1
19312	7953	1
592	21613	1
3623	2902	1
9253	11632	1
2681	1662	1
5078	20258	1
6619	2260	1
8533	12606	1
3291	19899	1
18188	6898	1
17190	21112	1
7922	7688	1
16787	4832	1
9211	9212	1
1508	2544	1
451	18747	1
9123	10778	1
382	21608	1
13471	11574	1
3291	3288	1
21112	3101	1
15385	12899	1
9212	9211	1
1931	4126	1
6530	2902	1
5450	1411	1
15534	84	1
17040	1855	1
7645	3353	1
1410	4550	1
698	3804	1
17431	17431	1
5094	7375	1
17659	17659	1
21613	592	1
6119	6448	1
707	11167	1
1450	13318	1
3707	12361	1
15533	17002	1
4769	12562	1
9248	12600	1
2091	19418	1
16788	20156	1
13700	18435	1
2576	4397	1
21666	3602	1
15745	10783	1
9496	478	1
12899	15385	1
13700	16790	1
20408	20409	1
10963	766	1
21569	17452	1
21667	21668	1
380	2202	1
21617	21669	1
19043	21669	1
16627	5009	1
21234	5299	1
21670	21670	1
12562	4769	1
10677	5009	1
5353	9817	1
5979	905	1
5870	5735	1
3489	4757	1
3013	5925	1
8820	6193	1
4921	2654	1
6193	21671	1
7000	6788	1
11015	13083	1
3467	5225	1
4942	18913	1
20955	14968	1
18913	4942	1
6193	8820	1
21654	21653	1
1377	6057	1
11537	2620	1
9977	3420	1
6788	7000	1
7224	1813	1
5345	5290	1
15281	13308	1
2558	5324	1
16456	11661	1
2260	10262	1
4410	10601	1
12092	12092	1
16317	2973	1
15391	3950	1
1674	15745	1
13308	15281	1
21672	21672	1
10778	9123	1
15726	15942	1
2720	5640	1
8676	1133	1
10677	9381	1
5606	9381	1
21673	21673	1
14165	6901	1
19401	11161	1
20586	12164	1
21674	21672	1
15745	1674	1
7989	2863	1
15782	1422	1
4169	10484	1
4577	15784	1
3877	519	1
2655	13027	1
19482	4666	1
4547	2260	1
2114	6501	1
21417	9378	1
61	6501	1
21671	20746	1
4612	5523	1
5523	4612	1
21675	21298	1
959	14375	1
5606	14292	1
2465	11802	1
11802	2465	1
3722	4346	1
16355	4751	1
8243	5650	1
3794	4257	1
10765	875	1
723	875	1
13471	8968	1
21513	13580	1
6860	7138	1
21670	1378	1
380	13844	1
8667	8668	1
8876	21298	1
7308	2734	1
8512	10641	1
384	6846	1
1723	2520	1
5134	7944	1
21608	4372	1
14107	10345	1
3215	21566	1
10346	10345	1
6278	14699	1
484	4748	1
5000	15678	1
15678	5000	1
159	2712	1
5490	6397	1
6354	8827	1
5896	8619	1
3119	1378	1
