9777	15539	1
21676	21676	1
61	6501	1
20010	19208	1
13481	7895	1
5922	5	1
20065	12119	1
5316	2142	1
16024	16023	1
4346	3722	1
7688	7922	1
4034	5893	1
15069	15239	1
5893	4034	1
12773	13289	1
21677	21678	1
861	437	1
9246	8176	1
13471	588	1
7622	9276	1
10677	15106	1
16627	6994	1
19171	20675	1
18378	3885	1
6119	5294	1
14699	6278	1
15386	11641	1
5266	1619	1
2844	2917	1
3438	3885	1
9479	9479	1
11470	11470	1
5609	5314	1
8749	13174	1
6325	2668	1
5922	5690	1
4372	21608	1
6448	6119	1
4649	16029	1
4246	1113	1
6122	6017	1
5134	7944	1
6017	6122	1
1813	7224	1
6278	7944	1
564	4457	1
10778	12024	1
5822	4696	1
3485	20785	1
10778	5026	1
4457	564	1
11111	14103	1
10778	19378	1
10258	13573	1
8836	13573	1
3723	3949	1
5442	3950	1
15210	10411	1
21679	2520	1
12911	13027	1
18242	19934	1
3950	5442	1
13416	2520	1
8689	2520	1
15533	17002	1
9609	15283	1
3227	519	1
11301	18635	1
19505	19934	1
11361	17002	1
15194	10208	1
11978	19934	1
5410	5145	1
6757	8664	1
21680	19934	1
4457	5774	1
11397	5892	1
7432	21015	1
21681	13027	1
526	573	1
7861	861	1
7551	7543	1
17646	16313	1
905	9872	1
8825	21513	1
10759	9872	1
6846	10206	1
5533	304	1
14753	16461	1
15920	21513	1
2132	15988	1
9735	5294	1
7543	7551	1
15865	15717	1
7543	5047	1
13573	8836	1
941	272	1
21513	11602	1
18644	11602	1
20838	5862	1
14180	9479	1
12286	12287	1
21570	18358	1
1481	5087	1
3216	10968	1
9817	5353	1
2546	2636	1
21015	7432	1
20599	7042	1
12180	8363	1
8363	12180	1
5047	7543	1
7495	7622	1
9276	7622	1
11602	18644	1
5410	5261	1
19538	18367	1
1985	3383	1
21682	14570	1
16084	3383	1
11470	9888	1
9977	16006	1
2450	12989	1
3881	7481	1
4174	18467	1
3297	11455	1
20167	11455	1
11455	4111	1
6845	8410	1
2801	8410	1
13443	3826	1
6313	6883	1
14793	3885	1
16289	11640	1
4683	1269	1
16951	4499	1
2033	9388	1
5225	3467	1
19934	19505	1
3219	21683	1
9378	21417	1
14289	11512	1
543	2260	1
4518	4584	1
2520	1723	1
5000	15678	1
2678	173	1
12900	7004	1
6527	564	1
2866	9248	1
20861	8439	1
17002	15533	1
11682	5874	1
7487	7488	1
1619	5266	1
12899	4755	1
3363	2243	1
9452	4084	1
2554	3383	1
7922	7688	1
6813	6812	1
10464	6788	1
2611	5459	1
13408	10632	1
3881	412	1
21684	21684	1
1133	21443	1
9388	17224	1
2480	1163	1
2033	11758	1
3881	6168	1
9452	6977	1
21685	12025	1
7813	9365	1
4577	17224	1
14032	14032	1
18155	7515	1
7002	8206	1
14066	7049	1
4661	2415	1
173	2678	1
7014	11944	1
13573	10258	1
12417	10651	1
21542	1005	1
412	3881	1
1390	1746	1
6168	3881	1
21513	8825	1
20408	20409	1
8024	4033	1
7060	8820	1
21417	9378	1
13083	12509	1
3881	275	1
3881	13938	1
8929	10266	1
10778	17553	1
13084	17553	1
275	3881	1
12664	12650	1
5822	3881	1
11077	21612	1
5160	1005	1
3166	15889	1
21686	15031	1
18398	13552	1
9248	12600	1
9452	4778	1
17765	20166	1
21639	5469	1
10461	9992	1
12606	8614	1
564	8335	1
2169	8335	1
4812	16787	1
1674	15745	1
4832	16787	1
11077	11161	1
10294	7930	1
19399	15583	1
5093	4901	1
5268	9290	1
19266	8547	1
2000	2000	1
9452	6112	1
13716	18475	1
2077	1514	1
4345	4346	1
11111	7158	1
6270	3651	1
15530	1295	1
3881	3568	1
2260	4547	1
8609	6059	1
17002	6501	1
10829	21015	1
10475	12315	1
16840	2979	1
9600	20718	1
10651	12417	1
11517	11124	1
21687	13573	1
7868	7204	1
9452	14676	1
14413	11416	1
16533	4829	1
10759	1314	1
11455	3297	1
15784	4577	1
17236	539	1
16533	10896	1
6073	9397	1
15583	19399	1
10778	11556	1
6846	384	1
12989	2450	1
2306	3716	1
3651	6270	1
21569	2302	1
5504	15391	1
20166	17765	1
1645	6017	1
4836	20823	1
3227	2732	1
18358	21570	1
1229	849	1
18735	3546	1
12250	9397	1
2051	1558	1
8975	1900	1
15896	20511	1
2209	2210	1
9452	9402	1
9872	10759	1
1314	10759	1
20100	12964	1
849	1229	1
2033	5355	1
20823	4836	1
21688	21688	1
11377	14803	1
4755	12899	1
10266	8929	1
7688	8680	1
5822	11767	1
10458	11767	1
11682	2390	1
6994	16627	1
9452	12736	1
10697	21689	1
11111	12336	1
10778	8402	1
12726	16249	1
2356	4240	1
14803	11377	1
21690	4240	1
12932	13050	1
13508	6748	1
15530	20272	1
9452	5353	1
6127	12899	1
13392	12899	1
15717	15865	1
7989	2863	1
4901	5093	1
13573	21687	1
8402	10778	1
2620	11537	1
254	21185	1
20823	8967	1
5711	6316	1
569	319	1
17002	11361	1
18330	10319	1
17744	18925	1
4950	4836	1
387	2571	1
9184	9479	1
19432	4051	1
6630	5439	1
3996	1338	1
21671	6193	1
5353	9452	1
12748	2902	1
4778	9452	1
13084	6788	1
10778	6788	1
13050	12932	1
14197	7309	1
1338	3996	1
20511	15896	1
10632	13408	1
21691	15945	1
13084	8192	1
4853	5439	1
8737	7090	1
15944	15945	1
1923	7495	1
7622	7495	1
16125	15945	1
8540	8142	1
6814	4653	1
20598	19993	1
4547	2260	1
6812	6813	1
6788	5933	1
14165	14165	1
8011	2017	1
6316	5711	1
18380	18380	1
18925	17744	1
17758	20316	1
10494	2194	1
10778	5027	1
5670	16504	1
6814	4477	1
3949	3723	1
1069	16021	1
11111	21582	1
1943	14240	1
4084	2017	1
1987	9371	1
2849	4389	1
5584	4921	1
21692	12104	1
2646	6507	1
1493	10759	1
16085	6155	1
3079	3333	1
9438	10390	1
10300	8989	1
7868	6621	1
3333	3079	1
16947	12748	1
17321	21405	1
10294	5227	1
17027	17027	1
6079	13481	1
13884	9763	1
21405	21405	1
12596	3079	1
10294	18121	1
11836	10319	1
1996	8192	1
10319	11836	1
13140	13140	1
371	8526	1
11682	5723	1
11416	14413	1
16273	19475	1
16523	4034	1
8909	11598	1
14066	4816	1
1302	3785	1
4525	18315	1
5366	5920	1
8654	5400	1
7922	11598	1
10651	21693	1
4649	10457	1
16533	7336	1
11598	6182	1
19487	3297	1
17592	14163	1
1943	1943	1
2116	20154	1
9452	4029	1
8051	4418	1
2306	3171	1
605	12121	1
6080	5161	1
3153	6475	1
7868	4632	1
6748	13508	1
11077	12233	1
12119	20065	1
5822	4762	1
6441	7049	1
2033	12816	1
8335	2169	1
1737	21608	1
11598	8909	1
12509	13083	1
21694	3064	1
2306	11160	1
14066	8214	1
3722	4346	1
3992	5641	1
1299	628	1
11111	15153	1
9452	5640	1
14066	15153	1
13084	15153	1
20188	3258	1
11812	5699	1
2033	5699	1
8611	5096	1
11111	5392	1
5920	5366	1
3723	5111	1
3258	20188	1
21695	21695	1
6267	1064	1
17655	6898	1
10778	8903	1
6313	4418	1
6313	6151	1
8645	4996	1
6193	21671	1
16606	108	1
2480	7223	1
5111	3723	1
4485	6368	1
1338	4537	1
9610	15469	1
10550	3607	1
21696	21652	1
6901	1316	1
3607	10550	1
3461	1956	1
4754	4755	1
2849	1233	1
2807	4034	1
54	3740	1
2573	878	1
15530	1233	1
12622	5977	1
1833	115	1
1250	115	1
1005	5160	1
14180	10067	1
11111	6923	1
2194	115	1
2397	1229	1
14066	6923	1
10458	4174	1
6270	1229	1
2306	5307	1
1900	8975	1
18467	4174	1
1081	9409	1
266	3350	1
2740	4755	1
5822	2532	1
11111	2532	1
2306	18583	1
8335	564	1
20653	21275	1
3483	115	1
8975	8802	1
3533	6097	1
8949	3258	1
835	2935	1
2289	1504	1
7348	572	1
14739	5941	1
16533	12870	1
4724	5941	1
6513	16980	1
1539	4933	1
10815	6361	1
2496	1457	1
2496	16980	1
8490	2647	1
15664	7723	1
2668	6325	1
16980	6513	1
1229	2397	1
5217	21015	1
1005	21542	1
13538	21542	1
5822	5088	1
5105	14645	1
10620	13737	1
18583	2306	1
5307	2306	1
21015	5217	1
4034	16523	1
4816	14066	1
14066	5676	1
5822	3325	1
8282	21697	1
12983	12982	1
8214	14066	1
8439	20861	1
15153	14066	1
11111	7517	1
4033	7999	1
4111	11455	1
4034	2807	1
3171	2306	1
6923	14066	1
11661	1893	1
15860	9000	1
21698	21699	1
5676	14066	1
5393	9549	1
13084	5190	1
21407	19837	1
15229	16627	1
21666	16790	1
1064	6267	1
5381	10387	1
19475	16273	1
21577	8860	1
15889	3166	1
6313	11387	1
21240	18090	1
16627	15229	1
9834	6649	1
13590	6898	1
12732	3404	1
3716	2306	1
14453	14453	1
10345	10346	1
1469	3723	1
16533	16980	1
3723	1469	1
4810	5314	1
2237	2517	1
2306	3084	1
3824	2454	1
4485	21015	1
3822	2454	1
6887	13581	1
8860	21577	1
4047	6052	1
1229	6270	1
10639	5314	1
19096	4873	1
6513	3041	1
98	17	1
6527	2169	1
11455	5318	1
4464	9076	1
9452	6135	1
10390	6113	1
1539	3671	1
4828	5185	1
21700	19442	1
8909	12096	1
2958	6908	1
4921	5584	1
12096	8909	1
16787	4832	1
14145	13973	1
1181	3438	1
15397	5504	1
3138	21577	1
9718	6562	1
11077	2585	1
19802	19802	1
9022	4981	1
3938	840	1
3881	645	1
17268	17977	1
18315	4525	1
5822	3854	1
7108	2914	1
14603	10666	1
19442	21700	1
698	3804	1
7764	5111	1
4464	7456	1
4981	14603	1
6037	12991	1
5818	5110	1
21701	13774	1
4113	5482	1
6316	4084	1
8206	7002	1
8142	8540	1
9123	13084	1
4531	658	1
5189	6427	1
7800	15639	1
7106	21015	1
17553	13084	1
10778	10415	1
4418	8051	1
10022	8386	1
3514	1339	1
8386	10022	1
16817	16911	1
8192	13084	1
2532	3568	1
6898	13590	1
6788	13084	1
580	7481	1
12477	7481	1
1956	3461	1
12899	13392	1
9493	4257	1
14876	15468	1
13737	10620	1
13665	510	1
1497	3706	1
4111	5318	1
9452	4281	1
6562	11767	1
21425	13042	1
5294	9735	1
3804	698	1
14066	4281	1
21608	1737	1
21702	15200	1
10968	21079	1
13084	6380	1
6867	11696	1
6777	20099	1
11390	3931	1
13453	5050	1
8731	5335	1
1523	1338	1
16533	15810	1
3485	1570	1
6788	3335	1
5110	5818	1
16911	6624	1
15153	13084	1
4606	384	1
88	986	1
6788	10464	1
2935	835	1
