1321	4169	1
7622	9276	1
4747	9276	1
8763	12134	1
10541	3912	1
20032	10413	1
8450	5314	1
6123	7367	1
979	5314	1
9924	21817	1
4451	3912	1
8334	6113	1
13822	3912	1
1372	9270	1
14579	3257	1
7367	6123	1
2883	10676	1
663	13018	1
12544	7868	1
10676	2883	1
16404	7053	1
10413	20032	1
9718	6562	1
10623	7085	1
3949	3723	1
14537	15552	1
21877	7085	1
15552	14537	1
7053	16404	1
4251	3944	1
3753	6649	1
13659	14917	1
5368	11783	1
4992	2936	1
1188	3490	1
19607	16994	1
10676	518	1
5688	7654	1
518	10676	1
564	1069	1
9080	10676	1
54	4913	1
11537	20316	1
2352	12124	1
5188	9230	1
17758	20316	1
20032	20032	1
2897	3704	1
20823	4836	1
1967	375	1
11783	5368	1
21878	19594	1
10808	21355	1
7020	9342	1
375	1967	1
261	11702	1
16830	2556	1
12450	14956	1
5247	10796	1
10826	10827	1
3041	6513	1
1069	564	1
5804	4898	1
18993	1624	1
13826	1624	1
21777	21777	1
787	21879	1
4518	7513	1
21880	21881	1
4836	20823	1
6513	3041	1
7408	10904	1
17153	10831	1
10737	10569	1
17118	19883	1
11661	15126	1
16205	12312	1
3450	3088	1
10315	17224	1
3723	3949	1
5612	8973	1
14137	8949	1
15126	11661	1
2169	564	1
9388	17224	1
8587	16904	1
5920	11124	1
753	8336	1
2420	1009	1
11268	9723	1
14487	2330	1
16904	3013	1
4100	21862	1
21614	19883	1
9342	7020	1
2937	16313	1
3743	5791	1
437	861	1
3013	16904	1
5300	3042	1
21864	16464	1
12197	8379	1
21017	15678	1
10421	9592	1
15438	15476	1
7145	7916	1
20032	20033	1
12312	10758	1
7331	5845	1
17798	1220	1
5134	7944	1
2383	4355	1
10413	20033	1
21824	21825	1
5845	7331	1
6843	12472	1
663	15151	1
740	2260	1
13050	12932	1
9133	3162	1
8949	14968	1
6446	5560	1
10720	12516	1
20749	2260	1
5234	12516	1
12546	9872	1
21443	6901	1
13621	11814	1
11814	13621	1
8172	12516	1
15664	15691	1
21097	19883	1
16289	11640	1
8860	11640	1
5066	12516	1
20314	12516	1
14409	12516	1
14959	21882	1
12336	12516	1
14551	12516	1
7922	12516	1
4505	4506	1
16291	12516	1
12202	10285	1
5101	5289	1
15153	12516	1
16166	7389	1
6935	12516	1
6788	12516	1
13781	12516	1
12400	12516	1
74	21883	1
10847	21883	1
12599	7860	1
12408	12516	1
7267	12516	1
21272	12516	1
12272	12516	1
4246	1113	1
15561	1113	1
31	1687	1
10778	12516	1
16025	12516	1
16951	12516	1
10993	12516	1
17602	12516	1
16168	14807	1
14869	14807	1
10080	14277	1
8481	2397	1
11781	14082	1
21884	21884	1
1609	1099	1
2585	6424	1
1220	17798	1
13215	4195	1
1509	3383	1
6119	6448	1
15179	15628	1
3016	8594	1
7609	3171	1
19343	3171	1
6901	1316	1
2881	2260	1
2939	5386	1
15421	5386	1
6901	21443	1
7786	5318	1
8812	12324	1
2397	8481	1
6245	9862	1
3704	2897	1
1064	9862	1
16161	18112	1
7687	978	1
5318	7786	1
21885	21885	1
11390	8481	1
21680	19934	1
11826	18635	1
15476	15438	1
21862	4100	1
12546	14346	1
21566	3215	1
21154	19854	1
7602	9250	1
21870	13367	1
13595	13367	1
19575	19521	1
12900	3382	1
20360	13408	1
1333	13423	1
6467	5796	1
5366	12779	1
18445	17891	1
2037	9996	1
15678	21017	1
20360	6887	1
7060	21556	1
21886	6265	1
5660	4537	1
16499	7775	1
10758	12312	1
9630	3122	1
4112	14540	1
1361	1746	1
4753	6450	1
6874	4681	1
18993	20245	1
5902	8959	1
10285	12202	1
20001	2433	1
1711	10754	1
8820	6193	1
1886	130	1
16595	6564	1
12779	5366	1
1886	2202	1
7442	9041	1
16190	10352	1
12096	9022	1
4180	400	1
6450	4753	1
7442	8934	1
12477	7481	1
2289	1069	1
7300	5316	1
3503	1800	1
6562	9718	1
9630	6410	1
1599	2965	1
6843	3182	1
738	1800	1
3852	18150	1
20471	21513	1
21887	14663	1
9385	3785	1
9862	8290	1
16358	10765	1
14907	14907	1
9325	21513	1
2939	1203	1
12599	7512	1
2930	7512	1
19239	394	1
12134	8763	1
5585	5586	1
1031	3103	1
7861	3380	1
14444	7028	1
20746	8820	1
5332	7028	1
17230	7932	1
2939	467	1
21888	10962	1
8820	8820	1
13350	16502	1
12324	8812	1
9133	6022	1
9378	21417	1
6111	15151	1
7654	10765	1
16805	6125	1
3083	1879	1
13985	272	1
5495	15151	1
3170	10772	1
978	7687	1
2901	16163	1
455	1062	1
10609	17687	1
10306	17833	1
4385	7899	1
9276	7622	1
9862	1064	1
8820	20746	1
15421	1855	1
5905	2127	1
6843	18731	1
7145	6788	1
15478	11339	1
12546	1419	1
9042	16062	1
16153	503	1
16464	21864	1
11134	18710	1
7956	21889	1
7609	7308	1
400	4180	1
9364	6315	1
10421	760	1
1113	7104	1
21843	8332	1
3014	3015	1
5189	3803	1
6843	10061	1
7028	5332	1
16980	9117	1
9980	12472	1
2420	8594	1
441	2829	1
16904	14779	1
11943	14779	1
1321	4813	1
4291	4064	1
16062	9042	1
14779	11943	1
1900	8975	1
6485	6845	1
14487	3274	1
12596	9378	1
3382	12900	1
7688	14366	1
13724	13724	1
10569	10737	1
16560	16560	1
21417	9378	1
3088	3450	1
5412	623	1
12336	9910	1
4777	6294	1
7235	19229	1
14816	21862	1
16399	4122	1
3042	5300	1
5013	623	1
14569	14569	1
3170	14569	1
18181	18181	1
17102	14843	1
12599	10753	1
1113	4246	1
3015	3014	1
2127	5905	1
21051	1692	1
11086	13724	1
7609	7501	1
4524	18927	1
21513	4649	1
10328	11387	1
8975	1900	1
21513	15491	1
7899	4385	1
582	824	1
15908	9687	1
12546	5402	1
16560	18747	1
18747	16560	1
21759	5014	1
7309	4890	1
21862	14816	1
20882	9367	1
15021	13447	1
14182	21514	1
2260	2881	1
5066	5514	1
3784	13447	1
2939	4704	1
3765	2253	1
6461	2253	1
8137	11124	1
7411	17591	1
15798	21890	1
21891	12334	1
4346	1793	1
371	17772	1
2433	20001	1
7436	3250	1
14598	17772	1
3079	2911	1
14715	3015	1
9402	9314	1
21741	15453	1
3950	9314	1
12599	4416	1
19197	12541	1
12546	7033	1
4813	1321	1
2517	2237	1
14540	4576	1
14569	3170	1
7618	275	1
10484	16766	1
2673	16766	1
15271	15271	1
21772	13989	1
1940	15271	1
12599	12600	1
18896	21892	1
7609	11043	1
2701	2700	1
15421	11043	1
10722	5247	1
13034	13088	1
18932	18932	1
8667	8646	1
16147	17282	1
13042	21425	1
6538	18831	1
7650	7066	1
7066	7650	1
8460	15552	1
12599	8728	1
9709	5386	1
3803	5189	1
10896	7258	1
19865	19864	1
5922	5	1
16947	12748	1
1793	4346	1
21129	561	1
4890	3849	1
2939	9300	1
800	5076	1
4630	4629	1
10569	2242	1
14814	1701	1
8481	11390	1
9378	12596	1
13306	1701	1
3215	21566	1
11702	261	1
9380	6382	1
10353	3079	1
3083	7147	1
9300	10531	1
835	6382	1
21893	14041	1
4406	9480	1
21894	3740	1
17811	6382	1
14956	12450	1
8018	6382	1
467	5690	1
7974	6382	1
14541	9131	1
6499	6212	1
11537	17365	1
8439	20861	1
21895	21895	1
2873	6382	1
1005	1383	1
5902	5742	1
1119	1120	1
6849	8323	1
8568	10685	1
7650	4888	1
14968	8949	1
4905	6382	1
15421	3177	1
2911	3079	1
605	12121	1
6564	16595	1
15491	21513	1
4649	21513	1
21838	18658	1
89	12121	1
5481	3043	1
2891	14813	1
484	3614	1
21896	15401	1
1701	14814	1
21817	17714	1
1113	15561	1
4246	15561	1
14976	10938	1
1120	1119	1
4092	11826	1
20316	17758	1
2042	2842	1
21872	8759	1
19883	17118	1
9687	15908	1
20139	12113	1
7389	16166	1
12748	16947	1
9436	5893	1
5893	9436	1
7442	10620	1
11826	4092	1
19197	14117	1
2937	84	1
6765	8739	1
17251	13050	1
11113	12124	1
18658	21838	1
9169	20104	1
1985	4965	1
1283	12124	1
20104	9169	1
2511	21785	1
5818	5110	1
4051	5408	1
5065	4781	1
17500	2701	1
12124	11113	1
4777	7367	1
4696	2084	1
14041	21893	1
19250	19250	1
10749	1549	1
4888	7650	1
20360	12321	1
21514	14182	1
21897	21898	1
18928	14240	1
