3701	4598	1
2804	1135	1
9099	18350	1
1075	4920	1
6530	6213	1
7622	9276	1
16947	2902	1
1491	1135	1
10003	7318	1
13974	15596	1
20643	15555	1
14535	14754	1
21611	21611	1
8320	12650	1
14754	14535	1
21082	21082	1
11724	5670	1
13477	10179	1
19432	11631	1
21110	21111	1
4743	5411	1
10179	7020	1
6562	17140	1
20744	14250	1
17646	1987	1
3723	3949	1
4346	1185	1
11812	6931	1
3949	3723	1
2801	8421	1
11164	7895	1
3743	5791	1
19399	15583	1
3138	21577	1
12704	12703	1
15161	21015	1
16271	3925	1
9612	5085	1
13621	3860	1
2091	1420	1
395	205	1
5442	14535	1
8802	4842	1
7053	10502	1
12900	16627	1
14535	5442	1
13917	5454	1
7154	21413	1
2909	10761	1
3950	5442	1
839	12925	1
7579	2443	1
1420	2091	1
1750	20658	1
20321	9488	1
5419	19482	1
4842	8802	1
11602	18644	1
10761	2909	1
6625	10475	1
21593	19610	1
13851	3315	1
478	19923	1
8749	13174	1
9276	7622	1
7951	18047	1
17959	12417	1
241	636	1
16266	17379	1
19208	20010	1
19923	478	1
8724	21275	1
11563	9389	1
19482	7109	1
19237	13356	1
8162	10188	1
15583	19399	1
5604	2108	1
14312	14376	1
19440	21275	1
11438	13137	1
12176	7927	1
21385	7109	1
2935	835	1
15152	15014	1
21015	15161	1
4832	4812	1
19171	4459	1
4842	12545	1
4900	4888	1
2132	15988	1
7543	11910	1
7370	5347	1
13407	13884	1
9763	13884	1
19026	13660	1
6994	16627	1
11631	19432	1
12804	9790	1
14631	10713	1
21612	21612	1
1913	3316	1
277	9250	1
19035	9901	1
11820	6936	1
20767	2375	1
9132	21513	1
13851	1987	1
2327	8594	1
1940	16666	1
17558	21513	1
16787	4812	1
5972	21513	1
15534	974	1
8348	9126	1
18863	16537	1
5726	2284	1
13864	3738	1
3438	1181	1
21613	592	1
21614	19883	1
5893	13137	1
384	13095	1
13137	5893	1
13775	21513	1
16933	11660	1
5390	7919	1
2713	2059	1
13884	11391	1
4204	414	1
1237	1323	1
9718	11078	1
18622	15203	1
21513	17558	1
7595	7592	1
21615	4923	1
9131	9268	1
13421	10174	1
9453	9888	1
7860	21513	1
4330	5285	1
21513	7860	1
12766	19032	1
10569	12650	1
10330	13694	1
14297	1299	1
18863	3854	1
5347	7370	1
875	8867	1
21616	21617	1
6513	4589	1
15552	14537	1
5237	4431	1
10827	5553	1
13851	2379	1
10231	2379	1
7072	14404	1
14404	7072	1
6556	1038	1
19647	19646	1
1059	5774	1
21618	226	1
19948	15596	1
10231	9391	1
15465	9391	1
9369	7801	1
21513	5972	1
8584	5684	1
7416	11485	1
10736	11767	1
17140	6562	1
12164	20586	1
5285	4330	1
21619	21619	1
19810	19961	1
859	13847	1
10741	6128	1
2573	2571	1
1913	10129	1
387	2571	1
10262	2260	1
21443	6901	1
12540	6901	1
17047	11204	1
15849	16009	1
636	241	1
5640	8909	1
13095	384	1
19482	5419	1
6901	21443	1
1913	6183	1
13573	10258	1
18797	21620	1
9268	9131	1
3741	19687	1
5347	10250	1
14619	8029	1
6774	5134	1
6055	3606	1
21621	21622	1
4755	5855	1
23	1119	1
18649	9695	1
7989	12259	1
5778	2414	1
4914	19120	1
3269	71	1
13289	12397	1
6901	12540	1
21623	14730	1
9334	15435	1
5225	3467	1
2414	5778	1
10346	6898	1
1913	1425	1
3404	6625	1
14137	17441	1
9331	6898	1
6055	4670	1
10475	6625	1
3701	7705	1
21624	21624	1
15579	7491	1
11563	14580	1
1787	11500	1
18727	4119	1
1913	1232	1
8584	12600	1
20397	19935	1
7989	2863	1
4034	2807	1
11372	6898	1
2807	4034	1
15465	7516	1
6898	11372	1
16749	15432	1
9164	2130	1
14535	8174	1
4515	6527	1
8374	6121	1
13851	5581	1
3716	1485	1
6774	12347	1
1985	3383	1
4909	8164	1
1913	1170	1
61	8722	1
6055	2343	1
11260	13791	1
20769	15407	1
1227	4526	1
2817	2457	1
10330	10765	1
412	3729	1
3063	6502	1
21625	21625	1
18005	3383	1
15438	6898	1
16962	19966	1
13007	3862	1
1727	4171	1
5142	1213	1
15335	3068	1
13007	13007	1
6545	5857	1
14573	12732	1
13851	17646	1
6898	15438	1
123	15789	1
3138	4393	1
5134	7944	1
20653	14137	1
20397	11221	1
4171	1727	1
979	5314	1
18803	6883	1
20977	17055	1
5176	5977	1
3729	412	1
5490	5474	1
595	596	1
9434	966	1
21513	15282	1
229	3910	1
845	3910	1
3982	1891	1
5103	15566	1
17798	14178	1
17441	14137	1
21513	4649	1
3520	4563	1
10574	1134	1
6104	12271	1
12936	7962	1
7962	12936	1
76	1997	1
4108	808	1
18974	9474	1
4589	6513	1
108	16606	1
13851	1839	1
2260	6619	1
342	246	1
564	905	1
19966	16962	1
18993	20245	1
21626	21627	1
8722	61	1
21627	21626	1
16533	12108	1
2408	12314	1
1134	10574	1
21628	21629	1
8867	875	1
4526	1227	1
4649	21513	1
8174	14535	1
2573	387	1
1913	3502	1
21513	13580	1
1727	4992	1
21630	21631	1
3005	1692	1
6262	5150	1
1913	11120	1
2420	1692	1
12292	2959	1
4361	1692	1
3291	805	1
10464	6788	1
7895	11164	1
2817	2818	1
15438	18188	1
18188	15438	1
13580	21513	1
2818	2817	1
11563	15179	1
6788	10464	1
13737	10620	1
5300	3042	1
1727	3274	1
4174	6562	1
19120	4914	1
17841	21513	1
14150	9680	1
18633	3752	1
188	2030	1
845	13573	1
10258	13573	1
9910	10061	1
16005	16005	1
16175	16175	1
21513	13775	1
7921	9680	1
20945	3745	1
7309	14197	1
12259	7989	1
1727	4725	1
17154	859	1
8774	19625	1
7916	12495	1
1410	8137	1
5423	14303	1
795	5578	1
9597	9392	1
4408	5154	1
4568	650	1
20089	20089	1
10302	10302	1
10335	9966	1
13149	6429	1
14211	18642	1
18188	6898	1
10231	8222	1
1727	17486	1
15465	8222	1
10639	17762	1
6898	18188	1
9334	8076	1
11767	10736	1
3042	5300	1
10765	10330	1
21632	5456	1
18642	14211	1
21513	21587	1
11602	21513	1
1727	2955	1
7363	13596	1
13851	6513	1
1727	4006	1
3910	229	1
859	17154	1
964	1378	1
14725	7178	1
9032	2948	1
7487	7488	1
5735	14144	1
21633	16289	1
16289	21633	1
13851	7108	1
15335	6132	1
5578	795	1
635	3600	1
11563	6132	1
21634	21634	1
11936	20882	1
5867	5867	1
11556	10464	1
20533	20333	1
9392	9597	1
10502	7053	1
4724	7108	1
5154	4408	1
21635	16132	1
5977	5176	1
4676	4726	1
15468	16342	1
3502	3489	1
4939	9248	1
21636	19578	1
21637	21637	1
3489	3502	1
21638	21638	1
12495	7916	1
7308	13140	1
6683	6684	1
1299	14297	1
7543	7551	1
6545	15013	1
7951	2155	1
12174	10754	1
12816	13140	1
7551	7543	1
2734	13140	1
2817	20214	1
6055	5869	1
12196	21566	1
6807	6808	1
1622	10435	1
10435	1622	1
61	6501	1
12911	9108	1
16342	15468	1
13957	17655	1
1038	6556	1
3567	897	1
5402	7033	1
13140	2734	1
1727	17110	1
1144	1209	1
9754	9474	1
13140	12816	1
2091	19418	1
20214	2817	1
8037	17655	1
9966	10335	1
6158	17655	1
3745	20945	1
6898	17655	1
19593	14360	1
14066	5191	1
7101	7101	1
1832	1796	1
1135	1491	1
5469	21639	1
11586	20085	1
13987	3458	1
9845	16399	1
897	4211	1
7866	1740	1
6562	4174	1
358	5142	1
1213	5142	1
8443	469	1
19393	4463	1
9392	9392	1
4973	6424	1
2506	9488	1
6055	8609	1
4649	16029	1
9596	17655	1
8903	10814	1
1727	21536	1
10348	18086	1
9695	18649	1
14509	4525	1
21593	21532	1
18086	10348	1
12732	14573	1
14303	5423	1
7108	4724	1
7625	7215	1
4390	4525	1
1357	9589	1
8222	5150	1
14914	19625	1
6545	2480	1
3730	21638	1
6803	21640	1
8609	5353	1
18964	14656	1
11563	9897	1
11135	11135	1
835	2935	1
5711	6316	1
17207	10855	1
12300	4816	1
3469	16005	1
13573	845	1
6384	13818	1
19962	12121	1
6316	5711	1
21587	21513	1
6920	4682	1
2817	23	1
6055	23	1
23	2817	1
17655	6158	1
13048	13315	1
6370	13156	1
12732	3404	1
1913	12291	1
21641	21641	1
19625	19625	1
13315	13048	1
18747	16560	1
3004	3545	1
5442	3950	1
15465	14197	1
18695	6765	1
9131	5725	1
808	4108	1
3925	16271	1
15203	18622	1
20644	13627	1
3458	13987	1
3170	13140	1
1884	5463	1
15664	6883	1
9101	13140	1
21642	2010	1
21643	1574	1
9131	7804	1
6448	6119	1
2390	2355	1
4393	3138	1
3138	5581	1
18642	14634	1
4923	21615	1
14407	14408	1
12271	6104	1
6119	6448	1
20783	13273	1
2237	2517	1
3545	3004	1
9248	4939	1
12397	13289	1
3288	3291	1
15272	13138	1
6055	319	1
19605	9058	1
18376	21513	1
11660	16933	1
14137	20653	1
3323	16827	1
20990	20653	1
19610	12018	1
10186	17156	1
2018	2019	1
6107	14463	1
8206	7002	1
3383	1985	1
5581	3138	1
18047	7951	1
2155	7951	1
3404	12732	1
4257	6783	1
2817	4868	1
13851	2914	1
10267	9044	1
5519	1108	1
11767	6562	1
14540	1149	1
12018	19610	1
20578	20795	1
10133	10133	1
12291	1913	1
1190	684	1
2355	2390	1
15938	6495	1
16029	4649	1
10685	6562	1
2322	9234	1
21644	9234	1
8137	1410	1
16289	11640	1
21645	18241	1
21646	2478	1
604	8856	1
4355	2383	1
13443	18179	1
2017	5349	1
21466	2022	1
15849	2351	1
13084	9123	1
3291	3288	1
10778	9123	1
6055	11377	1
17140	17549	1
16832	16832	1
5725	9131	1
7804	9131	1
1727	5630	1
20990	2829	1
3949	1469	1
358	21647	1
15626	21524	1
12936	12304	1
4816	4120	1
4525	4390	1
4726	4676	1
16491	16056	1
8977	16980	1
20010	19208	1
13710	1173	1
12324	15179	1
1268	8335	1
2044	2045	1
15335	3939	1
2817	1549	1
6545	3315	1
382	21608	1
13273	20783	1
21648	21648	1
13453	1184	1
9211	9212	1
18711	21175	1
88	13	1
17367	18711	1
17694	17694	1
17734	184	1
18711	17367	1
1727	1838	1
1913	3707	1
7012	3160	1
2948	9032	1
15541	21427	1
17251	19353	1
12554	1437	1
5026	5027	1
3989	8100	1
2017	4084	1
6163	1545	1
15784	4577	1
10808	21355	1
19274	9960	1
17916	17916	1
10231	6414	1
1014	21265	1
4120	4816	1
9234	21644	1
1060	13140	1
2544	1508	1
21570	8342	1
1727	1055	1
692	4211	1
13122	7073	1
13851	3041	1
1845	11483	1
5195	5196	1
6146	5332	1
1198	1322	1
6056	10228	1
4226	15558	1
21649	13858	1
4810	5314	1
5977	12622	1
21650	21651	1
17140	3795	1
54	3740	1
21608	4372	1
2045	2044	1
1508	2544	1
14478	14478	1
3091	1031	1
21652	21652	1
11702	7734	1
8584	11301	1
21653	21654	1
5981	6155	1
3186	13014	1
13787	6346	1
8860	10582	1
