3949	3723	1
3497	2190	1
17648	7008	1
3723	3949	1
4984	6107	1
9100	17293	1
5411	7543	1
10102	9549	1
14699	8843	1
14165	6901	1
17693	11166	1
14577	8935	1
5066	5514	1
21984	20563	1
150	5676	1
7543	5411	1
19920	5893	1
7137	15148	1
11166	17693	1
11119	11119	1
14849	3855	1
5676	150	1
6600	14215	1
1884	10387	1
8051	17130	1
5411	2484	1
7107	11087	1
7209	11714	1
8512	8320	1
7543	8668	1
21513	8825	1
16012	21138	1
2484	5411	1
8469	15148	1
4755	6530	1
21513	22214	1
5353	6499	1
14917	14917	1
7157	6414	1
11036	16363	1
17089	2434	1
15914	6843	1
22217	22044	1
18403	13390	1
8195	12017	1
7291	4084	1
5514	5066	1
12017	8195	1
20065	12119	1
8763	12134	1
9894	14132	1
3766	3766	1
4956	6845	1
18087	5601	1
8243	5650	1
7291	6212	1
4193	4937	1
4335	13868	1
4355	2383	1
10102	9250	1
20402	9378	1
17130	8051	1
8702	15014	1
5593	13829	1
5411	8018	1
6115	4135	1
3138	5581	1
5847	15476	1
837	4568	1
12108	322	1
8018	5411	1
17059	8668	1
12134	8763	1
11475	16852	1
18350	9100	1
1469	3949	1
334	7540	1
9100	18350	1
8320	8512	1
4568	837	1
8802	8975	1
8935	14577	1
9211	9212	1
3345	14151	1
702	7721	1
1880	717	1
20785	3485	1
9330	6513	1
6228	20112	1
205	4594	1
2289	2290	1
5225	1565	1
1656	3999	1
2415	4643	1
717	1880	1
20112	6228	1
655	68	1
13851	1987	1
334	4842	1
13393	8431	1
9117	17475	1
6270	16535	1
14165	1316	1
6772	17977	1
8174	5862	1
9375	1618	1
12255	11948	1
1633	4576	1
12965	11836	1
21750	11836	1
17130	9100	1
455	1062	1
9894	12496	1
12871	6113	1
334	228	1
1740	5411	1
20745	20745	1
17475	9117	1
228	334	1
8028	6806	1
9777	8084	1
11511	8975	1
4900	12917	1
19808	19808	1
3999	1656	1
18621	7863	1
13547	1096	1
11407	9436	1
10685	6562	1
6231	9100	1
952	4340	1
15039	8932	1
6562	10685	1
3568	2397	1
7622	9276	1
6100	21472	1
9436	11407	1
15330	4605	1
11564	6419	1
5360	3825	1
334	2941	1
7259	4170	1
5375	6419	1
9276	7622	1
21122	5076	1
1748	68	1
7108	3545	1
334	229	1
4857	9100	1
9100	4857	1
6185	3545	1
13829	18087	1
17179	4074	1
3030	3380	1
3030	5684	1
7962	6700	1
21747	2592	1
5375	4810	1
16980	8741	1
18109	18779	1
9100	6231	1
573	207	1
1406	12899	1
4084	7291	1
17787	1113	1
6212	7291	1
3043	4872	1
5065	9126	1
10147	2571	1
21162	15741	1
216	2296	1
13868	4335	1
18342	3358	1
11817	10765	1
4822	589	1
8975	11511	1
1996	3547	1
16533	7336	1
20105	22218	1
12315	15504	1
18467	272	1
6067	8587	1
15217	2901	1
623	2901	1
4034	16523	1
81	71	1
2065	519	1
5410	1479	1
22219	22220	1
573	1008	1
334	1514	1
12877	14492	1
22221	10010	1
20210	8125	1
6160	6160	1
482	3827	1
2056	3569	1
1899	22211	1
2550	22211	1
2297	15866	1
912	912	1
2884	6927	1
8932	15039	1
334	13429	1
6407	3585	1
12008	5188	1
22211	2287	1
21058	21059	1
2287	22211	1
17693	21633	1
5920	11124	1
200	6883	1
16523	4034	1
6700	7962	1
2546	6161	1
410	6302	1
2868	366	1
8537	5694	1
13572	6919	1
17578	17452	1
7066	1345	1
6513	9330	1
17592	14163	1
18836	1379	1
5043	899	1
1517	5296	1
2017	1268	1
20823	4836	1
20064	6004	1
12861	5612	1
4100	17452	1
19295	9528	1
6183	4474	1
4474	6183	1
12913	4474	1
3030	519	1
22154	22155	1
2138	8776	1
11511	14150	1
22044	22217	1
9078	15133	1
10892	552	1
7922	12981	1
20064	15151	1
5296	1517	1
21462	18681	1
4836	20823	1
5733	1619	1
13986	13986	1
4506	22222	1
3738	3397	1
6898	18179	1
861	437	1
4984	645	1
22223	21083	1
22222	4506	1
7962	4781	1
573	5922	1
7416	13985	1
22224	15950	1
11936	3975	1
334	9087	1
6783	4726	1
6492	3523	1
8174	1145	1
4073	4265	1
15365	12456	1
15950	22224	1
7962	12936	1
20668	438	1
423	3020	1
4265	4265	1
1618	9375	1
5660	4537	1
12936	7962	1
9078	14050	1
4984	4605	1
8125	20210	1
6994	15229	1
5733	5266	1
7863	18621	1
4383	22144	1
482	3208	1
8258	4652	1
3975	11936	1
4036	5670	1
11943	12092	1
20977	1763	1
1286	4119	1
482	6501	1
12060	11960	1
7610	539	1
5315	4525	1
14481	14482	1
18403	18403	1
7962	11931	1
9234	2506	1
9426	2360	1
6562	11767	1
7446	7520	1
18179	6898	1
18494	13150	1
9761	5031	1
9704	3215	1
17659	18948	1
11401	9733	1
4111	1716	1
4592	2948	1
19402	10890	1
8339	17538	1
14816	5806	1
5806	14816	1
5733	1620	1
16777	12580	1
81	342	1
3569	12447	1
3738	4209	1
7389	16166	1
563	7644	1
3217	5187	1
9178	8405	1
334	3445	1
5076	21122	1
8174	5857	1
7962	11406	1
7874	9300	1
2065	698	1
22225	22185	1
8776	2138	1
10010	22221	1
8174	6667	1
1645	854	1
10650	6539	1
13685	19625	1
5612	12861	1
16537	19625	1
12344	5789	1
5473	19295	1
10081	13414	1
19625	16537	1
16581	8328	1
6927	2884	1
3087	3328	1
16947	2902	1
11931	7962	1
7012	3160	1
19295	5473	1
22089	3620	1
8174	2138	1
15303	19755	1
1740	1188	1
58	9680	1
18681	21462	1
5970	20943	1
3068	2686	1
11511	13423	1
10413	20033	1
8328	16581	1
4726	6783	1
19755	15303	1
10147	6494	1
375	19578	1
20064	6439	1
9400	3985	1
4652	8258	1
3030	2199	1
12871	14932	1
2754	3240	1
4751	16355	1
3538	3632	1
6930	4202	1
15550	8404	1
2181	9689	1
6256	4432	1
22148	17224	1
17787	9296	1
13550	20632	1
8405	4992	1
8174	16053	1
482	3671	1
3547	1996	1
7962	8572	1
5122	8404	1
334	3433	1
7138	12052	1
4984	1134	1
8446	22226	1
11487	15385	1
3030	13979	1
13390	18403	1
5670	4036	1
21408	6024	1
1619	5733	1
1356	6024	1
20192	21112	1
6894	9300	1
20943	5970	1
81	80	1
5266	5733	1
3030	7852	1
5017	5033	1
1620	5733	1
5993	1188	1
4170	7259	1
573	526	1
13367	8290	1
4233	3447	1
271	272	1
16804	8290	1
11581	8290	1
17226	2616	1
13652	8290	1
11271	17090	1
13941	8290	1
16167	8290	1
214	3614	1
7338	8290	1
10650	7727	1
18276	8290	1
20208	8290	1
3928	3929	1
20838	8290	1
12666	10345	1
19171	8290	1
5845	8290	1
22227	8290	1
10359	8290	1
7362	8290	1
20948	8290	1
22228	10610	1
334	21015	1
14061	8290	1
964	2686	1
12100	8290	1
4135	6115	1
1134	13900	1
11044	8290	1
18350	8290	1
12795	8290	1
9862	8290	1
13390	8290	1
12545	8290	1
22229	8290	1
17130	12271	1
13208	8290	1
6599	8290	1
18621	8290	1
11987	8290	1
8119	21710	1
16531	8290	1
17488	8290	1
4119	18727	1
22230	22230	1
14123	8290	1
7066	7853	1
3899	9159	1
6104	12271	1
17926	8290	1
16554	8290	1
13048	13315	1
5065	8290	1
5812	6638	1
20202	8290	1
16110	8290	1
14351	8290	1
9367	8290	1
18428	8290	1
880	7001	1
4847	15438	1
11511	16742	1
15996	14215	1
10620	10461	1
7595	7592	1
12965	7340	1
14037	19189	1
21112	20192	1
16	13	1
5375	15679	1
4422	1420	1
5717	1420	1
7804	7082	1
13019	7020	1
3607	10550	1
19003	7592	1
3978	4149	1
22231	14364	1
12481	12899	1
17185	1405	1
8404	5122	1
4678	1781	1
1188	5993	1
6530	17431	1
544	545	1
17431	6530	1
573	4415	1
6560	22232	1
7223	226	1
5241	8173	1
9100	9100	1
3607	8173	1
22233	22234	1
595	3144	1
2306	10320	1
8537	15468	1
2335	3144	1
14612	12553	1
1309	16846	1
19715	5659	1
4047	8967	1
21472	6100	1
12259	7989	1
6585	8803	1
862	4681	1
7028	5402	1
10765	11817	1
10550	3607	1
2226	508	1
3485	20785	1
11485	5402	1
13741	1091	1
8948	5402	1
9150	11632	1
13140	18893	1
18467	5402	1
19225	11351	1
9184	4034	1
5332	5402	1
19864	19865	1
16522	5402	1
6843	15914	1
11072	5402	1
3545	7108	1
691	5402	1
14577	16372	1
8785	18086	1
2151	5402	1
12271	6104	1
4981	10666	1
7784	5402	1
22235	22236	1
9385	3785	1
5402	18467	1
4170	833	1
7997	5402	1
13315	13048	1
11175	7141	1
22131	5402	1
6957	5402	1
2	5402	1
22236	22235	1
5402	2	1
11677	2343	1
16009	21583	1
1740	3674	1
2420	2611	1
2252	12601	1
482	3169	1
10147	3930	1
17326	17324	1
16166	7389	1
3137	11479	1
15123	22237	1
3215	9704	1
20237	20237	1
425	15744	1
10461	10620	1
2520	19899	1
15210	10411	1
16923	13552	1
4571	1345	1
3397	3738	1
17427	17428	1
3447	4233	1
16881	17295	1
16659	7776	1
5196	5195	1
15229	6994	1
13676	8499	1
16372	14577	1
4432	6256	1
21785	2511	1
5893	5047	1
5047	5893	1
4034	5240	1
9480	4406	1
11664	2043	1
10253	21540	1
8820	6193	1
283	2600	1
5282	7452	1
21583	16009	1
9084	1105	1
16842	22195	1
22238	22238	1
15123	8788	1
15744	425	1
16255	15438	1
22239	1122	1
7014	5603	1
14503	3297	1
6113	1105	1
412	3729	1
1854	8358	1
8741	16980	1
17951	8361	1
22240	22241	1
21785	19808	1
7592	19003	1
4265	4073	1
1073	3239	1
8084	9777	1
7662	7730	1
15390	20316	1
22237	15123	1
564	8335	1
4056	13774	1
13985	11372	1
3729	412	1
16319	10374	1
22183	7138	1
17977	6772	1
7495	18693	1
1881	1880	1
14577	8820	1
61	6501	1
12553	14612	1
8335	564	1
21771	1880	1
8623	1251	1
3144	2335	1
10147	12532	1
3783	16222	1
334	19148	1
2673	4167	1
1143	3380	1
19186	20445	1
5134	7944	1
7989	5215	1
2600	283	1
17324	17326	1
1188	6506	1
5733	4914	1
6506	1188	1
15438	16255	1
15471	10141	1
11031	12058	1
8335	15761	1
13590	16613	1
12805	13183	1
552	10892	1
11688	12092	1
22241	22240	1
5402	3306	1
4448	21465	1
3605	16009	1
8174	6812	1
3537	774	1
1022	12361	1
21540	10253	1
14944	12361	1
22213	12413	1
10569	12650	1
10083	8903	1
5402	8948	1
18086	8785	1
5733	5720	1
22242	8785	1
6119	2364	1
12464	6506	1
4962	6927	1
9727	10634	1
482	130	1
11372	13985	1
4329	2121	1
7501	2735	1
12092	11688	1
10711	10711	1
21	388	1
19899	2520	1
3855	7901	1
18779	18109	1
13088	22243	1
17428	17427	1
12664	12650	1
2116	12684	1
15411	11265	1
6506	12464	1
1143	3655	1
482	3367	1
3785	9385	1
10411	15210	1
19007	548	1
21212	18921	1
2755	15184	1
3245	5582	1
11401	14676	1
1143	205	1
6981	2043	1
11512	5449	1
2043	6981	1
6934	8903	1
22244	5240	1
3176	847	1
2735	7501	1
4812	4654	1
4386	1900	1
12315	8322	1
10988	8903	1
19148	334	1
15664	8903	1
22245	8903	1
1229	2532	1
880	3063	1
19699	15889	1
7624	6030	1
2201	17724	1
4914	5733	1
8260	8903	1
5806	6506	1
5720	5733	1
4984	16703	1
8446	12096	1
393	393	1
5569	4915	1
2017	824	1
81	6200	1
548	19007	1
2616	17226	1
13802	22210	1
4654	4812	1
10117	8386	1
2471	1605	1
4984	11007	1
824	2017	1
2397	3568	1
22210	13802	1
10374	16319	1
22009	19112	1
22246	17373	1
5266	1619	1
19482	7109	1
1268	2017	1
20064	867	1
334	3826	1
19578	375	1
2687	22247	1
6158	18179	1
7415	7416	1
21519	5947	1
18179	3826	1
9287	4883	1
8174	14535	1
4597	3826	1
4984	11562	1
8446	19090	1
635	20882	1
18393	7117	1
11767	6562	1
6624	20521	1
7728	1036	1
16671	21824	1
6499	5353	1
20882	635	1
4900	4901	1
13702	13442	1
20882	4946	1
20882	22248	1
21017	20521	1
2027	2028	1
4946	20882	1
17997	16363	1
8512	12650	1
7291	11196	1
482	3788	1
22010	16050	1
12804	8781	1
17738	16363	1
4485	21015	1
21015	4485	1
1953	16363	1
12779	5366	1
1063	45	1
6118	11069	1
20521	21017	1
1208	3083	1
15438	6883	1
2364	6119	1
2611	2420	1
3008	2725	1
5485	3561	1
4901	4900	1
7211	5524	1
14895	2727	1
4149	3978	1
3030	3546	1
265	266	1
334	3482	1
22249	16333	1
9863	4294	1
2725	3008	1
4474	12913	1
3343	6718	1
5215	7989	1
12315	10737	1
4294	9863	1
14151	7983	1
4984	10808	1
7495	7622	1
4946	10715	1
1168	1708	1
5411	1740	1
20521	15700	1
8174	14263	1
15306	16904	1
16904	14820	1
1143	7861	1
874	874	1
10856	12271	1
6183	8035	1
16904	15306	1
15700	20521	1
18693	7495	1
18081	12696	1
7622	7495	1
6617	16754	1
9718	8705	1
3818	2019	1
4796	4126	1
4335	22250	1
16754	16754	1
13884	9155	1
17271	4101	1
8820	14577	1
1375	1374	1
21981	12595	1
18458	18457	1
4051	20484	1
7922	7213	1
8705	9718	1
3826	4597	1
4250	2912	1
7772	3369	1
22198	15818	1
2882	22250	1
5524	7211	1
22251	6883	1
3361	1213	1
18623	15774	1
17016	9300	1
5281	5197	1
10147	2703	1
2911	3079	1
20980	20980	1
9069	15678	1
22252	22252	1
5375	5472	1
19808	21785	1
13183	3216	1
8812	12324	1
6188	1188	1
15678	21017	1
19110	19111	1
8591	9028	1
2056	15013	1
2051	1558	1
3840	10522	1
4879	5	1
12238	11186	1
17314	11186	1
4900	15476	1
13554	11186	1
3216	13183	1
17441	20653	1
9514	11186	1
15678	9069	1
13019	21985	1
9349	9349	1
3216	3216	1
20894	11186	1
3910	1769	1
10609	11186	1
6849	8323	1
8785	11186	1
2	11186	1
19237	20653	1
21982	20653	1
16296	11186	1
15705	15705	1
19111	13549	1
11817	20653	1
8499	13676	1
8446	8401	1
21017	15678	1
8174	11661	1
6127	9724	1
18908	1637	1
12082	12105	1
1168	1674	1
22253	14049	1
2345	2345	1
8323	6849	1
22254	22254	1
7141	11175	1
1841	2948	1
12105	12082	1
22250	4335	1
15476	4900	1
334	10051	1
11207	18953	1
15761	15719	1
5896	9735	1
14510	19237	1
6804	16980	1
17	8936	1
6661	1941	1
7334	15106	1
9117	16980	1
756	20879	1
16363	1953	1
15106	7334	1
7505	18953	1
2894	6718	1
15438	4847	1
2511	15770	1
8936	17	1
15401	10966	1
16389	11885	1
4647	12117	1
611	11228	1
6396	3581	1
5789	12344	1
8903	22245	1
3679	20183	1
16980	9117	1
7452	5282	1
11094	10634	1
3794	10634	1
6624	21017	1
5603	7014	1
20183	3679	1
22255	22256	1
8547	15334	1
16980	6804	1
5894	4664	1
18331	21017	1
3625	22257	1
9028	8591	1
19111	19110	1
17489	13689	1
10066	8966	1
21015	334	1
4838	1746	1
6867	9009	1
15334	8547	1
1268	4666	1
13689	17489	1
15014	8702	1
12732	11909	1
4332	13356	1
8498	10715	1
11403	8903	1
3079	2911	1
12635	3079	1
10420	8967	1
16751	13399	1
11265	15411	1
16718	15461	1
10353	3079	1
8903	6934	1
11401	7952	1
8587	16904	1
14688	14688	1
20653	19237	1
9388	16523	1
16904	8587	1
16523	9388	1
3865	4948	1
16363	17997	1
21513	19238	1
7053	6985	1
8446	11301	1
5812	3799	1
571	570	1
13356	4332	1
1756	3799	1
22258	22259	1
3333	3216	1
860	2571	1
20653	17441	1
4948	5514	1
1674	1708	1
9383	12175	1
11500	447	1
8669	8594	1
7231	8903	1
2383	4355	1
6530	4368	1
9910	10427	1
4368	6530	1
1586	4368	1
3632	1220	1
5	4879	1
81	73	1
2901	2686	1
2397	1229	1
10427	9910	1
2675	15401	1
10650	1913	1
