3723	3949	1
21298	1605	1
7254	12788	1
1599	6213	1
2941	10663	1
6812	8860	1
6899	272	1
11163	6868	1
6479	11268	1
3949	3723	1
18863	16537	1
166	167	1
4300	6122	1
9894	14132	1
8860	6812	1
5122	4374	1
4799	7767	1
5547	2652	1
7162	22031	1
328	272	1
4020	10478	1
21759	5014	1
14132	9894	1
6433	5411	1
13477	4668	1
9066	9498	1
5845	3502	1
21286	21286	1
22028	8889	1
7618	275	1
9752	20359	1
8545	9587	1
12872	418	1
8855	9587	1
6122	6017	1
12300	12029	1
17031	20497	1
6213	1599	1
6017	6122	1
6073	9397	1
15224	12919	1
22009	10760	1
6843	12123	1
10896	12123	1
13421	12123	1
11390	3931	1
6097	5777	1
12123	13421	1
16832	10808	1
15179	12498	1
2866	4559	1
15741	15052	1
17031	21780	1
1120	869	1
22032	21342	1
3029	1058	1
9605	9881	1
22019	22019	1
435	5845	1
19578	21757	1
6507	7857	1
3502	5845	1
13476	624	1
10494	14476	1
3849	5496	1
9666	10414	1
18378	7857	1
10414	9666	1
10697	6900	1
17773	884	1
4666	19482	1
17566	17944	1
3803	5189	1
1480	1209	1
19186	20445	1
15106	9966	1
7788	7788	1
16980	5240	1
6273	19482	1
9385	11767	1
13183	2647	1
4842	8975	1
2770	835	1
10414	12175	1
12483	15925	1
4385	18276	1
15476	15438	1
12926	19482	1
19124	6213	1
3404	5294	1
3545	6185	1
1985	296	1
3486	5092	1
19743	16769	1
5717	1420	1
6213	19124	1
5411	6185	1
7543	6185	1
8361	5678	1
7335	12599	1
12595	6868	1
20861	20078	1
9376	9377	1
9276	4747	1
4799	14277	1
13390	1482	1
17787	6035	1
4747	9276	1
20032	13989	1
16166	7389	1
4574	4619	1
13455	15720	1
3569	12447	1
6348	3510	1
10061	13989	1
13407	14715	1
11031	8962	1
8172	16025	1
22025	22025	1
3545	2480	1
1420	5717	1
22009	8247	1
22033	22034	1
13573	15471	1
15925	12483	1
8466	16399	1
7180	6037	1
17259	11614	1
22012	13564	1
7345	6730	1
6843	6554	1
5191	4281	1
13989	20032	1
13350	14754	1
4666	6037	1
6483	4216	1
6430	2460	1
12006	18378	1
5122	5749	1
1462	3287	1
17948	14688	1
19171	18378	1
6037	7180	1
19069	6490	1
18276	18378	1
5043	2379	1
9605	7801	1
5407	8618	1
4662	7291	1
2411	848	1
12634	11254	1
6185	3545	1
8172	7465	1
4233	3447	1
14899	7501	1
16715	17758	1
5200	5200	1
20032	20033	1
22035	13547	1
13407	13884	1
2818	1161	1
7138	4939	1
9248	4939	1
11254	12634	1
9230	5280	1
12779	5366	1
6185	7543	1
12726	22	1
20699	14117	1
11161	15401	1
3621	695	1
13020	4100	1
3817	12383	1
8361	2483	1
5191	7801	1
21857	22036	1
7014	11944	1
9605	5948	1
2397	1229	1
22	12726	1
5922	5	1
21342	22032	1
4246	1113	1
1940	6331	1
4696	1812	1
16266	17379	1
6331	6331	1
6171	6184	1
19281	10900	1
5329	5690	1
467	5690	1
5558	5690	1
4751	16355	1
1580	1579	1
89	7046	1
14189	14189	1
5191	12300	1
5043	2330	1
13761	7239	1
1746	1361	1
21985	13019	1
8070	9278	1
8070	5083	1
5043	7535	1
20359	9752	1
1800	20585	1
12383	3817	1
11944	7014	1
9248	2866	1
14197	3315	1
16553	15820	1
3138	5581	1
22037	4201	1
7501	14899	1
9605	7952	1
16671	21824	1
20389	19173	1
7945	7952	1
21556	7952	1
8243	5650	1
2976	11148	1
16345	16250	1
14382	2107	1
21180	10158	1
11767	9385	1
5043	4084	1
5191	4084	1
8070	15617	1
5204	5205	1
172	4464	1
5558	21824	1
3447	4233	1
6804	15223	1
2713	2059	1
9863	15223	1
2665	13261	1
16980	15223	1
22005	22004	1
2616	4907	1
15187	12334	1
7922	13261	1
11416	12598	1
2829	17442	1
19985	5227	1
2467	20557	1
7178	12197	1
9469	5812	1
2894	6025	1
13433	2548	1
16911	17861	1
15471	13573	1
7291	4662	1
19966	16962	1
4254	2389	1
22038	22038	1
6339	13985	1
6901	14165	1
21956	2611	1
7465	8172	1
3176	3411	1
2480	3545	1
564	4119	1
16541	14904	1
808	216	1
14037	9253	1
7721	294	1
6530	2902	1
13900	14165	1
19985	7469	1
16520	15256	1
6179	6180	1
7389	16166	1
7543	11883	1
16947	2902	1
3353	7645	1
5014	22039	1
4724	8160	1
7291	9909	1
22040	22040	1
12748	2902	1
6106	2966	1
476	2817	1
6888	6485	1
9177	9176	1
22041	18118	1
4168	2966	1
89	144	1
5359	4209	1
3963	14477	1
5191	8364	1
14277	10893	1
3125	3104	1
4216	6483	1
3104	3125	1
10892	552	1
15187	15188	1
14899	12544	1
3166	2721	1
5305	7033	1
22042	9108	1
22043	9528	1
1781	1891	1
3493	20407	1
11565	5799	1
292	6065	1
9273	5222	1
21962	535	1
3144	1537	1
5902	15281	1
8070	13042	1
22025	12344	1
14426	14522	1
16324	16324	1
666	4559	1
14631	8583	1
3722	4346	1
12103	6424	1
11814	9131	1
18118	22041	1
6490	19069	1
4912	4912	1
4120	4816	1
22044	7740	1
18276	13204	1
5043	4060	1
5577	4676	1
7305	16962	1
535	21962	1
144	19962	1
14899	11931	1
9669	17924	1
4816	4120	1
19985	8979	1
3265	2641	1
13007	1756	1
15664	6883	1
7037	6953	1
1756	5812	1
14055	12747	1
21824	5558	1
19743	19743	1
18086	22008	1
22036	21857	1
5689	4905	1
1228	22045	1
22008	18086	1
3799	5812	1
5485	3561	1
5993	5850	1
16231	18408	1
5812	1756	1
292	417	1
8347	14075	1
15223	12545	1
1462	19399	1
173	2847	1
14899	7308	1
2847	173	1
13140	7308	1
14540	1149	1
10461	9992	1
5065	18957	1
11565	13011	1
2721	3166	1
15281	5902	1
2018	6997	1
20138	6997	1
8803	9100	1
9605	8820	1
4676	5577	1
89	636	1
18188	15438	1
6927	1869	1
12344	5789	1
2201	21968	1
11565	11537	1
17550	19966	1
13586	13586	1
12613	21968	1
2771	2772	1
12544	14899	1
15438	18188	1
3738	5128	1
11931	14899	1
3404	9067	1
2748	5895	1
16962	19966	1
18264	22046	1
11565	9268	1
3315	14197	1
15504	478	1
1808	7024	1
5789	12344	1
5112	5113	1
18087	16339	1
240	2242	1
476	1368	1
412	3729	1
6994	15229	1
1113	4246	1
8070	1560	1
2027	2119	1
19743	1761	1
14688	14504	1
13407	17090	1
1462	22047	1
5368	2979	1
14904	6727	1
9605	6380	1
11565	6328	1
395	205	1
7776	4246	1
9388	17224	1
22048	4265	1
22049	22049	1
3908	3907	1
14075	8347	1
9605	4363	1
14656	10547	1
6071	4603	1
4525	5315	1
9240	17224	1
22050	9533	1
22051	9731	1
20914	6419	1
18408	16072	1
15925	10735	1
5993	5993	1
9533	22050	1
20695	2157	1
1265	19986	1
19173	20389	1
22052	13031	1
21566	6190	1
19986	1265	1
1229	2397	1
9605	4107	1
1462	2643	1
5315	4525	1
2018	1558	1
4390	4525	1
16187	8545	1
2710	5048	1
22045	1228	1
3000	6344	1
20445	19186	1
7258	8150	1
10713	8583	1
10120	3480	1
5332	19388	1
3480	7152	1
4383	3834	1
18150	3852	1
9909	7291	1
19500	19500	1
7070	7069	1
3852	18150	1
13659	14917	1
22053	22054	1
22055	20526	1
13593	2548	1
8247	11687	1
2456	2457	1
12029	12300	1
4073	4073	1
691	6958	1
385	8722	1
18367	19538	1
9202	6419	1
5749	5122	1
9730	12421	1
5375	6419	1
17326	17324	1
16522	10410	1
4939	9248	1
12545	15223	1
6185	5411	1
11642	3169	1
5048	2710	1
17926	15223	1
2866	9248	1
5678	12565	1
552	207	1
15425	15425	1
22023	22022	1
4728	207	1
8177	6039	1
6122	21824	1
3367	9277	1
9762	12092	1
21824	6122	1
1645	3237	1
17324	17326	1
7544	22056	1
22056	7544	1
9388	6251	1
17878	3398	1
6251	9388	1
5923	1700	1
10541	3176	1
21968	12613	1
9626	11485	1
3398	17878	1
2018	797	1
7804	5411	1
14326	7057	1
14165	13900	1
9108	22042	1
12565	13900	1
3497	1891	1
3641	8864	1
12565	5678	1
19743	16768	1
7107	6564	1
22031	7162	1
13900	9409	1
13900	12565	1
10080	10893	1
1791	166	1
12092	9762	1
22057	1523	1
9385	3785	1
4578	3043	1
89	1731	1
15911	14546	1
18342	3358	1
8405	6370	1
3105	10922	1
3383	8594	1
4836	4950	1
15390	18622	1
12197	7178	1
9605	1800	1
13687	7402	1
17944	17566	1
7040	10203	1
4174	18467	1
20990	15652	1
21824	16671	1
3907	3908	1
6419	20914	1
3785	9385	1
9626	2776	1
2839	2840	1
16399	8466	1
4100	13020	1
15663	10865	1
855	670	1
19295	4511	1
20308	21776	1
4511	19295	1
9141	14597	1
19985	3177	1
15229	6994	1
11565	4862	1
5189	3803	1
9897	10982	1
3567	897	1
3245	4810	1
8282	21697	1
512	20352	1
7952	21556	1
4361	7308	1
1847	4607	1
1420	18744	1
6430	18918	1
20746	21556	1
7368	4863	1
20861	18918	1
22058	22059	1
14699	16098	1
5043	5231	1
14268	13870	1
6962	13881	1
9876	9541	1
21974	21974	1
1462	5330	1
6035	17787	1
22047	5330	1
2331	9877	1
4246	7776	1
6922	5861	1
7402	13687	1
1986	1349	1
4810	3245	1
16098	14699	1
21137	15922	1
20339	15922	1
8545	16187	1
6849	7334	1
22026	21967	1
8247	22009	1
2342	2534	1
2018	1620	1
22060	22060	1
9798	9798	1
1523	8959	1
5861	6922	1
16243	10713	1
22009	4662	1
22061	6419	1
5689	6450	1
6613	7082	1
9156	4537	1
8220	6372	1
1669	3323	1
20312	19086	1
9605	3323	1
18678	22009	1
18487	1311	1
2018	1135	1
6419	11564	1
2958	4335	1
20928	2388	1
12421	9730	1
13776	4662	1
17292	6147	1
4662	22009	1
6958	11072	1
7085	5723	1
15761	15719	1
22062	2611	1
3137	9007	1
21570	13215	1
22063	22064	1
22065	19939	1
6259	5217	1
5584	5092	1
5411	7804	1
1812	4696	1
1149	14540	1
22060	670	1
10839	6045	1
11565	9105	1
8963	4903	1
19936	20365	1
20624	21174	1
11605	15401	1
1462	1126	1
9605	6085	1
8591	8061	1
2018	3194	1
17102	2080	1
3392	22009	1
18358	10459	1
21687	8545	1
21513	10374	1
216	808	1
15623	6222	1
16955	643	1
9150	11632	1
2846	2712	1
19225	11351	1
1311	18487	1
21443	6906	1
6711	1266	1
13791	15972	1
1506	1772	1
19399	15583	1
5253	1718	1
7007	17761	1
9132	7042	1
5581	3138	1
14263	3333	1
21513	11779	1
9605	5684	1
5359	899	1
478	15504	1
5191	899	1
5043	899	1
207	4728	1
2018	252	1
2204	13263	1
4662	20746	1
7309	3849	1
5191	5482	1
5381	10387	1
10296	15515	1
16028	20852	1
5603	7014	1
15152	15014	1
13140	12816	1
2415	19295	1
9067	6625	1
6958	691	1
6499	10704	1
4571	4570	1
5689	6223	1
5977	2172	1
14899	5706	1
6554	6843	1
6457	5798	1
1229	6270	1
19967	16784	1
2807	8018	1
22007	5295	1
9541	9876	1
16904	14779	1
3216	3073	1
14779	16904	1
8150	7258	1
5043	6901	1
20990	20653	1
19237	20653	1
14137	20653	1
21275	20653	1
16784	19967	1
5366	12779	1
8545	21687	1
15686	95	1
5043	4070	1
6742	1737	1
6463	4525	1
5191	4070	1
3257	16671	1
16243	12300	1
6894	9300	1
4799	2355	1
5411	6433	1
6419	22061	1
6270	1229	1
2611	16671	1
3849	7309	1
5043	4691	1
12579	6424	1
9330	6513	1
2018	7052	1
5951	5929	1
4293	1660	1
11701	16792	1
14165	6901	1
11031	7049	1
14546	15911	1
10704	6499	1
9777	7049	1
1423	7951	1
2237	5069	1
6045	10839	1
8327	698	1
1839	1987	1
1462	2488	1
12413	5089	1
1917	1917	1
22066	22067	1
3649	5022	1
1462	5873	1
2139	16343	1
4092	11826	1
5043	6135	1
9007	3137	1
13687	12650	1
1674	1674	1
15384	8177	1
2573	2571	1
4568	17856	1
1567	8476	1
22068	21993	1
5660	4537	1
8018	2807	1
19086	20312	1
6419	9202	1
13261	2665	1
4890	3849	1
7066	20900	1
5907	243	1
21697	8282	1
14504	14688	1
4113	2308	1
555	1573	1
3000	5197	1
10427	12516	1
5359	4921	1
16289	11640	1
5217	6259	1
20900	7066	1
115	2194	1
4485	3561	1
11961	11961	1
4607	1847	1
698	8327	1
22069	22070	1
3230	5490	1
8901	1714	1
2242	240	1
11514	9966	1
11512	11512	1
9470	9575	1
11074	8962	1
9270	9272	1
20653	21275	1
4439	7213	1
16168	10930	1
20407	3493	1
72	4921	1
2018	2501	1
5043	5089	1
16243	15153	1
5191	5089	1
9631	3259	1
5191	15153	1
874	18	1
5812	3799	1
13031	22052	1
1881	1880	1
1756	3799	1
2282	18837	1
4012	7083	1
3315	7108	1
14197	7108	1
7261	3395	1
21385	7109	1
3152	1880	1
19295	5473	1
1770	1880	1
11565	4873	1
21993	22068	1
2442	2183	1
5191	8214	1
21997	14634	1
22071	10247	1
394	19239	1
18837	2282	1
11565	11445	1
7800	15639	1
2756	1508	1
2479	20407	1
19625	13685	1
10900	19281	1
11943	7109	1
16900	8162	1
9575	9470	1
15401	11605	1
5043	5353	1
5706	14899	1
9211	9212	1
6721	16911	1
4143	1900	1
8162	16900	1
6513	9330	1
8962	11074	1
9117	16980	1
1461	623	1
9014	2183	1
9897	10783	1
4573	616	1
3917	334	1
5902	4328	1
19482	7109	1
19985	8184	1
5473	19295	1
12516	10427	1
3166	6784	1
3022	5380	1
9877	2331	1
17592	14163	1
9605	10783	1
1339	447	1
7595	7592	1
21824	22072	1
11564	6419	1
624	5062	1
21902	21902	1
14576	5735	1
8909	12096	1
5043	5027	1
3855	7901	1
5543	5437	1
6771	16523	1
10735	15925	1
6319	14754	1
1405	17185	1
3020	3088	1
9605	7104	1
14754	6319	1
1429	16163	1
17324	5153	1
6410	12328	1
5043	7318	1
10140	13573	1
22073	11296	1
5191	7318	1
4328	5902	1
6562	9718	1
1554	4406	1
2786	4945	1
418	12872	1
10093	12744	1
9718	6562	1
6316	6329	1
21721	9180	1
6730	12328	1
8691	4724	1
4921	5359	1
19985	16009	1
19985	5934	1
476	2342	1
2468	1828	1
10761	2909	1
17486	9467	1
950	3696	1
447	1339	1
9825	2985	1
13407	8280	1
5043	12568	1
11687	8247	1
18649	9695	1
19964	19964	1
7033	5305	1
6721	6649	1
1282	788	1
2698	6316	1
8583	10713	1
8579	8228	1
8705	11078	1
3229	5604	1
10935	11797	1
10413	20033	1
788	1282	1
8591	9028	1
22070	8070	1
