10413	20033	1
19985	5107	1
14804	12744	1
10285	12202	1
8498	8498	1
5380	3022	1
17761	7007	1
510	13665	1
14969	5970	1
3999	3834	1
9579	21182	1
5411	7804	1
3170	10772	1
9369	7060	1
7893	6236	1
11797	10935	1
5043	5681	1
6997	2018	1
10815	6361	1
22059	22058	1
9807	9695	1
628	1504	1
6784	3166	1
3265	6200	1
3849	5496	1
4120	16194	1
16081	6200	1
1787	4958	1
4265	22048	1
15223	17926	1
14165	13900	1
21824	6122	1
19985	6706	1
5043	3855	1
11565	12805	1
15664	6883	1
4416	13685	1
5225	21969	1
11602	11175	1
5191	15528	1
9605	9897	1
22074	22074	1
7899	11175	1
4300	6122	1
13002	7715	1
11175	11602	1
2572	1234	1
5683	3213	1
6331	19761	1
14132	9894	1
4857	9100	1
5191	4857	1
16980	9117	1
20190	7740	1
2297	4789	1
11797	9894	1
3296	141	1
9100	4857	1
17592	14163	1
7719	18885	1
13900	14165	1
1504	628	1
89	428	1
22075	6556	1
1132	4196	1
5062	624	1
7645	3353	1
2018	6860	1
13665	510	1
172	150	1
14899	20294	1
6562	12175	1
8962	11031	1
1462	3401	1
13677	15228	1
15474	15461	1
12124	1283	1
6503	6025	1
14537	15552	1
12553	14612	1
1947	1947	1
740	1876	1
12535	15162	1
1900	4143	1
10174	13421	1
5089	12413	1
6622	6621	1
7956	6621	1
7807	4266	1
4842	15586	1
8814	3438	1
9762	12092	1
3043	4872	1
6649	15038	1
15401	7773	1
5812	9469	1
15724	8076	1
15153	4120	1
12202	10285	1
9863	6056	1
13407	14818	1
14917	13659	1
13553	11909	1
15552	14537	1
2330	5043	1
2234	3010	1
5607	6372	1
4084	5043	1
19689	13174	1
4060	5043	1
11175	11175	1
9863	9174	1
5231	5043	1
4406	1554	1
294	7721	1
20759	3913	1
7389	16166	1
15586	4842	1
14904	3965	1
4816	5191	1
7688	10459	1
2383	4355	1
4281	5191	1
15639	7800	1
7801	5191	1
9863	2047	1
12300	5191	1
4084	5191	1
8364	5191	1
3137	9007	1
4345	4346	1
3722	4346	1
1573	555	1
15168	2411	1
3965	6059	1
5482	5191	1
10541	4544	1
3229	4184	1
14612	12553	1
19514	7860	1
22076	21539	1
5089	5191	1
5929	5951	1
15153	5191	1
8214	5191	1
14876	272	1
7668	16131	1
7318	5191	1
10411	15210	1
12170	4727	1
4857	5191	1
2885	17137	1
21462	2116	1
19069	6490	1
11829	10968	1
5951	5929	1
926	1791	1
874	620	1
912	17772	1
19538	18367	1
1935	8806	1
22077	4102	1
12418	8806	1
1064	8806	1
4577	3697	1
5905	8806	1
8806	1064	1
4045	4045	1
3323	1669	1
8228	8579	1
2172	5743	1
5977	5743	1
5176	5743	1
3109	5374	1
3233	6411	1
7060	9369	1
5743	5977	1
4389	878	1
20316	22078	1
3438	8814	1
1791	926	1
6360	9386	1
6980	332	1
17090	11271	1
3383	4959	1
2080	17102	1
13685	10651	1
12881	5601	1
2411	15168	1
19295	5473	1
10695	11521	1
21525	14372	1
16671	3257	1
334	3917	1
3723	8166	1
2935	3618	1
5970	14969	1
19810	21257	1
7308	4361	1
4958	1787	1
3799	5812	1
10536	8421	1
14193	6883	1
3458	12598	1
11417	12598	1
22079	22079	1
252	19378	1
15922	20339	1
16166	7389	1
10212	21565	1
2544	1508	1
3723	2379	1
19111	13549	1
10494	3011	1
17374	7651	1
8579	8228	1
5473	19295	1
17374	6801	1
205	4594	1
22080	7740	1
15228	13677	1
4544	10541	1
2995	16657	1
3479	5326	1
1599	20816	1
6213	1599	1
19514	9136	1
71	70	1
17906	7125	1
1599	6213	1
1096	1517	1
22048	4265	1
423	2141	1
2183	2442	1
3013	13899	1
6073	9397	1
17816	5581	1
16370	19416	1
15099	17055	1
14904	9863	1
6307	8932	1
6395	7143	1
4345	3722	1
20365	19936	1
1388	16322	1
3170	8707	1
4346	3722	1
2260	2881	1
4064	129	1
7247	8788	1
22081	11919	1
6236	7893	1
2546	6161	1
12420	17434	1
129	4064	1
2264	4209	1
14193	6307	1
22049	22049	1
16131	7668	1
22082	14917	1
2276	2673	1
2408	12314	1
16980	5240	1
19966	16962	1
21900	21185	1
5280	9230	1
4434	6913	1
3834	4383	1
2807	8018	1
19936	11221	1
5043	4060	1
803	4537	1
18089	18090	1
17816	3849	1
1726	6801	1
3458	718	1
9345	9109	1
15099	15100	1
358	5142	1
17926	16804	1
21714	2192	1
9863	14904	1
4345	2951	1
261	550	1
17816	12541	1
4034	5893	1
13881	6962	1
16322	1388	1
824	582	1
4304	17659	1
2192	21714	1
8700	8810	1
4646	2111	1
9863	18350	1
6015	10620	1
5041	5351	1
18457	18458	1
10494	2194	1
20312	12085	1
10461	9992	1
22083	9578	1
11563	3542	1
4345	6380	1
8243	5650	1
5893	4034	1
16962	19966	1
6395	1106	1
9109	9345	1
22084	15050	1
4649	16029	1
5437	5543	1
14220	15050	1
9863	8803	1
17856	4568	1
10620	6015	1
8576	22085	1
22086	7718	1
12115	4525	1
19985	11521	1
9863	12892	1
17440	17440	1
3669	17513	1
8018	2807	1
15720	13455	1
6669	2508	1
1888	469	1
4056	6927	1
19625	18863	1
4184	3229	1
2952	821	1
71	6380	1
22087	22088	1
8810	8700	1
16537	18863	1
22089	22089	1
13455	15720	1
8646	9767	1
6490	19069	1
423	1009	1
5205	5204	1
11514	19482	1
12300	15153	1
21969	14406	1
2141	423	1
22046	18264	1
14876	10410	1
3908	3907	1
4345	861	1
9863	10982	1
20854	20853	1
7606	8547	1
3723	3948	1
1282	788	1
6300	6453	1
22080	6004	1
14678	5363	1
4662	7291	1
8756	8498	1
4047	6783	1
17816	14728	1
2446	15744	1
5812	1756	1
21060	6039	1
2544	6783	1
808	216	1
6300	6485	1
6380	71	1
14904	12774	1
17659	4304	1
16842	5357	1
3569	12447	1
394	14535	1
17841	21513	1
3005	7152	1
550	261	1
15515	10296	1
8788	7247	1
14904	7291	1
11779	21513	1
11973	6056	1
9863	5875	1
17758	16715	1
10374	21513	1
9479	16802	1
20339	15922	1
108	16606	1
9106	21513	1
6300	5797	1
10494	2758	1
11824	2571	1
14612	785	1
18622	15390	1
11824	387	1
21824	22090	1
20244	4506	1
22090	21824	1
7108	3315	1
14904	12381	1
22091	22092	1
897	1696	1
13675	8208	1
7260	515	1
5743	2172	1
11233	8173	1
3618	2722	1
4361	7308	1
12319	8173	1
9863	12381	1
22093	6916	1
22094	6916	1
3794	8609	1
15390	18622	1
6056	11973	1
2508	6669	1
14220	22084	1
6916	22093	1
7718	22095	1
21788	21788	1
18564	1228	1
17816	14197	1
3438	5227	1
5796	6467	1
15181	162	1
13476	624	1
803	3169	1
4143	1900	1
14904	12545	1
17326	17324	1
9863	9797	1
14537	9300	1
9863	12545	1
5153	17324	1
12096	11952	1
12881	14535	1
18835	18835	1
5650	8243	1
6316	6316	1
20814	20814	1
10121	8160	1
7709	1075	1
7143	6395	1
1106	6395	1
7223	226	1
22000	21513	1
7623	18408	1
22095	7718	1
6450	5689	1
22096	22097	1
6223	5689	1
4742	5270	1
4905	5689	1
71	1142	1
17691	16522	1
4945	2786	1
20746	8820	1
22036	8710	1
22098	6951	1
210	1071	1
14917	22082	1
8273	22099	1
1142	71	1
14904	6059	1
6395	9254	1
13574	21513	1
9150	11632	1
5332	4568	1
785	14612	1
8208	13675	1
3458	3516	1
3458	7932	1
317	1217	1
16308	4733	1
19378	252	1
4345	5818	1
8247	11687	1
623	1461	1
10713	8583	1
2804	4640	1
17816	1145	1
5413	16322	1
3723	1469	1
3528	3836	1
12872	418	1
15691	20647	1
1512	21	1
8545	21687	1
21687	8545	1
4180	400	1
4506	20244	1
22025	12344	1
1880	3152	1
15438	6883	1
18863	16537	1
2832	2843	1
8820	20746	1
2297	2817	1
9992	10461	1
22100	22100	1
11201	5922	1
4733	16308	1
17816	8031	1
4868	2051	1
932	1757	1
16099	16100	1
22099	8273	1
10427	12516	1
4640	2804	1
10494	1468	1
21513	13574	1
17816	6361	1
6300	3673	1
564	6527	1
16647	10061	1
12344	22025	1
6300	5386	1
10061	16647	1
5689	4905	1
19939	22065	1
5270	4742	1
20653	19237	1
2843	2832	1
2996	9689	1
9754	9474	1
19514	1058	1
20647	15691	1
6527	564	1
11514	15106	1
5258	5773	1
9863	15223	1
12881	15792	1
71	1514	1
423	420	1
16671	2611	1
15504	19923	1
71	65	1
7291	11196	1
624	13476	1
3353	7645	1
10461	1238	1
14904	1900	1
22009	3392	1
12726	7853	1
8583	10713	1
17080	16839	1
2051	1558	1
17031	22101	1
13791	15972	1
4979	1926	1
4345	2019	1
22102	22102	1
8363	16647	1
7715	6649	1
5711	16646	1
22103	7688	1
4742	7715	1
15792	12881	1
20359	9752	1
4233	3447	1
21824	21825	1
21831	10885	1
11175	21178	1
6649	7715	1
14197	5817	1
7715	4742	1
16647	8363	1
65	71	1
627	628	1
1514	71	1
2817	2297	1
19923	15504	1
4345	5225	1
5817	14197	1
22104	22104	1
3669	1506	1
11221	19936	1
9812	22105	1
15925	10735	1
17953	20746	1
2371	6916	1
12630	16802	1
5843	8512	1
1756	5812	1
5607	6135	1
13660	13660	1
9007	3137	1
9041	4864	1
9863	9897	1
16050	22010	1
22081	9118	1
11102	11186	1
275	7618	1
423	2465	1
16839	17080	1
423	7089	1
7622	9276	1
5043	7639	1
6300	7089	1
9276	7622	1
9863	17926	1
7495	7622	1
20445	19186	1
3423	12788	1
1674	15745	1
4863	4864	1
3447	4233	1
2653	21815	1
6901	5043	1
4691	5043	1
18186	11205	1
5689	6223	1
16029	4649	1
13255	6367	1
1506	3669	1
11465	1459	1
2611	16671	1
6135	5043	1
4345	8251	1
2673	2276	1
3275	12562	1
447	18239	1
17916	10611	1
5842	1177	1
3458	3616	1
5089	5043	1
3696	950	1
6556	22075	1
5353	5043	1
5027	5043	1
2276	13955	1
7318	5043	1
5382	2483	1
14904	12029	1
12568	5043	1
5681	5043	1
20188	7602	1
1468	10494	1
3855	5043	1
855	670	1
2194	10494	1
3011	10494	1
20900	7066	1
7919	18066	1
15229	6994	1
5366	12779	1
582	824	1
2483	5382	1
7639	5043	1
14193	3480	1
315	315	1
15617	22106	1
12779	5366	1
4439	7213	1
21969	9347	1
16247	3160	1
5043	5231	1
8250	2604	1
13659	14917	1
6783	5924	1
4345	6282	1
19482	6273	1
423	2420	1
5418	12900	1
12272	4120	1
418	12872	1
2068	19633	1
22020	22107	1
5490	3230	1
9539	2245	1
4345	5110	1
5043	12568	1
4345	1791	1
22089	3620	1
423	3020	1
19978	7551	1
19445	19444	1
4864	9041	1
17816	4977	1
3545	7108	1
17562	9364	1
15773	11078	1
19237	20653	1
18775	9666	1
14904	5191	1
20032	20032	1
11514	7334	1
3480	7152	1
20032	10413	1
3468	17609	1
16646	5711	1
3104	17513	1
254	21185	1
11479	3137	1
19225	11351	1
1071	210	1
6959	20429	1
14904	10478	1
6711	1266	1
21513	10374	1
7622	7495	1
950	3696	1
22104	9454	1
5893	10208	1
19870	19870	1
6492	20534	1
7108	3545	1
423	4578	1
3458	3457	1
4250	2912	1
9752	20359	1
3710	3710	1
1897	12340	1
6894	11060	1
15541	21427	1
3021	3258	1
394	6095	1
2311	17609	1
9863	10783	1
18625	14148	1
2912	4250	1
18458	18457	1
1113	10243	1
22105	9812	1
22108	22109	1
14634	7597	1
3258	3021	1
5861	6922	1
1258	6038	1
1461	623	1
7602	2912	1
16000	1276	1
5745	1200	1
7444	2083	1
11296	22073	1
8774	7060	1
4345	7810	1
2544	7810	1
6612	4409	1
13174	19689	1
2912	7602	1
11087	7107	1
801	1008	1
2797	702	1
19482	4666	1
4727	12170	1
6037	4666	1
22110	19401	1
1008	801	1
9359	12606	1
6591	5726	1
20534	6492	1
2364	4257	1
8166	3723	1
2544	7013	1
1469	3723	1
21150	22092	1
4409	6612	1
3258	20183	1
394	19154	1
9248	7413	1
6270	2346	1
7688	22103	1
17324	5153	1
10413	20032	1
10735	15925	1
8609	3794	1
22111	22112	1
4034	3752	1
21513	14455	1
13553	9644	1
5579	5580	1
1662	20861	1
9300	15632	1
22113	2960	1
15228	15228	1
6136	9371	1
14263	3333	1
10353	8616	1
5363	14678	1
21079	6845	1
20032	20033	1
14762	14763	1
3723	2496	1
22114	2077	1
5630	21457	1
17987	19112	1
3785	1842	1
19401	22110	1
6845	21079	1
22009	19112	1
17324	17326	1
8092	8092	1
6918	1361	1
9769	3546	1
10611	17916	1
1987	13851	1
2496	3723	1
6499	3366	1
20183	3258	1
7413	9248	1
13174	8749	1
20882	4946	1
8749	13174	1
3138	5581	1
13851	1987	1
2807	4034	1
8250	3185	1
8749	8749	1
22115	18549	1
824	2017	1
5581	3138	1
9863	9456	1
3212	2909	1
7085	19112	1
7260	370	1
3723	3949	1
4034	2496	1
2496	4034	1
14904	19112	1
2909	3212	1
12664	4477	1
1200	5745	1
2400	19112	1
3949	3723	1
7389	11313	1
2398	2399	1
17432	4755	1
4977	10387	1
2881	2260	1
2308	4113	1
5431	5755	1
420	423	1
11186	11102	1
2873	3068	1
2465	423	1
803	17292	1
5351	5041	1
11288	22116	1
16789	17163	1
3723	4783	1
17609	2311	1
17609	3468	1
4034	2807	1
22117	22117	1
9364	17562	1
17816	7309	1
9634	16308	1
15153	12300	1
11094	10634	1
16523	4034	1
22118	22118	1
7089	423	1
22073	11296	1
8374	4034	1
782	781	1
6236	9330	1
15745	1674	1
2420	423	1
19154	6095	1
3020	423	1
5357	16842	1
6300	6265	1
6395	12498	1
4578	423	1
6816	9378	1
17787	22025	1
8258	1414	1
13215	940	1
6962	13881	1
16231	15902	1
19112	17987	1
2952	10834	1
12498	6395	1
22119	22119	1
4763	4830	1
3068	2873	1
6927	20734	1
22097	22096	1
303	1373	1
4034	13280	1
6467	21796	1
845	13573	1
3723	6352	1
22120	12200	1
15478	11339	1
6352	3723	1
11720	5830	1
6812	6813	1
5043	4084	1
19112	22009	1
8909	12736	1
14904	13353	1
9863	5830	1
3085	6289	1
22009	12217	1
6395	14198	1
12217	22009	1
22065	19939	1
940	13215	1
22121	22121	1
15110	14482	1
3723	5555	1
8172	14992	1
22122	22121	1
8934	16171	1
2511	19808	1
21519	22121	1
3011	636	1
6270	16535	1
3017	16474	1
18685	22121	1
10761	2909	1
1161	2818	1
17816	12787	1
3037	3452	1
1258	7983	1
11514	7983	1
3138	8616	1
9240	4577	1
7833	21954	1
2346	6270	1
1881	1880	1
371	8526	1
2297	10893	1
16371	19315	1
5823	7764	1
9388	17224	1
3173	20852	1
18671	20852	1
9117	16980	1
4755	6530	1
