623	1461	1
2448	20075	1
5804	870	1
15438	6883	1
9388	17224	1
9028	8591	1
9018	21887	1
16980	5240	1
6290	328	1
1258	6621	1
13573	845	1
2909	3212	1
6994	15229	1
6035	6730	1
12085	20312	1
4434	4217	1
2786	4945	1
3723	3949	1
9718	9718	1
3212	2909	1
2399	3931	1
7940	8092	1
2940	10772	1
883	7551	1
7940	15401	1
3137	9007	1
9383	16855	1
20312	9015	1
16255	15461	1
15401	7940	1
21513	2714	1
14992	21855	1
14193	13840	1
14535	5442	1
14844	8092	1
21513	9106	1
3788	2853	1
22123	20616	1
20312	20312	1
8092	14844	1
4946	10715	1
21150	22092	1
12900	5418	1
406	11826	1
8903	11387	1
5000	4901	1
16836	16715	1
22124	17604	1
3383	16084	1
19910	19702	1
20861	18918	1
16084	3383	1
9959	5247	1
22125	8772	1
8092	7940	1
11514	9433	1
13684	13684	1
8127	17604	1
623	6427	1
19646	8036	1
11616	4352	1
6530	4755	1
16319	10715	1
11387	8903	1
2483	5382	1
20653	20990	1
12881	1606	1
7622	7495	1
1250	12438	1
2993	2989	1
3366	6499	1
5191	22103	1
3975	9550	1
6927	7480	1
15632	411	1
7407	1880	1
14657	411	1
1880	7407	1
7495	7622	1
19516	6772	1
21513	11779	1
15300	6892	1
12170	4727	1
12736	8909	1
15106	7334	1
14678	5363	1
10814	8903	1
20072	20107	1
14904	5888	1
9863	5888	1
7085	17130	1
5628	6854	1
9718	10183	1
6039	8177	1
7811	7857	1
9550	3975	1
13411	17130	1
4073	17179	1
8583	14631	1
7776	17130	1
3620	22089	1
9876	6836	1
8710	22036	1
19378	252	1
2646	7857	1
22095	7718	1
18223	12998	1
19186	20445	1
17180	2579	1
15300	15300	1
20312	12085	1
5402	12666	1
2383	4355	1
2496	7857	1
4355	2383	1
1060	17031	1
19112	7085	1
21857	22036	1
17130	7085	1
5442	14535	1
4966	9526	1
7276	14807	1
2342	2534	1
6507	7857	1
11826	406	1
17031	1060	1
5043	12568	1
19237	14510	1
15837	7857	1
6860	2532	1
664	8543	1
2480	20210	1
2611	6187	1
5363	14678	1
11598	1182	1
6427	623	1
14869	14807	1
10243	1113	1
8451	15239	1
10541	4544	1
20653	14137	1
5806	10933	1
21427	15541	1
5977	5743	1
4034	5893	1
8499	22126	1
20445	14103	1
14904	18358	1
21655	15453	1
22127	2616	1
4696	1812	1
5176	5743	1
22128	22128	1
1113	10243	1
7082	13837	1
8481	11390	1
7085	19112	1
15632	9300	1
2420	1708	1
82	960	1
11390	8481	1
13476	624	1
8036	19646	1
22129	22130	1
16855	9383	1
7020	9342	1
22131	16270	1
13433	2548	1
22132	6113	1
21969	14406	1
19605	16071	1
3812	17258	1
4687	7054	1
4108	7054	1
5897	9518	1
22133	2057	1
9074	10651	1
5743	5176	1
22103	7688	1
2132	15988	1
10988	12353	1
17609	3992	1
2420	1009	1
2483	4666	1
2829	5341	1
9276	7622	1
2122	3827	1
5042	12582	1
7622	9276	1
4199	71	1
252	19378	1
6270	2346	1
2483	15762	1
6901	1316	1
611	89	1
5812	1756	1
1016	7204	1
3011	2758	1
16286	14481	1
7853	15744	1
9876	9541	1
15744	7853	1
15902	16231	1
845	13573	1
15438	14099	1
960	82	1
1909	2483	1
423	2465	1
1414	8258	1
22134	22134	1
14099	15438	1
20354	14277	1
2297	4789	1
5310	14793	1
19290	6337	1
13550	6958	1
6337	19290	1
3011	4525	1
7072	7073	1
4544	10541	1
21997	16836	1
4727	4724	1
3290	9263	1
22135	22136	1
9211	9212	1
18264	22046	1
16715	16836	1
3545	7223	1
3794	3912	1
14699	14277	1
19111	13549	1
14844	19401	1
1213	3361	1
395	1338	1
3176	10541	1
5134	7944	1
2420	3520	1
12606	5547	1
12707	22137	1
16123	16123	1
3912	3794	1
22138	22138	1
5353	6059	1
334	12788	1
4533	13985	1
10066	8966	1
7309	9790	1
5196	5195	1
22139	22139	1
3042	4898	1
1077	2754	1
7543	5411	1
14197	5817	1
5660	1338	1
5726	6591	1
6251	2873	1
15681	17841	1
3376	1268	1
13751	4555	1
16947	2902	1
21962	12025	1
15746	5326	1
3011	5660	1
16166	7389	1
11313	7389	1
4666	1268	1
8492	4724	1
14604	698	1
12025	21962	1
3605	10695	1
978	7687	1
12345	375	1
1742	2083	1
8830	21633	1
1497	3706	1
5378	1921	1
11514	9966	1
4724	8492	1
1743	1763	1
805	805	1
20977	1763	1
18150	3852	1
2873	3068	1
18747	16560	1
12732	11909	1
15209	7033	1
4346	7810	1
10541	3176	1
20004	5084	1
7054	4108	1
14814	10266	1
3985	5084	1
12816	13140	1
1043	5084	1
7000	10464	1
7810	4346	1
4139	9680	1
20661	9680	1
16980	9117	1
7687	978	1
10835	20348	1
1940	1940	1
16962	19966	1
10266	14814	1
7310	7309	1
21457	5630	1
5977	2172	1
21257	4087	1
6638	5812	1
22121	22122	1
8903	10611	1
22140	19788	1
3822	14725	1
411	15632	1
8909	12096	1
5797	5893	1
2483	6056	1
129	4064	1
13685	11414	1
20348	10835	1
16656	22141	1
22079	22079	1
1338	5660	1
9957	7265	1
1265	19986	1
21824	5558	1
20101	5064	1
5893	5797	1
10413	20033	1
16830	5064	1
19986	1265	1
2483	4978	1
11824	3343	1
10052	5064	1
2572	1234	1
11117	14059	1
7733	5939	1
2483	5381	1
5411	6433	1
6216	17461	1
14631	8620	1
4706	4707	1
5479	5064	1
6367	13255	1
14103	20445	1
4009	5064	1
14201	5944	1
4836	4950	1
4399	2571	1
21647	5068	1
2573	2571	1
5558	21824	1
5983	5812	1
10760	22009	1
18330	18828	1
20362	5248	1
14699	10080	1
21	1512	1
16537	19625	1
6919	13572	1
14688	17948	1
5386	10982	1
10464	7000	1
12540	6901	1
5357	16842	1
11259	1620	1
2483	9397	1
6286	15710	1
14375	960	1
22142	1992	1
1854	8358	1
20316	13497	1
12092	9762	1
4064	129	1
5153	17324	1
6562	8810	1
4950	4836	1
17326	17324	1
1347	20774	1
5084	3985	1
4816	8363	1
9361	15474	1
6122	21824	1
6433	5411	1
7741	5800	1
15153	12300	1
9649	11653	1
4087	21257	1
5689	6450	1
9550	3605	1
1565	5225	1
5641	3101	1
1903	718	1
14506	14506	1
22143	22143	1
5670	6958	1
5514	5066	1
11197	21139	1
5066	5514	1
7308	13140	1
4007	1238	1
22144	1108	1
3696	950	1
8591	8061	1
3706	1497	1
17917	5444	1
14914	19625	1
17130	7776	1
1763	1743	1
15942	19984	1
7309	17816	1
14827	4217	1
13955	2276	1
22145	5906	1
4727	12170	1
2804	1135	1
3822	858	1
6307	14193	1
2843	2832	1
2220	19630	1
14197	17816	1
14728	17816	1
12541	17816	1
20210	2480	1
3849	17816	1
5581	17816	1
21824	6122	1
964	15401	1
2480	1897	1
17324	5153	1
3480	14193	1
1074	1075	1
7389	16166	1
22143	15928	1
2172	3250	1
9511	14612	1
3343	11824	1
18358	3046	1
10494	10332	1
1579	1580	1
7223	3545	1
22144	12736	1
11824	2571	1
21788	11512	1
11512	21788	1
20371	22146	1
16161	18112	1
5983	6139	1
8903	10814	1
5418	12900	1
3982	3497	1
6430	2460	1
12509	5793	1
6017	13366	1
12164	14277	1
5062	24	1
5717	1420	1
243	24	1
1620	11259	1
3605	16009	1
2371	11858	1
2346	6270	1
4647	8333	1
24	5062	1
5315	4525	1
4945	2786	1
3520	2420	1
1258	2935	1
2114	3169	1
10174	13421	1
22009	10760	1
13685	19625	1
8363	4816	1
5248	20362	1
261	11702	1
10808	16832	1
2408	12314	1
12200	22120	1
19625	16537	1
22130	22129	1
20445	19186	1
11417	4174	1
2018	12336	1
16904	14779	1
3144	6266	1
17948	14688	1
624	13476	1
6622	6621	1
271	375	1
14016	13965	1
6363	10938	1
22007	867	1
357	363	1
9992	10461	1
6273	19482	1
375	271	1
7919	18066	1
5894	6783	1
363	357	1
22147	22147	1
10461	9992	1
2119	5167	1
12635	3079	1
3137	11479	1
22148	9388	1
22149	20563	1
9385	3785	1
4217	14827	1
5366	12779	1
10938	22150	1
12779	5366	1
2169	8335	1
11414	2205	1
9158	14820	1
9388	22148	1
1229	2397	1
10102	9250	1
20244	4506	1
15925	10735	1
17185	1405	1
636	89	1
6813	6812	1
16911	20333	1
13534	4623	1
22150	10938	1
5024	2147	1
11716	21513	1
12741	21513	1
6901	12540	1
229	845	1
4120	4816	1
2714	21513	1
3079	12635	1
11720	5830	1
845	229	1
2483	5830	1
9106	21513	1
2311	17609	1
3468	17609	1
12664	12650	1
3138	5581	1
3992	17609	1
20938	20939	1
17816	3138	1
5581	3138	1
3671	9597	1
14917	14688	1
20943	16310	1
4647	7922	1
14688	14917	1
14455	21513	1
10374	21513	1
7081	14917	1
2331	9877	1
4704	2585	1
22151	22151	1
5167	2119	1
68	655	1
2891	14813	1
17816	7309	1
2411	15168	1
13140	7308	1
5449	11512	1
22152	22152	1
6499	10704	1
1897	2480	1
13187	3710	1
15745	1674	1
1674	15745	1
2119	2027	1
3949	3723	1
9966	11514	1
11479	3137	1
15691	20647	1
18644	19073	1
1229	849	1
2176	96	1
4992	13156	1
14193	6883	1
5084	20004	1
10922	3105	1
18622	15390	1
11702	261	1
6783	5894	1
9117	16980	1
849	1229	1
728	5532	1
1289	1254	1
15148	8469	1
13652	14113	1
1224	5513	1
8860	14113	1
8472	14113	1
3240	3202	1
12582	5042	1
12097	14113	1
16377	14113	1
1943	14113	1
7108	3545	1
8720	14113	1
3578	14113	1
20942	15722	1
11846	15722	1
3203	3202	1
15390	18622	1
3315	3545	1
12643	14113	1
4749	14113	1
5120	14113	1
20208	14113	1
22153	14113	1
12936	14113	1
20838	14113	1
20947	14113	1
3545	7108	1
3302	14113	1
10204	14113	1
5845	14113	1
1561	14113	1
14061	14113	1
12100	14113	1
11044	14113	1
5121	14113	1
4196	1132	1
6708	14113	1
2017	824	1
21223	14113	1
10205	14113	1
6070	14113	1
13390	14113	1
16832	10808	1
2360	9426	1
5513	1224	1
22154	22155	1
13840	14193	1
2911	7481	1
640	17	1
7451	4002	1
17	640	1
21811	14624	1
8200	10054	1
14198	6395	1
4240	3788	1
14728	4090	1
5134	11968	1
6987	4266	1
16247	15628	1
6777	7107	1
10215	10215	1
13497	20316	1
22084	14220	1
3353	7645	1
2276	13955	1
12790	269	1
15050	14220	1
21427	21428	1
9877	2331	1
1016	8318	1
16856	15435	1
2483	8361	1
1405	17185	1
1420	5717	1
13621	9897	1
5269	4521	1
4816	4120	1
9897	13621	1
6056	10228	1
17130	13411	1
6635	19176	1
22156	16144	1
7645	3353	1
6366	6165	1
10432	3079	1
13665	510	1
709	22157	1
1119	1120	1
4034	2807	1
20292	1120	1
5983	519	1
7650	21851	1
17592	14163	1
5628	1120	1
6730	6035	1
15162	14201	1
3513	1120	1
1120	3513	1
12899	1064	1
14201	15162	1
13366	6017	1
14624	21811	1
1120	20292	1
2141	11537	1
876	3190	1
22158	22158	1
22159	11384	1
19699	15889	1
1897	3523	1
11223	13807	1
13652	3523	1
20184	3523	1
6674	3523	1
17872	3523	1
3258	3523	1
16230	8490	1
22160	7585	1
17787	7498	1
13881	6962	1
15203	8490	1
2807	4034	1
1081	2855	1
7033	8037	1
9287	4883	1
3523	17872	1
3202	3203	1
18239	447	1
