11946	14792	1
10697	21939	1
17153	10831	1
22438	22438	1
16784	13020	1
7592	19003	1
18204	18204	1
21087	7804	1
14634	17772	1
22439	22238	1
5191	14066	1
10165	11249	1
5204	5205	1
3992	5503	1
6100	22293	1
22293	6100	1
10345	7715	1
14816	8420	1
7452	957	1
13215	4195	1
9276	7622	1
1653	4498	1
7622	9276	1
8420	8421	1
12779	5366	1
518	1677	1
22239	13027	1
10154	2284	1
15515	10296	1
3108	1232	1
11249	10165	1
22440	12053	1
16205	17358	1
11579	11579	1
3783	5873	1
16230	5612	1
4504	11781	1
2520	13416	1
9797	19482	1
22426	8451	1
518	3819	1
15504	18060	1
12568	6901	1
1120	1119	1
4167	1028	1
11714	7209	1
3079	2911	1
10123	10123	1
3084	976	1
10154	9425	1
4372	22388	1
1487	5885	1
5365	8909	1
12053	22440	1
3170	13140	1
124	18993	1
13035	4913	1
6073	10296	1
10118	11696	1
8420	14816	1
18059	12877	1
10389	8172	1
20371	22146	1
11602	15681	1
6757	4704	1
2192	9742	1
7899	6453	1
4572	8640	1
3446	837	1
13552	16923	1
10821	6579	1
6771	11883	1
89	611	1
8195	12017	1
957	7452	1
16647	10061	1
14951	14058	1
16911	6721	1
13350	4883	1
7404	11988	1
5300	5791	1
9755	10205	1
13193	13193	1
18785	14117	1
10061	16647	1
10243	6457	1
4815	4260	1
17938	1556	1
6265	10676	1
4815	10676	1
3353	7645	1
12252	16638	1
4246	1113	1
655	68	1
6757	11407	1
211	68	1
21342	22032	1
16523	17543	1
9117	17543	1
13308	13308	1
10116	5435	1
4890	11414	1
12630	13621	1
13621	12630	1
13770	624	1
19482	9797	1
887	870	1
18046	17224	1
14081	13028	1
11164	12413	1
224	4595	1
5884	15177	1
9997	6113	1
2135	1338	1
1338	2135	1
2600	9945	1
4039	8262	1
19966	16962	1
5300	12174	1
14383	8631	1
7389	7389	1
3333	15866	1
12687	12687	1
14869	7276	1
6757	8421	1
10770	8421	1
8903	11403	1
7895	18649	1
21137	18458	1
5699	3258	1
20183	3080	1
13141	22441	1
5896	5072	1
7842	22350	1
8881	13171	1
11661	3080	1
17252	22442	1
14968	3080	1
5435	10116	1
20300	14968	1
9211	9212	1
15438	13977	1
22443	14559	1
4872	3043	1
3396	6530	1
4498	1653	1
5366	12779	1
2301	2897	1
14968	20300	1
4577	9876	1
2325	7677	1
11344	8681	1
21953	13199	1
6540	7125	1
22240	21513	1
4141	8681	1
22214	21513	1
22444	1284	1
11164	9617	1
9945	2600	1
6185	3545	1
6364	7476	1
6412	7476	1
5662	6988	1
15748	11297	1
13274	11800	1
4815	3212	1
11781	4504	1
2479	19295	1
6757	5227	1
5348	5349	1
10770	5227	1
5300	10667	1
19295	2479	1
2955	21345	1
19479	7023	1
6043	6044	1
21513	22240	1
18064	1375	1
15136	1375	1
2491	776	1
7023	19479	1
5258	5773	1
5806	14816	1
7548	1997	1
22103	5773	1
1586	3493	1
12748	2902	1
3211	14968	1
5773	5258	1
3642	1997	1
6869	7309	1
22445	21187	1
22211	17844	1
5353	8609	1
13140	2734	1
12369	11724	1
5248	11724	1
220	227	1
2192	21714	1
3568	8137	1
6583	6582	1
2555	18747	1
11297	15748	1
21979	167	1
12236	12236	1
19892	18747	1
6757	3177	1
3257	18621	1
7083	6059	1
13685	12997	1
7083	391	1
10770	3177	1
7083	7302	1
3043	4872	1
9872	375	1
8144	6059	1
2546	5219	1
2305	16215	1
8078	10749	1
4815	22248	1
7083	5374	1
7083	7681	1
5219	19774	1
17321	15435	1
9675	22446	1
14383	20445	1
17822	4471	1
11936	19774	1
22447	21256	1
7083	9100	1
6364	1599	1
10770	11043	1
11164	705	1
15076	2016	1
2616	2016	1
7056	13432	1
12748	18212	1
14383	20316	1
14968	3211	1
6625	10507	1
1081	8594	1
9299	17724	1
22448	2691	1
7744	6389	1
2006	2005	1
3568	2532	1
12174	5300	1
10667	5300	1
6901	12568	1
10770	5678	1
4482	19958	1
13590	16613	1
5125	17459	1
3568	2379	1
16638	12252	1
3568	6270	1
5017	9618	1
21417	9378	1
12123	6858	1
2904	17459	1
17459	2904	1
7239	1921	1
18731	8815	1
3077	1921	1
5378	1921	1
2016	2616	1
4257	4030	1
13851	1987	1
3212	7912	1
20964	762	1
6858	12123	1
4815	7912	1
2102	1921	1
628	627	1
21870	22449	1
22210	4346	1
21300	21300	1
10749	10749	1
17329	5378	1
1611	2109	1
4045	3426	1
3393	1462	1
7452	7988	1
17002	15533	1
2691	1428	1
5628	22450	1
10582	13858	1
4887	4900	1
2016	15076	1
2192	5375	1
7451	8313	1
5244	2961	1
2016	3987	1
10205	9755	1
13855	10483	1
6988	5662	1
6721	16911	1
3949	3723	1
20210	17048	1
21513	4649	1
997	1081	1
17878	14018	1
1081	997	1
8262	4039	1
12006	15040	1
19079	5120	1
7755	17609	1
14037	9253	1
11513	9253	1
9253	9253	1
1640	5200	1
17609	5503	1
21191	985	1
6936	4219	1
9247	2065	1
3426	4045	1
7154	7154	1
2940	10772	1
22027	22451	1
8946	17609	1
4815	2478	1
4034	9184	1
3170	10772	1
18212	12748	1
2744	19986	1
12100	14663	1
5300	3743	1
11563	3634	1
1462	3393	1
6757	5280	1
15401	3634	1
10770	5280	1
11164	2765	1
227	220	1
3014	2537	1
22452	416	1
11086	20666	1
5421	3283	1
2562	3283	1
16009	3283	1
2948	3283	1
18653	3283	1
20909	4949	1
8897	3283	1
710	3283	1
5386	3283	1
10960	3283	1
1381	3283	1
7520	3283	1
7766	3283	1
3595	3283	1
20666	11086	1
17543	4034	1
2663	6649	1
3258	5699	1
7866	3240	1
7175	8018	1
11988	7404	1
3568	5240	1
14978	14031	1
2192	3010	1
9742	329	1
3111	9237	1
15471	8886	1
5463	1921	1
6372	4167	1
1092	4167	1
16371	4167	1
9087	21408	1
21999	7042	1
11605	11855	1
167	21979	1
18785	9436	1
16846	7607	1
22453	22454	1
21580	21580	1
13884	15586	1
21902	21902	1
19527	19373	1
13367	21774	1
15789	7042	1
7178	940	1
21079	6845	1
7083	5753	1
21434	20698	1
11855	11605	1
22455	19373	1
15533	17002	1
10483	13855	1
9436	9436	1
10083	8903	1
6845	21079	1
6298	8950	1
8820	1273	1
9120	8903	1
22220	22219	1
2021	737	1
15476	15438	1
7622	7495	1
22456	9464	1
18060	15504	1
8196	7004	1
5641	3101	1
7495	7622	1
9586	10903	1
8950	6298	1
2325	13292	1
2573	878	1
22449	21870	1
8819	9430	1
22457	3768	1
10903	9586	1
802	646	1
18621	3257	1
644	3091	1
6189	22458	1
18124	22459	1
11164	7258	1
5200	1640	1
3211	616	1
10248	15263	1
21223	2902	1
4102	5799	1
22460	115	1
5546	15422	1
8975	10319	1
1273	8820	1
19742	16675	1
18330	10319	1
8813	2236	1
4815	6188	1
11530	15469	1
13048	13315	1
6216	22250	1
19687	3741	1
9243	13492	1
19237	14510	1
8609	5353	1
1227	1934	1
9777	3196	1
18837	2282	1
22459	18124	1
4703	2114	1
8283	1179	1
5754	4981	1
1660	4293	1
17816	3849	1
7083	5531	1
5581	4293	1
16143	3262	1
11164	6079	1
12899	7597	1
2192	9423	1
8815	18731	1
8404	15583	1
7004	8196	1
17562	9364	1
22461	22462	1
22463	6070	1
15552	3668	1
22464	11148	1
5188	16009	1
12266	22357	1
3668	15552	1
3568	1162	1
14537	3668	1
4293	5581	1
22465	5503	1
144	21559	1
14816	5806	1
5072	5896	1
9364	17562	1
11086	11086	1
13432	7056	1
15476	13977	1
9735	5896	1
7029	986	1
6901	1316	1
389	906	1
22351	16215	1
6189	6113	1
22466	6783	1
17787	9296	1
21246	21246	1
10080	14699	1
8172	10389	1
3668	14537	1
18223	17062	1
1854	3895	1
6160	4755	1
5120	19079	1
8512	4027	1
12946	4333	1
16255	15468	1
906	389	1
6113	9997	1
3568	2397	1
11164	7143	1
3568	2914	1
22449	10350	1
10350	22449	1
1997	3642	1
6700	6325	1
2397	6270	1
22450	5628	1
10808	16832	1
863	1087	1
13474	9178	1
1934	1227	1
8405	9178	1
9954	21939	1
15365	22422	1
4115	3780	1
2734	13140	1
2125	6704	1
11773	12006	1
12017	8195	1
15040	12006	1
10833	12006	1
6325	6700	1
2016	2016	1
7369	14981	1
6757	5706	1
15402	6441	1
5041	6441	1
10770	5706	1
416	22452	1
9178	13474	1
18649	9695	1
6783	22466	1
18785	13514	1
9671	17549	1
22467	12029	1
10319	18330	1
5257	3113	1
7451	7821	1
15485	22468	1
3605	6424	1
19003	7592	1
8333	8676	1
5905	518	1
2646	7857	1
22469	22469	1
3999	1656	1
2180	13149	1
7083	14292	1
7446	22127	1
14546	12403	1
5970	20943	1
11455	5318	1
595	3144	1
17756	9300	1
22470	9300	1
10080	10893	1
6015	10893	1
6331	1940	1
19663	17519	1
22471	4034	1
22472	2118	1
12361	22473	1
6583	11703	1
7340	1401	1
1401	7340	1
9894	7340	1
5318	7786	1
4034	22471	1
11164	6887	1
4100	17452	1
6122	6017	1
905	8848	1
16904	14779	1
9385	3785	1
22474	22475	1
11403	16485	1
1087	863	1
17549	9671	1
12472	8848	1
18653	20882	1
8336	10783	1
20882	18653	1
4981	5754	1
5244	700	1
2942	3710	1
