624	13476	1
12134	8763	1
11121	4029	1
10778	8903	1
6718	3343	1
8587	16904	1
16980	9117	1
8763	12134	1
7288	3343	1
5225	21969	1
3138	5581	1
1188	6188	1
482	257	1
10139	16062	1
12568	6901	1
22226	8446	1
10415	10778	1
9148	10161	1
21514	15401	1
8401	8446	1
5581	3138	1
5733	5560	1
6317	257	1
5581	4293	1
8903	10778	1
4293	5581	1
11031	8903	1
4400	4399	1
4464	150	1
12017	8195	1
5893	5047	1
5076	21122	1
5581	2812	1
18852	18853	1
6506	5806	1
9117	16980	1
15071	15071	1
2051	1558	1
2228	4946	1
11086	5806	1
389	906	1
3826	334	1
22245	8903	1
10147	387	1
5459	4946	1
7276	14869	1
6934	8903	1
6270	16535	1
13429	334	1
6671	5591	1
22260	3939	1
9087	334	1
22191	5591	1
6183	3673	1
10359	14837	1
3433	334	1
7922	7213	1
357	9250	1
14715	3015	1
5047	5893	1
22261	6702	1
4984	10574	1
2941	334	1
5806	14816	1
4842	334	1
12579	15744	1
9383	12175	1
2735	7501	1
14816	5806	1
8903	15664	1
334	3433	1
2532	1229	1
3015	14715	1
6270	1229	1
9977	747	1
6730	12328	1
22259	990	1
10741	6128	1
4984	5678	1
21969	5225	1
18223	6674	1
1405	17185	1
5411	8018	1
11069	6118	1
1229	6270	1
10061	13989	1
18836	3250	1
13989	10061	1
7863	18621	1
18544	15401	1
13685	12997	1
17031	1060	1
15922	9723	1
22262	2604	1
15676	3361	1
22263	5076	1
5353	6499	1
22214	21513	1
7329	3591	1
20842	8961	1
4332	13356	1
4760	4344	1
12324	8812	1
22264	15401	1
2546	1872	1
3668	14537	1
3950	4027	1
4422	3216	1
1523	437	1
3722	4346	1
21862	3274	1
3502	1064	1
20653	11817	1
14263	4613	1
22265	22266	1
4300	464	1
15914	6843	1
10147	4399	1
6056	5430	1
4346	3722	1
5745	1506	1
7730	861	1
763	18330	1
518	1064	1
3641	3401	1
1326	6916	1
13985	272	1
17292	6147	1
8814	3438	1
2572	3401	1
4230	3401	1
7291	4084	1
6490	8328	1
9237	3401	1
10673	4084	1
19112	22009	1
11369	16208	1
4984	14165	1
2046	15773	1
20210	17048	1
1872	2546	1
5806	11086	1
6183	5008	1
11186	9514	1
16227	15434	1
21513	22214	1
18621	7863	1
22000	21513	1
518	1939	1
5112	5113	1
18321	1791	1
5378	1921	1
15807	425	1
5859	4049	1
22267	22268	1
2304	425	1
6234	5560	1
6661	1941	1
11776	22268	1
13476	624	1
6177	9158	1
22009	3561	1
12383	1295	1
22009	5461	1
15281	11676	1
20829	19237	1
11676	15281	1
14814	10266	1
382	2190	1
2616	17226	1
1939	518	1
4806	5408	1
3137	8339	1
6056	10228	1
3217	10266	1
10228	6056	1
4216	4074	1
7145	6788	1
22269	22269	1
10165	1921	1
3138	4393	1
6045	10839	1
2134	3380	1
8903	10083	1
14932	12871	1
6788	7145	1
6113	12871	1
3985	9400	1
15480	15480	1
7718	5690	1
9863	7291	1
5572	4909	1
4084	7291	1
1361	1360	1
7086	4555	1
12351	2698	1
664	7465	1
2134	15878	1
13139	13139	1
22270	6851	1
7520	7446	1
6857	6380	1
22252	21895	1
6141	1360	1
12871	6113	1
22271	22272	1
15161	14388	1
747	9977	1
65	190	1
387	2571	1
9777	15539	1
4863	4864	1
16355	4751	1
2920	20185	1
3910	3910	1
9807	9695	1
8328	16581	1
13522	9042	1
9695	9807	1
3799	1756	1
22145	8235	1
4998	6056	1
9704	3215	1
15161	17067	1
16523	9388	1
17024	17289	1
1268	8335	1
15388	16062	1
9300	7874	1
8594	2087	1
10212	19963	1
4948	3865	1
22273	22274	1
7172	1620	1
9724	6127	1
22275	20741	1
1146	14707	1
21443	6906	1
12899	6127	1
7622	7495	1
6930	4202	1
150	4464	1
1360	1361	1
13199	13199	1
6055	5904	1
4135	5904	1
5487	5871	1
2520	19899	1
13522	8504	1
1060	2734	1
13989	22008	1
11817	20653	1
13140	2734	1
9158	6177	1
3170	2734	1
19237	20653	1
12816	2734	1
4666	1268	1
18179	6158	1
2017	1268	1
774	3537	1
14398	16171	1
6183	4755	1
22110	2734	1
15579	6158	1
6183	13145	1
2734	3170	1
3978	4149	1
22145	20316	1
22145	15050	1
2134	1854	1
21	1512	1
5487	3736	1
10932	10933	1
8694	8600	1
1746	4838	1
22268	11776	1
4806	6266	1
14882	5488	1
19810	19961	1
3139	225	1
4265	4073	1
5593	13829	1
3699	13088	1
334	2941	1
19963	10212	1
4002	7451	1
6056	5298	1
260	455	1
1926	4979	1
10706	10387	1
15161	11221	1
5904	4135	1
3992	5503	1
12481	12481	1
22276	9436	1
6730	7345	1
12899	12481	1
9400	3985	1
13713	15661	1
7345	10893	1
5298	6056	1
3895	1854	1
10179	7544	1
1781	4678	1
3240	2754	1
8948	5402	1
18860	6624	1
19165	6624	1
15161	7209	1
7874	9300	1
8699	16949	1
9155	13884	1
2	5402	1
3144	595	1
8903	7231	1
2203	2170	1
15438	11372	1
7451	4002	1
12791	17541	1
4678	1781	1
6056	4998	1
6056	6132	1
3489	3502	1
1506	5745	1
7172	858	1
22277	16088	1
2743	7290	1
5628	22278	1
9322	1390	1
15681	246	1
11714	7209	1
6624	11372	1
10010	17577	1
22008	13989	1
6158	18179	1
4801	7922	1
10266	2446	1
3502	3489	1
3826	18179	1
7209	11714	1
17541	12791	1
2582	2353	1
412	360	1
6030	7624	1
425	2446	1
22145	16836	1
360	412	1
19295	5473	1
1746	1390	1
4344	4760	1
11688	12092	1
3109	3166	1
2904	4155	1
5473	19295	1
7544	10179	1
3899	9159	1
1113	4246	1
7776	4246	1
5806	6506	1
20165	22279	1
22280	19238	1
6132	6056	1
4049	5859	1
13552	16923	1
15161	21015	1
4119	18727	1
5487	9200	1
22217	21060	1
8313	7451	1
18727	14059	1
5611	3309	1
7744	16966	1
13829	5593	1
3915	6795	1
370	16966	1
6183	7308	1
22253	22253	1
334	21015	1
5402	2	1
6851	22270	1
12751	2832	1
3699	385	1
15161	1585	1
13899	3013	1
12372	10798	1
4003	1028	1
21060	22217	1
4167	1028	1
5026	2677	1
541	194	1
10762	8451	1
22145	22078	1
10765	8451	1
10266	14814	1
20316	15390	1
6183	11907	1
3166	3109	1
5488	9009	1
19673	12544	1
1617	1612	1
342	3581	1
11072	18728	1
13621	6599	1
12466	13014	1
21015	11387	1
447	22281	1
2023	3498	1
5411	4062	1
11372	6624	1
16962	19966	1
2353	2582	1
1715	1716	1
1637	18908	1
7394	4488	1
2134	123	1
15161	123	1
2948	13014	1
22282	20036	1
17946	17946	1
9262	14876	1
4751	16355	1
1854	3895	1
1813	7224	1
19761	2151	1
3741	16708	1
1390	9322	1
10205	19091	1
564	8335	1
5402	7028	1
17026	16544	1
314	5048	1
11282	4533	1
4533	11282	1
6857	2343	1
19966	16962	1
375	19578	1
16982	16708	1
5402	16255	1
423	3020	1
14248	492	1
15579	11372	1
6158	11372	1
6898	11372	1
504	492	1
18188	11372	1
3026	14537	1
14537	3026	1
1295	12383	1
3999	1656	1
1289	426	1
5110	940	1
385	3699	1
13088	3699	1
22145	22166	1
19866	142	1
1179	8283	1
7084	16222	1
19839	424	1
2134	15566	1
15438	6883	1
10833	11416	1
4062	5411	1
13522	13525	1
20036	22282	1
3013	13899	1
1372	9270	1
21465	4448	1
19459	632	1
2115	2116	1
4647	5691	1
3817	12383	1
8903	1238	1
4568	12383	1
1791	18321	1
2116	2115	1
22283	4781	1
10968	2801	1
11660	15013	1
16373	5192	1
6494	10147	1
7465	664	1
22284	8140	1
17577	10010	1
2192	21714	1
12345	272	1
4706	4707	1
12532	10147	1
3930	10147	1
2801	6485	1
17366	11390	1
2703	10147	1
387	10147	1
22113	2960	1
4399	10147	1
291	3076	1
4909	5572	1
7671	19432	1
19305	14063	1
15047	2632	1
19035	10634	1
11371	7139	1
6804	2529	1
8283	1972	1
22210	13802	1
16389	11885	1
7922	4801	1
22145	1282	1
11660	13263	1
11390	13938	1
8661	22285	1
9673	22285	1
10044	22285	1
16544	17026	1
22268	22267	1
11372	6898	1
10413	20033	1
375	12345	1
16923	13552	1
12788	5922	1
10199	12345	1
17326	17324	1
20665	20665	1
15161	18727	1
6857	12271	1
5615	18727	1
15168	2411	1
9514	11186	1
17816	3849	1
4149	3978	1
18179	11372	1
13884	15586	1
492	14248	1
18148	18408	1
1229	2397	1
1229	2532	1
8655	2419	1
1143	3411	1
1935	8806	1
2773	9671	1
14182	9671	1
1064	8806	1
5922	12788	1
16301	1709	1
15933	18769	1
9078	10128	1
2203	1709	1
1648	1709	1
22145	2246	1
9375	9375	1
11660	12540	1
11883	11436	1
4836	4950	1
3438	8814	1
20564	22286	1
1836	1370	1
7491	16255	1
1585	22211	1
1900	1897	1
16980	8977	1
22287	16617	1
22288	7944	1
22288	13976	1
3985	5084	1
3699	3601	1
5461	22009	1
2446	425	1
15161	19821	1
14537	9300	1
12413	11164	1
12913	4474	1
5354	11714	1
8007	5419	1
453	515	1
7260	515	1
21714	2192	1
11714	5354	1
1166	2192	1
8726	3502	1
5520	16326	1
8736	1742	1
10320	6309	1
11164	12413	1
7386	1742	1
632	19459	1
21371	22289	1
6183	4474	1
15520	1031	1
1584	3190	1
13794	14079	1
2710	4348	1
4448	21465	1
10798	12372	1
22279	20165	1
12345	10199	1
3177	6309	1
21388	21388	1
22290	17088	1
13652	22153	1
22291	22153	1
3075	1950	1
18929	18929	1
20653	20990	1
425	2304	1
21934	21934	1
246	15681	1
16417	9992	1
3230	3515	1
11372	6158	1
1836	6281	1
17997	16363	1
14537	15552	1
1953	16363	1
16671	2611	1
6187	2611	1
1374	1375	1
16552	9863	1
18469	22292	1
9274	9263	1
2134	5225	1
15229	6994	1
2420	2611	1
21896	15401	1
1168	2611	1
4393	3138	1
5040	13479	1
7291	9863	1
22282	16009	1
18993	1772	1
4649	21513	1
3326	13633	1
6789	13137	1
13057	13633	1
5619	13633	1
9948	13633	1
19096	22239	1
21335	610	1
16255	7491	1
3515	3230	1
11436	11883	1
6306	14978	1
1200	1999	1
6884	3998	1
14540	4576	1
9277	3367	1
7919	5390	1
12579	6424	1
5402	691	1
861	7730	1
21741	15453	1
1897	1900	1
2297	2817	1
1016	1761	1
19482	7109	1
6183	2611	1
125	126	1
12258	12958	1
22293	6100	1
6056	4762	1
13215	3810	1
12723	1761	1
4950	4836	1
21905	21513	1
4879	5	1
9009	5488	1
6319	14820	1
5922	5	1
5402	22052	1
4806	2088	1
20842	8960	1
4439	7922	1
1512	21	1
17031	13367	1
12624	13367	1
13367	17031	1
4533	15796	1
13367	12624	1
4246	1113	1
15796	4533	1
15950	22224	1
13516	11026	1
5084	3985	1
4979	1926	1
20264	18701	1
15533	17002	1
15773	2046	1
13538	15044	1
11026	13516	1
3121	635	1
5884	15177	1
2817	2297	1
2364	6119	1
8201	12124	1
3998	6884	1
8813	2236	1
9375	20404	1
22294	1097	1
17499	3544	1
10796	1624	1
10697	6900	1
20990	20653	1
2948	4592	1
20076	18217	1
12871	14932	1
2948	1841	1
16694	7918	1
2611	2420	1
22052	5402	1
1283	12124	1
8961	20842	1
13936	7918	1
3547	1996	1
1055	21536	1
1268	2017	1
2611	16671	1
3444	7918	1
2741	7918	1
22295	7918	1
21774	13367	1
3137	1816	1
13367	21774	1
8977	16980	1
22296	22296	1
664	8543	1
853	1240	1
952	901	1
717	4196	1
11163	8639	1
14807	14869	1
19761	19761	1
953	9375	1
3178	5753	1
17002	15533	1
15958	7039	1
14455	7232	1
3493	1009	1
19237	21982	1
9470	13977	1
20653	21982	1
14661	14662	1
21633	17693	1
6927	1869	1
10473	2484	1
17884	4211	1
19836	21407	1
3137	3546	1
13977	9470	1
3852	3852	1
12062	9351	1
5041	6361	1
18735	3546	1
5598	13424	1
4112	14540	1
3649	7083	1
2573	2571	1
1930	139	1
12747	14055	1
2484	10473	1
139	1930	1
17088	22290	1
21982	20653	1
5410	2342	1
2134	394	1
22145	8642	1
635	1401	1
15044	13538	1
14055	12747	1
2342	2534	1
22297	10483	1
10625	20339	1
5200	1640	1
10857	10061	1
18408	18148	1
11836	16485	1
6932	2616	1
7532	8420	1
13522	17293	1
16161	18112	1
10778	10415	1
2375	20767	1
1108	4421	1
3999	4531	1
2539	7058	1
1469	3723	1
10061	22298	1
22298	10061	1
13424	5598	1
12596	9378	1
5390	7919	1
7993	20356	1
13586	4051	1
12997	13685	1
4944	2085	1
12351	4084	1
6816	10473	1
2677	5026	1
11087	3546	1
5380	1504	1
22299	22300	1
5487	1713	1
18835	9188	1
22020	10890	1
3649	10675	1
3930	2571	1
13122	7073	1
18835	18835	1
1155	11714	1
21558	21496	1
1897	12340	1
6895	5877	1
3605	16009	1
6894	240	1
6894	9300	1
6816	3950	1
15179	20896	1
19519	6894	1
11060	6894	1
1972	8283	1
4296	6894	1
5753	3178	1
5743	5977	1
6339	6894	1
19639	6894	1
5904	21015	1
21694	6894	1
5232	5233	1
12021	6894	1
4762	6056	1
15723	6894	1
3274	4524	1
22015	6894	1
6499	5353	1
16791	6894	1
14540	4112	1
5280	14931	1
6812	8222	1
3137	5882	1
20078	20078	1
7922	4439	1
21536	4524	1
6056	12381	1
10765	11817	1
4588	4524	1
6849	8323	1
6316	4084	1
12381	6056	1
8499	13676	1
9067	4478	1
1504	5380	1
7756	12185	1
13822	4544	1
20779	16856	1
21772	21772	1
21632	9300	1
7495	7622	1
6100	22293	1
22301	14504	1
5375	9383	1
22302	796	1
763	20852	1
4727	5920	1
7340	12965	1
15411	5000	1
4939	9248	1
6309	10320	1
11860	2194	1
22303	22304	1
4478	9067	1
6037	7180	1
17877	22305	1
11812	6931	1
17100	5368	1
1674	1168	1
22211	1585	1
10424	2935	1
4084	6316	1
2935	10424	1
3356	7255	1
4073	4265	1
4921	4209	1
7255	3356	1
12868	8195	1
6931	11812	1
796	22302	1
3679	1535	1
7012	3160	1
5932	10560	1
15401	21896	1
3928	12242	1
9212	9211	1
8323	6849	1
482	3697	1
2541	4346	1
11207	18953	1
19110	19111	1
20861	8439	1
4346	2541	1
16800	1149	1
8439	20861	1
15106	7334	1
3723	1469	1
1880	1881	1
9335	2617	1
9211	9212	1
8553	8553	1
15773	6435	1
4172	1900	1
1220	21191	1
490	261	1
19920	5893	1
4975	7849	1
3545	7108	1
5944	16502	1
13960	7452	1
7180	6037	1
10634	3794	1
5217	2725	1
1881	1880	1
6262	5580	1
3483	7176	1
7452	13960	1
48	655	1
4890	11414	1
9392	9597	1
2801	21161	1
11416	10833	1
4830	4763	1
8195	12017	1
2725	5217	1
1535	3679	1
8295	8425	1
6916	1326	1
7407	1880	1
15390	12006	1
22247	2687	1
13900	1739	1
7899	15401	1
8903	6934	1
5489	4757	1
9300	6127	1
6127	9300	1
5690	3241	1
18893	13140	1
16817	16911	1
8609	10478	1
5893	19920	1
2734	13140	1
7081	8962	1
8364	15153	1
22189	22170	1
22306	6879	1
11058	3016	1
19402	19402	1
4946	10320	1
15774	18623	1
3079	12635	1
1880	7407	1
5581	13938	1
11048	2703	1
10320	4946	1
14444	10275	1
8639	11163	1
2941	10663	1
22086	8033	1
19673	19967	1
6879	22306	1
5569	4915	1
4084	12351	1
19047	19967	1
13797	10275	1
9270	1372	1
3567	1731	1
22307	22307	1
426	1289	1
6894	8031	1
5402	22131	1
14115	10296	1
2734	22110	1
18725	9261	1
22308	4783	1
15476	15438	1
2110	2110	1
19761	20075	1
15153	8364	1
1731	3567	1
15014	8702	1
9966	8802	1
22281	447	1
18950	16031	1
22309	15401	1
862	4681	1
912	1599	1
15401	22309	1
261	490	1
8702	15014	1
1761	1016	1
3699	447	1
16274	1898	1
21191	1220	1
4763	4830	1
3615	5257	1
8818	3651	1
8548	2565	1
5555	2379	1
19755	15303	1
6435	15773	1
18623	15774	1
6006	6184	1
