11598	6182	1
13538	7789	1
15119	14145	1
5896	2725	1
18828	18330	1
4950	4836	1
3333	8616	1
11537	8027	1
2330	20161	1
7334	6849	1
1031	2712	1
22161	22162	1
4265	22048	1
8810	6562	1
20316	13497	1
14145	15119	1
10405	15504	1
3011	19363	1
6689	7033	1
8037	7033	1
1064	12899	1
22048	4265	1
5068	21647	1
5324	2558	1
370	7260	1
10080	16098	1
12170	4727	1
95	70	1
3035	8273	1
13156	4992	1
6039	8177	1
11202	6069	1
6327	7698	1
10704	6499	1
21030	8980	1
21887	9018	1
14612	9511	1
5800	7741	1
8404	15583	1
6958	5670	1
3949	1456	1
5632	5631	1
7260	370	1
5217	7452	1
1674	1009	1
7452	5217	1
4730	5217	1
21030	4385	1
17073	20104	1
6380	6234	1
4385	21030	1
12073	2663	1
5922	5	1
16012	21138	1
12477	5217	1
20161	2330	1
16980	9117	1
4217	14827	1
1113	4246	1
13353	12413	1
6625	9067	1
4478	9067	1
4647	13378	1
10157	6475	1
3170	10772	1
1572	4233	1
12606	9359	1
21128	21128	1
510	13665	1
7662	13665	1
21513	14455	1
70	95	1
6958	13550	1
4453	9576	1
21946	16259	1
4647	5756	1
1674	3641	1
3259	9631	1
20647	15691	1
12413	13353	1
7847	5280	1
1674	5991	1
6812	6813	1
13202	12689	1
1460	16862	1
11792	9105	1
13076	12365	1
4724	8492	1
888	887	1
3440	1506	1
2205	11414	1
13650	6538	1
22163	6538	1
8200	7735	1
4616	6538	1
442	6538	1
8027	11537	1
5672	6538	1
14527	6538	1
16414	6538	1
10823	6538	1
16006	6538	1
20956	19239	1
8415	6424	1
5651	16474	1
10494	1468	1
3794	18358	1
4246	1113	1
4647	17926	1
1251	1250	1
15583	8404	1
8333	8676	1
1134	8676	1
3031	878	1
1733	3155	1
5806	10927	1
3794	8609	1
5804	870	1
8328	6490	1
19069	6490	1
10760	4007	1
8820	1273	1
1273	8820	1
4515	1481	1
15855	20168	1
6512	19422	1
16081	17609	1
8673	17609	1
12813	17609	1
21902	21902	1
4547	2260	1
4836	4950	1
16259	21946	1
4368	3909	1
10808	16832	1
22155	22154	1
10623	7085	1
5504	5380	1
3794	5608	1
2855	1081	1
4034	2807	1
3785	9385	1
5983	15724	1
4233	1572	1
2663	12073	1
1361	1360	1
22164	16450	1
5959	22092	1
2698	4084	1
11372	13985	1
22165	22165	1
7433	21355	1
15229	6994	1
8676	1134	1
22166	18462	1
5380	5504	1
7083	4012	1
1109	4236	1
7662	7688	1
21162	15617	1
4647	1134	1
16881	22167	1
5684	7688	1
22168	22168	1
4138	22089	1
22089	21152	1
9631	3259	1
3950	4027	1
7054	62	1
21152	22089	1
285	6806	1
9263	3290	1
261	11702	1
9099	4857	1
9385	3785	1
12174	5406	1
11414	13685	1
22129	22130	1
18118	21725	1
5806	5934	1
12174	4418	1
14688	17948	1
849	1229	1
14692	5280	1
1763	1743	1
6472	614	1
878	3031	1
700	445	1
7033	8037	1
16166	7389	1
22130	22129	1
3203	3202	1
3031	879	1
22169	5873	1
700	4964	1
11792	3975	1
20210	2480	1
5253	536	1
7662	6093	1
3623	2902	1
18462	22166	1
4328	5902	1
21714	2192	1
7389	16166	1
20064	15151	1
12134	8763	1
21725	16222	1
9378	21417	1
5217	12477	1
6122	6017	1
16553	15442	1
6017	6122	1
1674	3016	1
16025	8172	1
16581	6730	1
3788	4240	1
14137	20653	1
20990	20653	1
3138	858	1
9083	11258	1
9330	6236	1
11388	11389	1
8695	8172	1
5806	5970	1
2304	15807	1
2027	2119	1
9465	11158	1
11792	10885	1
3567	10496	1
22170	6196	1
13076	13165	1
6806	285	1
9518	5897	1
24	243	1
14545	9782	1
22162	22161	1
5411	8404	1
13802	5842	1
5806	4015	1
6772	19516	1
5806	2647	1
14535	5442	1
536	5253	1
22089	4138	1
788	1282	1
16980	16168	1
7006	4287	1
10590	6716	1
6069	11202	1
8004	490	1
7085	10623	1
824	2017	1
1268	2017	1
5897	9518	1
10788	490	1
259	5857	1
22065	19939	1
5674	14314	1
7662	9910	1
12174	14792	1
12174	21981	1
3031	4389	1
5122	8404	1
5896	3768	1
4293	2699	1
5511	8404	1
15550	8404	1
4647	11273	1
12806	8404	1
5281	8404	1
6236	9330	1
9754	9474	1
21583	4781	1
3628	10772	1
13129	5466	1
1560	8070	1
3827	2122	1
2346	6270	1
8404	4883	1
3794	1504	1
8587	16904	1
8299	4343	1
21513	8825	1
15415	22171	1
7662	8402	1
2399	2398	1
22172	10968	1
6165	6366	1
3668	15552	1
1847	16435	1
6475	15552	1
17862	17863	1
11792	18594	1
12553	14612	1
11537	2141	1
62	7054	1
12174	15554	1
15438	15476	1
15552	6475	1
4568	12383	1
12383	4568	1
1913	2686	1
9248	4939	1
4744	7209	1
16904	8587	1
5842	13802	1
17440	17440	1
4533	21017	1
3794	6059	1
5048	2710	1
16947	2902	1
14016	14301	1
22173	7066	1
7066	22173	1
8537	15468	1
3794	10634	1
20861	1662	1
17414	16958	1
6127	9724	1
14631	8583	1
3547	3561	1
8600	8694	1
13411	17130	1
3794	3561	1
4914	19120	1
243	24	1
22148	17224	1
11792	9550	1
6270	2346	1
186	2019	1
5806	16802	1
12174	10754	1
3978	4149	1
20371	22146	1
21354	9550	1
17987	19112	1
16947	12748	1
5890	7309	1
6869	7309	1
2480	20210	1
13471	9888	1
3238	3238	1
5258	5773	1
7082	6793	1
7495	7622	1
3641	1674	1
19625	16537	1
15474	9361	1
4647	5191	1
18197	18197	1
11642	3169	1
3016	1674	1
12344	12024	1
2141	11537	1
16021	10713	1
12174	10347	1
3632	3538	1
1674	11537	1
3723	6352	1
11537	1674	1
22174	3710	1
8924	8925	1
7891	13416	1
22175	17031	1
6901	12775	1
9718	8705	1
2074	2073	1
2353	3420	1
11537	18443	1
6097	751	1
6352	3723	1
6624	9147	1
3632	1220	1
12174	8702	1
7622	7495	1
1491	1135	1
5806	4873	1
4133	5874	1
10634	11094	1
7704	7705	1
1674	1708	1
1674	20882	1
6472	3349	1
9367	21028	1
17790	5575	1
16322	5413	1
6843	15914	1
2973	16317	1
22145	5906	1
840	3938	1
4287	7006	1
5812	3799	1
5948	3446	1
5359	899	1
6492	20534	1
20667	19543	1
5411	7543	1
1674	2245	1
3817	4027	1
20882	1674	1
2245	1674	1
2480	5110	1
1390	9322	1
4461	3169	1
5248	20362	1
8763	12134	1
27	5	1
16852	11475	1
8404	5511	1
22176	22176	1
1674	6888	1
5188	1064	1
751	6097	1
3050	13620	1
9240	9388	1
9762	12092	1
18826	18826	1
11574	13471	1
2616	22127	1
4857	9099	1
11258	9083	1
7721	5628	1
2873	6251	1
17787	7012	1
17359	8420	1
5902	4328	1
10651	10651	1
22177	17272	1
21030	5706	1
1064	5188	1
5806	5706	1
1674	15745	1
9083	7854	1
22178	22178	1
4034	4851	1
4851	4034	1
960	14375	1
387	2571	1
12748	16947	1
1109	3707	1
4418	8051	1
2807	4034	1
6499	10704	1
7662	510	1
19482	7109	1
22127	2616	1
13665	510	1
7303	5240	1
21030	9389	1
17373	9723	1
3031	7090	1
5806	14816	1
8051	4418	1
14537	15552	1
14747	18223	1
8190	6883	1
6196	22170	1
6783	4047	1
20746	8820	1
387	13563	1
1897	8680	1
3930	2571	1
5806	9436	1
5266	1619	1
17592	14163	1
4149	3978	1
7082	7804	1
445	700	1
65	190	1
2116	21462	1
5526	4221	1
11630	22179	1
21030	3084	1
7662	8822	1
13471	11574	1
22180	16144	1
6674	18223	1
21138	16012	1
4647	13747	1
6697	21855	1
21714	21851	1
22179	22179	1
11417	6610	1
22179	11630	1
15552	3668	1
423	7089	1
3457	3458	1
425	2446	1
6472	6473	1
22181	22181	1
21761	22108	1
5779	387	1
5590	11414	1
12861	5612	1
13674	22182	1
18358	3794	1
1265	19986	1
3616	3458	1
6962	13881	1
5402	11344	1
3516	3458	1
1504	3794	1
10634	3794	1
5506	11382	1
11417	925	1
1674	2420	1
9586	9065	1
6490	19069	1
19210	19986	1
12598	3458	1
408	14649	1
387	5779	1
22183	7138	1
7634	14649	1
13629	14649	1
17659	5217	1
5000	4901	1
5411	2484	1
18754	14649	1
3799	5812	1
5779	2571	1
7308	13140	1
22175	13140	1
14821	14649	1
4901	5000	1
22184	14649	1
22185	22186	1
5612	12861	1
1579	1580	1
16009	3605	1
5909	14649	1
21030	14239	1
2699	4293	1
19516	6772	1
22187	22187	1
17914	14649	1
15050	8018	1
15720	13455	1
2672	11520	1
16144	22180	1
19999	19432	1
17719	12121	1
1674	4980	1
4763	4983	1
19625	13685	1
7622	9276	1
4525	5315	1
20785	3485	1
4647	628	1
21030	5386	1
3585	6407	1
19644	8929	1
18909	2592	1
6127	6702	1
5393	1255	1
