7622	9276	1
2940	10772	1
21519	5947	1
2646	3041	1
8024	2585	1
22372	2575	1
3026	6894	1
200	15438	1
8195	12017	1
10072	20157	1
22391	15818	1
15435	17321	1
8024	4033	1
15461	13977	1
22127	7446	1
22000	22214	1
15438	200	1
7622	7495	1
2004	6539	1
9872	375	1
2942	2492	1
426	1289	1
6316	7334	1
21513	22214	1
6927	4962	1
2734	13140	1
3170	13140	1
5234	18908	1
9300	18908	1
18837	18837	1
16892	18908	1
19902	9193	1
9000	18908	1
6249	6200	1
2239	12837	1
6788	18908	1
5175	5185	1
10464	18908	1
18908	9300	1
18908	18908	1
1326	6916	1
13591	22392	1
863	1087	1
7853	515	1
6017	6122	1
5381	10387	1
5393	3722	1
11344	8681	1
11996	18653	1
4020	6296	1
9597	8536	1
349	1759	1
16274	1898	1
10833	12006	1
11773	12006	1
19939	22065	1
8420	14816	1
15911	9385	1
2289	2290	1
19629	7735	1
6223	5689	1
6916	1326	1
7407	10938	1
4613	7223	1
3648	22393	1
3109	1620	1
8824	4653	1
5845	996	1
355	4408	1
996	5845	1
3865	11111	1
3274	21862	1
15547	18993	1
22288	7318	1
6284	9223	1
2575	22372	1
5076	22263	1
22373	22372	1
22394	22395	1
18574	22145	1
22263	5076	1
12006	11773	1
16025	9411	1
14066	5191	1
20061	11280	1
10620	5075	1
9411	16025	1
11416	5850	1
5678	13787	1
17379	16266	1
7866	7813	1
2935	6213	1
382	2190	1
6213	8933	1
5365	12758	1
20157	10072	1
19458	10242	1
11070	7804	1
5365	1900	1
4653	8824	1
237	238	1
6122	6017	1
15583	19399	1
21006	3717	1
17031	17031	1
9117	17543	1
8812	6040	1
7175	7804	1
10165	1921	1
6531	11767	1
15547	1234	1
4939	7138	1
7138	4939	1
17480	16698	1
14351	17926	1
17543	17543	1
4100	17452	1
12587	13390	1
16485	11836	1
5365	13747	1
22396	21896	1
16716	7042	1
7495	7622	1
1530	14068	1
10061	9250	1
6188	1428	1
4962	6927	1
7276	14807	1
10411	15210	1
18600	17066	1
22397	1097	1
18653	20887	1
21758	21758	1
19237	20653	1
6325	6700	1
5897	11776	1
5641	22398	1
5569	4915	1
6674	18223	1
518	6700	1
20653	19237	1
518	4422	1
14978	14031	1
22288	13476	1
21191	1220	1
518	10676	1
8788	10283	1
4748	22008	1
11487	1064	1
3084	3182	1
6127	12899	1
6267	12899	1
7776	1113	1
4246	1113	1
7704	7705	1
6888	12899	1
14792	11946	1
5869	11414	1
22399	22399	1
7597	12899	1
6286	12899	1
5723	5374	1
6906	3794	1
6813	8031	1
11031	4726	1
5922	5	1
18342	18342	1
21556	8820	1
3138	13938	1
5365	5979	1
9373	5979	1
1183	1572	1
9281	10651	1
10165	22061	1
1074	1075	1
5977	5176	1
1059	427	1
5365	3795	1
8143	8698	1
21969	14406	1
1928	3570	1
6493	1135	1
5205	5204	1
3862	22324	1
1361	1360	1
20517	14864	1
2958	3775	1
3609	11874	1
8681	11344	1
16230	5612	1
1877	2260	1
14816	8421	1
6531	2260	1
518	2203	1
5600	3185	1
518	2616	1
8820	21556	1
18318	20246	1
6531	22400	1
21835	22002	1
3108	1232	1
11874	3609	1
10061	10857	1
518	3202	1
11372	6898	1
3084	2479	1
5689	6223	1
12837	2239	1
11111	3865	1
7059	4873	1
13390	12587	1
9448	4873	1
12788	14515	1
22397	22401	1
6721	16817	1
22000	22000	1
6562	8896	1
2807	4034	1
16900	8545	1
16523	4034	1
22061	10165	1
14816	4422	1
10857	10061	1
2479	1167	1
3084	1167	1
22169	17541	1
4422	14816	1
2051	1558	1
22402	1218	1
518	1009	1
10154	5547	1
5365	2596	1
4176	8998	1
2093	382	1
8686	82	1
12372	10798	1
21803	10896	1
2192	21714	1
12100	14663	1
12344	5789	1
2203	22403	1
518	1103	1
9273	5222	1
314	8998	1
6531	2420	1
20246	18318	1
22404	3909	1
7677	2325	1
16803	9276	1
22405	22405	1
14515	12788	1
19966	16962	1
7542	11972	1
6317	257	1
9188	18835	1
21747	21747	1
22406	22407	1
22408	20856	1
10760	11972	1
6730	7345	1
4544	13822	1
518	1022	1
518	10067	1
518	1612	1
6531	1022	1
14016	7138	1
12899	6267	1
16962	19966	1
8317	12266	1
5280	2958	1
10165	6883	1
13034	13088	1
5585	5586	1
1323	7024	1
6531	5991	1
11455	3581	1
6959	20429	1
22409	22410	1
16387	12308	1
518	4206	1
7045	7045	1
16951	12308	1
2297	4789	1
20879	756	1
18772	11416	1
11972	10760	1
5641	3101	1
5789	12344	1
3865	6380	1
1924	13196	1
13196	1924	1
4185	5467	1
17324	5153	1
8998	314	1
7059	9172	1
5048	314	1
2442	2183	1
9138	6788	1
4345	2677	1
9247	519	1
518	3240	1
21007	18256	1
756	20879	1
16166	7389	1
453	6530	1
1994	21519	1
4815	3212	1
21714	2192	1
5365	5756	1
6530	453	1
3084	10531	1
22145	18574	1
798	799	1
3865	6107	1
6813	11943	1
45	5446	1
3545	6185	1
9335	2617	1
518	762	1
22166	22078	1
6873	19892	1
1611	6038	1
12336	627	1
16163	10380	1
1476	7476	1
8548	10380	1
6304	1480	1
13140	2734	1
3865	14345	1
9480	22411	1
8896	6562	1
16144	9789	1
375	9872	1
20886	20886	1
14591	9872	1
1560	8776	1
11416	12598	1
17452	4100	1
1520	9335	1
5365	2698	1
9369	4107	1
246	512	1
5365	19482	1
5305	7033	1
2511	22412	1
20210	17048	1
18142	5067	1
16358	15985	1
518	3069	1
22413	16431	1
12899	6127	1
518	3203	1
10165	6068	1
4034	2807	1
5365	14031	1
1232	3108	1
3865	4950	1
19353	22381	1
5979	9373	1
4862	3578	1
13193	4478	1
2956	9926	1
7033	10410	1
16308	9577	1
21536	1055	1
6100	3578	1
3578	6100	1
2572	425	1
7345	6730	1
13048	13048	1
9155	13884	1
12899	6888	1
17351	12788	1
15401	21896	1
4803	4804	1
20842	8960	1
6294	7367	1
8903	10083	1
6530	4755	1
76	3823	1
4755	6530	1
14058	10083	1
3465	3827	1
12717	4755	1
5222	9273	1
349	2633	1
2183	2442	1
20943	5970	1
22414	22414	1
9335	1520	1
518	2163	1
22381	19353	1
518	944	1
16658	11161	1
12598	11416	1
10154	11161	1
15390	22110	1
2415	7929	1
7056	13432	1
20032	20033	1
18087	16339	1
11414	5869	1
9755	10205	1
8962	8359	1
10413	20033	1
3084	7025	1
21916	20319	1
6958	11072	1
518	18574	1
13538	16502	1
14052	14052	1
19836	21407	1
814	7104	1
5365	7104	1
19445	19444	1
1075	1074	1
518	6265	1
1843	13879	1
21774	13367	1
5690	15716	1
518	6927	1
9300	7874	1
166	167	1
10154	9237	1
8333	2506	1
7367	6294	1
9388	17224	1
4977	10387	1
5365	5933	1
13593	1802	1
518	3674	1
18046	17224	1
10154	3088	1
17252	4342	1
1135	6493	1
623	22248	1
211	655	1
22036	3940	1
17741	18223	1
11776	5897	1
3084	1740	1
2677	4345	1
7059	3565	1
10194	8343	1
3243	5778	1
382	2182	1
3021	20281	1
1480	6304	1
15586	13884	1
22415	12365	1
7389	16166	1
9754	9474	1
10938	7407	1
20419	8668	1
13215	2997	1
22416	6357	1
3901	10274	1
13471	588	1
22417	12123	1
5365	5640	1
2043	5778	1
15583	1081	1
6053	1428	1
18909	18909	1
11631	5317	1
3383	370	1
15496	9277	1
13770	624	1
17587	1622	1
17326	17324	1
1881	1880	1
10205	9755	1
2884	3940	1
12726	16132	1
22418	22418	1
6515	8201	1
1476	7308	1
518	7308	1
6927	3940	1
1183	4489	1
8591	8061	1
624	13476	1
20032	13989	1
8201	6515	1
627	12336	1
3185	5600	1
5704	7416	1
11372	13977	1
2997	13215	1
13802	22210	1
15889	19699	1
5266	1619	1
382	615	1
1619	5266	1
7291	7012	1
16658	8184	1
1476	8184	1
5533	304	1
518	710	1
10766	3482	1
5707	7012	1
13977	15581	1
22419	22419	1
13476	624	1
17519	19663	1
22210	13802	1
22420	19082	1
10154	2585	1
5256	15807	1
13095	8512	1
14455	10827	1
10639	4031	1
11111	16363	1
21896	15401	1
12473	4571	1
6053	16326	1
10328	10328	1
11051	3563	1
22240	21239	1
20774	1347	1
21239	22240	1
12836	12836	1
5025	5195	1
7764	1456	1
5612	16230	1
1476	4905	1
19958	4482	1
3084	4905	1
11661	18330	1
10319	18330	1
4890	11414	1
5196	5195	1
7861	1143	1
12997	13685	1
17452	17578	1
9188	7115	1
3865	4346	1
10651	13685	1
15549	15549	1
564	13685	1
17997	13685	1
5365	18200	1
205	1143	1
12630	16802	1
9141	7449	1
5365	5482	1
7787	7722	1
7735	19629	1
4031	10639	1
21380	15095	1
3497	1686	1
11414	4890	1
1560	1560	1
19810	21257	1
2345	154	1
518	6161	1
13884	9155	1
21400	1238	1
8903	1238	1
382	1455	1
4445	8492	1
7449	9141	1
22086	8625	1
14591	17676	1
10154	2935	1
4342	17252	1
17578	17452	1
8492	4445	1
7623	5503	1
5563	8780	1
1745	3666	1
5365	14676	1
7059	7193	1
14198	9773	1
16491	22010	1
13034	8296	1
17142	163	1
21087	7804	1
20281	3021	1
17324	4887	1
3041	2646	1
8492	4724	1
9120	8903	1
9872	14591	1
6771	11883	1
18330	11661	1
467	13200	1
17676	14591	1
13200	467	1
22421	14679	1
14263	4555	1
8523	6008	1
7543	11883	1
518	7407	1
14031	14978	1
22422	15365	1
14197	14173	1
11988	7404	1
11324	262	1
9789	16144	1
2871	2910	1
4724	8492	1
8625	22086	1
6223	2543	1
4533	21017	1
22423	22424	1
8903	9120	1
22304	22303	1
12017	8195	1
16665	16535	1
11714	7209	1
5778	2043	1
6270	16535	1
22283	17526	1
9223	6284	1
5216	12142	1
12748	3426	1
7804	21087	1
10083	14058	1
10634	19035	1
5017	5033	1
6579	10821	1
5366	12779	1
5699	3258	1
1663	8444	1
10827	14455	1
3258	5699	1
11972	7542	1
17543	16523	1
12779	5366	1
10165	4241	1
15468	10410	1
13989	20032	1
4838	3237	1
22425	12374	1
8846	12374	1
20340	12374	1
5374	5723	1
14816	5806	1
17324	14868	1
12186	12374	1
8451	22426	1
9916	12374	1
11883	7543	1
2093	16950	1
10060	22427	1
518	13621	1
5970	623	1
3865	7681	1
1081	15583	1
321	3394	1
5365	3337	1
8359	8962	1
16668	15911	1
21895	21496	1
5406	18918	1
12936	6070	1
5365	9248	1
1623	1624	1
6531	15401	1
19742	16675	1
14173	14197	1
20170	11758	1
22131	11416	1
9135	1188	1
6531	6344	1
3642	3422	1
6068	10165	1
22395	22394	1
4241	10165	1
10165	22428	1
6936	4219	1
12400	4939	1
623	5970	1
1232	889	1
4102	15314	1
15275	10738	1
14663	12100	1
1087	863	1
19210	1265	1
6155	5880	1
17926	14351	1
5353	6499	1
5880	6155	1
8251	389	1
3212	7912	1
16055	13624	1
17543	9117	1
22415	10080	1
22415	18701	1
20549	19896	1
11897	7922	1
10296	15515	1
12006	10833	1
18059	15650	1
12899	7597	1
7595	7592	1
19003	7592	1
12562	5009	1
588	13471	1
6006	6184	1
22429	22239	1
1903	22239	1
4185	1378	1
1395	14986	1
22239	15076	1
6531	1378	1
11324	12566	1
518	6375	1
22430	21255	1
624	13770	1
15076	22239	1
13027	22239	1
22431	7130	1
6717	10676	1
5365	7859	1
2633	349	1
3567	6951	1
2543	6223	1
17609	5503	1
20783	21874	1
1476	3216	1
12336	8402	1
6788	9138	1
16230	8490	1
13432	7056	1
5195	5196	1
3237	4838	1
4912	4912	1
18268	5196	1
13977	15461	1
5009	12562	1
9276	7622	1
4057	1378	1
5806	14816	1
7209	11714	1
17324	5847	1
518	3502	1
22432	1122	1
3111	3108	1
10909	16031	1
18649	7895	1
19328	816	1
22433	12837	1
10304	16031	1
6600	14215	1
22434	22434	1
2646	7857	1
13624	16055	1
15583	18935	1
8262	4039	1
15996	14215	1
11883	6771	1
519	9247	1
18935	15583	1
1456	7764	1
16502	13538	1
8420	8421	1
10831	17153	1
518	2127	1
1954	3160	1
15390	19401	1
7874	9300	1
22435	19967	1
13392	12899	1
6531	4757	1
13149	1725	1
18621	3257	1
4422	616	1
6053	4743	1
7134	9096	1
13675	19488	1
543	616	1
607	2897	1
13947	4576	1
22384	8104	1
13140	3170	1
16923	13552	1
8702	7425	1
7059	22175	1
6531	3401	1
22436	22436	1
3447	22437	1
