1836	1740	1
2091	2529	1
4084	12351	1
11339	15478	1
3190	1584	1
10248	15263	1
22145	7726	1
22310	19237	1
22311	22311	1
21982	19237	1
16230	5612	1
1796	19761	1
1469	3723	1
16485	11836	1
6499	5353	1
18276	5612	1
20653	19237	1
61	6501	1
17002	6501	1
6513	3041	1
14931	5280	1
11818	11819	1
5667	5175	1
10466	10821	1
10080	16098	1
12970	7986	1
10827	14455	1
15533	17002	1
5188	12008	1
4988	5175	1
11836	16485	1
10473	2484	1
10319	18330	1
15401	7773	1
21015	334	1
20024	899	1
7922	4439	1
2941	334	1
6985	7053	1
6540	791	1
2539	710	1
15438	6883	1
21122	5076	1
334	21015	1
8802	9966	1
3723	1469	1
5612	18276	1
1509	4333	1
22312	22312	1
15113	4662	1
22313	22314	1
12832	7138	1
17002	15533	1
11202	15452	1
18835	18835	1
4245	3190	1
2975	1459	1
2201	455	1
14016	7138	1
2935	3618	1
6127	9300	1
2565	8548	1
19673	5678	1
2484	10473	1
14600	14601	1
19761	4251	1
850	95	1
16435	1847	1
2911	9250	1
978	7687	1
8033	22086	1
6177	2543	1
1847	16435	1
4257	9493	1
9640	7419	1
12983	20896	1
8625	22086	1
1109	7480	1
8854	11060	1
11465	1459	1
3098	4095	1
22315	6323	1
22268	4281	1
6931	11812	1
8594	1203	1
3455	22086	1
17080	16839	1
1996	3547	1
6624	11372	1
2790	22086	1
7718	22086	1
9644	14573	1
10415	10778	1
13367	17031	1
22086	8033	1
252	10778	1
3666	1745	1
12344	5789	1
5789	12344	1
6372	4167	1
19237	20653	1
15422	375	1
13390	12587	1
19578	375	1
4167	6372	1
19171	4459	1
12345	375	1
22288	7429	1
1739	13900	1
20428	10080	1
15561	1113	1
20592	1620	1
6927	4962	1
10080	20428	1
3094	6287	1
5490	3230	1
17758	20666	1
12587	13390	1
19439	8499	1
5197	6287	1
4806	5749	1
14573	9644	1
20592	7328	1
20666	17758	1
425	15807	1
2942	11160	1
3880	2126	1
15082	1493	1
2935	835	1
5256	15807	1
3077	1921	1
375	12345	1
22086	7718	1
3520	4563	1
11175	7141	1
1188	1740	1
3559	5630	1
14535	14754	1
4979	1926	1
10938	10304	1
906	389	1
5630	3559	1
4983	5715	1
3651	8818	1
5742	5424	1
14411	11909	1
5424	5742	1
14535	6320	1
18197	18197	1
4857	3464	1
5472	5662	1
5451	8929	1
4281	22268	1
12562	18197	1
22316	15401	1
625	624	1
13014	22147	1
4288	1791	1
49	6707	1
2734	1060	1
7776	6105	1
20882	22248	1
6287	3094	1
18895	3361	1
9640	3999	1
22288	4801	1
7507	8026	1
334	3999	1
7141	11175	1
1199	1812	1
21968	1879	1
3241	5690	1
11912	22317	1
4806	5408	1
6266	4806	1
14869	14807	1
16947	2902	1
4806	6266	1
7345	10893	1
8361	12540	1
22318	22255	1
5749	4806	1
15428	16892	1
6113	12871	1
2687	22247	1
1791	37	1
21496	21895	1
10483	22297	1
7053	6985	1
14931	14931	1
12635	3079	1
6409	6397	1
19237	15385	1
19305	12719	1
5411	4062	1
7638	15385	1
19171	18276	1
452	71	1
4872	3043	1
13140	2734	1
10296	14115	1
776	2708	1
15678	21017	1
21465	4448	1
16112	16113	1
5920	11124	1
1585	22211	1
4962	6927	1
22319	6183	1
2801	21161	1
10304	10938	1
2479	980	1
9150	11632	1
15461	16718	1
980	2479	1
8242	21204	1
15687	19563	1
16552	10285	1
6249	6200	1
16477	16477	1
7029	986	1
21017	15678	1
21063	21063	1
19305	207	1
11123	5177	1
18494	18494	1
1571	8790	1
22297	10483	1
2663	7715	1
19091	10205	1
8306	5674	1
3880	5473	1
3016	11058	1
8926	15438	1
4807	6056	1
4448	21465	1
8311	10693	1
3094	3857	1
16523	4034	1
19663	14917	1
9300	6127	1
22320	5235	1
5390	22321	1
9992	10461	1
5970	3304	1
1897	6051	1
15452	11202	1
14075	6284	1
7730	3268	1
3043	4872	1
15471	13573	1
2734	13140	1
10892	552	1
15390	3383	1
7616	2420	1
22322	12810	1
9253	11632	1
380	4809	1
8886	13573	1
13552	16923	1
8420	7532	1
3116	6479	1
7507	6479	1
6284	14075	1
4975	7849	1
10357	19783	1
486	3643	1
15385	19237	1
14156	14156	1
3353	7645	1
18964	10893	1
16787	2665	1
20829	19237	1
11817	10765	1
2543	6177	1
492	64	1
5922	5	1
11268	6479	1
22315	437	1
12977	12977	1
16009	21583	1
1812	1199	1
17379	16266	1
22323	18474	1
21503	19237	1
19560	21853	1
21997	16836	1
2106	14382	1
8243	5650	1
22028	6736	1
22324	3862	1
16552	9391	1
12062	17845	1
18719	16836	1
9662	7715	1
20170	20887	1
5634	7885	1
21063	21064	1
12630	3383	1
14115	10296	1
11414	4890	1
22147	13014	1
10461	9992	1
3008	2725	1
3383	12630	1
2725	3008	1
10713	8583	1
22325	6997	1
986	7029	1
15515	10296	1
19341	1232	1
4592	2948	1
5076	21122	1
7715	9662	1
4062	5411	1
18150	3852	1
14917	19663	1
4167	1092	1
13573	15471	1
22086	3455	1
3438	3808	1
4034	16523	1
7507	10861	1
7874	9300	1
3215	9704	1
12062	1514	1
6994	15229	1
2734	7523	1
2550	12264	1
4511	19295	1
4650	15151	1
14215	26	1
7079	16714	1
3497	1891	1
5534	19543	1
1289	1254	1
11372	18179	1
7654	6236	1
6158	18179	1
447	22281	1
4524	3274	1
10130	8975	1
18179	6158	1
1727	3274	1
3240	4071	1
12861	5612	1
4051	13586	1
21	1512	1
12353	10988	1
7495	18693	1
8903	10988	1
11600	5977	1
7730	861	1
8141	6539	1
12180	18016	1
2546	6161	1
8813	2236	1
9514	11186	1
6539	8141	1
5977	11600	1
11186	9514	1
3808	3438	1
10774	10774	1
22326	13495	1
16477	11247	1
3178	314	1
8998	314	1
1302	1806	1
5795	2479	1
7616	11683	1
7645	3353	1
4579	5977	1
6322	4051	1
21676	21676	1
18964	7864	1
18016	12180	1
2420	7616	1
11683	7616	1
22327	12652	1
7507	2543	1
1059	5297	1
4152	2197	1
9375	16265	1
7885	5634	1
5197	6344	1
16502	13538	1
905	4576	1
5949	1254	1
8649	20639	1
8998	8998	1
518	1241	1
8788	21248	1
19417	11436	1
4051	6322	1
6119	6448	1
4979	8291	1
3116	965	1
2611	1708	1
18330	11661	1
1802	2548	1
10560	5932	1
6479	11268	1
15664	8903	1
8195	12868	1
19171	17090	1
452	2345	1
21204	5455	1
7730	3925	1
10083	8903	1
15470	21017	1
7231	8903	1
12233	15710	1
1620	20592	1
524	816	1
5297	1059	1
1506	3669	1
3116	2616	1
19057	17599	1
1018	2616	1
9954	21939	1
16477	4033	1
7730	5456	1
22210	2541	1
8251	389	1
1232	19341	1
22328	10774	1
7451	8313	1
16477	2611	1
3230	3515	1
4921	899	1
13782	7451	1
19295	4511	1
15586	13884	1
9527	8314	1
7532	8420	1
1232	889	1
6638	5812	1
2541	22210	1
8204	12136	1
6506	12464	1
8903	10083	1
6894	16606	1
4084	7291	1
5177	11123	1
8926	16345	1
437	1700	1
3116	710	1
1881	1880	1
3094	710	1
12601	2252	1
12092	12868	1
5869	6055	1
22329	2300	1
1338	5660	1
5497	18321	1
9273	5222	1
8307	1941	1
7507	4603	1
3079	12635	1
4033	16477	1
453	515	1
16477	16742	1
2611	16477	1
10685	18927	1
16742	16477	1
21583	16009	1
5257	3615	1
624	625	1
10093	12744	1
10304	12565	1
3818	7605	1
3783	3600	1
22330	22331	1
7765	8903	1
10988	12353	1
18927	10685	1
234	431	1
8903	1238	1
14201	22332	1
6934	8903	1
10320	4946	1
7726	22145	1
8642	22145	1
3545	6185	1
2246	22145	1
1282	22145	1
5612	16230	1
16477	9957	1
22166	22145	1
8307	4164	1
16836	22145	1
15050	22145	1
20316	22145	1
6677	14568	1
13787	5678	1
8258	4652	1
4570	4571	1
7507	4250	1
5402	7033	1
1900	4172	1
10988	8903	1
20746	8820	1
5258	5773	1
16714	7079	1
10320	6309	1
3775	5411	1
21939	9954	1
5062	624	1
19238	22280	1
6730	7345	1
16980	9117	1
2958	5280	1
4571	4570	1
7907	6309	1
5773	5258	1
13884	15586	1
20639	8649	1
4172	1900	1
7730	3865	1
6055	5869	1
8926	272	1
8328	16581	1
8591	8061	1
5853	2698	1
5461	8609	1
10988	2698	1
1801	7031	1
18223	11675	1
1167	3084	1
6183	22319	1
89	7046	1
2699	2698	1
18964	7345	1
7741	7031	1
16077	13660	1
19086	22211	1
8583	10713	1
6185	3545	1
11043	5673	1
7291	21556	1
20210	17048	1
18321	5497	1
3788	2356	1
15094	12945	1
3852	18150	1
11390	17366	1
16552	12381	1
5072	22333	1
22334	22334	1
17519	19663	1
516	11948	1
5862	13023	1
10507	6625	1
492	504	1
15438	15476	1
15476	15438	1
7730	1142	1
7730	16271	1
22335	19578	1
13356	4332	1
11436	19417	1
22336	22336	1
5393	9549	1
16502	12565	1
5411	3775	1
3502	2616	1
9067	10507	1
375	15422	1
10814	10632	1
7507	9671	1
8490	14898	1
6433	5411	1
854	1645	1
4164	6527	1
13932	7004	1
2327	22337	1
22276	11675	1
15748	18953	1
564	6527	1
447	3699	1
15106	7334	1
10165	7723	1
7334	15106	1
4026	7723	1
18693	7495	1
18826	7723	1
7031	7741	1
9141	14597	1
5455	21204	1
5000	15411	1
7730	4346	1
20373	11451	1
2000	7900	1
22214	21513	1
6840	13174	1
11997	11028	1
9581	9067	1
18428	18046	1
16552	16667	1
7723	10165	1
14449	15537	1
8307	11305	1
7507	4905	1
19397	11028	1
22335	20180	1
11451	20373	1
8903	8260	1
4652	8258	1
12464	6506	1
5631	5632	1
15920	21513	1
3928	3929	1
5353	7672	1
15710	12233	1
18046	18428	1
16552	16552	1
2710	5233	1
4809	380	1
4106	8260	1
7309	5890	1
22131	16270	1
6625	10507	1
5750	2399	1
17783	9436	1
1836	1381	1
3138	5581	1
3794	6906	1
2818	12197	1
10266	3217	1
12868	8195	1
6527	564	1
5871	2341	1
15710	15710	1
7523	2734	1
4478	13193	1
5446	45	1
3880	5796	1
11554	14657	1
2801	21079	1
1388	45	1
3077	5463	1
22283	17526	1
13685	12997	1
5569	4915	1
4077	3217	1
2479	5795	1
16009	9975	1
13548	9975	1
3026	7152	1
8195	12017	1
12565	10304	1
8222	5150	1
3605	2585	1
2482	14488	1
20784	13803	1
15520	16194	1
4524	21536	1
12017	8195	1
16647	13442	1
14597	9141	1
17520	19557	1
6118	11069	1
11704	6701	1
4152	22338	1
13442	16647	1
5222	9273	1
19411	15716	1
17367	21175	1
4119	4457	1
21175	17367	1
10507	9067	1
8820	20746	1
9117	16980	1
6625	9067	1
19595	6113	1
4790	816	1
3654	3655	1
5673	11043	1
1018	7446	1
13586	4051	1
8011	2017	1
19663	17519	1
19578	22339	1
4457	4119	1
3116	11160	1
21556	7291	1
7507	22321	1
7616	4341	1
2616	3502	1
9080	1249	1
8855	8545	1
14849	7901	1
14016	13965	1
12488	5839	1
7126	7126	1
3855	7901	1
5231	4070	1
7901	3855	1
6677	3412	1
4682	3045	1
3274	21862	1
2547	391	1
4606	5690	1
22340	12833	1
16560	18747	1
15716	5690	1
6135	3196	1
22211	1585	1
18747	16560	1
5932	10560	1
14869	7276	1
5711	6329	1
14807	7276	1
3196	6135	1
2846	2712	1
1884	260	1
7739	13538	1
10774	22328	1
19305	4637	1
564	2169	1
5197	22341	1
44	4534	1
3849	5496	1
5678	13538	1
1119	6854	1
12868	12092	1
1895	1896	1
3116	3057	1
3826	7786	1
1622	17587	1
17460	17044	1
22342	17044	1
22343	17044	1
16874	17044	1
17043	17044	1
10376	17044	1
6286	17044	1
3669	1506	1
11028	6246	1
8934	10553	1
5402	14286	1
9516	5113	1
1497	3706	1
6811	14025	1
8545	8855	1
12266	8317	1
95	1038	1
3383	370	1
12540	8361	1
3803	5189	1
8926	3577	1
21969	5225	1
6701	11704	1
8260	6348	1
5660	1338	1
8960	20842	1
16230	8490	1
8961	20842	1
6845	21079	1
5225	21969	1
10814	10065	1
16090	16090	1
5163	203	1
16836	18719	1
22344	10361	1
122	18089	1
1535	3679	1
5244	18089	1
14559	18089	1
5650	8243	1
3999	334	1
4152	7504	1
2383	4355	1
22145	18574	1
22121	21519	1
18384	17845	1
6937	14129	1
3679	1535	1
17321	15435	1
20592	7971	1
8520	7117	1
12240	15617	1
1999	1200	1
2708	776	1
6576	6513	1
22280	19238	1
14129	6937	1
8307	2003	1
13381	15513	1
20099	6937	1
7711	6652	1
15106	16980	1
7025	5107	1
19482	7109	1
18474	22323	1
22213	9036	1
3105	9519	1
17691	16522	1
13737	6015	1
6015	13737	1
3361	18895	1
16741	16741	1
2801	10968	1
17289	15435	1
5461	21457	1
6937	20099	1
22145	20316	1
2169	564	1
16718	15461	1
22345	12503	1
15435	17289	1
9036	22213	1
21536	4524	1
8260	4106	1
11555	7104	1
5280	14931	1
12598	11416	1
13538	5678	1
172	150	1
2769	7916	1
17930	21403	1
6316	4084	1
2252	12601	1
8339	17538	1
6309	3177	1
21513	4649	1
9754	9474	1
13777	14117	1
2843	2832	1
6845	4956	1
6868	9009	1
13884	9155	1
710	3094	1
11767	9385	1
13140	22175	1
3178	5753	1
16455	5016	1
2260	7126	1
10639	5314	1
540	8167	1
3857	3094	1
14849	3855	1
16194	4120	1
21079	6845	1
9009	6868	1
5402	16522	1
22175	13140	1
9022	13353	1
2663	12073	1
15687	12495	1
7502	3380	1
22307	1096	1
22103	4113	1
241	242	1
13803	20784	1
2665	16787	1
6728	10914	1
14143	1311	1
16980	15106	1
6765	17365	1
22346	22347	1
437	22315	1
4504	4122	1
22348	22348	1
8027	17365	1
1229	2397	1
1052	6135	1
3723	3949	1
7495	7622	1
6795	3915	1
389	8251	1
2322	2741	1
17035	17035	1
4439	7922	1
11270	6135	1
370	3383	1
4113	22103	1
15513	13381	1
