22188	22188	1
5305	7033	1
1109	19995	1
7033	16773	1
1674	6836	1
12432	17415	1
9276	7622	1
7622	9276	1
22175	3170	1
15438	6883	1
8404	12806	1
8420	8421	1
14612	12553	1
2565	8548	1
7767	7767	1
6813	6812	1
10389	6564	1
9067	4478	1
1797	21842	1
11520	2672	1
7622	7495	1
5257	4511	1
5513	13549	1
11414	13685	1
564	13685	1
387	4399	1
1674	6344	1
7402	12650	1
490	3037	1
22048	4265	1
3605	16009	1
16009	3605	1
5806	8490	1
1674	3016	1
22071	5849	1
20746	21556	1
867	22007	1
3794	1504	1
13685	564	1
15710	6286	1
5849	22071	1
5806	18554	1
4547	9204	1
6017	6122	1
4007	10760	1
22109	22108	1
17874	7495	1
6122	6017	1
4399	3930	1
22127	2616	1
7495	7622	1
4478	9067	1
8195	12017	1
6538	18831	1
13685	10651	1
10240	20316	1
6702	6127	1
3019	5531	1
17956	11776	1
11031	7049	1
22089	22089	1
22166	20316	1
18831	6538	1
2651	18494	1
2922	18494	1
3108	18494	1
13497	20316	1
8127	4161	1
10558	18494	1
3166	6784	1
10572	18494	1
20316	13497	1
922	18494	1
2482	18494	1
18494	3108	1
16317	2973	1
6321	18494	1
9939	18494	1
14978	6306	1
22189	6196	1
12128	10620	1
13150	18494	1
2652	18494	1
16166	7389	1
11888	18494	1
20188	5087	1
1849	18494	1
1615	18494	1
5547	18494	1
15554	3688	1
3391	18494	1
3383	18494	1
10666	9022	1
9022	10666	1
1504	3794	1
3855	7049	1
12174	13598	1
9368	8490	1
410	1669	1
7558	12516	1
6456	2237	1
5227	6424	1
11326	22190	1
6697	5392	1
2541	22190	1
9480	4406	1
6122	16386	1
11776	17956	1
7543	4930	1
3909	3909	1
2546	2354	1
11175	11175	1
2354	2546	1
1499	8431	1
10806	8431	1
4054	8431	1
12717	8431	1
21731	8431	1
12886	8431	1
4078	8431	1
10200	8431	1
14851	8431	1
3171	4453	1
8490	9368	1
6126	8431	1
13393	8431	1
15076	8431	1
1456	3949	1
6169	4453	1
7157	8031	1
3723	3949	1
375	19578	1
5684	8935	1
2237	6456	1
5591	22191	1
16947	12748	1
6490	8328	1
13181	13181	1
19538	18367	1
2172	5743	1
8431	13393	1
5977	5743	1
6141	1360	1
5176	5743	1
7157	14117	1
17059	14117	1
10154	7543	1
22192	9453	1
1580	1579	1
1499	12027	1
7570	12027	1
6762	12027	1
7265	12027	1
10435	12027	1
3844	12027	1
6468	12027	1
7822	12027	1
13510	12027	1
9268	12027	1
22193	12027	1
24	243	1
259	8989	1
1180	12027	1
6328	12027	1
5726	12027	1
10960	12027	1
11996	12027	1
8807	12027	1
20893	12027	1
7846	12027	1
21073	21073	1
22194	12027	1
6591	12027	1
22195	16842	1
11265	15411	1
16832	10808	1
4265	22048	1
18366	18367	1
22196	5368	1
3949	3723	1
1360	1361	1
14699	14277	1
20842	2571	1
4399	387	1
22079	22079	1
16386	6122	1
21716	19628	1
21827	6248	1
2804	1135	1
13129	5466	1
6127	6702	1
20643	6248	1
6697	14916	1
10080	14277	1
3930	2571	1
18494	2922	1
21725	22020	1
3030	6066	1
9456	9863	1
5310	772	1
14931	5280	1
3019	10051	1
11384	12388	1
11382	5506	1
7585	22160	1
4346	3722	1
7085	6059	1
4977	4431	1
13547	22035	1
21694	9300	1
7157	5862	1
11547	9070	1
5414	15890	1
12779	5366	1
3037	490	1
12134	8763	1
3620	22089	1
4800	2076	1
3497	3982	1
5812	1756	1
747	9977	1
2297	4789	1
1251	8623	1
10620	12128	1
21513	10374	1
1250	8623	1
21257	4087	1
6141	12599	1
17324	17326	1
7389	16166	1
14482	15110	1
9456	10123	1
6806	8028	1
18219	18118	1
5048	854	1
8404	5122	1
19112	17987	1
14699	7944	1
1265	19210	1
854	5048	1
19808	21785	1
12388	11384	1
6141	4950	1
21785	19808	1
19986	19210	1
20316	22166	1
16291	1005	1
7255	3356	1
1473	2349	1
17059	8261	1
5368	22196	1
3545	7223	1
6141	5988	1
21513	13574	1
2585	3605	1
18735	3546	1
3851	13756	1
423	3020	1
17059	16150	1
10458	5217	1
2868	4531	1
190	203	1
5896	5217	1
5217	10458	1
22007	22197	1
12340	3523	1
6492	3523	1
22198	15818	1
5448	2568	1
8313	10458	1
1135	2804	1
17743	937	1
3547	2456	1
7360	5773	1
16150	17059	1
5258	5773	1
8261	17059	1
1105	6113	1
7157	5782	1
21969	14406	1
5122	5749	1
19210	1265	1
4531	8211	1
6849	7334	1
6697	8803	1
7543	5411	1
5366	12779	1
2484	5411	1
13881	6962	1
8763	12134	1
9807	9695	1
1352	2557	1
5868	10526	1
8498	8756	1
18727	4119	1
14481	14482	1
22199	22200	1
15552	3026	1
21984	20563	1
6024	2571	1
9456	3185	1
3175	3176	1
1619	5266	1
22200	22200	1
1469	3723	1
7334	6849	1
15807	2304	1
18118	20482	1
8468	17031	1
14870	12587	1
3043	5481	1
2558	5324	1
12630	16802	1
3026	15552	1
8332	21843	1
366	1278	1
18494	3383	1
3965	8609	1
1662	20861	1
1075	7709	1
15217	2901	1
564	4457	1
5461	22009	1
20188	7602	1
10358	7854	1
20534	6492	1
3523	6492	1
410	7102	1
3144	595	1
15411	11265	1
17059	16802	1
4531	8575	1
10194	8343	1
849	6270	1
17059	8228	1
3447	4233	1
18958	9378	1
22201	17740	1
22202	13747	1
5641	3101	1
4487	9360	1
9360	4487	1
3723	1469	1
6967	2901	1
5881	2725	1
4233	3447	1
1022	12361	1
22145	5906	1
2725	5881	1
22203	22203	1
9204	4547	1
3020	423	1
2260	4547	1
2420	1674	1
1674	2420	1
17059	13621	1
6270	849	1
15378	15782	1
5195	5196	1
9456	14947	1
4748	21747	1
4547	2260	1
22009	5461	1
18911	18911	1
6697	13503	1
22204	22204	1
4227	5111	1
5845	7331	1
12587	14870	1
7602	20188	1
9724	6127	1
3794	6577	1
10872	9576	1
7157	1897	1
3304	5970	1
7157	5824	1
774	3537	1
14932	21776	1
11858	21167	1
4647	19482	1
3138	5581	1
12591	13723	1
22150	10938	1
17059	5970	1
5581	3138	1
3019	71	1
5970	16802	1
4664	6783	1
15415	16330	1
3202	3240	1
18457	18458	1
3315	14197	1
10130	8802	1
22091	22092	1
6141	7012	1
8609	3965	1
2164	13445	1
15590	4453	1
5388	4453	1
14277	10080	1
190	65	1
3800	7626	1
7205	5411	1
8018	5411	1
21939	10697	1
4333	12946	1
7331	5845	1
1828	6981	1
5411	7205	1
7012	17787	1
6689	16773	1
3019	7213	1
1134	13900	1
645	4410	1
13900	1134	1
7602	3258	1
10713	16021	1
3545	7108	1
5970	17059	1
4872	3043	1
21248	8788	1
5893	4034	1
6141	589	1
15106	7334	1
1135	1491	1
12092	11943	1
11031	4726	1
14699	10080	1
366	7306	1
1333	6296	1
7334	15106	1
4726	6783	1
3785	9385	1
7265	9957	1
6141	4346	1
1390	1746	1
4431	4977	1
19578	375	1
6783	4664	1
7345	6730	1
9957	7265	1
832	12217	1
3545	6185	1
11387	3112	1
2901	15217	1
16836	21997	1
14289	11512	1
4457	564	1
15770	2511	1
6697	12785	1
4034	5893	1
2868	8870	1
2868	22205	1
1491	1135	1
17564	17565	1
16523	4034	1
21188	22206	1
6962	13881	1
5411	2484	1
14633	14633	1
18398	18398	1
21714	21851	1
2446	425	1
3739	1656	1
6372	5607	1
13747	22202	1
13390	18403	1
13215	940	1
5017	5033	1
20861	18918	1
9456	12381	1
5743	5977	1
6097	751	1
512	246	1
15468	8537	1
4034	16523	1
1800	1800	1
18494	2652	1
21583	4781	1
15744	425	1
10822	10933	1
22207	22207	1
4910	16787	1
6262	4074	1
4304	15438	1
15790	11602	1
22208	22209	1
5743	2172	1
4724	16787	1
8011	4355	1
1062	455	1
1579	1580	1
4062	5411	1
15438	4304	1
6697	7359	1
5411	7543	1
10358	896	1
15539	9777	1
5041	6361	1
22210	13802	1
4531	64	1
2868	64	1
11602	15790	1
4952	432	1
16787	4724	1
18398	9897	1
7644	563	1
3112	11387	1
11202	6069	1
9897	18398	1
8975	8802	1
5749	5122	1
1880	1881	1
9644	14573	1
15889	19699	1
2397	3568	1
20380	16144	1
1881	1880	1
6141	4836	1
14573	9644	1
13621	3860	1
2868	4245	1
717	1880	1
22087	22087	1
20382	20789	1
17031	8468	1
21759	1472	1
2605	11865	1
86	84	1
9385	3785	1
3485	20785	1
17783	9436	1
4664	5894	1
71	3019	1
10051	3019	1
9359	9360	1
10761	2909	1
20789	20382	1
5118	4517	1
1812	157	1
15010	19905	1
1763	20977	1
8358	1854	1
4050	4517	1
4755	6530	1
3084	976	1
20210	2480	1
20005	4517	1
4956	6845	1
12119	20065	1
5506	11382	1
3019	7083	1
6927	20734	1
12946	4333	1
5110	2480	1
2084	42	1
6419	11564	1
6994	15229	1
2901	623	1
4528	2735	1
6530	4755	1
2480	5110	1
21240	18090	1
781	5956	1
5381	10387	1
12361	1022	1
21938	13901	1
20065	12119	1
21759	8460	1
12748	16947	1
14713	3723	1
21824	5558	1
2480	20210	1
20823	4836	1
10093	12744	1
1025	22127	1
1746	4838	1
13407	14715	1
2386	631	1
3404	21776	1
3723	14713	1
22211	2550	1
11396	13620	1
5584	5092	1
12217	832	1
7054	21512	1
14849	3855	1
3794	3561	1
328	272	1
12361	14944	1
3855	14849	1
4836	20823	1
20079	13685	1
17163	16789	1
8051	17130	1
12017	8195	1
13476	624	1
8084	9777	1
20734	6927	1
18428	17031	1
8587	16904	1
1220	3632	1
11356	2190	1
22211	1899	1
22212	10797	1
1397	1345	1
15741	21162	1
14197	3315	1
18403	13390	1
17059	9356	1
387	2571	1
4652	8258	1
1109	3148	1
4431	5560	1
6845	4956	1
10639	10141	1
9527	4034	1
3451	5928	1
4034	9527	1
3137	11479	1
4662	18765	1
9067	6625	1
3855	7901	1
9436	17783	1
19920	5893	1
382	2190	1
20668	438	1
7901	3855	1
3975	11792	1
13574	21513	1
10374	21513	1
11792	3975	1
7083	3019	1
17130	8051	1
8825	21513	1
4531	3999	1
14455	21513	1
2868	3999	1
4495	1408	1
5660	4537	1
867	6439	1
5893	19920	1
22213	9036	1
9456	21513	1
6981	1828	1
2506	9234	1
22214	21513	1
8802	10130	1
18087	13829	1
6625	9067	1
20482	18118	1
663	13018	1
4531	658	1
4453	3171	1
6499	5353	1
11479	3137	1
21138	16012	1
18494	3391	1
22060	670	1
10345	6552	1
2837	2836	1
22145	9372	1
4084	7291	1
15229	6994	1
6212	7291	1
11301	12599	1
19402	19402	1
8774	7291	1
6055	8609	1
8377	5944	1
5353	6499	1
8681	14286	1
2364	6119	1
800	5076	1
22165	22165	1
17977	6772	1
6127	12899	1
3985	9400	1
5932	10560	1
8587	6067	1
8591	8061	1
19228	19228	1
12596	874	1
3049	22215	1
7654	5906	1
15014	8702	1
12223	13674	1
6816	9378	1
14482	14481	1
9212	9211	1
21513	8825	1
22216	7136	1
5847	15476	1
8591	7049	1
4531	10831	1
6513	9330	1
4092	11826	1
5027	7049	1
7989	12259	1
16502	5944	1
6784	3166	1
16612	13590	1
