8490	2647	1
10145	9410	1
6158	15579	1
19401	11161	1
15942	15726	1
3404	5294	1
7446	1064	1
2995	16516	1
6519	18385	1
3723	3949	1
4057	2227	1
21553	12635	1
22660	4426	1
5546	740	1
5683	4751	1
14612	16131	1
11826	406	1
9223	12929	1
12635	21553	1
14281	20766	1
18815	19579	1
1943	6700	1
2874	11407	1
2781	718	1
14281	6845	1
1943	22862	1
22244	11407	1
22892	15908	1
9436	11407	1
4466	17395	1
2433	5227	1
11407	9436	1
18556	22232	1
5488	15773	1
8490	14898	1
11017	19442	1
10199	375	1
12929	9223	1
6167	7126	1
9410	10145	1
15205	7109	1
14042	7453	1
370	22869	1
3641	8864	1
9080	1009	1
10461	18358	1
5154	4408	1
16980	3240	1
5977	5743	1
10975	10772	1
7622	9276	1
2433	7193	1
643	16955	1
2653	922	1
8243	5650	1
6270	4445	1
4613	14263	1
15148	14263	1
22309	15401	1
9383	4810	1
5348	5349	1
17090	12795	1
6273	10537	1
8208	22841	1
5166	1411	1
492	505	1
18330	9250	1
4751	5683	1
2813	16518	1
8490	16230	1
4499	22573	1
4254	1214	1
15837	11407	1
9992	10461	1
9391	8680	1
16516	2995	1
19210	18342	1
380	19469	1
6580	4634	1
6077	6077	1
7273	9100	1
3849	17816	1
16330	14195	1
3166	3380	1
10968	2801	1
6270	3568	1
1653	20882	1
22893	19022	1
22791	159	1
6713	159	1
10427	9785	1
15153	12300	1
15456	16731	1
9391	16168	1
1087	864	1
2433	16009	1
2086	3079	1
4335	13868	1
6270	1229	1
22894	2273	1
13851	3315	1
2713	870	1
3447	4233	1
7273	5184	1
13868	4335	1
756	20879	1
4810	9383	1
16518	2813	1
15148	12340	1
3545	7108	1
2086	3853	1
6113	8880	1
4033	4755	1
3102	1006	1
380	2202	1
16517	4522	1
15181	162	1
15908	22892	1
978	978	1
7209	5354	1
380	3846	1
7687	978	1
1064	1552	1
9391	8976	1
2518	2519	1
1372	9270	1
11344	7521	1
22688	22452	1
4408	5154	1
4233	3447	1
434	2487	1
1064	7446	1
2433	6332	1
9270	1372	1
380	3367	1
9	8714	1
3166	3335	1
9391	6727	1
451	1517	1
9100	17919	1
3315	13851	1
2433	8973	1
20879	756	1
6270	8781	1
14437	8723	1
6270	7049	1
8490	18439	1
6037	16287	1
15148	2297	1
978	7687	1
2433	5717	1
13957	17655	1
375	10199	1
21759	1472	1
10582	10808	1
16799	705	1
21969	21969	1
15438	13985	1
12635	6236	1
22895	1830	1
14321	19432	1
9246	8176	1
4918	8722	1
22896	8369	1
10296	16676	1
1830	22895	1
20269	20269	1
4344	4760	1
2192	21714	1
17861	6649	1
10109	4922	1
22897	22897	1
380	13088	1
3138	14728	1
22898	22898	1
5282	3849	1
18928	9126	1
22899	10861	1
15457	21379	1
194	3779	1
7711	18238	1
12302	17008	1
6900	20352	1
21570	9901	1
3315	7108	1
18727	4119	1
15433	11936	1
20577	20245	1
9864	14749	1
186	1072	1
17252	4342	1
9391	14886	1
380	15533	1
8950	5563	1
6513	9330	1
6273	4730	1
16287	6037	1
8609	6104	1
4755	4033	1
2703	6212	1
3404	12650	1
9391	23	1
11372	6898	1
14193	22251	1
21759	18692	1
6273	4409	1
14263	4555	1
5921	5366	1
2833	2832	1
1366	2904	1
22900	22900	1
20586	20586	1
15148	4555	1
3641	1122	1
2086	4555	1
12096	12571	1
6043	6044	1
8490	20926	1
10461	9992	1
5413	16322	1
14219	8674	1
380	1558	1
16322	5413	1
15153	12785	1
9959	20270	1
543	1170	1
8490	13310	1
8160	5075	1
22729	11630	1
3105	4343	1
6236	12635	1
1405	2774	1
4489	5160	1
8604	8959	1
5641	3101	1
22452	21017	1
18710	11134	1
10067	9472	1
22452	22688	1
12788	22901	1
7273	7545	1
21968	8535	1
22902	18870	1
940	7178	1
2433	16687	1
9487	22903	1
18169	18169	1
10199	12345	1
14215	22828	1
16676	10296	1
12439	12690	1
1642	604	1
6270	6804	1
12345	10199	1
6765	5799	1
3166	896	1
17442	6228	1
21017	22452	1
21464	10335	1
3166	11767	1
17655	13957	1
5160	4489	1
17816	3849	1
940	109	1
1618	9375	1
18046	11086	1
8723	14437	1
19401	19401	1
15148	8222	1
1119	213	1
9391	8222	1
9662	6649	1
6270	6107	1
3404	9067	1
9100	17676	1
5411	2484	1
6927	20487	1
13611	275	1
6923	3160	1
5257	4511	1
1723	1461	1
3616	12439	1
12690	12439	1
414	243	1
15579	6158	1
8490	11758	1
14037	22649	1
9100	2047	1
8027	8027	1
3930	2571	1
7495	7622	1
12580	2172	1
3166	2765	1
12795	17090	1
16581	17090	1
2715	4087	1
3849	5282	1
4246	1113	1
9100	7318	1
5366	5921	1
8490	17131	1
3274	1727	1
7622	7495	1
22904	6951	1
17926	9389	1
2433	9389	1
22905	3537	1
18169	20561	1
243	414	1
22906	22906	1
8490	4580	1
380	291	1
535	21962	1
9391	3230	1
9100	3230	1
14490	3230	1
10574	6346	1
3166	4027	1
10082	7512	1
1016	14593	1
19755	5694	1
13564	22012	1
15153	12029	1
8490	8646	1
5294	3404	1
21940	5593	1
8876	8876	1
874	18	1
9067	3404	1
14165	13900	1
17326	17324	1
14868	17324	1
11097	6544	1
6270	2532	1
16831	17055	1
11097	14252	1
10777	10777	1
22008	4748	1
20882	1653	1
5600	3185	1
6317	2126	1
4912	4912	1
6709	22907	1
11407	22244	1
22901	12788	1
17442	6539	1
9436	4580	1
10704	3110	1
13795	12059	1
11414	10651	1
6270	2397	1
3404	10639	1
15148	15866	1
15339	22879	1
8972	9718	1
22573	4499	1
17665	12389	1
8735	14612	1
1113	4246	1
15552	10569	1
14252	11097	1
6544	11097	1
243	24	1
22908	21580	1
9718	8972	1
6407	3585	1
4580	9436	1
15153	12274	1
13111	6668	1
2687	1972	1
24	243	1
3183	9872	1
9426	7932	1
380	3788	1
3978	4149	1
8650	6115	1
17324	17326	1
10542	7309	1
17442	17079	1
11602	18644	1
18169	133	1
18644	11602	1
133	18169	1
2228	12200	1
3284	8052	1
3166	12671	1
15148	5710	1
22909	22909	1
18956	3119	1
1366	2618	1
6618	19555	1
4981	22776	1
3689	15866	1
1844	9872	1
16330	16802	1
3110	10704	1
6530	997	1
358	5068	1
15148	5857	1
19266	21513	1
9100	5392	1
1230	1230	1
22240	21513	1
2520	7651	1
12396	21513	1
21951	21513	1
17103	20352	1
19040	22888	1
21513	22240	1
14825	21513	1
11086	18046	1
17076	12002	1
21513	12396	1
21349	12100	1
10335	21464	1
11758	2611	1
8404	19176	1
22817	22816	1
16955	643	1
22214	21513	1
8490	10927	1
6167	13621	1
22910	22911	1
15661	13713	1
8031	2109	1
8160	3965	1
6270	3965	1
17090	16581	1
185	3549	1
7899	9687	1
9391	3965	1
19626	6686	1
18801	17796	1
10639	3404	1
15153	3503	1
3160	6923	1
17098	12540	1
8604	10834	1
8160	6059	1
3166	6059	1
7193	22735	1
22735	7193	1
8490	12902	1
15726	15942	1
5844	540	1
7193	7193	1
22735	22735	1
6562	12175	1
2611	11758	1
11017	13423	1
14263	4613	1
15148	1897	1
10569	15552	1
22912	22912	1
22808	1928	1
7334	15106	1
10674	11135	1
6167	6700	1
8553	3345	1
5800	7741	1
6270	13200	1
9872	1844	1
12053	22440	1
1332	6467	1
14383	14813	1
12748	18212	1
4986	14268	1
17395	4466	1
22913	22913	1
22914	8552	1
3079	2086	1
18212	12748	1
16230	22915	1
7289	12318	1
4869	8989	1
12048	9378	1
22916	22915	1
2471	1605	1
11851	13032	1
16758	4822	1
5670	5248	1
16050	22010	1
1431	366	1
6060	9934	1
16491	22010	1
1362	2742	1
2276	11356	1
6651	1273	1
9426	9204	1
6686	19626	1
16289	11640	1
11135	10674	1
22595	1005	1
8594	2087	1
3404	5316	1
10412	5691	1
15153	5288	1
2832	4814	1
12626	4120	1
2433	5706	1
11356	2276	1
4120	12626	1
3183	225	1
22008	6564	1
10180	8753	1
22526	22526	1
22917	22917	1
13315	7278	1
16081	17609	1
22179	22179	1
3099	17609	1
9391	22918	1
12048	2086	1
17179	4074	1
9388	17224	1
4357	5489	1
15148	4747	1
6273	7859	1
3345	8553	1
11898	11898	1
3404	14145	1
13851	1987	1
4053	2194	1
3975	9165	1
9100	18350	1
22828	14215	1
22919	22919	1
22920	14215	1
22639	4473	1
3509	9862	1
2172	12580	1
20385	22921	1
4034	5893	1
6317	16107	1
8172	17904	1
3359	3360	1
7859	16221	1
22922	22922	1
6270	16535	1
3166	5796	1
8639	11266	1
17324	14868	1
7618	275	1
2433	9105	1
4299	3819	1
6122	6017	1
9100	7143	1
6017	6122	1
9391	5890	1
3503	5988	1
5640	5988	1
7738	5988	1
7341	5988	1
3185	5600	1
5068	358	1
6021	5988	1
5247	21147	1
12096	22923	1
7413	7258	1
8490	13951	1
21647	358	1
13237	1108	1
9426	9426	1
15153	4816	1
4723	3005	1
14903	19964	1
2374	334	1
7780	3445	1
6380	5988	1
16054	10646	1
2086	8616	1
4940	5988	1
3549	185	1
5544	3948	1
7273	9615	1
19514	22924	1
21257	19810	1
9785	10427	1
2646	1456	1
3183	4152	1
4816	15153	1
22925	9352	1
6262	5150	1
22472	1624	1
18582	5150	1
22251	14193	1
6959	5988	1
6270	20450	1
691	11072	1
6748	5988	1
4149	3978	1
2461	6805	1
6337	1624	1
22926	22927	1
19110	22802	1
19091	18928	1
17008	12302	1
3333	8616	1
8189	4428	1
9022	8488	1
19763	19955	1
4504	4122	1
3794	902	1
334	2374	1
3436	3436	1
14215	22920	1
22885	22885	1
2433	2420	1
21874	16433	1
4120	16194	1
9375	1618	1
16330	11161	1
8488	9022	1
8490	11161	1
911	1640	1
2017	824	1
358	21647	1
6115	15720	1
13261	10903	1
3183	20445	1
10625	20339	1
5155	10835	1
8404	22928	1
16123	20409	1
9862	3509	1
2700	7740	1
22752	22534	1
21147	5247	1
6812	4090	1
22928	8404	1
16433	21874	1
19154	1281	1
12626	8815	1
3512	22709	1
12318	7289	1
19905	19904	1
22781	15908	1
10346	10345	1
5419	8007	1
159	22791	1
1281	1541	1
4232	9024	1
20882	22248	1
6564	22008	1
20574	14235	1
6270	10704	1
8815	12626	1
3404	12732	1
7273	9614	1
11630	718	1
11455	3297	1
22929	9015	1
9015	22929	1
8795	8794	1
5510	2460	1
15720	6115	1
12500	12477	1
6228	17442	1
14444	10275	1
3166	15226	1
6539	17442	1
17079	17442	1
5332	10275	1
7126	12477	1
11072	691	1
2433	5830	1
11988	11128	1
8812	12324	1
16523	20669	1
22930	11614	1
5248	5670	1
22931	1156	1
2433	4851	1
1552	1064	1
15320	5188	1
6270	14351	1
17261	11602	1
16502	13538	1
3216	3216	1
15790	11602	1
13032	11851	1
9436	22780	1
8490	13204	1
14263	3333	1
4499	2970	1
16523	13500	1
14490	10820	1
3650	2288	1
6479	8024	1
10031	8384	1
12477	12500	1
17442	7597	1
12540	17098	1
