13573	15471	1
17015	8314	1
7602	3258	1
11831	20960	1
7622	7495	1
13140	20960	1
10266	10101	1
3799	1756	1
20082	17989	1
9022	13353	1
1599	6213	1
2390	2355	1
19383	5247	1
21079	6845	1
22613	22613	1
18197	18197	1
543	3383	1
13614	20641	1
2687	4045	1
1580	1579	1
13122	7073	1
19112	5857	1
2480	9330	1
6900	18058	1
6183	4755	1
7622	9276	1
1392	4755	1
5857	5862	1
4084	8501	1
4857	3464	1
16807	12666	1
5894	6059	1
8773	14849	1
7543	11883	1
12783	9433	1
322	12108	1
20977	4616	1
11883	7543	1
19688	10067	1
15076	1903	1
17614	1064	1
11946	15773	1
12300	11074	1
19556	15827	1
5857	8222	1
17917	20075	1
2342	2534	1
7495	7622	1
20919	863	1
6530	4755	1
9276	7622	1
5857	7622	1
5301	6730	1
4303	6788	1
15382	7174	1
21386	10833	1
10634	8222	1
1873	4399	1
16923	20610	1
5017	15664	1
1713	2273	1
13763	12498	1
1501	2768	1
6426	14663	1
13122	13421	1
6488	3401	1
9895	6371	1
20061	11280	1
10266	10266	1
4664	20746	1
18430	18431	1
5857	7965	1
5602	22614	1
8491	16873	1
5232	5233	1
11627	11626	1
9894	11797	1
22485	17697	1
9845	5233	1
524	13165	1
2818	1161	1
15773	10784	1
15461	9487	1
20183	14968	1
12565	13900	1
16110	9126	1
14667	2065	1
1486	5371	1
17324	4887	1
6070	22534	1
8404	4883	1
4713	7763	1
12748	2902	1
19936	14273	1
14001	1921	1
4332	9960	1
6127	12899	1
12899	6127	1
3088	6017	1
2768	1501	1
636	13590	1
3822	1833	1
6419	20914	1
7308	13140	1
21791	13140	1
20960	13140	1
21850	20926	1
18121	10940	1
14081	13028	1
6540	17938	1
6216	20882	1
3834	3999	1
646	22434	1
635	3704	1
16340	22434	1
21771	22434	1
4034	3330	1
2043	6981	1
15913	15124	1
3965	11269	1
5920	4727	1
22615	14996	1
9894	2330	1
22616	21179	1
9378	21417	1
10896	21803	1
11602	19073	1
20779	16856	1
1662	16189	1
13381	14041	1
15416	3640	1
22617	3640	1
12591	14041	1
5259	9365	1
3704	635	1
5017	2428	1
3827	716	1
22618	10177	1
6093	551	1
19767	22595	1
6309	7082	1
4355	2383	1
22587	22586	1
14058	10083	1
8903	10083	1
22576	10083	1
12108	322	1
22434	322	1
2205	3033	1
950	483	1
21512	21968	1
15471	13573	1
20610	16923	1
845	13573	1
5017	4670	1
9921	16889	1
19112	12340	1
8932	6307	1
5857	12340	1
7056	13432	1
22436	22436	1
14273	19936	1
9239	3202	1
15761	15719	1
7012	5707	1
1355	2296	1
8222	5150	1
15382	930	1
22619	22620	1
1064	12899	1
12029	22467	1
2496	4034	1
4616	20977	1
19679	21513	1
5247	19383	1
22621	22622	1
7962	8723	1
5800	4087	1
11269	6059	1
22214	21513	1
3051	1279	1
22623	22623	1
14455	21513	1
7031	4087	1
2051	1558	1
1402	5674	1
6343	22623	1
6142	5570	1
22624	8776	1
5017	8803	1
3800	3581	1
5857	11943	1
7626	3581	1
19538	18367	1
18539	2611	1
22610	17559	1
5017	5017	1
2037	5106	1
13573	845	1
22357	1615	1
22372	19305	1
2519	2518	1
12565	5678	1
14996	22615	1
21532	21593	1
22373	19305	1
7797	7932	1
5857	14117	1
22595	1005	1
11943	14779	1
22610	15200	1
14779	11943	1
16110	7813	1
10083	14058	1
2065	14667	1
9761	485	1
5883	3566	1
10833	21386	1
5857	5856	1
185	8258	1
7797	6344	1
17442	16358	1
10963	8066	1
14370	12185	1
2885	16358	1
22625	22625	1
1257	4083	1
5367	5921	1
13090	194	1
17442	11800	1
12466	13014	1
4187	738	1
7908	4266	1
7505	19774	1
13014	12466	1
3514	19446	1
10759	19446	1
6112	9314	1
8735	13599	1
2383	4355	1
2518	2519	1
15382	720	1
3285	455	1
14444	7028	1
4581	5799	1
15632	411	1
4408	5154	1
624	625	1
1502	2955	1
10296	14115	1
10461	9992	1
17959	12417	1
2955	1502	1
3575	17440	1
4025	4920	1
7103	1128	1
1615	22357	1
2721	3166	1
83	22626	1
22627	18721	1
4007	6193	1
1005	22595	1
5894	8330	1
227	632	1
12209	2331	1
7382	21633	1
18431	18430	1
19112	10760	1
16110	9409	1
3795	5566	1
7727	6322	1
22622	22621	1
4087	2715	1
7881	17558	1
17519	19663	1
5203	4064	1
14115	10296	1
8367	12161	1
16110	17599	1
3235	5354	1
16917	16917	1
22628	2752	1
4724	8492	1
6530	2465	1
2465	6530	1
5354	3235	1
15566	3335	1
12161	8367	1
551	6093	1
10191	5363	1
4886	1170	1
6086	19663	1
20661	9680	1
2	3306	1
9894	7780	1
15234	7491	1
12123	6858	1
12816	16714	1
6475	3306	1
19112	13747	1
13973	10475	1
1903	15076	1
12899	1064	1
6787	8763	1
4544	10541	1
12720	12720	1
1656	492	1
8501	4084	1
2715	4087	1
14455	10827	1
2912	4871	1
1128	7103	1
1282	788	1
3202	9239	1
19639	20352	1
18534	4423	1
15468	10410	1
3224	20282	1
19100	20157	1
4912	4912	1
636	4302	1
782	16836	1
16715	16836	1
7656	18480	1
20474	20474	1
22629	22630	1
513	4952	1
15753	8057	1
636	705	1
4599	2273	1
5916	710	1
1307	4755	1
15471	21687	1
9692	10351	1
19986	1265	1
13951	8490	1
1375	3350	1
15382	1126	1
5069	2273	1
2072	2164	1
8773	7535	1
13315	13048	1
22586	22587	1
4457	5774	1
19112	4662	1
3383	1126	1
19112	1900	1
5332	19388	1
7882	11602	1
4755	6530	1
4818	1232	1
15234	8111	1
6810	6059	1
6858	12123	1
3300	18921	1
5970	20943	1
6530	997	1
11158	4074	1
738	4187	1
2646	7857	1
4092	11826	1
1126	3383	1
1265	19986	1
20282	3224	1
19112	6545	1
997	6530	1
14372	21525	1
15064	1118	1
21525	14372	1
5411	11758	1
2479	1221	1
20647	15691	1
4400	2571	1
3160	7012	1
15720	13455	1
230	8545	1
6112	15127	1
22631	22631	1
9894	21015	1
19305	22373	1
20977	17055	1
2962	718	1
1763	17055	1
173	2270	1
693	5434	1
7797	8451	1
16714	12816	1
22426	8451	1
8285	11002	1
6107	4021	1
11758	5411	1
6530	17431	1
19112	12774	1
5602	14343	1
10415	11556	1
5674	8306	1
9223	22581	1
5884	15177	1
61	6501	1
7175	3216	1
2058	13196	1
2037	937	1
5200	5549	1
2832	9994	1
11382	5506	1
1221	2479	1
425	2446	1
12788	16414	1
15664	9222	1
1498	878	1
10769	4581	1
70	95	1
7820	1797	1
19054	19916	1
11269	3965	1
13196	2058	1
19446	10759	1
5443	18393	1
15710	10715	1
19663	6086	1
15177	5884	1
16414	12788	1
4581	10338	1
5570	6142	1
7952	7952	1
22632	22632	1
9335	2617	1
3333	14263	1
19717	2480	1
16110	12816	1
2342	22516	1
13165	524	1
2262	11315	1
2269	12011	1
492	1656	1
3640	15416	1
21999	7671	1
15234	15438	1
11874	11873	1
5983	20373	1
15774	14314	1
7813	16110	1
22633	21516	1
2446	425	1
11451	20373	1
13318	1450	1
6530	6213	1
10774	7107	1
8195	12017	1
10649	13884	1
9404	16064	1
6533	6532	1
478	15504	1
1686	3497	1
5343	6222	1
6957	11072	1
6228	20112	1
20195	22554	1
19225	19186	1
9992	10461	1
11339	15478	1
19112	5894	1
22634	21580	1
4230	2984	1
11626	11627	1
15664	5017	1
8330	6059	1
2428	5017	1
14868	17324	1
7797	15744	1
8803	5017	1
9991	19890	1
17326	17324	1
4887	17324	1
14041	12591	1
5125	3978	1
11797	5017	1
1299	3865	1
6110	7079	1
17002	61	1
6093	7662	1
10940	18121	1
13141	2993	1
5017	13113	1
13581	14531	1
22635	3467	1
2984	4230	1
17588	16103	1
5154	4408	1
17280	16103	1
8333	13538	1
7662	6093	1
15234	928	1
17026	22452	1
937	2037	1
1185	1837	1
3860	22166	1
3502	1064	1
20882	22248	1
19225	13692	1
11180	16064	1
1062	455	1
9894	7419	1
4657	4885	1
3917	22636	1
12017	8195	1
2270	173	1
1064	3502	1
2331	16333	1
15807	7480	1
19189	14037	1
3089	22568	1
4979	676	1
20282	9577	1
4257	9493	1
8773	7901	1
4157	20895	1
8763	6787	1
6901	12568	1
6112	14676	1
14037	19189	1
12568	6901	1
17299	22605	1
15438	6883	1
18124	8303	1
928	11485	1
11465	1459	1
12531	7465	1
14849	7901	1
22008	4748	1
1355	118	1
9022	4981	1
4589	6513	1
6112	7859	1
4064	5203	1
21687	15471	1
10815	6361	1
6036	9079	1
19073	11602	1
12970	7986	1
948	4733	1
5258	5773	1
7901	14849	1
322	3828	1
11479	3137	1
8773	13665	1
3258	7602	1
2901	6967	1
15076	22239	1
22637	20882	1
20882	22637	1
6513	4589	1
3202	18574	1
16103	17280	1
11072	13550	1
9083	8195	1
6958	13550	1
17324	5153	1
4262	4262	1
16166	22369	1
10685	11369	1
8773	8541	1
7334	8541	1
3138	3333	1
6068	6230	1
4984	10574	1
18393	5443	1
6530	3113	1
542	22464	1
5857	4753	1
1410	3547	1
11242	12488	1
6530	3364	1
5606	5606	1
22479	13557	1
4073	11026	1
6485	4507	1
14968	7602	1
17431	6530	1
3112	12488	1
17324	14868	1
3650	1084	1
6213	6530	1
16560	19617	1
3113	6530	1
3364	6530	1
6230	6068	1
20882	4946	1
3978	5125	1
4507	6485	1
22357	12266	1
6112	6977	1
3177	6309	1
5789	12344	1
4954	5542	1
5241	3139	1
5351	896	1
7334	15106	1
8932	4504	1
13432	7056	1
21438	5842	1
2298	2163	1
16732	10972	1
2462	5697	1
797	3343	1
6736	1084	1
16110	6700	1
6532	6533	1
17324	17326	1
4638	4791	1
13913	4009	1
636	7238	1
1791	4288	1
12498	13763	1
22638	22638	1
13113	5017	1
17926	14351	1
9894	8903	1
18727	2504	1
21513	22214	1
9754	9474	1
12531	10831	1
12470	14330	1
8579	9961	1
352	5933	1
4568	17856	1
5215	7989	1
17697	22485	1
3138	18853	1
22632	1378	1
6815	6815	1
12516	6935	1
22639	4473	1
13913	5064	1
5857	3853	1
89	12121	1
14317	14535	1
19888	19888	1
4009	5064	1
1749	1772	1
3965	8609	1
295	107	1
61	17002	1
21803	10896	1
6906	21443	1
16029	4649	1
15232	15233	1
18886	1570	1
636	89	1
15382	89	1
4853	4852	1
15520	1069	1
2037	9996	1
13573	21067	1
11074	12300	1
4950	9242	1
7895	6079	1
22640	2282	1
6112	4779	1
13353	9022	1
2723	6394	1
18342	13187	1
2496	16980	1
15271	15271	1
4981	9022	1
22532	20556	1
18826	22369	1
8541	7334	1
15106	7334	1
4852	4853	1
6193	4007	1
22641	22642	1
17559	22610	1
6649	3754	1
15372	2109	1
4791	4638	1
11556	10415	1
6218	14792	1
3731	1068	1
3138	13938	1
20112	6228	1
11946	14792	1
13187	13187	1
9894	8401	1
22480	9671	1
13751	8222	1
9994	2832	1
17904	8172	1
1987	13851	1
14992	8172	1
9069	10179	1
6730	7345	1
8498	10715	1
14597	9141	1
3137	11479	1
1487	5885	1
6112	12898	1
22643	12444	1
2997	3561	1
636	3255	1
2977	16847	1
8763	12134	1
13042	19364	1
4407	3420	1
22210	3722	1
8773	3855	1
2504	18727	1
6419	5375	1
22644	12174	1
7756	3798	1
22645	18969	1
9219	9394	1
6419	11564	1
14041	13381	1
9612	5085	1
5375	6419	1
7238	7028	1
3723	3949	1
6112	12736	1
9270	1372	1
5087	5086	1
13685	20079	1
19388	5332	1
17997	20079	1
9894	6115	1
6258	5086	1
9067	6625	1
8702	7425	1
5086	6258	1
1372	9270	1
12531	867	1
19446	7561	1
11026	4073	1
20738	19442	1
10968	6845	1
4748	22008	1
19053	9154	1
22646	6193	1
4727	5920	1
5221	12073	1
4265	447	1
1972	18143	1
22251	6487	1
8172	17904	1
3404	21776	1
5017	20450	1
5086	5087	1
2595	1787	1
13455	15720	1
22647	22647	1
16091	21407	1
22009	4751	1
6562	8700	1
13951	13628	1
4990	843	1
17962	17962	1
1740	1311	1
13505	15061	1
21067	13573	1
8700	6562	1
16103	17588	1
3826	2273	1
447	4265	1
8810	6562	1
2265	2273	1
4226	15558	1
16358	17442	1
6112	4778	1
17738	13455	1
4100	17452	1
385	446	1
3794	5608	1
12134	8763	1
22648	12413	1
4735	3561	1
5017	13200	1
6536	8038	1
6286	6540	1
9415	6533	1
8763	8976	1
12413	22648	1
17938	6540	1
13834	16862	1
8976	8763	1
10351	9692	1
3420	4407	1
6530	12334	1
3949	3723	1
12540	6901	1
7797	6144	1
11943	14820	1
6845	21079	1
5017	10561	1
7028	7238	1
5608	3794	1
6112	3366	1
13476	624	1
7624	9248	1
843	4990	1
564	4457	1
15707	15565	1
3781	3366	1
8501	3366	1
19688	9100	1
1311	1740	1
15229	16627	1
1838	2273	1
8773	5606	1
9051	21161	1
1936	9842	1
4346	3722	1
16064	11180	1
1120	1119	1
21859	21859	1
2855	5697	1
11387	15720	1
22649	14037	1
265	266	1
8129	12373	1
5017	9100	1
13350	14754	1
6530	1428	1
15720	11387	1
6901	12540	1
22477	22477	1
7561	2294	1
2677	6052	1
17609	5503	1
22650	9026	1
3041	6513	1
6052	2677	1
12336	8967	1
2832	2843	1
3722	22210	1
12726	14050	1
22576	16485	1
22651	22652	1
3545	6185	1
22653	13289	1
9154	19053	1
6003	1217	1
5733	15583	1
11072	691	1
10473	5563	1
8609	3965	1
21079	10968	1
3236	11300	1
4836	20823	1
15583	5733	1
5136	4963	1
3718	6621	1
3437	17367	1
22652	22651	1
1880	1770	1
20823	4836	1
5563	10473	1
14825	7267	1
20371	22146	1
