14932	11016	1
14041	13381	1
20421	20497	1
18594	9550	1
1064	3502	1
5054	4523	1
14239	15401	1
22810	22810	1
11016	14932	1
22811	18993	1
15948	4067	1
3502	1064	1
15401	14239	1
21079	6845	1
5988	5640	1
7622	7495	1
3006	74	1
1487	5885	1
22240	22582	1
22812	9995	1
4408	5154	1
4568	837	1
9687	7899	1
5154	4408	1
84	1176	1
22813	22813	1
5778	1828	1
22814	22815	1
277	2273	1
7134	2096	1
9550	18594	1
11779	13692	1
20497	20421	1
8412	7852	1
22815	22814	1
18223	13621	1
6921	14607	1
21139	6700	1
2446	10889	1
4909	7384	1
850	95	1
4038	16289	1
11036	9100	1
2342	37	1
8493	5227	1
1940	22758	1
20183	12048	1
6049	4327	1
3438	5227	1
3947	19482	1
22147	21028	1
17719	12121	1
9066	19482	1
299	17714	1
12580	9250	1
22394	9268	1
1227	1934	1
17714	299	1
6113	5463	1
4038	14571	1
22816	22817	1
9596	12345	1
277	2139	1
7418	2933	1
1871	12474	1
135	389	1
15914	6843	1
906	389	1
4092	11826	1
7082	2198	1
9966	22317	1
22802	12747	1
10427	9785	1
8412	4977	1
11102	5875	1
12381	7258	1
11826	4092	1
8897	5263	1
213	1119	1
837	4568	1
1515	7617	1
20879	756	1
5701	5188	1
14551	17787	1
2579	17180	1
10807	6414	1
564	13989	1
13877	10390	1
6771	7543	1
10924	8934	1
2480	21189	1
624	625	1
11562	6039	1
5463	6113	1
18358	10461	1
7495	7622	1
902	3794	1
1064	8806	1
624	18121	1
18621	7863	1
19531	8932	1
2183	13009	1
21194	22818	1
22819	22820	1
518	4299	1
7128	3602	1
17318	21841	1
3176	13009	1
2051	13009	1
6513	4589	1
3366	5027	1
13381	14041	1
10403	11344	1
8991	16326	1
22434	7551	1
21841	17318	1
22691	21185	1
11344	10403	1
13149	4465	1
20769	15933	1
16783	3862	1
13435	19491	1
11893	6969	1
8802	5282	1
4198	7024	1
17180	2579	1
9217	2604	1
19963	2311	1
1511	13270	1
19605	16071	1
926	1791	1
8066	1786	1
22821	2342	1
22822	2157	1
564	8335	1
12345	9596	1
425	6722	1
478	19923	1
7553	7209	1
3852	18150	1
22821	15760	1
22792	22792	1
22793	22792	1
4648	322	1
3166	15889	1
5372	5373	1
17321	15435	1
22758	10228	1
7416	7491	1
6722	425	1
2776	4742	1
7741	5800	1
22807	4346	1
17917	17917	1
11161	19401	1
22823	385	1
564	385	1
11602	16021	1
8763	8763	1
2920	3327	1
5270	5210	1
16502	13900	1
18150	3852	1
16414	12788	1
13315	22718	1
18111	10351	1
14746	11630	1
13692	11779	1
12072	11103	1
10461	9992	1
3950	5442	1
22824	15453	1
3315	14197	1
22825	20839	1
17609	3992	1
483	7951	1
17367	21175	1
6228	20112	1
4198	1056	1
18928	9126	1
19401	11161	1
8398	11806	1
5307	7025	1
5802	858	1
4635	1620	1
6295	11315	1
8367	1323	1
14672	9075	1
6487	22251	1
8609	11269	1
5928	3451	1
16954	12788	1
18070	2262	1
6058	1558	1
564	8815	1
18594	3975	1
18632	11948	1
4589	6513	1
6894	3026	1
9563	18582	1
22826	1514	1
6242	9300	1
10391	6803	1
7951	483	1
1188	6506	1
5630	5723	1
6842	2142	1
21570	9391	1
14551	9391	1
10922	8000	1
3204	22771	1
564	4576	1
13713	15661	1
22089	22827	1
905	4576	1
8548	1701	1
7020	9342	1
9488	6315	1
906	2371	1
14215	22828	1
15232	15233	1
8280	5774	1
6921	5588	1
8799	6609	1
22829	2208	1
22830	22831	1
4635	6380	1
210	530	1
15149	22832	1
5920	5366	1
6073	10296	1
1791	926	1
10296	6073	1
22714	22714	1
20845	13273	1
15515	10296	1
17743	937	1
14268	11289	1
6729	10910	1
22833	22834	1
7863	18621	1
7711	18238	1
5366	5920	1
6538	385	1
9527	8314	1
5188	5701	1
5205	5204	1
6317	3880	1
385	2578	1
14001	5488	1
12861	8867	1
7553	6746	1
9425	11058	1
16768	22782	1
13032	22835	1
5867	3929	1
6869	7309	1
9992	10461	1
6039	11562	1
6921	3785	1
4755	2740	1
11058	9425	1
2740	4755	1
16021	11602	1
22803	226	1
17972	17972	1
14672	14560	1
2339	22575	1
8991	6805	1
10457	10457	1
22791	159	1
7452	744	1
564	363	1
22582	22240	1
21513	22240	1
22413	9680	1
18582	9563	1
1093	17772	1
21759	1472	1
3975	18594	1
18089	18090	1
5027	3366	1
4038	5849	1
22836	22836	1
11390	8384	1
8548	3401	1
22837	22837	1
13900	16502	1
5378	1921	1
4135	5560	1
22777	10638	1
5318	18179	1
19716	19716	1
6037	16287	1
1559	22838	1
12238	12431	1
16460	14078	1
4816	13455	1
8493	5717	1
11382	5717	1
19606	5200	1
17090	16581	1
564	10638	1
22434	21771	1
19884	8756	1
10390	13877	1
10604	140	1
8880	13877	1
1872	4577	1
17090	12795	1
4299	518	1
16289	4038	1
22758	22758	1
14109	3011	1
5920	2358	1
18046	15076	1
2578	385	1
18653	19700	1
4119	18727	1
13315	13048	1
8490	19700	1
5849	4038	1
2172	12580	1
17849	21513	1
14455	21513	1
22645	22839	1
5775	15438	1
1956	3461	1
1701	8548	1
22840	10132	1
564	4457	1
19700	18653	1
22496	5340	1
14825	21513	1
6898	11372	1
16502	5944	1
22841	10759	1
4038	7188	1
13497	20316	1
14366	10385	1
22773	22773	1
5632	5631	1
22240	21513	1
159	6713	1
20316	13497	1
5600	7861	1
7553	4074	1
19473	22769	1
19963	10212	1
3436	9980	1
18919	1913	1
4013	22842	1
5267	5107	1
825	1694	1
1305	3527	1
7741	7031	1
22263	7031	1
9366	15277	1
17432	13586	1
22769	19473	1
2519	2518	1
10228	22758	1
13550	6958	1
10759	22841	1
6513	12565	1
19700	11161	1
2518	2519	1
10082	7512	1
21513	21951	1
7645	3353	1
13350	10183	1
5107	5267	1
13013	7453	1
3238	3239	1
7138	6860	1
11372	18188	1
19730	16516	1
14343	12565	1
165	471	1
10542	7309	1
22843	13671	1
5142	7681	1
13314	4403	1
13671	22843	1
15792	16339	1
8412	11116	1
10183	13350	1
22841	19111	1
6805	2461	1
18188	11372	1
13196	7294	1
15438	11372	1
22844	22845	1
6843	15914	1
5970	20943	1
5411	8404	1
8208	10759	1
8372	13861	1
14197	3315	1
19111	22841	1
18467	271	1
22846	10118	1
22838	1559	1
22847	22848	1
1311	9669	1
14889	13826	1
11372	15438	1
16523	12565	1
10132	22840	1
9246	8176	1
21951	21513	1
1674	2611	1
16187	14982	1
16008	22849	1
5042	4196	1
9100	3464	1
12872	418	1
200	15438	1
8200	7735	1
2698	2194	1
19629	7735	1
20027	18841	1
11036	6849	1
12565	6513	1
6921	5850	1
21189	2480	1
22850	21682	1
17090	17783	1
17090	8290	1
10	10241	1
7278	13315	1
2371	906	1
270	2797	1
389	906	1
9201	2797	1
7258	12381	1
22434	5028	1
15254	9992	1
13433	1802	1
2840	6180	1
9076	11610	1
1802	13433	1
3785	6921	1
13593	1802	1
9300	6242	1
14607	6921	1
1599	6213	1
4084	6316	1
15014	5161	1
6538	10646	1
7294	13196	1
5263	8897	1
10	9	1
15784	9389	1
5091	424	1
7108	3545	1
10922	3105	1
19482	9066	1
12396	21513	1
15188	3105	1
10988	3602	1
6609	8799	1
6066	22777	1
3545	7108	1
3079	3333	1
6213	1599	1
4602	1217	1
8493	9389	1
4726	11031	1
21067	11711	1
9217	7695	1
7254	2416	1
3992	17609	1
3021	20281	1
21513	12396	1
12416	17252	1
22851	730	1
1942	17609	1
12565	16523	1
22772	4013	1
2702	2826	1
6097	19239	1
11031	4726	1
1828	5778	1
21570	10930	1
13851	1987	1
14551	10930	1
13271	15470	1
3333	3079	1
4830	4763	1
17326	14903	1
3268	7730	1
15842	17081	1
13621	18223	1
2832	16958	1
14165	6901	1
7188	4038	1
8548	2165	1
22015	10638	1
4763	4830	1
11987	7308	1
11610	9076	1
6713	159	1
22434	4554	1
9716	7102	1
9992	15254	1
6921	7308	1
390	9300	1
10461	15254	1
12568	6901	1
9426	6202	1
6513	6576	1
7861	5600	1
22417	12123	1
13315	7278	1
4196	5042	1
4038	8830	1
295	107	1
18179	5318	1
7491	7416	1
3006	2586	1
6316	4084	1
22434	814	1
3451	5928	1
22452	21017	1
15678	21017	1
15254	10461	1
21424	20665	1
11893	3177	1
4047	8967	1
9335	2617	1
1987	17378	1
5366	5921	1
824	2017	1
5367	5921	1
10537	12096	1
4442	4086	1
2366	9717	1
6983	10869	1
19923	478	1
4113	2308	1
19442	15515	1
12096	10537	1
22852	22852	1
7308	11987	1
8876	4589	1
8404	5122	1
22277	16088	1
12747	22802	1
22486	22486	1
22853	22853	1
8333	8676	1
12626	8815	1
10	158	1
11836	11403	1
9251	9120	1
5896	7126	1
7334	15106	1
159	22791	1
20112	6228	1
6113	11256	1
2765	8959	1
8412	5559	1
8228	13552	1
4655	6533	1
1641	18528	1
6073	8323	1
9436	4580	1
5921	5367	1
4580	9436	1
22854	22854	1
8404	5411	1
11403	11836	1
16399	10000	1
8830	4038	1
8323	6073	1
22848	5072	1
2646	7857	1
6499	7052	1
6901	14165	1
2194	22855	1
3949	3723	1
14596	5150	1
15338	7811	1
3105	15188	1
22856	17569	1
22857	16535	1
8222	5150	1
13149	16326	1
11256	6113	1
13552	8228	1
14903	17326	1
14895	14895	1
17446	4490	1
22858	14212	1
12773	13289	1
12123	22417	1
14212	22858	1
7730	3268	1
7309	9790	1
9300	15632	1
15632	9300	1
7254	562	1
19748	2216	1
1469	3949	1
7451	15626	1
993	3270	1
166	167	1
8201	10163	1
7594	13315	1
15515	19442	1
18756	9269	1
14315	6853	1
7254	14841	1
9217	7158	1
505	492	1
6315	9488	1
7721	1119	1
11479	3137	1
7789	9765	1
15106	7334	1
14947	21015	1
564	7644	1
625	624	1
18121	624	1
2360	2227	1
13433	300	1
10475	9069	1
4627	6200	1
3723	3949	1
5563	8950	1
10179	9069	1
6140	3626	1
13884	8280	1
7512	10082	1
21017	22452	1
11397	9690	1
21570	7831	1
5632	22859	1
3626	6140	1
11036	2532	1
2565	6752	1
11036	7213	1
11711	21067	1
9690	11397	1
22858	22721	1
62	54	1
21017	15678	1
8868	13980	1
418	12872	1
10759	8208	1
22721	22858	1
21968	20107	1
21906	21906	1
8949	14968	1
15842	1224	1
22860	3926	1
5823	5111	1
22855	22855	1
3949	1469	1
13980	8868	1
3723	5111	1
16762	14947	1
5111	3723	1
21015	14947	1
7764	5823	1
19277	9511	1
8548	7932	1
5607	7107	1
7688	4621	1
11036	16321	1
16516	19730	1
8815	12626	1
2091	2529	1
5652	3119	1
7551	5692	1
7756	12185	1
9872	11631	1
5692	7551	1
5442	3950	1
14807	14869	1
1360	6918	1
6279	6445	1
5101	9087	1
1311	8669	1
1504	5380	1
15014	8670	1
845	13573	1
16937	8543	1
16139	11047	1
9248	4939	1
15014	8702	1
13573	845	1
1311	7089	1
16980	3240	1
14551	10713	1
21570	10713	1
3240	16980	1
8066	766	1
22052	11344	1
22861	4501	1
4760	4344	1
107	295	1
8498	10715	1
7838	21561	1
5225	21969	1
22862	1904	1
13150	6875	1
4299	3240	1
22717	10754	1
4315	4681	1
11940	4533	1
8864	3641	1
15014	12498	1
5200	19606	1
12571	12096	1
5227	3438	1
5041	12776	1
5489	2479	1
1040	2705	1
16139	10715	1
11943	14779	1
11204	22758	1
22863	22863	1
8670	15014	1
8702	15014	1
12580	2172	1
12498	15014	1
18479	13750	1
14779	11943	1
6183	11260	1
1338	1523	1
2216	19748	1
16847	16847	1
4034	2496	1
14197	5581	1
11851	13032	1
15014	15554	1
11844	12936	1
2496	4034	1
15554	15014	1
7776	8803	1
13730	22864	1
16255	14150	1
10266	487	1
5977	2172	1
18993	22811	1
8420	14816	1
4589	8876	1
22864	13730	1
14816	8420	1
1119	7721	1
12748	2902	1
1469	3723	1
8803	7776	1
6958	13550	1
12170	5920	1
22865	12295	1
14672	447	1
7107	5607	1
2172	5977	1
5555	2814	1
16054	10646	1
3723	1469	1
15435	17321	1
564	863	1
18934	22758	1
6513	9330	1
15773	10784	1
9797	7109	1
22866	6378	1
11836	3767	1
15889	3166	1
3616	9645	1
7953	207	1
4939	9248	1
11630	22729	1
11344	22052	1
21969	5225	1
10635	22492	1
7553	5868	1
447	14430	1
17090	11271	1
16161	12312	1
12345	272	1
2308	4113	1
207	7953	1
979	5314	1
9069	10475	1
14430	447	1
15312	15312	1
9330	6513	1
2543	2543	1
3975	3975	1
6921	2543	1
8033	2479	1
22576	21677	1
18635	11826	1
3767	11836	1
9237	21539	1
2479	8033	1
6869	9790	1
6811	7056	1
11826	18635	1
7056	6811	1
8903	11387	1
19500	13204	1
22855	10082	1
11387	8903	1
22867	22685	1
4421	9300	1
10050	2183	1
17090	8715	1
7267	953	1
634	3674	1
5488	10784	1
13884	15586	1
795	5578	1
17090	14715	1
12804	9960	1
