214	8177	1
9099	9100	1
3497	2190	1
9100	9099	1
10663	2941	1
20980	20980	1
9100	4857	1
4857	9100	1
20705	1740	1
15188	22729	1
19442	9723	1
14835	7193	1
19473	22769	1
11038	11038	1
8973	9239	1
19674	5262	1
3149	7345	1
5380	12626	1
5204	5205	1
12134	8763	1
12936	11844	1
22769	19473	1
7211	5524	1
9239	8973	1
15194	9409	1
16205	12312	1
18315	9917	1
11002	2571	1
3252	12062	1
8763	12134	1
2297	4555	1
14281	6845	1
9695	18649	1
22403	9645	1
3311	10716	1
6450	4555	1
19700	18439	1
10927	18439	1
5461	8609	1
16937	8543	1
3308	3155	1
5402	15468	1
4408	12840	1
14413	16163	1
3311	4341	1
2481	2441	1
3337	5691	1
4047	5691	1
22744	8761	1
7273	9100	1
13694	7495	1
9100	7273	1
6450	7495	1
10140	8386	1
20316	10240	1
1660	4293	1
2911	226	1
17576	5382	1
6812	9250	1
624	18121	1
906	389	1
22770	16243	1
2874	11407	1
3452	3037	1
18635	11826	1
20094	3999	1
13829	5593	1
1096	4341	1
7703	16168	1
3745	20945	1
1249	22771	1
4092	11826	1
5294	20428	1
11826	4092	1
3547	3380	1
22009	5461	1
16855	8896	1
11826	18635	1
12048	20183	1
14478	7622	1
4977	19850	1
14807	16168	1
6450	5710	1
6771	7543	1
21887	9275	1
14277	14277	1
17179	438	1
20668	438	1
6839	1499	1
17816	13990	1
84	86	1
15773	10784	1
4346	3722	1
22171	22735	1
17180	2579	1
10241	10241	1
1099	6424	1
646	22434	1
1723	2520	1
2520	1462	1
1462	2520	1
4959	2520	1
2520	2520	1
8689	2520	1
2521	2520	1
22772	4013	1
8241	8241	1
16168	14807	1
801	15878	1
2958	21938	1
14869	14807	1
13812	22255	1
22754	22745	1
22773	791	1
1871	3260	1
21850	14898	1
22571	14321	1
20237	20237	1
22712	22712	1
84	7480	1
22038	22038	1
13877	6113	1
3582	238	1
12072	11103	1
3499	6128	1
3260	1871	1
14302	20480	1
4047	2677	1
84	19995	1
6689	18188	1
84	1704	1
17796	18801	1
3311	14634	1
7254	22163	1
12029	12336	1
3342	22211	1
5318	21387	1
5885	1487	1
11455	21387	1
1099	5006	1
1120	294	1
12018	19610	1
2047	6104	1
12558	12558	1
6450	3775	1
16654	5775	1
15438	5775	1
21428	21427	1
854	2710	1
14321	22571	1
5160	4489	1
11820	4219	1
5775	16654	1
11387	10611	1
10611	15720	1
6295	11315	1
22241	22582	1
1629	5227	1
15438	18188	1
17093	9882	1
14835	2611	1
1674	2611	1
1176	2645	1
1099	9404	1
4246	7776	1
2751	2751	1
2276	2673	1
16322	22530	1
16276	17280	1
3308	13938	1
1629	7079	1
384	4606	1
3237	422	1
6450	6177	1
6513	6576	1
84	21794	1
22774	22530	1
5945	6290	1
7121	7178	1
7899	9687	1
22530	16322	1
16581	8328	1
5945	1378	1
7033	5305	1
4341	3311	1
1096	4843	1
18649	9695	1
5775	15438	1
18188	15438	1
4692	1213	1
11022	5799	1
5316	2142	1
6927	1022	1
4384	5835	1
7810	3234	1
4977	1238	1
10685	12274	1
11204	16962	1
21946	22775	1
11844	20170	1
7338	3523	1
22649	19189	1
6261	8843	1
12779	5366	1
6845	14281	1
5835	4384	1
8027	14281	1
22760	14350	1
12010	1022	1
12596	2138	1
7421	5663	1
22776	4981	1
1022	12010	1
9022	4981	1
22649	21833	1
2961	5244	1
5577	5576	1
13699	425	1
1096	1913	1
8328	16581	1
1099	4033	1
1096	22307	1
9987	2049	1
15617	14483	1
7153	7340	1
1038	6556	1
18728	15942	1
18103	17014	1
15942	18728	1
2480	3523	1
3610	3641	1
17069	2550	1
21028	22147	1
7033	5243	1
7928	14917	1
9285	8238	1
16150	17059	1
5743	5977	1
4838	560	1
6576	6513	1
6450	8799	1
20480	14302	1
2354	3830	1
6169	690	1
5243	7033	1
3337	5753	1
19021	370	1
243	24	1
22777	6066	1
4965	690	1
9391	19035	1
4246	1113	1
6234	5560	1
20321	6997	1
9161	9160	1
564	9872	1
776	2491	1
891	16966	1
15468	16342	1
12336	12029	1
9488	6315	1
6430	2950	1
21850	20926	1
16163	14413	1
22778	18103	1
19625	22779	1
3105	4343	1
14844	8092	1
8238	9285	1
5945	10861	1
7020	9342	1
13884	8280	1
4956	19626	1
3523	2480	1
24	243	1
5977	2172	1
560	4838	1
84	87	1
1096	3020	1
10240	20316	1
4890	8280	1
17196	16703	1
6450	4905	1
19063	10646	1
2061	2060	1
5008	13048	1
22735	22171	1
1503	1139	1
13877	9438	1
21177	14079	1
7217	7109	1
227	632	1
5988	6748	1
7993	7630	1
3567	718	1
9251	10389	1
10855	17520	1
21997	13736	1
5663	7421	1
22708	6843	1
4009	4010	1
14835	11161	1
13736	21997	1
1119	213	1
8420	14816	1
5690	1618	1
14816	8420	1
20205	7740	1
6104	2047	1
22434	16340	1
1629	19417	1
5366	5920	1
15706	11414	1
5922	1618	1
11581	22780	1
6113	13877	1
16460	14078	1
14078	16460	1
3610	2087	1
277	2273	1
5210	7033	1
17196	9607	1
8611	5096	1
9273	5222	1
2520	2521	1
22781	22781	1
493	1193	1
15468	10410	1
13877	5818	1
2481	7932	1
17326	20711	1
2713	870	1
3610	2479	1
5988	6959	1
370	15422	1
13552	8228	1
19743	22782	1
4047	4346	1
5205	5204	1
7033	5210	1
1674	15745	1
7824	5363	1
756	20879	1
14274	17079	1
213	1119	1
3610	2420	1
200	15438	1
2172	5977	1
3830	2354	1
3311	710	1
17196	6539	1
3308	11390	1
5705	7177	1
5758	6113	1
4047	9480	1
13315	22718	1
22600	14505	1
14823	22783	1
11407	2874	1
1786	6113	1
13900	16502	1
3698	13512	1
13512	3698	1
8880	6113	1
3834	2371	1
5951	5929	1
22718	13315	1
5366	12779	1
19700	18653	1
7870	4838	1
7452	744	1
19409	7193	1
2102	6113	1
4567	4566	1
1629	10769	1
11022	10769	1
10457	13064	1
3545	7108	1
744	7452	1
6544	18928	1
22736	8181	1
6506	8181	1
7870	4538	1
5988	12497	1
18928	6544	1
19432	7671	1
6077	6076	1
20945	3745	1
8991	4743	1
3826	966	1
7870	933	1
7028	5332	1
58	9680	1
22784	131	1
8280	13884	1
5818	13877	1
6843	15914	1
15385	12899	1
1064	12899	1
3107	5256	1
15807	5256	1
5717	11382	1
7940	7940	1
5945	4034	1
4733	9634	1
4294	12381	1
6076	6077	1
5481	4980	1
11972	7852	1
5222	9273	1
9268	22394	1
1618	5922	1
11414	15706	1
1871	720	1
9285	6366	1
1096	8181	1
6729	10910	1
4914	19120	1
8400	5674	1
18111	21686	1
7543	6771	1
4887	17324	1
2843	2832	1
17326	17324	1
3308	15013	1
9785	15013	1
6530	17431	1
84	15466	1
8306	5674	1
11027	7853	1
1629	4862	1
788	1512	1
3234	7810	1
14868	17324	1
2371	3834	1
3398	9311	1
10082	21759	1
20428	5294	1
6450	9960	1
14700	11268	1
1096	14239	1
8280	4890	1
2479	5489	1
12035	22785	1
13261	10903	1
19700	13204	1
21759	10082	1
22786	19993	1
4808	29	1
6371	17459	1
143	2190	1
3315	14197	1
17280	16276	1
17459	6371	1
1096	11120	1
9065	10903	1
3992	17609	1
6414	10807	1
10415	11135	1
2941	10663	1
16502	13900	1
12907	12907	1
14807	7276	1
12840	4408	1
7662	510	1
3999	1656	1
5237	22787	1
5945	7115	1
3311	19004	1
22788	503	1
3461	1956	1
12381	4294	1
5316	9122	1
21741	15453	1
12626	5380	1
17324	17326	1
4838	13046	1
1512	788	1
84	66	1
2481	696	1
9634	4733	1
18276	15449	1
13777	21488	1
84	16411	1
16340	22434	1
1757	932	1
15720	10611	1
13289	12773	1
5262	19674	1
3339	3522	1
15561	1113	1
6446	5560	1
21177	22789	1
3308	2699	1
7671	19432	1
5692	6643	1
3236	7772	1
20183	4555	1
22790	16211	1
510	7662	1
4751	16355	1
6122	6017	1
11403	11387	1
22791	159	1
7786	5318	1
19237	13246	1
4838	3237	1
7418	2933	1
84	1703	1
14350	22760	1
5674	8400	1
19626	4956	1
9388	15784	1
22792	22793	1
19993	22786	1
6450	5993	1
5945	3361	1
159	22791	1
5902	8959	1
1096	2620	1
15784	9388	1
2481	2478	1
5094	6375	1
11372	5318	1
2900	18928	1
18102	17844	1
11414	19543	1
5988	822	1
2573	2571	1
6860	7138	1
15254	10461	1
2611	1674	1
3999	5642	1
22082	14917	1
10376	15784	1
20663	20663	1
22781	11537	1
13325	5707	1
2297	15866	1
15194	21574	1
17324	14868	1
3950	5442	1
17520	10855	1
313	314	1
5800	7741	1
8181	6506	1
15468	6624	1
4449	11758	1
1188	6506	1
1096	2488	1
11767	3306	1
6506	1188	1
11836	11836	1
5723	5630	1
6624	15468	1
4051	5408	1
9785	2604	1
5988	4940	1
4084	3366	1
18928	2900	1
5027	3366	1
1096	3177	1
3311	6913	1
22794	16744	1
4047	4662	1
18121	624	1
1193	493	1
21714	2192	1
7730	5713	1
4216	4687	1
7989	2863	1
5257	7480	1
17956	22795	1
5129	5129	1
8332	21843	1
8460	13932	1
15503	11301	1
20099	6937	1
8332	8334	1
15106	7334	1
7334	15106	1
13315	13048	1
13485	1287	1
1037	6647	1
11087	3546	1
22796	8191	1
22797	19617	1
20746	4621	1
22298	8815	1
2192	21714	1
12805	9359	1
5988	6380	1
22662	12964	1
14807	14869	1
1897	8222	1
11313	7389	1
9815	7136	1
20024	20024	1
5945	7143	1
10179	19955	1
22452	791	1
6530	1188	1
6315	9488	1
21464	10335	1
8191	22796	1
9945	2600	1
9992	10461	1
3570	20235	1
7629	17276	1
7452	7109	1
7413	7730	1
3311	5673	1
10635	22492	1
6450	4747	1
5713	7730	1
9248	7413	1
18999	2863	1
14531	13581	1
4468	5895	1
11403	8903	1
22758	1940	1
1099	17615	1
8689	12811	1
16168	13174	1
10927	8725	1
11815	16273	1
3917	22636	1
10910	6729	1
22798	22799	1
13273	20845	1
21759	12900	1
1099	1188	1
98	1104	1
11022	7032	1
22551	19967	1
17840	11987	1
5630	5723	1
9785	10427	1
791	22452	1
5442	3950	1
389	135	1
18111	7481	1
7162	5791	1
9324	15868	1
22799	22798	1
1096	2585	1
13046	4838	1
1897	12340	1
3237	4838	1
20845	13273	1
12340	1897	1
4621	7688	1
5288	4725	1
8071	5089	1
6937	20099	1
22800	22131	1
7413	5096	1
7309	579	1
19700	8490	1
21843	6113	1
10927	8490	1
5673	3311	1
16744	22794	1
17446	4490	1
2049	9987	1
5463	6113	1
720	1871	1
7258	12381	1
5988	6021	1
20401	22801	1
19239	2459	1
14361	10374	1
8991	7084	1
22802	4601	1
11893	981	1
12900	21759	1
22801	20401	1
22781	6427	1
3610	16301	1
22803	226	1
1143	226	1
14695	17055	1
22804	20188	1
2933	7418	1
20103	8756	1
22582	22240	1
5443	7535	1
1987	13851	1
19884	8756	1
7688	4621	1
2481	1437	1
2481	3401	1
13270	1511	1
8950	5563	1
21071	21071	1
9009	17328	1
19702	19702	1
802	802	1
37	2342	1
5988	7341	1
1188	6530	1
15868	15869	1
16358	2886	1
19923	478	1
17328	9009	1
13350	4883	1
3042	5300	1
21850	22706	1
15869	15868	1
15422	370	1
22251	6487	1
5988	7738	1
13621	18223	1
4490	17446	1
7413	8611	1
1096	2935	1
13877	8880	1
5089	8071	1
10903	13261	1
6258	5086	1
21833	22649	1
2262	22805	1
5236	22688	1
7797	370	1
11689	22411	1
19189	22649	1
4601	22802	1
11987	17840	1
1469	3723	1
3723	1469	1
5086	6258	1
8864	11040	1
22767	22768	1
1213	4692	1
6017	6122	1
22806	21785	1
17431	6530	1
1113	15561	1
2368	11148	1
18223	13621	1
14197	3315	1
1096	10531	1
9782	11572	1
19401	11161	1
29	4808	1
4047	4084	1
5510	2460	1
13621	13621	1
13222	7317	1
5256	15807	1
4047	4106	1
18086	10609	1
3949	3723	1
3333	3079	1
8806	1064	1
13048	13315	1
1096	2810	1
3949	1469	1
1456	1469	1
2342	37	1
22434	646	1
6958	13550	1
5929	5951	1
4649	9488	1
3723	3949	1
5699	3975	1
14268	13870	1
5122	8404	1
5593	13829	1
8213	11817	1
3464	9100	1
2911	8830	1
3975	5699	1
1469	3949	1
19487	9488	1
1469	1456	1
4346	22807	1
15438	6883	1
21785	22806	1
1928	22808	1
6427	22781	1
21490	11988	1
22809	15034	1
1618	5690	1
9936	2578	1
1096	2228	1
11476	1220	1
21079	6845	1
2940	10772	1
9259	9259	1
5684	3160	1
6721	6649	1
5988	3503	1
7622	9276	1
14505	22600	1
18647	2722	1
4013	22772	1
3026	6894	1
13381	14041	1
8756	19884	1
14041	13381	1
15465	8680	1
6845	21079	1
2481	1858	1
3502	1064	1
15210	13421	1
19567	8699	1
10376	9479	1
7136	9815	1
20581	9815	1
