9742	329	1
7391	2148	1
8844	6213	1
22426	8451	1
10345	6552	1
16166	22369	1
22714	22714	1
18653	18653	1
4574	4619	1
22715	22716	1
15382	7174	1
15120	11416	1
7378	625	1
9436	4580	1
4580	9436	1
22717	12932	1
17002	61	1
61	17002	1
15533	17002	1
5821	5820	1
22369	16166	1
5307	1740	1
17938	6540	1
4250	2912	1
5048	395	1
16980	7175	1
7260	7175	1
12477	7481	1
13325	5707	1
4106	19850	1
2817	2297	1
6183	8035	1
9993	16144	1
21741	15453	1
19003	7592	1
1143	205	1
5707	13325	1
7175	7260	1
3037	3452	1
4864	7368	1
5048	3380	1
17797	636	1
16627	3382	1
1249	3885	1
9727	10634	1
1913	3502	1
21513	19679	1
3947	6959	1
9	10749	1
19986	19210	1
13571	4287	1
11676	9373	1
3452	3037	1
3502	1913	1
7178	7121	1
14844	3913	1
8944	328	1
13638	1688	1
22007	11643	1
4851	1402	1
3382	16627	1
4468	5895	1
5896	5072	1
21759	1472	1
8973	5906	1
7495	7622	1
13246	19237	1
13270	7908	1
12842	5481	1
9356	11883	1
5260	5261	1
5695	5109	1
5112	5113	1
18006	17995	1
5427	5234	1
13350	4883	1
257	482	1
643	7121	1
12533	9690	1
2049	4170	1
9259	9897	1
16322	1388	1
13421	10174	1
15320	6424	1
7174	15382	1
981	9689	1
6856	5684	1
10896	5684	1
13458	21259	1
3992	17609	1
168	21616	1
6396	3581	1
5327	881	1
5318	3826	1
2740	6183	1
7919	10708	1
7622	9276	1
10332	13046	1
4538	13046	1
3202	17599	1
4838	13046	1
5481	3043	1
9276	4747	1
257	143	1
4511	5473	1
13315	22718	1
2935	6670	1
2740	4755	1
490	261	1
22712	22711	1
830	1761	1
8867	12861	1
22683	18700	1
22010	16050	1
573	526	1
4287	13571	1
1635	4181	1
4597	3826	1
89	7046	1
4170	2049	1
20170	11758	1
13485	1287	1
7217	16241	1
11758	20170	1
5820	5821	1
2941	10663	1
261	490	1
22638	22638	1
3947	7215	1
14197	7108	1
9158	14820	1
17433	4598	1
15077	2179	1
11831	11758	1
22719	22719	1
5463	3351	1
5104	3868	1
8546	8545	1
6315	9364	1
6842	2795	1
5481	1188	1
22720	1997	1
13046	4838	1
496	1234	1
7487	7488	1
15397	7535	1
12779	5366	1
18957	6700	1
22721	9670	1
2891	14813	1
15368	10458	1
264	22500	1
17609	3992	1
14437	11321	1
10582	13803	1
1611	896	1
6086	19663	1
6097	19154	1
19154	6097	1
4647	4950	1
22722	18870	1
10896	12123	1
13421	12123	1
12123	13421	1
17002	15533	1
9670	22721	1
21616	168	1
13048	13315	1
10174	13421	1
12071	14657	1
1611	4074	1
14844	8092	1
3217	22047	1
10896	5096	1
7108	14197	1
13315	13048	1
8546	10986	1
22526	2651	1
6227	4196	1
5048	391	1
5884	15177	1
2572	1234	1
6082	7597	1
22723	16163	1
22214	22214	1
3015	14715	1
236	16312	1
20943	5970	1
5922	5	1
19491	13435	1
1265	18342	1
10896	6987	1
21513	14455	1
22347	22346	1
2984	2298	1
13421	18731	1
387	2571	1
2740	2427	1
4599	1534	1
2651	22526	1
8492	14612	1
2942	3710	1
5366	12779	1
14016	13965	1
2416	7254	1
13583	9479	1
21462	21462	1
5167	2028	1
1934	1227	1
2106	6997	1
8610	22369	1
3788	11642	1
7688	4621	1
7254	2416	1
18036	18932	1
6227	6228	1
10896	7258	1
3947	1045	1
7624	14031	1
3723	1469	1
18507	11451	1
4246	7776	1
9488	4649	1
6189	11451	1
14273	20365	1
22458	11451	1
22718	13315	1
22724	1081	1
5481	12842	1
264	253	1
19904	1751	1
2942	15659	1
18957	21830	1
7258	10896	1
11826	4092	1
1800	1514	1
16230	5612	1
10896	9863	1
13685	10651	1
13421	14949	1
11451	6189	1
22228	14361	1
6856	12497	1
10651	9281	1
19063	12085	1
6267	20073	1
12748	2902	1
18188	6898	1
18731	13421	1
3723	3949	1
5104	13378	1
863	20919	1
21759	5014	1
12076	21727	1
16904	15306	1
7006	4287	1
11758	11831	1
20919	863	1
5318	18179	1
14019	8028	1
8323	6073	1
6856	6022	1
16716	6900	1
20959	18179	1
2653	5219	1
9742	2192	1
6227	7204	1
2809	8181	1
7622	7495	1
6812	1605	1
6427	5189	1
1605	6812	1
380	6501	1
12302	11806	1
4092	11826	1
22434	5028	1
22047	3217	1
5549	5028	1
6533	3080	1
10080	14277	1
275	3980	1
257	301	1
2421	5722	1
5028	22434	1
14715	3015	1
3710	2942	1
19742	16675	1
9259	2420	1
3113	2942	1
9388	10982	1
10982	9388	1
11946	5548	1
9428	4406	1
16255	7416	1
747	22045	1
8122	420	1
1139	1503	1
5309	4505	1
7233	10749	1
2368	11148	1
22711	22712	1
4505	5309	1
11642	3788	1
16242	9732	1
22646	6193	1
420	8122	1
4987	7209	1
11164	22648	1
12772	1547	1
15485	22468	1
7389	11313	1
11961	11961	1
7138	6860	1
9276	7622	1
18852	18853	1
22468	15485	1
6856	6141	1
22725	20861	1
6997	2106	1
22104	22726	1
20956	19239	1
14277	7944	1
3679	14968	1
8382	22472	1
14968	3679	1
22369	8610	1
1059	5774	1
5263	8897	1
9028	18197	1
2716	3212	1
11311	22472	1
19543	11414	1
15750	16472	1
9259	6056	1
4747	9276	1
5581	3138	1
3138	5581	1
3216	20281	1
6842	2142	1
11946	14792	1
21934	21934	1
8935	16372	1
18384	5016	1
5104	2326	1
18756	9269	1
5072	5896	1
853	1240	1
18179	5318	1
6625	10507	1
3447	4233	1
5612	16230	1
4233	3447	1
16842	5357	1
14137	20653	1
17321	5357	1
5048	4968	1
8038	6536	1
4939	9248	1
20861	22725	1
1469	3723	1
3949	3723	1
12664	5161	1
95	1661	1
13676	13048	1
7334	4084	1
9300	2973	1
2973	9300	1
16947	12748	1
3017	425	1
5486	283	1
14792	11946	1
1731	6619	1
1534	4599	1
8377	5384	1
5692	6643	1
2019	3818	1
3865	3818	1
425	3017	1
4950	4836	1
14122	2961	1
830	6467	1
636	17797	1
22725	22725	1
17390	21153	1
4987	4920	1
4073	17179	1
13599	8735	1
22268	11776	1
22727	9545	1
7859	16221	1
22728	5453	1
5750	2399	1
5902	4328	1
4981	9022	1
4432	20528	1
20460	10749	1
3017	9724	1
12929	9223	1
4287	7006	1
22729	11630	1
11801	1970	1
2139	277	1
16647	10061	1
1161	75	1
12748	3623	1
8067	8051	1
8280	7088	1
18700	22683	1
9093	7607	1
5104	12446	1
2961	14122	1
14263	3333	1
18103	17014	1
9438	13929	1
15254	10461	1
10749	20460	1
5845	4781	1
7602	20300	1
10922	21317	1
13976	10081	1
22730	22730	1
5845	13030	1
6619	1731	1
10081	13976	1
8261	13777	1
13030	5845	1
6540	17938	1
3383	1064	1
22727	8642	1
22731	22731	1
3623	12748	1
21972	11530	1
4747	5782	1
15624	7822	1
22045	747	1
632	227	1
4328	5902	1
12815	7776	1
8991	7084	1
3913	14844	1
8092	14844	1
1265	9389	1
22732	22733	1
