3949	3723	1
7495	7622	1
7797	16245	1
4407	3420	1
6901	12540	1
2677	6052	1
6030	5234	1
7452	10319	1
205	395	1
9079	6036	1
6039	11562	1
7276	14807	1
12073	5221	1
9487	4533	1
17026	22452	1
21925	21925	1
1855	17040	1
2371	2673	1
7622	7495	1
6248	15555	1
6036	9079	1
1119	1120	1
5112	5113	1
4150	4151	1
4647	4836	1
22369	18826	1
22544	22614	1
8773	6135	1
22544	5543	1
3975	10968	1
1143	205	1
18826	22369	1
2076	1611	1
4946	20882	1
9493	4257	1
20653	17441	1
10968	3975	1
13187	18342	1
10524	7736	1
6619	1731	1
11688	11943	1
5234	6030	1
20744	20744	1
1311	1740	1
636	428	1
7008	4252	1
17225	6733	1
5000	15411	1
14391	6122	1
4252	7008	1
2446	425	1
2331	16333	1
15120	11416	1
3235	1642	1
13687	12650	1
7622	9276	1
8243	5650	1
10266	2446	1
5842	9	1
5860	12180	1
9276	7622	1
2970	22573	1
8932	10687	1
8172	14992	1
12601	10500	1
6540	17938	1
5136	623	1
17743	1349	1
13628	13951	1
20316	10500	1
5889	6909	1
9842	1936	1
22015	22654	1
3853	5857	1
19993	15789	1
4753	5857	1
16855	8896	1
1397	1345	1
2480	1897	1
22439	22238	1
22373	19305	1
22655	15000	1
3799	6550	1
5856	5857	1
11943	5857	1
12340	5857	1
7622	5857	1
8222	5857	1
5862	5857	1
4581	3744	1
11536	8261	1
22472	2118	1
2950	6430	1
17441	20653	1
2234	3954	1
10663	2941	1
18488	8827	1
5733	15583	1
6906	10285	1
1381	8864	1
4408	5154	1
15300	6892	1
7345	6730	1
16399	10000	1
5650	8243	1
7345	13023	1
17953	8820	1
4649	16029	1
14869	14807	1
4485	5939	1
1497	3706	1
22369	16166	1
22470	9300	1
8092	6521	1
1402	2284	1
13951	8490	1
20732	20732	1
4051	5408	1
68	655	1
14263	4555	1
8490	13951	1
1059	5774	1
906	389	1
16502	5944	1
13951	9436	1
5893	5797	1
9009	17328	1
17193	14001	1
3632	1220	1
6591	7804	1
22655	16735	1
3090	3380	1
655	68	1
5944	16502	1
21087	7804	1
13677	4241	1
7953	264	1
3590	1072	1
18242	19934	1
19505	19934	1
13595	12937	1
7334	9966	1
21513	19679	1
22627	22627	1
1185	3722	1
1185	4346	1
17225	402	1
14001	1921	1
22656	22657	1
7334	15106	1
9961	8579	1
22658	22658	1
8303	18124	1
22521	22521	1
22464	542	1
15583	5733	1
4187	738	1
3404	21776	1
22659	5663	1
22452	17026	1
1185	490	1
2519	2518	1
7056	13432	1
11372	6898	1
14105	11509	1
10285	6906	1
15438	6898	1
21443	6906	1
6521	8092	1
16581	8328	1
5944	8377	1
19305	22373	1
11141	3367	1
6419	11564	1
22660	4426	1
3235	23	1
20533	20333	1
2843	2832	1
3224	16937	1
3237	422	1
2546	6161	1
1523	1338	1
12345	10199	1
2518	2519	1
2121	20645	1
4727	5920	1
7008	5707	1
10390	19853	1
3113	6530	1
5154	4408	1
12334	6530	1
10199	12345	1
7620	4839	1
2673	2371	1
5958	1041	1
5085	9612	1
6262	5150	1
14510	4332	1
5612	16230	1
22145	22145	1
8812	13	1
5017	2428	1
13791	15972	1
14437	8723	1
5299	19889	1
6967	2901	1
7602	14968	1
18047	22661	1
11460	11460	1
3210	2827	1
22214	21513	1
1193	4209	1
15746	5326	1
3235	3315	1
16166	22369	1
19679	21513	1
1185	71	1
14825	21513	1
6473	21635	1
12396	21513	1
3738	4209	1
3383	12630	1
12630	3383	1
10638	22654	1
22433	12837	1
12466	13014	1
6452	6637	1
13046	4838	1
13023	7345	1
2106	14382	1
8579	9961	1
623	5136	1
7334	7535	1
1118	15064	1
20112	11102	1
6228	11102	1
13985	18179	1
6728	10914	1
14510	7308	1
11372	18179	1
17101	10620	1
3245	5078	1
3236	1504	1
15078	4184	1
7521	5709	1
11072	6958	1
1101	1852	1
11987	7308	1
15385	7308	1
22655	16995	1
16322	1388	1
484	485	1
18179	11372	1
16627	15229	1
13951	18439	1
1388	16322	1
22662	10708	1
22654	10638	1
3235	1611	1
940	7178	1
6591	8968	1
4490	5288	1
9373	7624	1
17442	11800	1
14535	14317	1
9248	7624	1
13951	16923	1
774	1558	1
13951	13310	1
4262	1022	1
1120	1119	1
16716	7042	1
13737	10620	1
496	11800	1
16862	13834	1
13050	16035	1
8328	16581	1
4315	812	1
11874	385	1
1041	5958	1
2037	1933	1
7391	2148	1
19889	5299	1
19553	14522	1
6430	2950	1
4912	4912	1
2130	2130	1
6591	9268	1
8723	14437	1
6728	16112	1
21633	7382	1
2941	10663	1
10620	17101	1
5368	2979	1
1084	3650	1
14946	17101	1
7624	9248	1
6213	1599	1
11102	6228	1
13951	5806	1
2807	4034	1
16372	8935	1
5806	6932	1
16112	6728	1
14807	14869	1
15972	11260	1
12788	869	1
264	7953	1
22263	5076	1
2917	17125	1
18574	3202	1
22663	22663	1
1185	3420	1
5348	5349	1
16167	16804	1
3202	18574	1
20943	5970	1
7682	162	1
5796	4876	1
4355	2383	1
5922	5	1
12540	1316	1
5581	3138	1
6030	9373	1
18089	18090	1
2784	11890	1
5979	9373	1
14150	14150	1
5222	9273	1
20656	20760	1
4498	15400	1
7008	6030	1
2755	15184	1
5176	5977	1
3138	5581	1
6550	3799	1
9872	3306	1
11141	12197	1
11776	22268	1
13215	6783	1
16075	20929	1
3440	6783	1
16502	13538	1
19	6163	1
8377	5944	1
5920	12170	1
9429	7861	1
22664	410	1
13822	5958	1
1897	2480	1
14197	14173	1
3235	1359	1
15234	16941	1
21345	2955	1
10361	22344	1
5180	6783	1
12622	5977	1
10831	6004	1
16537	18863	1
16194	15520	1
9724	2111	1
15438	4383	1
13048	13601	1
8501	4084	1
7861	9429	1
8195	12017	1
3244	11992	1
1599	6213	1
14173	14197	1
15400	4498	1
3824	3822	1
4696	2084	1
27	5	1
9141	14597	1
453	515	1
542	22464	1
6932	5806	1
14515	21477	1
13046	4538	1
3950	9314	1
16289	11640	1
11992	3244	1
9487	15461	1
6922	5861	1
14058	10083	1
3297	11455	1
12686	12686	1
16789	16790	1
7645	3353	1
12389	13671	1
9797	13900	1
3236	3442	1
5916	2735	1
22665	13206	1
6591	2440	1
15411	5000	1
5076	22263	1
20977	17055	1
20845	11781	1
5861	6922	1
16166	7389	1
7008	9100	1
2245	1122	1
9324	11179	1
4439	11897	1
95	1038	1
774	3537	1
15341	9100	1
12686	22666	1
5826	15400	1
1830	1305	1
16243	16021	1
4952	513	1
17324	4887	1
2116	2115	1
6783	3440	1
6107	17917	1
5857	5856	1
3235	5354	1
3999	1291	1
21122	5076	1
44	4534	1
12336	5391	1
11483	8931	1
12488	11242	1
3236	3853	1
1410	8799	1
10363	8931	1
11141	6088	1
13140	22175	1
22667	10483	1
8763	6787	1
12197	11141	1
2707	13470	1
7389	16166	1
16167	11161	1
11562	6039	1
6392	1934	1
22668	1934	1
22669	22669	1
22670	16733	1
3999	1656	1
8255	4064	1
2483	5382	1
1305	635	1
3867	3868	1
22671	2673	1
4100	17452	1
12266	22357	1
7714	6414	1
7308	613	1
1420	5717	1
570	2300	1
14996	22615	1
5391	12336	1
14124	9110	1
7334	6849	1
11289	14268	1
1185	3232	1
5916	3230	1
3262	16143	1
2355	5871	1
1793	4346	1
1800	1514	1
8799	1410	1
22452	7382	1
16937	3224	1
9110	14124	1
11642	3169	1
3722	4346	1
22672	22673	1
13671	12389	1
5678	13900	1
9366	15277	1
468	8519	1
16502	13900	1
4534	44	1
6163	19	1
14535	12170	1
1252	12281	1
17132	6070	1
3999	86	1
13951	18622	1
10319	7452	1
370	15422	1
2428	5017	1
11683	7163	1
9100	5017	1
4107	9369	1
10561	5017	1
7163	11683	1
13200	5017	1
12596	22498	1
15104	6609	1
5893	17098	1
22175	13140	1
22632	22632	1
11897	4439	1
8332	3743	1
1038	95	1
12017	8195	1
3245	4810	1
17055	1744	1
20076	18217	1
14546	15911	1
13834	16862	1
6480	7178	1
4478	4653	1
3625	6355	1
11836	13113	1
11416	15120	1
20882	4946	1
6849	7334	1
17101	14946	1
6787	8763	1
6783	13215	1
22650	9026	1
12336	8967	1
15106	7334	1
2480	14263	1
4521	1408	1
16167	8290	1
3999	12566	1
19742	16675	1
16017	7624	1
18635	4266	1
5758	6113	1
10896	5096	1
15789	19993	1
5136	12334	1
10473	21561	1
14510	11817	1
5382	2483	1
12568	6901	1
10083	14058	1
7416	7491	1
1745	3666	1
4346	1793	1
9300	22470	1
11824	3343	1
22648	11164	1
9314	3950	1
9692	10351	1
14263	3333	1
7624	16017	1
6671	5591	1
5798	4477	1
13046	10332	1
22638	13691	1
4034	2496	1
227	632	1
13421	13122	1
7334	16745	1
4941	11065	1
5717	1420	1
5136	4907	1
7334	14676	1
6843	10488	1
10982	9388	1
2997	3561	1
22277	16088	1
9410	10145	1
1209	22277	1
14398	7109	1
5916	2439	1
747	22045	1
14807	7276	1
6068	22500	1
11536	6853	1
14037	22649	1
12170	14535	1
5857	20183	1
2398	2422	1
10351	9692	1
2164	2072	1
10896	21803	1
6113	5758	1
13913	4951	1
17452	4100	1
5711	16646	1
1828	5778	1
20185	22674	1
7780	3445	1
5541	2212	1
21960	16270	1
2182	2094	1
6576	20672	1
1897	8222	1
13325	5707	1
2446	10266	1
5367	5366	1
3235	10749	1
2496	16980	1
2480	3545	1
6270	1229	1
7308	11987	1
9234	5363	1
15911	14546	1
14263	2480	1
945	6458	1
3464	8959	1
12185	14370	1
13939	7900	1
6017	14360	1
5797	5893	1
17098	5893	1
5660	4537	1
14054	14570	1
7714	8176	1
13951	13267	1
1185	821	1
6030	7008	1
9100	7008	1
11758	9085	1
6540	6286	1
5009	12562	1
16167	15451	1
5707	13325	1
11164	22648	1
7714	7753	1
8799	8799	1
4034	16523	1
61	6501	1
9369	4107	1
16523	4034	1
12562	5009	1
5366	12779	1
13174	22675	1
14535	14754	1
20853	20854	1
6990	17370	1
17055	20977	1
18124	8303	1
8700	8810	1
19668	19668	1
10473	5563	1
4950	21015	1
5154	5154	1
3445	7780	1
21015	4950	1
22030	5442	1
19295	5408	1
21803	10896	1
17917	6107	1
15626	15626	1
11414	19543	1
16189	1662	1
7714	9246	1
16167	18800	1
8367	12161	1
17441	2829	1
16167	16898	1
4950	4836	1
10816	22676	1
16605	16604	1
20960	11831	1
2422	2398	1
9569	22118	1
9269	22573	1
22545	22677	1
1185	70	1
16745	7334	1
14676	7334	1
8501	6371	1
6414	7714	1
3160	7012	1
8916	3383	1
14417	8212	1
16601	12104	1
4836	4950	1
6163	28	1
4653	4478	1
1509	1009	1
1229	6270	1
5366	5367	1
12779	5366	1
7334	4779	1
7008	7688	1
10611	8903	1
10145	9410	1
14478	7622	1
2185	12728	1
6815	6815	1
1841	13014	1
15064	1118	1
21210	837	1
3949	1469	1
1469	3723	1
8261	11536	1
5104	20401	1
17055	17055	1
3723	1469	1
7334	7703	1
21577	1822	1
5916	2810	1
1740	1311	1
3992	5503	1
22676	10816	1
14461	7703	1
3999	8280	1
4034	4946	1
10937	5821	1
12728	2185	1
4946	4034	1
22019	22014	1
17738	13455	1
3343	11824	1
13113	11836	1
5871	2355	1
6135	13701	1
5916	1026	1
7103	4395	1
6981	2863	1
2043	2863	1
22678	22464	1
15422	370	1
6371	8501	1
3999	9087	1
4332	9960	1
14612	8492	1
15460	22679	1
6927	20734	1
3629	1241	1
3999	20094	1
5707	7012	1
5354	158	1
2302	2303	1
16883	16883	1
11161	13474	1
18415	14058	1
20183	5857	1
7703	7334	1
17366	10713	1
12336	5392	1
15691	20647	1
1662	16189	1
3723	3949	1
2106	6997	1
1934	6392	1
5663	22659	1
8611	5096	1
12580	2172	1
1469	3949	1
19426	5	1
5775	15438	1
17062	18223	1
4437	4780	1
2678	4032	1
1462	3393	1
3021	17701	1
16947	2902	1
5028	5549	1
18223	13621	1
3013	16904	1
14370	12185	1
1064	3383	1
5381	10387	1
14779	16904	1
9769	3546	1
12312	15386	1
13140	2734	1
7602	5699	1
16817	6721	1
89	611	1
7622	14478	1
16904	14779	1
3999	4037	1
7012	5707	1
11988	22680	1
4084	6316	1
11690	2863	1
3324	4170	1
3433	2863	1
5510	5808	1
2734	13140	1
12815	4246	1
17434	6962	1
2111	9724	1
17923	17923	1
7561	2294	1
16899	11796	1
21741	15453	1
6489	6316	1
7776	4246	1
905	4576	1
20919	863	1
3816	3401	1
3170	10772	1
9031	4692	1
5318	3826	1
8903	10611	1
12503	22345	1
4257	9493	1
4032	2678	1
10831	6439	1
3383	1064	1
3826	334	1
6591	4704	1
13851	1987	1
4265	447	1
21079	6845	1
4759	4759	1
5920	5366	1
3017	1009	1
6845	21079	1
5411	7543	1
3017	9724	1
19148	19972	1
14886	9493	1
7543	5411	1
16317	2973	1
1016	7204	1
6788	4303	1
3366	6112	1
15825	5382	1
7852	11972	1
496	7204	1
4649	9488	1
737	997	1
4778	6112	1
7744	18040	1
997	737	1
12736	6112	1
6316	4084	1
3826	328	1
4303	6788	1
2172	12580	1
12898	6112	1
7926	5316	1
5789	3162	1
5017	10561	1
1886	321	1
6112	12736	1
6901	12568	1
3297	9488	1
12532	13563	1
