1611	4783	1
5711	16646	1
10997	5131	1
61	6501	1
17179	4073	1
7006	4287	1
4836	5888	1
2698	5888	1
14612	785	1
22721	16333	1
11256	6113	1
4687	2910	1
13694	13826	1
22691	20703	1
3845	1038	1
4084	7334	1
14699	14277	1
7300	5316	1
6122	6017	1
13325	5707	1
13133	3502	1
12842	2228	1
5707	13325	1
737	15239	1
3846	11642	1
15762	5382	1
16359	3458	1
9259	8647	1
20460	11714	1
3723	3949	1
11530	21972	1
4233	3447	1
271	272	1
9275	21887	1
5990	7299	1
5267	5710	1
5363	15528	1
17002	6501	1
12259	15528	1
7175	16980	1
11300	10349	1
22734	6424	1
20183	4555	1
13416	2520	1
8689	2520	1
20645	2121	1
16221	7859	1
3315	10749	1
14804	5294	1
20428	5294	1
2297	4555	1
564	7792	1
4092	11826	1
2740	2441	1
15277	9366	1
4106	19850	1
7408	14165	1
1660	2390	1
4406	4025	1
18077	22735	1
5902	4328	1
17719	12121	1
13365	5473	1
2520	13416	1
496	1234	1
13976	10081	1
1660	858	1
22736	5296	1
9158	6177	1
4123	2260	1
11300	8328	1
2237	2517	1
5156	3581	1
9160	9161	1
13315	13048	1
3930	2571	1
11260	6183	1
22464	22698	1
19441	22698	1
3447	4233	1
6236	9330	1
13048	13315	1
5366	12779	1
9330	6236	1
13694	10330	1
3217	22047	1
5869	5719	1
20664	15504	1
20300	7602	1
4025	4406	1
9480	4406	1
22472	8382	1
5869	8421	1
8773	7535	1
5443	7535	1
21443	6906	1
3426	1935	1
291	6501	1
7792	564	1
1660	6926	1
8938	19080	1
10749	3315	1
5473	4511	1
22737	22738	1
22434	646	1
260	455	1
7602	14968	1
854	3380	1
3849	5496	1
2942	15659	1
19840	15401	1
11313	7389	1
16166	7389	1
5410	5261	1
15504	20664	1
5773	5258	1
5267	14117	1
7031	7741	1
1660	3120	1
4287	7006	1
2901	623	1
6513	9330	1
3282	9268	1
16382	12678	1
5267	6700	1
9042	16062	1
1348	1349	1
4406	9428	1
14366	10385	1
8141	707	1
7217	4730	1
17014	18103	1
5861	6922	1
12558	14019	1
16947	2902	1
14281	20766	1
5267	4250	1
7989	2863	1
4950	4647	1
7389	16166	1
5294	20428	1
1096	21824	1
12816	6700	1
5845	11758	1
11758	5845	1
18046	17224	1
9388	17224	1
3029	3030	1
16507	15106	1
10385	14366	1
21071	21071	1
6700	12816	1
13599	16003	1
16980	7175	1
2740	4755	1
5267	6481	1
6279	6700	1
9314	3950	1
22452	1395	1
8328	11300	1
14968	7602	1
16166	22369	1
887	888	1
13605	14122	1
22739	22739	1
11826	4092	1
22740	22741	1
22735	22171	1
4650	4179	1
1660	2699	1
785	14612	1
5008	13048	1
13140	12816	1
15106	7334	1
6284	9223	1
22244	15749	1
22579	22580	1
8690	13021	1
4687	4216	1
7334	15106	1
22648	11164	1
8690	13014	1
9223	6284	1
13492	10081	1
10713	17366	1
737	1081	1
10081	13976	1
13278	10816	1
22742	21953	1
1081	737	1
11910	8404	1
21953	22742	1
20653	14137	1
22434	7551	1
10349	11300	1
7495	7622	1
7622	9276	1
3512	2807	1
22743	19526	1
5722	2421	1
10896	11164	1
10816	13278	1
10405	17729	1
11457	17729	1
22369	16166	1
478	17729	1
15504	17729	1
9248	2866	1
15061	17729	1
5579	5580	1
8702	7425	1
8690	17328	1
22744	7637	1
5970	20943	1
17254	4260	1
15401	7940	1
1265	9389	1
15621	15621	1
13048	5008	1
9269	18756	1
7940	15401	1
5234	5427	1
3030	3029	1
1188	6530	1
54	62	1
8903	11387	1
17729	15061	1
7703	7334	1
3992	17609	1
22745	13508	1
62	54	1
9158	1145	1
10320	7979	1
2804	1135	1
5718	5720	1
16956	6344	1
11113	8336	1
8336	11113	1
12848	20913	1
8690	8498	1
22745	22745	1
22746	22747	1
13508	22745	1
22748	12837	1
8690	5090	1
16003	13599	1
14127	2922	1
265	266	1
6761	5799	1
22394	9268	1
5519	7893	1
11946	14792	1
3356	3357	1
20943	5970	1
5593	13829	1
2604	9300	1
8690	10510	1
266	265	1
10083	8903	1
389	906	1
14165	6901	1
11387	8903	1
17328	9009	1
22749	22749	1
3739	16911	1
12568	6901	1
8382	22472	1
2665	4812	1
7639	6901	1
14792	11946	1
6073	8323	1
12540	6901	1
21345	2955	1
8690	5380	1
6730	7345	1
5267	7767	1
8690	15397	1
6414	10807	1
2866	9248	1
5267	6121	1
17543	18046	1
3282	16009	1
21387	5318	1
9815	17513	1
6082	5723	1
5581	3138	1
4838	13046	1
15306	16904	1
5104	6902	1
14792	14792	1
5267	5411	1
6761	11086	1
11031	4726	1
1410	5603	1
5881	2725	1
14240	14252	1
5603	1410	1
4343	3105	1
19827	19827	1
5267	613	1
22750	19319	1
5365	18200	1
7389	11313	1
3037	3452	1
15586	13884	1
291	14937	1
2725	5881	1
16904	15306	1
3138	5581	1
22434	4554	1
18121	624	1
6901	12540	1
9161	9160	1
1674	15745	1
8839	7909	1
3333	14263	1
16147	17282	1
19556	15827	1
1618	5922	1
906	389	1
9391	16168	1
1064	3383	1
10930	16168	1
14483	15617	1
15745	1674	1
3383	1064	1
15504	478	1
3949	3723	1
11086	6761	1
5799	6761	1
22163	7254	1
2593	7254	1
6649	6721	1
9485	4428	1
14277	7944	1
16062	9042	1
16273	21238	1
635	22751	1
22464	11148	1
3176	1759	1
7175	20882	1
14244	21238	1
4812	2665	1
20882	7175	1
19111	19110	1
14867	1646	1
16168	9391	1
8177	214	1
1389	1804	1
5869	11414	1
4123	1103	1
22752	9436	1
10651	11414	1
4606	384	1
20528	4432	1
17207	228	1
7859	16221	1
17995	18006	1
14123	21686	1
15628	4507	1
8611	5096	1
1287	13485	1
22753	22753	1
1646	14867	1
291	20252	1
12286	12287	1
9732	16242	1
4507	15628	1
2573	2571	1
14281	8027	1
22396	21896	1
22745	22754	1
624	18121	1
8323	6073	1
16987	22755	1
22756	22756	1
13694	7495	1
7622	7495	1
20170	11758	1
13278	15513	1
24	243	1
2938	2938	1
3950	9314	1
1323	8367	1
12161	8367	1
17002	15533	1
1237	8367	1
13851	3315	1
22757	22757	1
3284	7668	1
22131	22452	1
9438	13929	1
10850	9026	1
5267	4905	1
8963	4903	1
11758	20170	1
6068	22500	1
3999	3999	1
7276	14807	1
862	4315	1
6499	7052	1
1597	22500	1
13273	16088	1
22758	22758	1
12840	4408	1
18330	12502	1
1302	4474	1
5307	4905	1
9860	10118	1
8903	10083	1
5267	2912	1
14849	5482	1
15513	13278	1
22698	22464	1
2231	22500	1
6104	2047	1
13455	15720	1
22729	15188	1
9093	22500	1
5482	14849	1
678	22500	1
8359	8540	1
193	22500	1
13592	6765	1
1022	6927	1
22722	8585	1
4355	2383	1
10424	2935	1
11987	17840	1
3177	2935	1
18690	2935	1
4872	2935	1
13692	19225	1
19186	19225	1
22759	2488	1
22747	22746	1
6213	2935	1
6097	589	1
15533	17002	1
2383	4355	1
12295	10192	1
14541	14478	1
3930	387	1
1740	20705	1
16273	16273	1
16502	13900	1
9300	2604	1
14478	14541	1
8723	14437	1
12787	18263	1
5678	13900	1
6563	9910	1
6689	18188	1
7299	5990	1
19080	8938	1
7622	14478	1
2935	3177	1
543	616	1
22760	14350	1
9248	4939	1
20375	5161	1
5244	2961	1
21787	14793	1
20076	18217	1
862	4681	1
3366	4084	1
12312	16205	1
2776	15461	1
18188	6689	1
9815	20581	1
9269	9269	1
3862	16783	1
7033	5305	1
17995	17995	1
9600	8430	1
2911	226	1
3688	17378	1
3947	4666	1
4939	9248	1
14197	7108	1
5305	7033	1
1469	3949	1
16242	9732	1
13605	2280	1
3342	1746	1
12788	16414	1
1143	226	1
9330	6513	1
22761	14478	1
16136	22762	1
1135	1491	1
22750	5581	1
84	15818	1
20769	15818	1
1487	5885	1
16273	11815	1
7334	7703	1
19812	7300	1
19189	22649	1
22263	5076	1
14835	14688	1
8533	17434	1
541	1365	1
5318	7786	1
17948	14688	1
7217	4409	1
14688	17948	1
463	1391	1
3515	3608	1
2496	16980	1
12683	12684	1
5524	7211	1
3162	5789	1
13777	8261	1
6649	2663	1
17948	9223	1
10611	11387	1
7108	14197	1
21407	19836	1
8357	6816	1
623	2901	1
22763	22658	1
4857	9100	1
22300	1499	1
2115	2116	1
9	11714	1
22764	22765	1
12626	5380	1
22736	22736	1
22766	22765	1
1499	22300	1
7543	6771	1
1099	2585	1
11820	4219	1
15452	15925	1
9100	4857	1
11936	370	1
478	15504	1
17916	15720	1
878	1498	1
6734	9331	1
7209	11714	1
291	2202	1
22767	22768	1
14849	3855	1
2116	2115	1
8330	5894	1
5086	6258	1
22768	22767	1
4315	862	1
12044	20882	1
9882	17093	1
21561	7838	1
9099	9100	1
6901	14165	1
5076	22263	1
8454	19957	1
22658	22658	1
7926	5316	1
21686	14123	1
2916	624	1
8763	12134	1
5267	616	1
4477	5798	1
3234	7810	1
12134	8763	1
13826	13694	1
10807	6414	1
10330	13694	1
9100	9099	1
7495	13694	1
