9223	12929	1
3229	5604	1
1326	6916	1
16947	2902	1
12929	9223	1
8280	13884	1
6916	1326	1
7008	3101	1
12748	2902	1
15586	13884	1
20663	20663	1
15106	7334	1
6337	7066	1
12396	21513	1
564	22868	1
21951	21513	1
15579	6158	1
21759	5014	1
17917	20075	1
11121	5234	1
6730	7345	1
9087	5101	1
944	11936	1
7341	11102	1
11161	19700	1
19663	17519	1
7345	10893	1
19210	18342	1
3641	6407	1
8991	466	1
958	1009	1
89	1731	1
16601	12104	1
4654	4812	1
15382	7174	1
8707	10614	1
9270	7203	1
6965	9105	1
12072	9105	1
21759	8460	1
12439	3616	1
10704	3110	1
358	3380	1
14375	959	1
906	389	1
8347	9223	1
5288	4725	1
22251	13028	1
9223	8347	1
11543	4783	1
22729	11630	1
9217	8666	1
14612	16131	1
7595	7592	1
9066	12650	1
6901	1316	1
12185	7756	1
13687	12650	1
14317	7863	1
3808	22869	1
7863	14317	1
2646	7857	1
8493	6587	1
11602	4506	1
7345	6730	1
6921	7767	1
4627	5680	1
944	1677	1
3333	14263	1
11614	3361	1
425	1677	1
3437	9857	1
1677	425	1
5488	14001	1
15223	17926	1
14001	5488	1
22171	22735	1
18212	12748	1
4403	13314	1
5354	5356	1
9335	2617	1
8935	16372	1
11161	19401	1
19401	11161	1
22870	22870	1
19969	22706	1
16330	14195	1
5791	7162	1
9209	140	1
9300	6242	1
3377	264	1
2521	2520	1
442	2520	1
7651	2520	1
19899	2520	1
4501	22861	1
2182	3351	1
6918	1360	1
140	9209	1
22855	13932	1
5442	11943	1
2091	2529	1
2814	5555	1
11943	14779	1
3085	6289	1
7066	6337	1
9837	20435	1
5372	16250	1
13647	8592	1
2182	384	1
5372	18188	1
8150	16731	1
20912	22486	1
22871	22871	1
5372	5694	1
5546	16663	1
7308	6921	1
2543	6921	1
7767	6921	1
3329	2604	1
13593	2548	1
19849	8100	1
1360	6918	1
6113	5758	1
6378	22866	1
21513	14825	1
8707	3170	1
4918	716	1
22039	1217	1
4602	1217	1
16179	7962	1
953	7267	1
22872	431	1
434	2487	1
11573	1234	1
5372	9596	1
13032	11851	1
478	19923	1
12072	4034	1
14444	391	1
3240	4299	1
4548	5489	1
5758	6113	1
12397	12773	1
16523	4034	1
11102	7341	1
1584	876	1
22777	6066	1
20869	20868	1
5248	5670	1
17925	6958	1
13884	15586	1
17917	17917	1
9268	22394	1
5922	5	1
1311	18622	1
4655	7535	1
12748	18212	1
15438	5775	1
9066	16703	1
18212	2902	1
14085	9604	1
7551	5692	1
12977	12977	1
22873	14153	1
5555	2814	1
2607	549	1
2519	2518	1
11630	22729	1
4057	4057	1
2182	3671	1
6765	5799	1
11851	13032	1
1053	6424	1
2518	2519	1
14887	12988	1
5799	6765	1
6855	22874	1
9604	14085	1
242	241	1
11602	18644	1
13314	4403	1
22874	6855	1
16676	10296	1
526	18356	1
1677	944	1
10361	22344	1
1389	5092	1
2807	2807	1
9105	12072	1
7962	16179	1
5442	5009	1
4034	12072	1
10080	14277	1
1185	70	1
1854	2134	1
18106	70	1
3722	70	1
4918	2580	1
22394	9268	1
11758	2611	1
5204	5205	1
8490	2647	1
2182	3208	1
5372	7033	1
5921	5366	1
13014	12466	1
6097	589	1
12184	1921	1
492	7042	1
3928	3929	1
22849	16008	1
11631	9872	1
15435	535	1
10609	18086	1
9375	1618	1
5442	9028	1
8707	8030	1
1559	2796	1
5867	3929	1
12072	11103	1
4344	4760	1
2182	2202	1
16131	14612	1
22875	22875	1
21561	7838	1
20458	13927	1
4763	4561	1
2510	22412	1
15599	9992	1
9066	11164	1
22671	14345	1
12988	14887	1
18342	19210	1
7714	7753	1
14825	21513	1
8078	4216	1
526	573	1
2182	3846	1
22240	21513	1
22827	22089	1
5604	3229	1
17926	1900	1
9411	16659	1
21478	21477	1
3160	5684	1
4655	2390	1
22735	22171	1
109	940	1
8807	8002	1
22413	9680	1
2548	13593	1
9066	9498	1
4918	49	1
14240	20446	1
3030	16659	1
20112	6228	1
14715	17090	1
8715	17090	1
11271	17090	1
2360	4057	1
2391	3666	1
20446	14240	1
22813	16075	1
11602	11411	1
5411	2484	1
10537	11411	1
17783	17090	1
12795	17090	1
16581	17090	1
222	901	1
9596	12345	1
4034	16523	1
11411	10537	1
6337	1624	1
4312	8488	1
21962	535	1
7416	7491	1
10031	6958	1
22876	16848	1
10614	2004	1
8707	5706	1
4036	11724	1
6965	6539	1
1389	2673	1
4506	11602	1
7730	5713	1
22807	22544	1
5261	22544	1
18644	11602	1
13750	18479	1
11411	11602	1
18468	22688	1
16502	13900	1
6965	1234	1
14165	13900	1
4057	2360	1
3286	7551	1
959	8776	1
2060	2061	1
6855	6855	1
3013	13899	1
4812	4654	1
5424	5742	1
5581	14728	1
18089	18090	1
3353	7645	1
2371	906	1
9375	18350	1
15034	22809	1
389	906	1
17571	835	1
8160	4724	1
1224	5742	1
15624	15818	1
14813	14383	1
14947	21015	1
358	4160	1
18238	7711	1
20371	22146	1
4655	6361	1
5797	2228	1
6965	14082	1
22049	22049	1
8897	5263	1
22089	3620	1
8950	15385	1
16517	4522	1
21124	21124	1
7741	5800	1
691	6958	1
20943	5970	1
996	12899	1
11630	718	1
979	5314	1
2228	5797	1
9864	9797	1
22877	22878	1
3329	1483	1
22878	22877	1
16703	9066	1
5970	20943	1
11563	15598	1
9391	9901	1
11164	9066	1
12200	2228	1
22828	14215	1
12072	2228	1
4981	22776	1
21513	12396	1
529	4004	1
2548	1802	1
19210	9389	1
13593	1802	1
12466	13014	1
690	4965	1
1389	22211	1
9754	8710	1
2134	1854	1
11442	14667	1
5354	7209	1
7209	5354	1
5742	5424	1
15339	22879	1
5216	12142	1
19111	22841	1
5372	15438	1
1619	5266	1
3166	15889	1
16560	18747	1
22417	22417	1
5356	5354	1
3315	3944	1
6647	13355	1
12367	12911	1
5372	3893	1
16659	3030	1
22880	22880	1
13900	14165	1
11714	7209	1
18747	16560	1
4655	1839	1
5381	10387	1
11602	19073	1
3620	22089	1
10087	13555	1
6965	5488	1
4369	22417	1
8707	6332	1
10139	11321	1
5488	6965	1
11159	20814	1
11767	10250	1
19073	11602	1
6539	6965	1
18642	18642	1
8707	7501	1
9770	20239	1
11988	11128	1
12804	9790	1
14212	22858	1
15598	11563	1
5951	5929	1
15691	20647	1
358	21647	1
17938	20239	1
9479	9479	1
14437	11321	1
564	238	1
18036	5972	1
18158	15229	1
14807	14869	1
3954	10177	1
14444	7028	1
906	2371	1
11421	966	1
18086	10348	1
21513	21951	1
3329	6467	1
876	1584	1
12842	7551	1
15110	7020	1
1943	6379	1
8377	5944	1
15461	16773	1
7529	22437	1
10869	6983	1
3110	10704	1
2182	9846	1
3383	16084	1
15958	7039	1
2935	18690	1
21714	2192	1
9066	4666	1
21498	21498	1
17519	19663	1
9066	3092	1
2517	2237	1
2484	5411	1
3308	13778	1
4149	3978	1
4655	1897	1
5221	681	1
12773	12397	1
18934	13149	1
9717	2366	1
11128	11988	1
8031	2109	1
1943	14252	1
2416	1954	1
5800	7741	1
21184	13274	1
14252	14252	1
6228	20112	1
2611	11758	1
5829	12250	1
18479	13750	1
9300	390	1
9436	22752	1
3616	12439	1
2227	4057	1
17956	22795	1
11455	3297	1
3042	5300	1
9066	4087	1
8430	9600	1
9246	8176	1
12804	8781	1
11602	7141	1
2687	1301	1
1006	1122	1
7141	11602	1
22752	9436	1
5300	3042	1
21112	3101	1
4760	4344	1
11056	11056	1
22493	22881	1
8707	9113	1
5944	8377	1
15076	18046	1
12804	6869	1
2192	21714	1
1943	7446	1
6354	8827	1
6499	7052	1
3404	6625	1
14444	3826	1
18528	1641	1
9160	9161	1
1301	2687	1
10420	8967	1
1323	8367	1
5283	6765	1
6242	9300	1
13685	1728	1
4655	6532	1
7739	12565	1
390	9300	1
2017	824	1
2506	6997	1
22544	5261	1
9222	9223	1
22881	22882	1
16156	15774	1
16399	10000	1
20647	15691	1
10355	1407	1
13590	16613	1
13485	13485	1
22882	22881	1
8162	18918	1
22858	14212	1
1954	2416	1
22883	22846	1
7599	121	1
22008	4748	1
9425	11058	1
13379	9218	1
22765	22766	1
15753	8057	1
12690	12439	1
8367	1323	1
12425	15724	1
14277	10080	1
624	13476	1
6958	691	1
13598	13261	1
3329	9300	1
18086	10609	1
11602	17261	1
1943	14239	1
5628	6854	1
14037	22649	1
12580	2172	1
21015	14947	1
16523	3924	1
6212	2703	1
676	4979	1
5823	7764	1
22752	22752	1
824	2017	1
3723	3949	1
8868	13980	1
15716	15716	1
3015	3014	1
10973	6121	1
3924	16523	1
3949	3723	1
9069	10179	1
5442	6258	1
11256	6113	1
4918	484	1
2742	1362	1
406	11826	1
22649	14037	1
13261	13598	1
10522	10522	1
9383	9437	1
5463	6113	1
7735	19629	1
17783	9436	1
10000	1005	1
241	242	1
14728	3138	1
9992	10461	1
4120	12626	1
8670	12650	1
10889	7932	1
15694	1782	1
1943	6126	1
1469	3723	1
7309	10542	1
18342	13187	1
8506	20161	1
343	62	1
5581	14197	1
8734	20161	1
5234	11121	1
1005	10000	1
17926	15223	1
1943	14240	1
13433	13433	1
5366	5921	1
425	732	1
10713	21570	1
2722	18647	1
8490	14898	1
4343	3105	1
10930	21570	1
8710	9754	1
8908	19047	1
11690	2863	1
8860	13275	1
17090	16581	1
13187	13187	1
732	425	1
16518	2813	1
16731	8150	1
7859	16221	1
3723	1469	1
1828	1827	1
387	2571	1
11511	8975	1
12804	7453	1
14197	5581	1
12059	13795	1
3079	9085	1
10219	7204	1
5599	5428	1
13288	4757	1
11602	15790	1
4757	13288	1
2391	3926	1
5428	5599	1
10335	21464	1
22802	19110	1
21498	20852	1
9248	2866	1
10639	14710	1
22884	22884	1
1331	4469	1
9864	9005	1
4112	20841	1
20841	4112	1
431	22872	1
13932	22855	1
16433	21874	1
5893	4034	1
1407	10355	1
22012	13564	1
22434	16340	1
22885	22885	1
2833	22886	1
4133	5874	1
8594	2087	1
13275	8860	1
9391	7453	1
1943	14113	1
8181	9024	1
6997	2506	1
8240	15066	1
12537	1954	1
16221	7859	1
3315	14197	1
7978	16830	1
17153	10831	1
3773	54	1
22776	4981	1
4918	3671	1
21914	21915	1
12565	9819	1
20220	22864	1
5282	2109	1
14197	3315	1
21915	21914	1
4038	14535	1
5442	14535	1
5510	5808	1
16537	14914	1
4748	22008	1
22824	15453	1
1997	3642	1
8328	16581	1
16287	6037	1
10184	20647	1
20161	8506	1
14280	5259	1
2323	1201	1
9707	623	1
16581	8328	1
22887	22888	1
21741	15453	1
7811	10783	1
18692	21759	1
14430	447	1
8488	4312	1
4447	22888	1
6210	5107	1
11017	9584	1
13476	624	1
11030	16967	1
4087	9066	1
15534	22889	1
6203	15617	1
10591	4765	1
10357	19783	1
9126	18928	1
21896	18439	1
1943	18928	1
4408	5154	1
2172	12580	1
12053	22440	1
22440	12053	1
12804	4227	1
1220	3632	1
12565	7739	1
22888	19040	1
21513	22240	1
3559	5630	1
7926	5316	1
1943	13390	1
22890	18207	1
21479	14903	1
22891	21897	1
958	752	1
3999	3573	1
15726	15942	1
1552	1064	1
20919	863	1
13665	510	1
2866	9248	1
5316	7926	1
6270	11661	1
5390	7940	1
1064	7446	1
4522	16517	1
10930	7453	1
12630	16802	1
9410	10145	1
21553	12635	1
15435	17321	1
20943	16802	1
4469	1331	1
12635	21553	1
14603	4981	1
10240	7822	1
14535	4038	1
958	370	1
17501	16802	1
3029	7453	1
12911	12367	1
