9671	17549	1
7020	9342	1
17859	17825	1
4534	5622	1
3710	13187	1
13573	845	1
8820	21556	1
6783	22466	1
17549	9671	1
2734	13140	1
13140	2734	1
15391	5504	1
22239	1903	1
12728	4626	1
8848	12472	1
13851	17646	1
15691	20647	1
9184	9479	1
22468	15485	1
14398	7109	1
863	1087	1
19090	16535	1
5318	11455	1
20647	15691	1
15564	2754	1
16456	16485	1
22388	4372	1
12153	10582	1
17358	16205	1
4626	12728	1
22472	11311	1
15741	15741	1
3396	2864	1
13586	14813	1
14383	14813	1
4167	10550	1
16255	15461	1
5581	4293	1
2891	14813	1
10319	7452	1
22476	22476	1
5125	6935	1
2011	16055	1
22018	22019	1
5896	11511	1
11511	5896	1
2152	1833	1
6369	1104	1
15661	13713	1
98	1104	1
9364	17562	1
4034	17543	1
22477	22477	1
17543	4034	1
22478	22478	1
1816	4332	1
1182	11598	1
5074	6370	1
8802	8975	1
7442	7443	1
1182	7466	1
5219	2546	1
13884	9155	1
6927	4962	1
7495	7622	1
9276	7622	1
6730	7345	1
6704	2125	1
2074	2073	1
7622	9276	1
5171	10831	1
22479	22479	1
13315	13048	1
3190	4245	1
22480	19335	1
18908	10464	1
5027	10464	1
6499	5353	1
22481	22481	1
17543	9117	1
6757	2874	1
5813	2914	1
8018	7175	1
1599	6213	1
22479	13911	1
5027	5482	1
8195	12017	1
3170	13140	1
9997	6113	1
13140	3170	1
10634	4696	1
10461	9992	1
10204	5008	1
7019	14277	1
9101	13140	1
5027	5691	1
22482	5691	1
16031	10909	1
15583	13140	1
7345	6730	1
22110	13140	1
7704	7705	1
8707	13140	1
11130	13140	1
6901	10437	1
18893	13140	1
8018	13140	1
1940	6331	1
21467	21467	1
3186	13140	1
7523	13140	1
5645	4673	1
4962	6927	1
22483	22483	1
19126	13140	1
9834	7028	1
10066	8966	1
2691	22448	1
1462	3393	1
2180	13149	1
6167	4090	1
3992	17609	1
16648	16649	1
2073	2074	1
8886	15471	1
21900	21185	1
17562	9364	1
4162	9503	1
2005	2006	1
4083	22484	1
5482	5027	1
15485	22468	1
10464	5027	1
15583	8404	1
14813	13586	1
22485	2331	1
6441	5041	1
2554	3383	1
9777	5206	1
2904	4955	1
7825	9687	1
9253	11632	1
6017	6122	1
799	798	1
5009	12562	1
22486	22486	1
15365	12456	1
2909	3212	1
6396	3581	1
8404	15583	1
3212	2909	1
12899	13392	1
3383	2554	1
20639	2916	1
17609	5503	1
5348	5349	1
16050	22010	1
5017	9618	1
6888	13392	1
3723	3949	1
5258	5773	1
17844	22211	1
1667	5414	1
14537	9300	1
6700	8126	1
18574	22145	1
22010	16050	1
20210	17048	1
12540	6901	1
2554	1126	1
7019	21015	1
3136	4335	1
762	4474	1
7019	6155	1
14816	5806	1
5504	15391	1
9378	21417	1
15391	3950	1
13562	19967	1
3823	76	1
22487	22488	1
3950	15391	1
11311	22472	1
5125	3978	1
4034	5893	1
5893	4034	1
20429	6959	1
7019	2524	1
15126	15391	1
1152	22472	1
9392	5628	1
8935	16372	1
22426	8451	1
3497	3139	1
5198	5196	1
167	21979	1
15552	3668	1
3668	15552	1
8774	4107	1
22489	22490	1
387	1184	1
7645	3353	1
3353	7645	1
8774	5888	1
2904	17459	1
859	22411	1
22491	22490	1
5000	15411	1
7019	7045	1
7662	18918	1
21631	22492	1
1072	3590	1
10061	5684	1
8774	5684	1
5027	5026	1
21979	167	1
6697	21855	1
15748	11297	1
1184	387	1
3502	6267	1
5354	10749	1
3479	6985	1
3949	3723	1
10061	13989	1
18800	9301	1
1245	7138	1
2555	18747	1
21238	21239	1
2646	3041	1
798	799	1
1469	3723	1
5353	6499	1
3723	1469	1
5419	8007	1
8774	3366	1
8676	1238	1
6197	5860	1
10061	9910	1
8774	9910	1
13270	13270	1
7543	11883	1
14081	13028	1
2636	2546	1
22325	6997	1
10749	5354	1
16215	22351	1
11883	7543	1
21417	9378	1
12180	5860	1
3852	18150	1
3891	8260	1
14173	14197	1
635	1270	1
8774	1900	1
15411	5000	1
40	97	1
3393	1462	1
524	816	1
2331	22485	1
5027	3855	1
3834	1656	1
2408	12314	1
10909	16031	1
4092	10363	1
13691	4949	1
10464	18908	1
8774	7291	1
1903	22239	1
22351	22351	1
21239	22240	1
3785	9385	1
22240	21239	1
4949	13691	1
22493	22494	1
4218	13273	1
2386	1806	1
180	264	1
10061	15058	1
9299	6113	1
2471	11511	1
22494	22493	1
10061	18415	1
10651	9281	1
14618	12540	1
8492	4445	1
7622	7495	1
10507	6625	1
8068	2842	1
1523	8959	1
5041	5351	1
2904	1754	1
1208	5695	1
1265	22495	1
5711	2017	1
17926	2842	1
12779	5366	1
2017	5711	1
11297	15748	1
13432	7056	1
13392	12899	1
4335	3136	1
4733	948	1
11973	6056	1
5582	3245	1
5027	10778	1
5628	9392	1
5351	5041	1
18131	19032	1
6363	4006	1
11301	12599	1
3891	5628	1
10204	12006	1
7776	4246	1
5650	8243	1
3216	11641	1
8774	5756	1
16872	11641	1
10204	6840	1
17719	12121	1
61	6501	1
17002	6501	1
8774	10427	1
10082	5014	1
3902	16703	1
5309	4505	1
6860	7138	1
20458	13927	1
10183	3688	1
5690	14420	1
17609	3992	1
1139	5327	1
7060	21556	1
10061	18731	1
21239	21238	1
8774	7151	1
8774	9863	1
2842	8068	1
8773	7901	1
5014	10082	1
21139	6700	1
7138	1245	1
13573	20861	1
9773	14198	1
1806	2386	1
8903	11387	1
20861	13573	1
8305	6059	1
2802	4525	1
9675	22446	1
10061	16647	1
9777	7049	1
5027	7049	1
11883	6771	1
8774	6059	1
1934	1227	1
2554	696	1
7452	10319	1
2703	22496	1
18330	10319	1
8243	5650	1
1126	3383	1
6700	21139	1
7019	4720	1
8774	16045	1
15576	11047	1
10061	12472	1
3085	6289	1
1785	5818	1
14618	2933	1
4291	15184	1
9522	2617	1
18977	21896	1
5806	14816	1
4755	12717	1
22471	4034	1
4034	22497	1
10363	4092	1
14546	15911	1
150	1374	1
9184	4034	1
18305	18174	1
3978	5125	1
4034	9184	1
8774	10459	1
6122	6017	1
22373	4637	1
7614	20861	1
7012	5707	1
19338	3160	1
10061	7481	1
8007	5419	1
12516	9123	1
16486	10940	1
1512	21	1
8258	4652	1
22351	16215	1
3569	3160	1
1220	985	1
4006	6363	1
11458	4074	1
2904	14172	1
4445	8492	1
21514	19967	1
5366	12779	1
5041	6441	1
6444	13200	1
5343	6222	1
213	1416	1
5027	4084	1
4439	7213	1
21981	7614	1
11268	9723	1
6035	3160	1
5614	5436	1
9248	2866	1
6649	8899	1
20823	3160	1
9429	9429	1
15911	14546	1
4418	8051	1
3489	8497	1
20668	20668	1
17923	14277	1
8336	10783	1
5695	1208	1
8122	3383	1
7089	11537	1
5180	4084	1
13140	7308	1
2677	3160	1
18800	20419	1
8051	4418	1
8501	4084	1
5381	10387	1
11537	7089	1
1143	226	1
4451	4450	1
15397	6352	1
21153	17390	1
3170	10772	1
3283	2827	1
10685	12274	1
10929	10861	1
12596	22498	1
8262	4039	1
5707	7012	1
1469	3949	1
1985	3383	1
9335	2617	1
4613	11996	1
9212	9211	1
16947	12748	1
10796	5895	1
4333	12946	1
4345	4346	1
21561	10473	1
13113	13113	1
150	7779	1
5880	6155	1
4039	8262	1
8899	6649	1
4293	1660	1
7223	4613	1
3688	10183	1
16732	3480	1
4532	15461	1
6155	5880	1
2471	158	1
5707	7008	1
6520	329	1
8650	6115	1
5660	1338	1
5860	6197	1
13713	15661	1
6771	11883	1
1714	3408	1
22499	11115	1
1897	12340	1
4613	9330	1
6115	15720	1
10061	8815	1
8774	8364	1
9211	9212	1
207	22500	1
17131	22501	1
150	4043	1
15720	6115	1
4838	3237	1
4304	15438	1
22438	18439	1
11283	7930	1
5678	13538	1
1611	2109	1
243	1397	1
4084	6316	1
5981	6155	1
5084	5931	1
4652	8258	1
2152	2342	1
15422	5546	1
1660	4293	1
5662	5472	1
16031	7267	1
15761	15719	1
10061	64	1
6115	8650	1
14715	8280	1
15855	15761	1
3237	4838	1
14899	11931	1
21759	5014	1
5058	7321	1
5014	21759	1
15664	10611	1
865	2261	1
10749	15567	1
6321	1850	1
18621	3257	1
12562	5009	1
5086	5087	1
7861	11718	1
3992	5503	1
22502	22503	1
2669	1850	1
1099	2865	1
12748	16947	1
11724	5248	1
7056	13432	1
3738	5128	1
2163	2298	1
5087	5086	1
5086	14968	1
6035	13747	1
1850	2669	1
2255	46	1
14968	5086	1
13149	2180	1
6842	2142	1
2397	6270	1
5027	6788	1
21722	21722	1
21860	12932	1
9897	11563	1
4438	5697	1
3136	4137	1
627	628	1
8830	226	1
14779	11943	1
5330	22047	1
6272	6272	1
9155	13884	1
1397	243	1
5932	10560	1
5773	5258	1
9581	9067	1
4501	14265	1
266	3350	1
9365	5259	1
7810	4346	1
1375	3350	1
2554	18212	1
8658	22480	1
21559	144	1
8773	7535	1
9117	16980	1
5410	1479	1
9154	4621	1
2511	2294	1
4950	8967	1
5206	9777	1
3196	9777	1
14968	5622	1
8976	12134	1
7267	16031	1
12748	2902	1
8763	12134	1
3949	1469	1
17519	19663	1
8774	12300	1
12413	11164	1
375	12345	1
17118	19883	1
9617	11164	1
12345	375	1
14917	19663	1
2765	11164	1
7258	11164	1
22504	18207	1
10167	19663	1
19883	17118	1
12203	5799	1
22505	18207	1
1062	1059	1
15413	7968	1
179	6515	1
6079	11164	1
11943	14779	1
13263	7968	1
7143	11164	1
6994	9910	1
6887	11164	1
16372	8935	1
12664	12650	1
5353	6059	1
22506	7213	1
6303	869	1
3915	15991	1
5894	6059	1
4346	7810	1
1119	869	1
5981	5880	1
22507	22507	1
4747	9276	1
22505	9212	1
10676	518	1
5896	5217	1
15577	4948	1
18553	18553	1
22508	22508	1
5460	7309	1
22507	17614	1
8774	8247	1
15438	6883	1
8162	7968	1
16287	6037	1
16923	13552	1
19663	14917	1
150	342	1
22283	22283	1
22509	22509	1
5027	10415	1
10940	16486	1
7967	7968	1
9150	7968	1
18831	6538	1
7019	5630	1
9717	7968	1
6936	7968	1
11283	9113	1
6624	6649	1
10415	5027	1
15391	15126	1
12881	18087	1
10325	11328	1
