18046	16923	1
11883	18438	1
10488	6843	1
7318	11258	1
8084	9777	1
16923	18046	1
12516	14103	1
8364	12516	1
22563	22564	1
14103	12516	1
18064	1375	1
7922	12516	1
4836	4950	1
8172	14992	1
4033	3502	1
850	95	1
5673	6845	1
11957	14305	1
4950	8967	1
6845	5673	1
16523	9389	1
9123	12516	1
22565	7568	1
11372	9331	1
70	95	1
1265	19210	1
12134	8763	1
13692	20210	1
8763	12134	1
14537	15552	1
2546	2354	1
22566	16958	1
2354	2546	1
6787	8763	1
15664	9222	1
10886	8724	1
4034	17543	1
13149	2180	1
9117	17543	1
8763	6787	1
4020	6296	1
12336	13710	1
17609	5503	1
22567	11830	1
21349	6507	1
5343	6222	1
15552	14537	1
2180	13149	1
10542	7309	1
7711	953	1
624	625	1
22568	3089	1
13778	3308	1
9342	7020	1
4903	8963	1
12802	15505	1
4890	7309	1
14087	15773	1
68	655	1
7534	7535	1
19238	4001	1
21513	22214	1
6213	1599	1
2735	7501	1
543	1188	1
13390	12587	1
11936	8914	1
7025	9805	1
7495	7622	1
21435	13477	1
2698	8854	1
12587	13390	1
8854	2698	1
5745	3561	1
22569	22569	1
11387	1238	1
8136	8031	1
21428	15541	1
18087	12881	1
1429	22452	1
7501	2735	1
20919	863	1
583	3183	1
3654	3655	1
3082	6051	1
4075	3954	1
17324	4887	1
13183	11034	1
22570	759	1
8136	9391	1
19242	9391	1
14382	22571	1
10	10749	1
6625	3404	1
14166	11759	1
271	272	1
655	68	1
4751	16355	1
9895	5979	1
14197	14173	1
3968	3762	1
6507	21349	1
8903	7024	1
10749	10	1
4560	5939	1
11034	13183	1
15720	7024	1
14317	14535	1
1161	75	1
12170	14535	1
8243	5650	1
4726	11031	1
277	655	1
7209	5354	1
5745	1200	1
5745	2785	1
18908	10464	1
926	1791	1
2842	6344	1
14537	3026	1
22572	16973	1
3026	14537	1
22573	2970	1
5227	3438	1
3438	5227	1
7309	4890	1
8590	3062	1
6906	3794	1
9961	8579	1
15533	17002	1
17002	6501	1
22574	317	1
9895	905	1
22564	22563	1
625	624	1
2201	16	1
13048	13315	1
18798	16326	1
11439	6937	1
6937	11439	1
2687	22247	1
7056	13432	1
1662	16189	1
6865	5684	1
22220	11137	1
9331	6898	1
11372	6898	1
14345	2765	1
18925	18925	1
8412	8412	1
5237	8412	1
10228	6056	1
18417	18408	1
13574	15226	1
7554	718	1
15505	12802	1
271	328	1
19560	7853	1
837	8173	1
328	271	1
7066	7853	1
14724	7853	1
543	2260	1
543	616	1
13315	13048	1
22267	16328	1
2339	22575	1
1599	6213	1
19043	8443	1
8412	5237	1
4662	18765	1
12881	16339	1
11830	22567	1
17798	22575	1
10427	5237	1
15468	15438	1
6056	10228	1
8340	6183	1
22576	10083	1
6942	17076	1
17002	15533	1
1161	2818	1
10749	15567	1
5232	5233	1
17026	22452	1
2749	5477	1
20164	22575	1
8492	4724	1
2926	22575	1
15438	5775	1
13018	663	1
9222	15664	1
11158	16958	1
21513	17841	1
4459	11521	1
5436	5614	1
2749	777	1
6898	11372	1
22461	5136	1
3376	1268	1
16980	9117	1
18765	4662	1
6383	5368	1
1051	3383	1
2532	2330	1
22577	22577	1
3200	3201	1
543	531	1
14321	20321	1
14570	14054	1
1179	8283	1
11936	19774	1
15038	13977	1
19615	2425	1
2749	173	1
5745	5753	1
12466	13014	1
22573	4499	1
2330	2532	1
11784	15184	1
11767	3306	1
543	14117	1
13590	16613	1
12396	21513	1
15438	4304	1
10464	18908	1
3477	385	1
22240	21513	1
22214	21513	1
5841	4622	1
917	2298	1
4863	4864	1
7863	2727	1
13453	4233	1
22578	22578	1
17324	5153	1
16230	5612	1
6906	8609	1
15626	7451	1
1983	805	1
543	1022	1
21940	13829	1
17543	4034	1
7556	10250	1
22579	22580	1
14969	2948	1
1833	3822	1
8451	22426	1
6185	3545	1
7602	3216	1
5745	1506	1
19446	10759	1
6562	8896	1
18170	805	1
1161	7480	1
5745	5987	1
4335	9300	1
7622	7495	1
3216	7602	1
10461	9992	1
6492	2297	1
3682	4617	1
5745	5871	1
15835	2369	1
4664	4621	1
16712	21785	1
13880	6022	1
16358	1624	1
13174	12853	1
22581	9223	1
1623	1624	1
1579	1580	1
395	205	1
3502	4033	1
20321	14321	1
22426	8451	1
9992	10461	1
21513	22240	1
22582	22240	1
4617	3682	1
2288	1905	1
1278	9675	1
11221	10977	1
13905	22583	1
16911	17861	1
3200	11312	1
1661	95	1
17365	11537	1
926	3981	1
3207	3208	1
17379	16266	1
16358	17442	1
22584	22373	1
543	7550	1
5411	11058	1
19920	11058	1
8656	8656	1
9300	17538	1
2749	9382	1
10977	11221	1
5215	7989	1
17614	1009	1
5163	203	1
18143	1972	1
22585	18779	1
2027	2028	1
2080	1295	1
4950	4836	1
22586	22587	1
9330	2480	1
14535	14317	1
22110	4862	1
10861	19442	1
1647	4164	1
11058	19920	1
4912	4912	1
13829	21940	1
3824	2454	1
4304	15438	1
1506	5241	1
8339	17538	1
21490	6792	1
16266	17379	1
3108	3111	1
14899	7308	1
13140	7308	1
16923	16923	1
15860	9000	1
9237	3111	1
227	632	1
4164	1647	1
15076	15076	1
6690	17092	1
4890	3849	1
4453	15590	1
8092	6521	1
6760	8359	1
8491	16873	1
5367	5366	1
3026	10087	1
344	9335	1
13626	6030	1
4127	9520	1
5241	1506	1
9335	344	1
20895	4157	1
22588	3537	1
2555	7308	1
543	2543	1
5089	12413	1
22444	22444	1
7921	9680	1
22104	6070	1
19915	7308	1
18469	7308	1
11058	5411	1
16082	7308	1
2743	2735	1
2890	7308	1
5598	10478	1
11896	7308	1
6845	6485	1
2555	18747	1
11759	14166	1
9273	3617	1
5411	7308	1
7609	7308	1
6485	6845	1
543	6344	1
3230	3515	1
13175	8929	1
3364	7308	1
5366	5367	1
10477	7308	1
5173	7308	1
13705	7308	1
12941	7308	1
9373	6030	1
92	4882	1
22573	9269	1
2749	3169	1
5543	5522	1
6843	4362	1
6521	8092	1
13736	21997	1
11883	7308	1
9550	4580	1
4724	8160	1
22441	13141	1
14101	7968	1
20647	15691	1
16009	6424	1
20392	20392	1
3515	3230	1
1118	15064	1
22589	17059	1
5745	4720	1
16358	2885	1
9141	14597	1
12497	7711	1
3840	8929	1
953	7711	1
13432	7056	1
2864	8929	1
11361	1654	1
7711	12497	1
5153	17324	1
18928	8929	1
10769	8929	1
4887	17324	1
22358	8929	1
7989	5215	1
3794	6906	1
8609	6906	1
12197	7178	1
11605	1093	1
11973	4755	1
878	1498	1
14868	17324	1
9368	16923	1
13140	21791	1
13474	16923	1
12023	2511	1
9436	16923	1
17758	16923	1
20610	16923	1
4621	10002	1
17923	6294	1
1813	1155	1
4485	5877	1
10083	22576	1
16523	8979	1
5789	12344	1
5237	10427	1
18815	13386	1
5353	6499	1
8610	22369	1
5522	5543	1
6540	7125	1
543	3213	1
3033	2205	1
6865	1954	1
16923	9436	1
425	1122	1
4580	9550	1
15390	18622	1
7521	5709	1
22587	22586	1
2687	4045	1
6122	6017	1
22227	17543	1
11626	11627	1
3207	3997	1
92	3997	1
18545	19967	1
5346	2829	1
16328	22267	1
3274	1727	1
16923	9368	1
16299	1093	1
5709	7521	1
7309	10542	1
7040	12217	1
4135	6055	1
12017	8195	1
5258	5773	1
4882	92	1
17324	14903	1
21508	645	1
2842	14203	1
22015	10638	1
21513	4649	1
14203	2842	1
6625	10507	1
3206	7876	1
8195	12017	1
6444	13200	1
2408	12314	1
7164	4437	1
2356	2355	1
636	17797	1
12238	4437	1
18197	18197	1
8136	10869	1
15913	15124	1
16317	1345	1
19446	3514	1
14968	5087	1
6612	2914	1
8443	1757	1
21514	15598	1
2192	21714	1
9076	11610	1
7451	15626	1
3450	3020	1
9000	18438	1
5497	5498	1
19810	19961	1
22513	7901	1
18150	3852	1
5612	16230	1
21513	12396	1
8609	6652	1
15438	20521	1
3830	2354	1
22545	21563	1
14657	12071	1
7602	14968	1
4252	4021	1
7780	3445	1
5241	3139	1
3490	1188	1
1757	8443	1
190	203	1
9246	8176	1
20521	15438	1
1093	11605	1
13501	13501	1
15598	21514	1
5614	5436	1
7554	13501	1
15911	14546	1
5674	1402	1
3042	4898	1
19242	14103	1
264	22500	1
21563	22545	1
5402	15468	1
11163	5793	1
5745	4735	1
7554	3119	1
6652	8609	1
2355	2356	1
5261	477	1
14663	6426	1
16289	16289	1
9300	4335	1
20521	271	1
21714	2192	1
1068	3731	1
6843	15914	1
696	2175	1
4589	3502	1
3139	5241	1
16836	16715	1
15438	15468	1
22557	6901	1
13199	22590	1
15471	13573	1
20826	20826	1
5745	2199	1
18058	16716	1
15438	4383	1
4383	15438	1
10002	4621	1
8932	6307	1
543	1249	1
6987	4266	1
22544	5543	1
15541	21428	1
2749	1541	1
5543	22544	1
5581	3138	1
22591	7341	1
2548	2548	1
5051	2399	1
11536	6853	1
3383	6103	1
1155	1813	1
2399	5051	1
7514	22288	1
15691	20647	1
4489	5160	1
11537	7089	1
2180	2446	1
7721	1119	1
22592	8815	1
604	1642	1
8136	5559	1
8979	16523	1
543	3084	1
17324	14868	1
14502	10118	1
15744	2446	1
11258	7318	1
17943	17943	1
22593	18489	1
3502	4589	1
4588	4524	1
6331	1940	1
425	2446	1
2446	425	1
5160	4489	1
4755	11973	1
1727	3274	1
6056	11973	1
17989	20082	1
1051	2446	1
5261	5410	1
7543	11883	1
4346	4345	1
9825	2446	1
3722	4345	1
92	5092	1
3850	4273	1
10274	2494	1
627	628	1
3020	3450	1
271	20521	1
9910	6994	1
16189	1662	1
12553	14612	1
6897	3449	1
13763	10347	1
6994	9910	1
5087	14968	1
21759	1472	1
2446	15744	1
10814	22594	1
5813	1229	1
4034	5893	1
1511	13270	1
2483	5382	1
3804	12758	1
14968	7602	1
1005	22595	1
12344	5789	1
3207	3217	1
15076	22239	1
20556	22532	1
22239	15076	1
6927	3940	1
3240	4071	1
12758	3804	1
22596	22595	1
22595	1005	1
4959	11650	1
15106	7334	1
2478	5404	1
6135	13701	1
3451	5928	1
4332	3137	1
1248	19700	1
15914	6843	1
1258	5546	1
15422	5546	1
21427	21428	1
16855	3061	1
9380	3542	1
22532	20556	1
21508	21508	1
17327	604	1
3206	9736	1
543	1677	1
22310	5546	1
5189	6427	1
2749	488	1
3026	6475	1
3404	6625	1
5678	12565	1
10507	6625	1
7082	6309	1
8071	16535	1
5367	5921	1
543	1401	1
3207	3521	1
9051	21161	1
13007	17609	1
10861	10929	1
22597	19237	1
11936	370	1
20399	20399	1
1038	6556	1
7756	3798	1
17872	13564	1
8929	22358	1
1884	5463	1
3949	3723	1
22598	22598	1
5893	4034	1
3978	5125	1
13340	20785	1
18927	10685	1
19973	12379	1
9487	15461	1
3137	11479	1
17711	16883	1
95	1661	1
13355	3660	1
1093	17772	1
2420	1009	1
5404	2478	1
22557	12496	1
3210	2827	1
16139	10715	1
22599	22599	1
13977	15476	1
5885	1487	1
19592	12678	1
13113	11797	1
9894	12496	1
11797	13113	1
4034	16523	1
5546	22310	1
16523	4034	1
18932	18932	1
15153	12300	1
11074	12300	1
11297	19319	1
11943	14820	1
543	752	1
3449	6897	1
12246	11164	1
22600	14505	1
11164	12246	1
4581	3744	1
14968	20183	1
22601	22602	1
543	7903	1
95	70	1
22603	22604	1
10537	11411	1
22534	6070	1
5393	70	1
3207	976	1
543	976	1
21039	22369	1
543	15744	1
11411	10537	1
3641	1009	1
2997	3561	1
2203	2585	1
1126	2554	1
11479	3137	1
696	2554	1
18212	2554	1
20882	22248	1
14505	22600	1
2938	2938	1
8260	10611	1
1331	4469	1
5125	3978	1
22544	513	1
16873	8491	1
17299	22605	1
4952	513	1
11610	9076	1
21933	8815	1
8720	4469	1
5411	3975	1
4946	20882	1
22606	22601	1
8172	17904	1
14041	13381	1
20998	4469	1
13424	5598	1
14263	3333	1
1116	4951	1
22607	22607	1
4045	2687	1
10347	13763	1
12664	12650	1
3010	4469	1
2749	2183	1
513	22544	1
7630	7993	1
20146	14837	1
478	19923	1
10796	5895	1
19242	3449	1
19923	478	1
5546	15422	1
17324	17326	1
3445	7780	1
6900	16716	1
5017	11797	1
10903	13261	1
5921	5367	1
11537	11537	1
7254	2416	1
6017	6122	1
5711	2017	1
14263	4613	1
11031	4726	1
4735	3561	1
19319	11297	1
2915	17781	1
4345	4346	1
3722	4346	1
2687	4063	1
6556	1038	1
4613	14263	1
11883	7543	1
9876	5648	1
3333	14263	1
1221	2479	1
11137	22220	1
8594	2339	1
4210	3623	1
16856	20779	1
2687	1339	1
3206	717	1
4257	4030	1
17729	478	1
22608	3380	1
2296	1355	1
16937	3224	1
17073	17072	1
11973	6056	1
4335	13868	1
3762	3968	1
4345	3722	1
16312	236	1
4621	4664	1
21079	6845	1
19832	9437	1
19743	13206	1
7614	7273	1
2339	8594	1
4346	3722	1
7554	1437	1
13381	14041	1
6865	9639	1
5110	5818	1
21512	7054	1
10861	5385	1
22552	6554	1
6981	2043	1
13025	2294	1
18496	9437	1
17938	6540	1
9894	11797	1
2687	3125	1
22384	8104	1
5743	2172	1
15718	9511	1
20474	9437	1
3723	3949	1
6286	6540	1
2032	154	1
22609	12927	1
9022	13353	1
6237	12819	1
6540	6286	1
18186	11205	1
4250	613	1
5812	6638	1
4974	11555	1
2296	1279	1
543	613	1
13353	9022	1
980	1188	1
3224	16937	1
9202	6419	1
21149	21150	1
6845	21079	1
5443	18393	1
1292	1292	1
3849	4890	1
10761	2909	1
18393	5443	1
2300	570	1
13834	16862	1
5692	7551	1
20882	4946	1
4610	4484	1
5329	4980	1
4946	4946	1
488	2749	1
2909	10761	1
3975	5411	1
632	227	1
1326	6916	1
15951	9498	1
6122	21824	1
12379	19973	1
5450	1411	1
6916	1326	1
5378	1921	1
10093	12744	1
3051	1279	1
7928	4883	1
4332	9960	1
22610	15200	1
17923	14750	1
5411	11758	1
1635	4181	1
8192	8192	1
363	512	1
4862	22110	1
11758	5411	1
13868	4335	1
15034	5879	1
6638	5812	1
11936	20882	1
15234	4533	1
2203	8415	1
20561	22611	1
10351	9692	1
4755	1392	1
12848	15999	1
6625	9067	1
16862	13834	1
2832	3278	1
15037	14366	1
85	222	1
14455	10827	1
4064	5203	1
19663	17519	1
22612	22612	1
7662	6093	1
10827	14455	1
261	550	1
2520	13416	1
19112	5461	1
14366	15037	1
4946	10715	1
11643	22007	1
