14529	14529	1
1311	1740	1
21079	6845	1
21079	21079	1
16904	3013	1
6845	21079	1
9493	14886	1
997	737	1
8699	2959	1
5307	3084	1
7291	2698	1
19189	14037	1
6107	17917	1
12431	12238	1
10620	7361	1
22681	22681	1
1806	2386	1
4266	18635	1
8929	13175	1
11851	13032	1
6990	12250	1
1185	2712	1
14215	26	1
10093	12744	1
7518	11175	1
10827	14455	1
21513	14455	1
6898	9331	1
5316	7926	1
22369	18826	1
7103	4184	1
11817	14510	1
4332	14510	1
18622	13951	1
5806	13951	1
1143	2415	1
9569	9204	1
3235	1687	1
7714	8748	1
13900	5678	1
13310	13951	1
70	2712	1
14869	14807	1
3808	8273	1
7276	14807	1
9099	18350	1
10552	334	1
9436	16802	1
2383	4355	1
13621	16802	1
3520	4563	1
18046	17224	1
13	8812	1
6039	11562	1
14946	17101	1
1390	9322	1
1338	5660	1
5511	4506	1
14478	7622	1
1143	17954	1
7495	7622	1
3170	10772	1
22682	22682	1
7622	7495	1
8364	4363	1
477	5261	1
1514	1800	1
12592	7042	1
3077	1921	1
16716	7042	1
1220	11476	1
14173	14173	1
9388	17224	1
6448	6119	1
2569	2199	1
22007	11643	1
7714	5824	1
21082	21082	1
3111	3108	1
61	6501	1
13476	624	1
1822	21577	1
9453	22192	1
14137	20653	1
6017	5601	1
13175	8929	1
5307	7311	1
12816	3170	1
5603	3030	1
4184	7103	1
4395	7103	1
22268	11776	1
7083	5531	1
5307	12056	1
2171	4418	1
15598	12056	1
15400	4498	1
447	22281	1
28	6163	1
24	243	1
8973	5906	1
19854	19854	1
6820	8962	1
70	845	1
70	229	1
1108	424	1
229	845	1
13573	845	1
21938	2958	1
646	22434	1
5028	22434	1
322	22434	1
15527	22434	1
7551	22434	1
10896	21803	1
9777	15539	1
2741	4171	1
6458	945	1
22434	7551	1
5692	7551	1
11643	22007	1
70	71	1
9322	1390	1
18700	22683	1
18342	1265	1
13048	13601	1
13492	11952	1
16485	22576	1
6820	8359	1
22684	22685	1
1562	3238	1
18040	7744	1
11820	4219	1
13249	22686	1
10552	12819	1
1562	651	1
22687	12275	1
4408	5154	1
7103	4617	1
13289	22653	1
70	95	1
22357	1615	1
867	6439	1
20273	3383	1
4946	4034	1
1098	20089	1
17719	12121	1
5970	20943	1
13590	6898	1
3706	1497	1
3252	5242	1
21889	7956	1
512	363	1
1118	15064	1
7551	5692	1
22688	22452	1
9273	5222	1
22345	7276	1
5371	1486	1
6119	6448	1
22689	22689	1
7383	7276	1
16168	7276	1
1740	5411	1
8070	1560	1
12744	10093	1
5856	5857	1
3202	5227	1
18315	4525	1
2386	1806	1
10458	15368	1
13521	11815	1
4617	7103	1
6787	8763	1
8812	13	1
21224	965	1
9000	15860	1
12334	5136	1
4907	5136	1
22690	22691	1
17379	16266	1
3166	2721	1
70	3420	1
12656	5142	1
7908	13270	1
11815	13521	1
4246	12815	1
22239	22239	1
19625	18863	1
496	11800	1
569	1483	1
15334	4001	1
3202	5706	1
17442	11800	1
22434	322	1
6962	17434	1
1746	4838	1
10483	22667	1
4863	4864	1
12197	7178	1
1886	130	1
13550	6958	1
1268	8335	1
8364	8172	1
10552	228	1
2171	2172	1
3162	5789	1
13246	11817	1
16322	22530	1
12336	8967	1
22530	16322	1
22692	387	1
447	4265	1
6686	19626	1
8244	20882	1
3202	16009	1
2037	9996	1
12344	5789	1
1852	1101	1
14136	9568	1
3202	3240	1
1143	21152	1
3965	11269	1
564	6527	1
13501	3307	1
1924	13196	1
2741	1838	1
6295	11315	1
8364	6924	1
3202	7501	1
1547	12772	1
17452	4100	1
16168	8680	1
13482	11766	1
22616	22616	1
18577	21622	1
22653	13289	1
3252	4666	1
3499	8880	1
11952	13492	1
5789	12344	1
1143	1679	1
7276	16168	1
16289	11640	1
13900	16502	1
10552	12214	1
11973	4755	1
17856	7358	1
14521	14521	1
3203	13032	1
3019	5531	1
20925	9300	1
3202	2585	1
8625	19363	1
9204	697	1
14058	18415	1
1143	3380	1
569	3380	1
2741	5315	1
11824	3343	1
11179	9324	1
8335	1268	1
15860	9000	1
5017	2428	1
84	425	1
4755	1307	1
869	12788	1
6097	4822	1
9488	4649	1
1307	4755	1
2698	7291	1
16166	22369	1
22693	7291	1
1402	2284	1
7534	7535	1
10896	5096	1
11141	8458	1
9356	11883	1
16029	4649	1
8364	8214	1
3202	1836	1
11536	2284	1
7491	7416	1
6490	5944	1
12823	13308	1
22010	16050	1
7415	7416	1
16050	22010	1
3228	3229	1
22666	12686	1
20365	14273	1
7086	4555	1
1096	2620	1
1645	854	1
16056	16491	1
8458	11141	1
22010	16491	1
4355	2383	1
1554	3295	1
1562	2383	1
5357	16842	1
9894	3537	1
20778	20778	1
20882	453	1
11930	19578	1
13289	12773	1
1143	3262	1
7276	22345	1
20882	20882	1
1143	226	1
453	20882	1
5650	8243	1
11815	18399	1
4039	8262	1
5789	3162	1
3202	3177	1
2935	835	1
8364	12785	1
2620	1096	1
19578	11930	1
8364	5190	1
19892	22042	1
9724	3017	1
22042	19892	1
16021	16243	1
5735	14144	1
7260	7175	1
10654	11344	1
3950	9314	1
8802	8975	1
6262	5150	1
8844	14127	1
6513	8876	1
5402	11344	1
541	12903	1
1265	18342	1
22369	16166	1
13308	12823	1
2962	718	1
4254	1214	1
22452	22688	1
8243	5650	1
884	18671	1
17995	18006	1
20778	11778	1
1321	1458	1
7561	2294	1
8195	12017	1
8975	8802	1
11767	17201	1
221	222	1
16937	3224	1
8763	6787	1
4246	7776	1
17201	11767	1
15422	370	1
9752	20359	1
6487	22251	1
1458	1321	1
13196	1924	1
2741	19223	1
4533	9487	1
10713	17366	1
8222	1897	1
7008	3101	1
7810	14443	1
12568	6901	1
13710	5503	1
4728	207	1
11269	8609	1
5307	1532	1
22568	1293	1
2741	3558	1
3799	6550	1
5307	14166	1
16733	22670	1
16789	16790	1
4950	8967	1
16243	16021	1
22145	9039	1
15980	15394	1
9436	16230	1
835	2935	1
22694	22695	1
5366	12779	1
16230	9436	1
14281	6845	1
14370	12185	1
4839	7620	1
18399	11815	1
8364	7801	1
4890	3849	1
22513	12053	1
15334	17558	1
3849	4890	1
1321	2901	1
214	8177	1
6527	564	1
70	1185	1
18207	22696	1
5258	5773	1
8611	5096	1
12017	8195	1
20268	5921	1
5773	5258	1
10488	6843	1
15762	5382	1
13638	1688	1
6193	22646	1
22539	22539	1
5163	203	1
3351	5463	1
314	5048	1
1688	13638	1
2462	5697	1
2148	7391	1
22697	22691	1
14144	5735	1
2984	5697	1
14851	5697	1
14868	17324	1
12502	18330	1
22670	16733	1
2807	8859	1
22665	13206	1
21915	13206	1
11416	15120	1
408	11586	1
13990	17816	1
18330	12502	1
5977	2935	1
12686	22666	1
15334	6730	1
7919	10708	1
22698	22464	1
14439	20719	1
3800	7626	1
821	5659	1
19666	18181	1
18863	19625	1
18429	22548	1
5307	7025	1
14806	10869	1
14455	21513	1
5944	6490	1
18596	4277	1
12773	13289	1
22699	16635	1
437	861	1
15334	21513	1
22693	13509	1
6962	12947	1
13937	13937	1
9369	21556	1
20073	6267	1
19742	16675	1
22638	13691	1
1064	6267	1
13032	3203	1
5307	4033	1
14166	4033	1
2973	16317	1
16355	4751	1
9	10206	1
3499	6113	1
5885	1487	1
5641	17609	1
22263	5076	1
7383	15106	1
1143	2355	1
20703	22691	1
21513	19679	1
15120	11416	1
21720	15761	1
7020	9342	1
19679	21513	1
4034	16523	1
6932	7446	1
20882	11542	1
10881	1617	1
3826	5318	1
17324	14868	1
12591	13723	1
7383	7334	1
19363	8625	1
3499	9759	1
2171	9759	1
22696	18207	1
22464	11148	1
3079	14804	1
18635	4266	1
14715	3015	1
22700	22691	1
70	18106	1
5548	4842	1
3287	1462	1
2298	2984	1
20333	20533	1
5299	19889	1
5354	7209	1
7138	12052	1
17917	17917	1
12096	8909	1
16446	6728	1
15404	15404	1
7209	5354	1
17366	10713	1
15611	14565	1
8909	12096	1
22701	22702	1
22703	9300	1
11542	20882	1
9300	22703	1
1503	5327	1
4507	6485	1
6485	4507	1
22704	22704	1
13032	11851	1
4778	16745	1
8364	8774	1
16189	1662	1
22177	17272	1
5154	4408	1
2741	2694	1
3499	3743	1
20032	7258	1
3497	3139	1
3817	4027	1
2356	22705	1
4227	3723	1
2298	917	1
20089	1098	1
3853	6812	1
3216	7175	1
20653	14137	1
4864	4863	1
5758	6113	1
3343	11824	1
3818	3865	1
13325	5707	1
2935	5977	1
2741	800	1
3499	6143	1
3716	5129	1
10591	3885	1
5315	800	1
15438	6883	1
6178	10069	1
10738	7056	1
8364	4816	1
15076	6530	1
5707	13325	1
22706	14844	1
3216	20281	1
3723	1469	1
70	3722	1
3723	4227	1
7258	20032	1
13350	14754	1
2611	1674	1
2428	5017	1
12056	15598	1
22045	747	1
17442	16358	1
86	87	1
6316	4084	1
2996	2260	1
7368	4864	1
17906	8530	1
13063	13064	1
15468	16342	1
17923	14750	1
22707	21079	1
5529	11190	1
5318	18179	1
16523	4034	1
7175	7260	1
6530	15076	1
4649	9488	1
17002	15533	1
569	1761	1
5735	5870	1
12664	12650	1
6552	10345	1
6305	6305	1
1618	5690	1
8244	1992	1
3037	3452	1
1143	3411	1
21079	22707	1
15533	17002	1
18179	5318	1
3452	3037	1
11883	9356	1
6843	22708	1
4328	5902	1
756	20879	1
7175	16980	1
1562	3780	1
5870	5735	1
14437	8723	1
1469	3723	1
7175	3216	1
20281	3216	1
10192	12295	1
10591	1249	1
11831	3216	1
12185	14370	1
3216	11831	1
10522	10522	1
16923	5893	1
5893	16923	1
5476	3752	1
6668	13111	1
22709	4034	1
3216	3216	1
5893	4034	1
22281	447	1
4034	5893	1
881	5327	1
22702	22701	1
16980	7175	1
22485	17697	1
4034	22709	1
16342	15468	1
9022	4981	1
8859	2807	1
22710	22710	1
22711	22712	1
12062	17845	1
22713	13773	1
6267	1064	1
3238	12477	1
16317	2973	1
19092	19092	1
20076	18217	1
5411	1740	1
12861	8867	1
6316	7138	1
5472	5375	1
1455	1744	1
8451	22426	1
14536	14688	1
14688	14536	1
10634	9727	1
8657	7660	1
10708	7919	1
14792	11946	1
5548	11946	1
21801	21322	1
4469	1331	1
15773	11946	1
1562	4900	1
6371	8501	1
5489	1122	1
5775	16654	1
19870	19870	1
15386	12312	1
4384	8452	1
8364	12516	1
