12439	3616	1
10067	1740	1
13379	80	1
6267	20073	1
3850	4273	1
4333	3453	1
8604	5169	1
10067	8404	1
4280	15032	1
2993	2989	1
2484	5411	1
17442	6228	1
3949	3723	1
3166	3446	1
11097	14252	1
16523	13500	1
22008	6564	1
15153	13659	1
14252	14240	1
4942	18913	1
14240	14252	1
3896	3618	1
7273	12498	1
3404	12498	1
3453	4333	1
19978	4560	1
524	13165	1
19904	19905	1
22829	207	1
6539	3618	1
20664	15504	1
3618	6539	1
4645	2294	1
17340	11807	1
12685	9100	1
3489	3502	1
21513	14825	1
3874	3618	1
6113	2102	1
13455	4816	1
15746	5326	1
12906	3618	1
22932	22347	1
19228	19228	1
6983	10869	1
22933	15034	1
4560	19978	1
6242	9300	1
1844	9872	1
3445	7780	1
19114	19114	1
10067	5240	1
17314	8785	1
12349	22934	1
1523	861	1
5715	4983	1
9165	3975	1
17919	9100	1
17676	9100	1
2047	9100	1
7318	9100	1
3230	9100	1
10130	6059	1
18350	9100	1
7143	9100	1
11807	17340	1
14165	7408	1
7278	13315	1
9300	6242	1
4341	8430	1
4235	3948	1
13048	13315	1
5893	4034	1
8553	3345	1
7193	22735	1
3398	4420	1
22735	7193	1
6730	7345	1
12685	12174	1
17917	20075	1
1411	5166	1
13041	13042	1
13547	1096	1
3026	10087	1
1096	13547	1
15985	10330	1
9106	6758	1
10067	8977	1
16937	13508	1
5409	2255	1
10651	11414	1
5517	5090	1
12785	17553	1
22791	159	1
8024	6479	1
14593	1016	1
22932	22932	1
4034	5893	1
5650	9924	1
7309	10542	1
9924	5650	1
22935	22919	1
14252	11097	1
159	22791	1
12153	11521	1
2970	4499	1
22573	4499	1
17844	18102	1
3992	17609	1
22671	1541	1
9604	14085	1
6758	9106	1
1450	13318	1
10087	3026	1
1276	21946	1
19810	21257	1
17098	12540	1
22936	10099	1
774	1558	1
8794	8795	1
3426	4484	1
3723	5111	1
13315	13048	1
5111	3723	1
5518	1842	1
19040	22888	1
3818	2019	1
10808	10582	1
15034	22933	1
8935	6380	1
9456	22857	1
5988	6380	1
22937	22938	1
10067	13200	1
22305	22688	1
13379	9218	1
6649	17861	1
5456	5380	1
8681	4141	1
22688	22305	1
17103	20352	1
8976	8763	1
6122	21824	1
2804	1135	1
22090	21824	1
15726	15942	1
22939	4157	1
10132	22840	1
10067	20943	1
11414	10651	1
1498	22940	1
5558	21824	1
3447	4233	1
14581	5006	1
22857	9456	1
12098	12098	1
5837	13895	1
14307	2532	1
1064	1552	1
3964	14897	1
3537	3380	1
19969	20926	1
7341	11102	1
12815	4246	1
9248	2866	1
12477	7126	1
12664	4949	1
3826	18179	1
7568	154	1
22941	22941	1
14197	4293	1
424	5091	1
21513	14455	1
22855	2194	1
2420	1009	1
10130	8802	1
22796	8191	1
11407	2874	1
5354	7209	1
21464	10335	1
21824	6122	1
10067	9005	1
5922	5	1
19610	22942	1
3017	366	1
14085	9604	1
22812	3078	1
3310	2479	1
3964	2420	1
1904	22729	1
4438	2479	1
20882	366	1
15624	2420	1
16486	8092	1
22309	8539	1
17163	16790	1
7033	16773	1
4029	4514	1
22943	22931	1
12785	15153	1
922	2900	1
5844	540	1
6860	16892	1
2629	8594	1
13479	4294	1
6618	19555	1
3345	8553	1
1156	22931	1
1947	1947	1
2415	589	1
8552	22914	1
10083	9808	1
3817	8330	1
11097	11635	1
4233	3447	1
22944	22944	1
15461	16773	1
3185	5600	1
6748	15151	1
3383	8594	1
7824	2604	1
540	5844	1
3964	1378	1
9995	22812	1
12153	13457	1
3216	11831	1
22744	6178	1
11017	9584	1
4800	3733	1
12396	21513	1
3509	9862	1
5404	11103	1
14825	21513	1
13350	5893	1
14455	21513	1
15664	6883	1
16289	11640	1
2316	1535	1
14634	7597	1
9375	5250	1
9356	3020	1
7921	9680	1
10130	8975	1
4029	8975	1
15153	16243	1
4780	22248	1
22945	18276	1
11630	718	1
10130	23	1
21128	22946	1
11356	2190	1
4912	4912	1
5154	4408	1
21300	21300	1
7597	14634	1
4438	20407	1
6690	8914	1
691	11072	1
5411	5893	1
13538	16502	1
13869	13989	1
275	7618	1
4087	2715	1
2203	11040	1
19567	17549	1
5893	13350	1
12685	11918	1
1504	5380	1
10130	5282	1
10735	6190	1
9429	9429	1
22924	19514	1
16892	6860	1
10296	16676	1
9270	7203	1
10067	6781	1
6380	8935	1
11483	11484	1
18204	6854	1
3170	8707	1
8707	3170	1
13508	16937	1
22947	22948	1
21701	22948	1
640	14420	1
10082	7004	1
5257	6287	1
6875	13150	1
4273	3850	1
16221	7859	1
10067	3240	1
7859	16221	1
366	3017	1
4438	2903	1
7618	275	1
2480	3523	1
21714	2192	1
4968	3779	1
15727	12626	1
20882	4154	1
1249	14885	1
4029	7858	1
12073	681	1
9062	8052	1
8594	3383	1
10067	20450	1
15948	15129	1
3310	710	1
1092	1092	1
4763	4561	1
8092	16486	1
10010	17577	1
8957	4681	1
3310	5255	1
5356	1483	1
6167	4090	1
4489	5160	1
12785	8354	1
15153	12785	1
7260	515	1
518	17642	1
62	343	1
3112	11387	1
10067	16310	1
17553	12785	1
1188	6530	1
4438	2936	1
12785	5164	1
19836	21407	1
3119	18956	1
4154	20882	1
814	5164	1
710	3310	1
3464	8959	1
14867	1646	1
2479	3310	1
12153	3716	1
8007	5419	1
22464	11148	1
2192	21714	1
22931	1156	1
18478	1572	1
10835	5155	1
1567	16009	1
2578	8852	1
21808	11815	1
16876	18800	1
7108	3545	1
10067	10022	1
20882	22248	1
20419	18800	1
11717	18800	1
15617	6203	1
14790	18800	1
3964	3310	1
2102	6113	1
7289	18800	1
2650	20929	1
178	22949	1
4755	18800	1
12631	20929	1
8684	20929	1
19920	18800	1
18658	22949	1
4029	9402	1
6122	8665	1
20435	20929	1
530	22949	1
13840	20929	1
8870	22949	1
3512	18800	1
11831	3216	1
22950	18800	1
12785	12671	1
3149	3149	1
16676	10296	1
10130	3602	1
14078	16460	1
9301	18800	1
22940	1498	1
1405	18800	1
22951	22949	1
17442	16327	1
1928	22808	1
19567	18800	1
3310	3600	1
10130	5902	1
12153	9188	1
4851	2433	1
2420	2433	1
5280	9290	1
10067	4422	1
6860	6860	1
10067	9479	1
4095	2812	1
2397	12178	1
5463	6113	1
9730	12421	1
14914	16537	1
5893	5411	1
4293	14197	1
3545	7108	1
18429	22548	1
6122	6017	1
4025	1242	1
4029	7088	1
2611	425	1
22952	22938	1
16398	16398	1
5988	7341	1
11102	7341	1
9410	9790	1
7522	9897	1
8763	12134	1
21824	22072	1
14307	11194	1
2086	3333	1
12779	5366	1
12606	3108	1
22316	18747	1
10067	9897	1
4252	7012	1
2355	2356	1
19401	19401	1
18612	10350	1
13083	8153	1
2706	5369	1
17076	15079	1
21632	5380	1
1936	19419	1
3022	5380	1
2255	5409	1
12785	5684	1
10378	10378	1
15624	8421	1
7446	1064	1
9022	4981	1
11875	1005	1
5155	10835	1
22888	4447	1
7289	12318	1
2520	7651	1
12086	7862	1
4981	9022	1
15079	17076	1
7334	15106	1
14634	6539	1
4499	22573	1
15720	6115	1
3745	20945	1
12685	13598	1
6090	6090	1
2866	9248	1
3310	21815	1
16712	16713	1
8756	22953	1
2874	11407	1
3964	1692	1
5522	5544	1
3964	5717	1
6163	9270	1
12626	4120	1
19253	22954	1
12785	1237	1
7564	7066	1
15624	16301	1
22955	8336	1
19986	1265	1
3537	3672	1
14307	7049	1
455	3602	1
7824	5744	1
12785	6081	1
22955	18545	1
6115	15720	1
18102	17844	1
18204	18204	1
1276	1365	1
1265	19986	1
1273	3645	1
13355	7396	1
9872	5317	1
22472	1624	1
9270	6163	1
11468	14050	1
1242	4025	1
7519	1028	1
22797	19617	1
12842	2228	1
5613	16886	1
10067	22953	1
343	62	1
6097	3101	1
8707	10614	1
8430	4341	1
11006	2203	1
16904	8587	1
8488	13353	1
13353	8488	1
22888	18918	1
7513	7688	1
16886	5906	1
4120	12626	1
3840	10522	1
3398	14018	1
10266	11630	1
22956	11844	1
2859	1965	1
13660	13660	1
11767	3306	1
2724	8059	1
16209	12580	1
9270	6200	1
11844	22956	1
6249	6200	1
17081	6730	1
1965	2859	1
22957	8903	1
15382	7174	1
22051	13106	1
20845	21874	1
14198	9690	1
1867	8384	1
22958	10477	1
1572	1572	1
4447	22888	1
19514	22924	1
12785	8364	1
14956	2876	1
2228	5039	1
12153	16009	1
9356	8579	1
11987	7308	1
9690	5636	1
9259	7308	1
22857	16535	1
8903	22957	1
3310	3964	1
22959	19607	1
3438	10226	1
1390	1746	1
7764	5111	1
20569	20445	1
8051	4418	1
15624	15179	1
22960	22960	1
10756	9697	1
15745	10783	1
6562	8896	1
16147	17282	1
425	1188	1
8896	6562	1
1188	425	1
15678	21017	1
21017	15678	1
18565	7204	1
478	20664	1
15624	6485	1
5111	7764	1
16179	9723	1
10808	6057	1
6135	7213	1
9267	3643	1
4438	4980	1
5039	2228	1
7917	6371	1
5636	9690	1
5292	16452	1
5267	3210	1
